Class Times	10
Rooms	150
1	793
2	599
3	250
4	152
5	664
6	851
7	803
8	613
9	520
10	730
11	210
12	822
13	698
14	721
15	953
16	312
17	958
18	38
19	681
20	52
21	243
22	843
23	982
24	133
25	407
26	725
27	250
28	997
29	803
30	136
31	607
32	932
33	459
34	802
35	913
36	606
37	63
38	135
39	638
40	389
41	921
42	878
43	242
44	902
45	742
46	996
47	298
48	158
49	528
50	926
51	842
52	382
53	555
54	14
55	369
56	628
57	563
58	818
59	236
60	123
61	125
62	310
63	701
64	159
65	602
66	402
67	236
68	510
69	483
70	978
71	350
72	692
73	776
74	798
75	879
76	350
77	380
78	372
79	660
80	685
81	997
82	28
83	425
84	41
85	582
86	504
87	886
88	840
89	739
90	365
91	751
92	845
93	371
94	100
95	58
96	468
97	591
98	163
99	933
100	99
101	890
102	867
103	439
104	958
105	952
106	440
107	331
108	347
109	889
110	216
111	624
112	147
113	578
114	506
115	424
116	813
117	677
118	19
119	814
120	21
121	575
122	174
123	827
124	423
125	808
126	356
127	139
128	776
129	845
130	351
131	660
132	979
133	202
134	140
135	688
136	879
137	445
138	998
139	152
140	541
141	620
142	64
143	470
144	136
145	542
146	932
147	584
148	784
149	846
150	428
Classes	800
Teachers	400
1	217
2	384
3	71
4	326
5	196
6	60
7	228
8	25
9	245
10	97
11	314
12	351
13	203
14	81
15	144
16	130
17	280
18	67
19	340
20	60
21	234
22	231
23	285
24	193
25	259
26	25
27	306
28	304
29	21
30	351
31	36
32	28
33	51
34	81
35	15
36	311
37	188
38	247
39	187
40	275
41	47
42	52
43	210
44	132
45	173
46	198
47	240
48	187
49	22
50	80
51	130
52	80
53	113
54	21
55	246
56	22
57	195
58	228
59	98
60	390
61	40
62	10
63	278
64	79
65	222
66	327
67	224
68	203
69	308
70	336
71	198
72	360
73	336
74	145
75	369
76	153
77	66
78	306
79	226
80	389
81	139
82	331
83	368
84	144
85	301
86	344
87	250
88	158
89	51
90	162
91	153
92	125
93	233
94	334
95	76
96	74
97	294
98	72
99	247
100	170
101	310
102	19
103	11
104	367
105	397
106	188
107	225
108	72
109	98
110	371
111	373
112	308
113	115
114	392
115	365
116	35
117	271
118	94
119	313
120	42
121	105
122	278
123	189
124	238
125	5
126	36
127	212
128	291
129	232
130	208
131	83
132	107
133	6
134	141
135	105
136	20
137	346
138	385
139	45
140	290
141	17
142	113
143	263
144	345
145	263
146	35
147	169
148	272
149	293
150	83
151	71
152	2
153	31
154	120
155	245
156	100
157	158
158	216
159	370
160	66
161	378
162	314
163	103
164	252
165	73
166	211
167	280
168	194
169	63
170	137
171	396
172	255
173	26
174	254
175	217
176	202
177	57
178	30
179	341
180	372
181	325
182	119
183	63
184	378
185	67
186	395
187	200
188	292
189	294
190	193
191	218
192	292
193	265
194	31
195	30
196	276
197	222
198	254
199	189
200	335
201	310
202	370
203	26
204	369
205	44
206	226
207	101
208	123
209	342
210	269
211	110
212	33
213	214
214	168
215	69
216	125
217	59
218	331
219	152
220	88
221	341
222	279
223	322
224	112
225	273
226	267
227	384
228	47
229	315
230	85
231	296
232	219
233	275
234	394
235	24
236	264
237	96
238	157
239	54
240	364
241	333
242	213
243	2
244	376
245	138
246	161
247	373
248	159
249	90
250	325
251	212
252	220
253	169
254	202
255	342
256	197
257	97
258	28
259	166
260	361
261	74
262	393
263	235
264	266
265	116
266	400
267	6
268	229
269	281
270	348
271	256
272	313
273	309
274	289
275	11
276	270
277	295
278	252
279	273
280	19
281	29
282	288
283	37
284	7
285	210
286	305
287	347
288	360
289	353
290	104
291	380
292	216
293	20
294	323
295	90
296	395
297	148
298	260
299	205
300	311
301	249
302	270
303	43
304	56
305	100
306	397
307	10
308	377
309	54
310	177
311	112
312	274
313	110
314	299
315	286
316	288
317	235
318	321
319	236
320	269
321	149
322	333
323	128
324	191
325	166
326	316
327	91
328	156
329	88
330	309
331	271
332	17
333	43
334	260
335	329
336	244
337	194
338	155
339	239
340	170
341	146
342	177
343	133
344	121
345	34
346	12
347	127
348	168
349	265
350	150
351	258
352	117
353	77
354	387
355	133
356	8
357	111
358	344
359	33
360	382
361	285
362	179
363	65
364	85
365	180
366	5
367	8
368	234
369	96
370	162
371	264
372	103
373	320
374	53
375	220
376	59
377	398
378	236
379	181
380	128
381	337
382	282
383	274
384	251
385	338
386	393
387	320
388	361
389	44
390	346
391	68
392	303
393	232
394	190
395	111
396	322
397	141
398	46
399	367
400	240
401	305
402	163
403	79
404	376
405	38
406	293
407	297
408	29
409	207
410	161
411	374
412	249
413	243
414	89
415	381
416	95
417	218
418	176
419	99
420	147
421	200
422	337
423	349
424	7
425	256
426	87
427	301
428	250
429	148
430	371
431	298
432	319
433	297
434	227
435	176
436	214
437	39
438	50
439	53
440	213
441	211
442	281
443	65
444	163
445	350
446	87
447	57
448	225
449	362
450	93
451	3
452	368
453	400
454	258
455	359
456	186
457	62
458	282
459	142
460	255
461	206
462	108
463	221
464	164
465	248
466	243
467	399
468	16
469	68
470	291
471	387
472	286
473	58
474	224
475	109
476	151
477	14
478	140
479	92
480	338
481	120
482	84
483	50
484	345
485	207
486	73
487	242
488	349
489	248
490	137
491	330
492	156
493	24
494	38
495	362
496	99
497	160
498	4
499	340
500	46
501	119
502	94
503	41
504	62
505	49
506	382
507	347
508	350
509	102
510	353
511	380
512	375
513	182
514	251
515	41
516	3
517	266
518	27
519	13
520	149
521	276
522	287
523	140
524	49
525	23
526	93
527	334
528	335
529	55
530	84
531	317
532	42
533	4
534	9
535	186
536	197
537	139
538	399
539	385
540	115
541	196
542	175
543	343
544	167
545	175
546	375
547	324
548	121
549	18
550	246
551	355
552	142
553	123
554	143
555	9
556	262
557	155
558	229
559	151
560	40
561	330
562	16
563	181
564	223
565	268
566	289
567	284
568	179
569	391
570	290
571	389
572	82
573	55
574	348
575	165
576	332
577	359
578	298
579	381
580	185
581	190
582	122
583	131
584	396
585	129
586	262
587	69
588	122
589	146
590	109
591	61
592	75
593	327
594	201
595	192
596	154
597	219
598	315
599	70
600	377
601	215
602	233
603	132
604	355
605	374
606	118
607	92
608	37
609	180
610	239
611	312
612	173
613	39
614	312
615	307
616	357
617	182
618	287
619	221
620	91
621	242
622	192
623	58
624	388
625	64
626	272
627	277
628	223
629	231
630	372
631	386
632	277
633	183
634	302
635	106
636	117
637	86
638	126
639	135
640	316
641	259
642	279
643	356
644	253
645	364
646	257
647	76
648	319
649	358
650	352
651	244
652	299
653	124
654	206
655	14
656	45
657	23
658	300
659	183
660	302
661	143
662	138
663	15
664	394
665	343
666	238
667	118
668	52
669	135
670	124
671	365
672	61
673	318
674	82
675	317
676	388
677	164
678	107
679	89
680	391
681	209
682	237
683	201
684	136
685	32
686	379
687	357
688	104
689	191
690	78
691	145
692	131
693	157
694	70
695	127
696	267
697	95
698	64
699	328
700	253
701	159
702	205
703	195
704	326
705	13
706	318
707	329
708	150
709	215
710	126
711	208
712	379
713	230
714	108
715	230
716	178
717	102
718	358
719	178
720	257
721	392
722	134
723	356
724	332
725	398
726	390
727	34
728	147
729	204
730	171
731	261
732	48
733	75
734	209
735	324
736	227
737	323
738	328
739	304
740	56
741	154
742	199
743	352
744	172
745	366
746	261
747	386
748	303
749	174
750	114
751	283
752	78
753	167
754	114
755	172
756	101
757	1
758	32
759	12
760	184
761	307
762	237
763	366
764	136
765	339
766	174
767	300
768	171
769	199
770	48
771	296
772	1
773	134
774	284
775	116
776	18
777	241
778	165
779	27
780	185
781	268
782	321
783	383
784	339
785	295
786	152
787	184
788	354
789	160
790	283
791	354
792	241
793	363
794	86
795	77
796	363
797	106
798	383
799	204
800	129
