Class Times	10
Rooms	150
1	411
2	964
3	183
4	778
5	924
6	491
7	237
8	398
9	542
10	982
11	463
12	537
13	383
14	459
15	456
16	296
17	78
18	299
19	459
20	198
21	622
22	891
23	366
24	834
25	808
26	44
27	223
28	150
29	195
30	97
31	272
32	449
33	900
34	824
35	140
36	815
37	740
38	21
39	956
40	862
41	939
42	310
43	806
44	71
45	840
46	86
47	428
48	496
49	160
50	834
51	646
52	749
53	927
54	734
55	684
56	504
57	786
58	218
59	932
60	414
61	660
62	551
63	195
64	676
65	787
66	213
67	841
68	717
69	978
70	833
71	140
72	968
73	315
74	565
75	91
76	585
77	270
78	782
79	966
80	513
81	424
82	525
83	956
84	628
85	759
86	979
87	654
88	758
89	588
90	457
91	89
92	939
93	397
94	718
95	454
96	469
97	244
98	47
99	455
100	24
101	762
102	881
103	587
104	83
105	667
106	625
107	349
108	971
109	684
110	437
111	683
112	160
113	42
114	736
115	220
116	209
117	292
118	324
119	764
120	562
121	148
122	529
123	952
124	935
125	53
126	481
127	461
128	84
129	802
130	804
131	817
132	203
133	472
134	44
135	234
136	364
137	446
138	675
139	834
140	136
141	486
142	125
143	688
144	167
145	561
146	285
147	784
148	691
149	653
150	707
Classes	800
Teachers	400
1	181
2	398
3	68
4	7
5	263
6	98
7	182
8	357
9	249
10	232
11	132
12	276
13	30
14	284
15	341
16	178
17	245
18	239
19	7
20	168
21	113
22	203
23	72
24	9
25	36
26	256
27	185
28	364
29	101
30	289
31	117
32	240
33	254
34	169
35	32
36	192
37	327
38	214
39	183
40	227
41	51
42	286
43	275
44	247
45	11
46	110
47	93
48	316
49	30
50	311
51	244
52	113
53	253
54	31
55	360
56	157
57	271
58	194
59	256
60	399
61	57
62	197
63	249
64	157
65	38
66	281
67	203
68	324
69	374
70	60
71	263
72	129
73	77
74	396
75	285
76	258
77	326
78	388
79	107
80	399
81	4
82	33
83	37
84	41
85	270
86	70
87	21
88	22
89	145
90	101
91	184
92	317
93	69
94	367
95	213
96	204
97	104
98	11
99	1
100	161
101	378
102	44
103	260
104	276
105	119
106	188
107	384
108	104
109	162
110	238
111	323
112	355
113	297
114	277
115	73
116	341
117	50
118	311
119	294
120	398
121	340
122	327
123	234
124	139
125	87
126	296
127	329
128	342
129	148
130	213
131	171
132	308
133	82
134	283
135	375
136	333
137	288
138	12
139	147
140	337
141	135
142	214
143	385
144	215
145	336
146	247
147	278
148	131
149	209
150	22
151	300
152	294
153	32
154	5
155	117
156	343
157	84
158	291
159	173
160	59
161	212
162	260
163	363
164	226
165	131
166	41
167	313
168	64
169	185
170	293
171	198
172	371
173	76
174	172
175	99
176	374
177	54
178	60
179	317
180	196
181	304
182	209
183	375
184	356
185	158
186	279
187	238
188	236
189	10
190	168
191	286
192	64
193	188
194	367
195	304
196	210
197	246
198	199
199	160
200	205
201	332
202	68
203	76
204	308
205	71
206	82
207	109
208	141
209	111
210	28
211	151
212	1
213	181
214	103
215	154
216	388
217	46
218	230
219	318
220	361
221	12
222	89
223	33
224	334
225	235
226	344
227	313
228	277
229	100
230	373
231	17
232	357
233	400
234	163
235	379
236	246
237	267
238	15
239	184
240	152
241	83
242	100
243	59
244	371
245	267
246	310
247	102
248	333
249	296
250	18
251	97
252	331
253	14
254	96
255	70
256	219
257	239
258	24
259	152
260	69
261	19
262	191
263	245
264	31
265	377
266	50
267	206
268	23
269	170
270	306
271	121
272	159
273	211
274	148
275	338
276	318
277	284
278	197
279	172
280	73
281	382
282	229
283	88
284	187
285	54
286	293
287	212
288	228
289	372
290	346
291	331
292	145
293	265
294	180
295	359
296	162
297	165
298	57
299	10
300	125
301	6
302	24
303	175
304	352
305	306
306	52
307	275
308	125
309	394
310	373
311	150
312	310
313	253
314	46
315	116
316	91
317	121
318	98
319	369
320	165
321	316
322	280
323	141
324	49
325	356
326	44
327	123
328	258
329	358
330	108
331	300
332	385
333	292
334	150
335	391
336	102
337	272
338	278
339	140
340	143
341	264
342	397
343	18
344	264
345	21
346	376
347	279
348	359
349	215
350	301
351	361
352	358
353	259
354	195
355	265
356	353
357	2
358	255
359	177
360	159
361	324
362	75
363	384
364	336
365	391
366	179
367	303
368	105
369	210
370	266
371	94
372	235
373	134
374	163
375	380
376	140
377	257
378	320
379	225
380	146
381	297
382	236
383	13
384	90
385	36
386	280
387	27
388	193
389	138
390	29
391	240
392	283
393	378
394	37
395	173
396	208
397	8
398	110
399	9
400	108
401	189
402	77
403	61
404	35
405	81
406	147
407	326
408	71
409	6
410	251
411	20
412	337
413	158
414	92
415	74
416	83
417	142
418	387
419	332
420	273
421	281
422	15
423	99
424	273
425	183
426	85
427	204
428	92
429	383
430	175
431	153
432	84
433	28
434	179
435	149
436	227
437	380
438	288
439	233
440	328
441	192
442	114
443	13
444	122
445	228
446	154
447	97
448	8
449	81
450	143
451	45
452	351
453	56
454	2
455	114
456	156
457	190
458	206
459	312
460	120
461	368
462	348
463	366
464	171
465	161
466	397
467	370
468	146
469	242
470	160
471	372
472	126
473	149
474	208
475	174
476	105
477	302
478	138
479	382
480	129
481	180
482	89
483	34
484	290
485	14
486	285
487	96
488	25
489	292
490	379
491	223
492	156
493	390
494	178
495	200
496	58
497	25
498	218
499	195
500	202
501	392
502	346
503	186
504	229
505	360
506	170
507	112
508	85
509	255
510	232
511	221
512	231
513	205
514	340
515	224
516	79
517	328
518	62
519	234
520	198
521	174
522	320
523	254
524	40
525	63
526	130
527	394
528	166
529	107
530	118
531	291
532	342
533	393
534	322
535	79
536	370
537	86
538	226
539	56
540	123
541	351
542	211
543	268
544	109
545	272
546	376
547	164
548	139
549	176
550	219
551	87
552	53
553	323
554	191
555	130
556	237
557	237
558	307
559	250
560	302
561	354
562	62
563	364
564	122
565	307
566	120
567	61
568	348
569	230
570	271
571	243
572	241
573	289
574	309
575	322
576	128
577	58
578	377
579	216
580	20
581	248
582	400
583	119
584	365
585	95
586	325
587	330
588	52
589	233
590	329
591	207
592	344
593	268
594	231
595	200
596	216
597	103
598	128
599	53
600	23
601	315
602	75
603	91
604	194
605	381
606	207
607	305
608	196
609	169
610	144
611	314
612	266
613	362
614	349
615	334
616	151
617	347
618	193
619	330
620	270
621	303
622	392
623	115
624	106
625	35
626	136
627	177
628	86
629	242
630	176
631	325
632	347
633	224
634	290
635	167
636	387
637	45
638	368
639	338
640	29
641	106
642	88
643	111
644	127
645	17
646	352
647	48
648	217
649	218
650	63
651	164
652	66
653	395
654	137
655	132
656	4
657	93
658	363
659	95
660	90
661	309
662	287
663	144
664	353
665	244
666	80
667	124
668	43
669	269
670	65
671	274
672	295
673	248
674	133
675	282
676	55
677	362
678	182
679	124
680	187
681	65
682	142
683	115
684	383
685	80
686	269
687	389
688	252
689	250
690	221
691	319
692	167
693	199
694	262
695	67
696	339
697	16
698	274
699	134
700	72
701	369
702	116
703	217
704	5
705	295
706	127
707	34
708	396
709	365
710	153
711	339
712	312
713	252
714	27
715	47
716	42
717	40
718	55
719	43
720	390
721	262
722	67
723	315
724	186
725	393
726	282
727	314
728	261
729	38
730	135
731	319
732	223
733	66
734	366
735	299
736	51
737	343
738	39
739	345
740	381
741	220
742	49
743	19
744	39
745	78
746	299
747	26
748	287
749	74
750	201
751	298
752	349
753	42
754	259
755	395
756	112
757	3
758	126
759	137
760	225
761	261
762	345
763	48
764	355
765	3
766	305
767	350
768	243
769	94
770	190
771	298
772	251
773	136
774	241
775	189
776	386
777	155
778	257
779	166
780	321
781	133
782	321
783	222
784	78
785	222
786	47
787	118
788	220
789	389
790	354
791	155
792	202
793	16
794	26
795	335
796	386
797	350
798	201
799	335
800	301
