Class Times	10
Rooms	150
1	729
2	830
3	638
4	529
5	495
6	72
7	599
8	778
9	149
10	795
11	975
12	532
13	793
14	399
15	272
16	239
17	890
18	891
19	189
20	405
21	195
22	874
23	548
24	976
25	411
26	196
27	55
28	619
29	159
30	972
31	490
32	551
33	790
34	365
35	538
36	22
37	259
38	488
39	373
40	906
41	712
42	797
43	976
44	258
45	765
46	880
47	726
48	859
49	432
50	854
51	971
52	455
53	436
54	444
55	492
56	210
57	976
58	152
59	773
60	926
61	638
62	917
63	710
64	665
65	672
66	630
67	603
68	705
69	281
70	714
71	175
72	491
73	411
74	183
75	627
76	698
77	720
78	579
79	220
80	524
81	201
82	667
83	315
84	232
85	68
86	693
87	328
88	431
89	463
90	164
91	472
92	858
93	742
94	536
95	212
96	718
97	410
98	660
99	629
100	389
101	355
102	345
103	778
104	201
105	735
106	32
107	248
108	127
109	986
110	144
111	911
112	471
113	472
114	57
115	910
116	609
117	178
118	230
119	751
120	176
121	527
122	467
123	946
124	247
125	675
126	736
127	223
128	661
129	906
130	533
131	615
132	298
133	44
134	409
135	573
136	34
137	125
138	254
139	843
140	304
141	760
142	929
143	31
144	385
145	429
146	662
147	541
148	809
149	335
150	408
Classes	800
Teachers	400
1	365
2	235
3	52
4	250
5	135
6	20
7	129
8	49
9	194
10	301
11	356
12	212
13	136
14	54
15	305
16	286
17	22
18	28
19	169
20	311
21	172
22	27
23	341
24	372
25	94
26	324
27	258
28	241
29	270
30	388
31	361
32	240
33	373
34	241
35	168
36	266
37	311
38	235
39	30
40	134
41	11
42	173
43	232
44	71
45	301
46	153
47	9
48	46
49	8
50	55
51	342
52	303
53	285
54	109
55	75
56	266
57	167
58	255
59	36
60	93
61	115
62	292
63	246
64	120
65	57
66	107
67	183
68	318
69	129
70	234
71	292
72	156
73	156
74	272
75	251
76	256
77	147
78	61
79	77
80	328
81	288
82	100
83	300
84	251
85	192
86	298
87	26
88	286
89	354
90	291
91	331
92	75
93	315
94	262
95	388
96	387
97	344
98	336
99	361
100	399
101	347
102	356
103	157
104	44
105	386
106	45
107	258
108	70
109	369
110	96
111	327
112	358
113	379
114	12
115	398
116	178
117	386
118	87
119	359
120	367
121	40
122	6
123	86
124	124
125	157
126	224
127	53
128	207
129	325
130	54
131	133
132	142
133	120
134	8
135	342
136	154
137	65
138	102
139	308
140	199
141	41
142	141
143	155
144	183
145	223
146	123
147	345
148	246
149	191
150	321
151	363
152	229
153	314
154	238
155	89
156	343
157	126
158	28
159	390
160	82
161	136
162	331
163	333
164	227
165	40
166	143
167	276
168	82
169	281
170	340
171	371
172	91
173	61
174	313
175	168
176	116
177	51
178	351
179	214
180	380
181	384
182	232
183	181
184	243
185	91
186	185
187	344
188	164
189	395
190	148
191	18
192	277
193	317
194	216
195	385
196	220
197	202
198	20
199	274
200	127
201	278
202	362
203	245
204	379
205	38
206	377
207	80
208	145
209	348
210	7
211	58
212	296
213	86
214	133
215	184
216	263
217	112
218	172
219	2
220	80
221	160
222	354
223	210
224	145
225	203
226	117
227	364
228	220
229	257
230	365
231	31
232	6
233	22
234	341
235	250
236	346
237	176
238	289
239	27
240	56
241	67
242	110
243	187
244	141
245	366
246	310
247	254
248	317
249	191
250	155
251	385
252	107
253	243
254	182
255	290
256	154
257	198
258	187
259	119
260	312
261	45
262	181
263	171
264	293
265	165
266	280
267	182
268	21
269	46
270	359
271	119
272	147
273	88
274	36
275	348
276	139
277	307
278	53
279	4
280	184
281	308
282	83
283	4
284	244
285	137
286	245
287	116
288	25
289	209
290	79
291	255
292	180
293	142
294	314
295	351
296	194
297	373
298	48
299	234
300	315
301	270
302	180
303	224
304	30
305	275
306	240
307	275
308	362
309	325
310	153
311	112
312	50
313	263
314	159
315	374
316	227
317	318
318	123
319	5
320	358
321	345
322	158
323	62
324	170
325	164
326	297
327	37
328	73
329	37
330	90
331	10
332	43
333	300
334	3
335	100
336	10
337	85
338	306
339	108
340	149
341	58
342	195
343	26
344	174
345	128
346	363
347	63
348	39
349	5
350	7
351	87
352	268
353	102
354	355
355	35
356	272
357	47
358	163
359	296
360	236
361	309
362	134
363	110
364	216
365	52
366	25
367	138
368	289
369	127
370	185
371	151
372	343
373	349
374	225
375	248
376	193
377	261
378	15
379	96
380	101
381	233
382	384
383	336
384	44
385	398
386	252
387	196
388	249
389	268
390	217
391	2
392	106
393	190
394	152
395	190
396	90
397	283
398	397
399	381
400	15
401	316
402	394
403	176
404	295
405	94
406	111
407	295
408	170
409	50
410	393
411	167
412	174
413	264
414	128
415	297
416	225
417	393
418	18
419	34
420	11
421	12
422	219
423	222
424	355
425	42
426	287
427	367
428	217
429	391
430	79
431	394
432	95
433	43
434	260
435	35
436	368
437	211
438	377
439	63
440	334
441	144
442	276
443	238
444	253
445	400
446	152
447	368
448	41
449	230
450	279
451	252
452	391
453	17
454	101
455	332
456	387
457	347
458	310
459	383
460	228
461	302
462	221
463	326
464	395
465	352
466	357
467	9
468	29
469	221
470	204
471	333
472	64
473	59
474	390
475	203
476	33
477	33
478	278
479	247
480	360
481	392
482	352
483	64
484	117
485	304
486	32
487	329
488	397
489	74
490	307
491	392
492	192
493	106
494	321
495	339
496	95
497	332
498	38
499	284
500	208
501	108
502	277
503	261
504	264
505	66
506	199
507	214
508	126
509	19
510	253
511	165
512	230
513	47
514	158
515	375
516	83
517	201
518	121
519	329
520	178
521	201
522	163
523	337
524	197
525	197
526	366
527	122
528	143
529	160
530	159
531	312
532	16
533	228
534	207
535	138
536	324
537	304
538	259
539	177
540	42
541	132
542	166
543	259
544	285
545	374
546	218
547	257
548	349
549	242
550	223
551	381
552	115
553	68
554	109
555	3
556	330
557	222
558	122
559	71
560	340
561	173
562	247
563	281
564	111
565	209
566	161
567	265
568	294
569	13
570	382
571	16
572	48
573	231
574	13
575	92
576	131
577	244
578	114
579	248
580	291
581	254
582	65
583	124
584	105
585	372
586	188
587	166
588	364
589	73
590	92
591	322
592	113
593	105
594	260
595	273
596	208
597	98
598	330
599	24
600	339
601	375
602	131
603	24
604	288
605	290
606	305
607	97
608	316
609	21
610	195
611	376
612	211
613	303
614	132
615	34
616	399
617	69
618	60
619	85
620	196
621	212
622	144
623	198
624	353
625	149
626	298
627	380
628	125
629	175
630	267
631	271
632	262
633	287
634	81
635	320
636	68
637	306
638	62
639	293
640	202
641	51
642	98
643	148
644	188
645	382
646	97
647	161
648	346
649	14
650	371
651	370
652	135
653	267
654	57
655	31
656	256
657	236
658	70
659	353
660	193
661	186
662	400
663	360
664	186
665	229
666	74
667	328
668	200
669	218
670	67
671	283
672	121
673	271
674	205
675	327
676	130
677	313
678	78
679	69
680	49
681	189
682	284
683	282
684	319
685	233
686	269
687	322
688	78
689	66
690	103
691	162
692	282
693	104
694	60
695	378
696	206
697	231
698	299
699	56
700	378
701	369
702	177
703	299
704	103
705	215
706	357
707	175
708	114
709	323
710	200
711	171
712	265
713	396
714	274
715	204
716	81
717	89
718	39
719	76
720	118
721	113
722	269
723	302
724	72
725	77
726	76
727	219
728	140
729	383
730	29
731	104
732	84
733	146
734	335
735	17
736	179
737	118
738	242
739	206
740	279
741	215
742	280
743	139
744	389
745	334
746	319
747	376
748	338
749	14
750	59
751	338
752	162
753	125
754	88
755	326
756	370
757	239
758	389
759	140
760	337
761	137
762	169
763	213
764	239
765	335
766	205
767	189
768	55
769	179
770	93
771	273
772	146
773	1
774	1
775	23
776	323
777	72
778	19
779	237
780	350
781	226
782	23
783	130
784	249
785	151
786	396
787	350
788	84
789	210
790	99
791	213
792	99
793	32
794	294
795	309
796	150
797	150
798	320
799	226
800	237
