Class Times	10
Rooms	150
1	173
2	266
3	981
4	321
5	209
6	960
7	138
8	439
9	589
10	441
11	151
12	276
13	248
14	496
15	667
16	589
17	395
18	198
19	540
20	34
21	743
22	329
23	418
24	948
25	669
26	736
27	94
28	750
29	953
30	57
31	83
32	321
33	820
34	140
35	574
36	633
37	189
38	909
39	70
40	138
41	99
42	558
43	439
44	475
45	23
46	266
47	161
48	36
49	212
50	635
51	315
52	441
53	722
54	834
55	274
56	113
57	193
58	887
59	48
60	928
61	43
62	532
63	804
64	985
65	476
66	937
67	614
68	223
69	672
70	705
71	878
72	544
73	867
74	206
75	759
76	744
77	888
78	20
79	791
80	90
81	672
82	96
83	934
84	770
85	388
86	606
87	210
88	717
89	625
90	348
91	994
92	341
93	535
94	121
95	882
96	494
97	887
98	895
99	191
100	374
101	812
102	262
103	283
104	974
105	398
106	905
107	976
108	111
109	795
110	973
111	919
112	883
113	293
114	979
115	913
116	912
117	681
118	57
119	342
120	437
121	134
122	291
123	804
124	65
125	751
126	793
127	219
128	169
129	704
130	285
131	580
132	833
133	518
134	927
135	550
136	70
137	82
138	39
139	646
140	94
141	528
142	93
143	906
144	994
145	464
146	659
147	801
148	97
149	34
150	362
Classes	800
Teachers	400
1	90
2	219
3	52
4	89
5	253
6	130
7	272
8	93
9	82
10	258
11	144
12	229
13	345
14	328
15	225
16	338
17	43
18	211
19	300
20	378
21	121
22	113
23	199
24	356
25	242
26	340
27	398
28	367
29	346
30	179
31	256
32	287
33	160
34	45
35	103
36	48
37	264
38	280
39	325
40	57
41	215
42	303
43	325
44	194
45	109
46	126
47	319
48	68
49	266
50	323
51	241
52	96
53	79
54	119
55	95
56	194
57	19
58	66
59	251
60	269
61	324
62	75
63	86
64	301
65	309
66	77
67	342
68	319
69	180
70	363
71	361
72	381
73	169
74	231
75	195
76	150
77	354
78	61
79	363
80	326
81	13
82	389
83	170
84	372
85	242
86	24
87	21
88	358
89	329
90	27
91	88
92	17
93	298
94	166
95	247
96	156
97	270
98	277
99	24
100	198
101	342
102	78
103	118
104	336
105	99
106	14
107	207
108	40
109	159
110	108
111	29
112	106
113	334
114	216
115	255
116	210
117	329
118	186
119	176
120	38
121	291
122	20
123	263
124	395
125	190
126	286
127	133
128	27
129	87
130	116
131	45
132	175
133	115
134	247
135	328
136	112
137	6
138	131
139	310
140	169
141	202
142	159
143	291
144	56
145	207
146	171
147	171
148	356
149	292
150	124
151	125
152	60
153	373
154	372
155	383
156	161
157	301
158	146
159	307
160	158
161	276
162	187
163	243
164	161
165	326
166	182
167	393
168	100
169	58
170	16
171	182
172	29
173	113
174	28
175	276
176	371
177	268
178	92
179	146
180	229
181	5
182	115
183	399
184	31
185	193
186	359
187	313
188	183
189	74
190	43
191	158
192	148
193	283
194	61
195	203
196	33
197	297
198	268
199	286
200	189
201	144
202	155
203	249
204	208
205	275
206	88
207	202
208	175
209	55
210	261
211	269
212	9
213	248
214	302
215	370
216	374
217	95
218	134
219	186
220	57
221	114
222	361
223	369
224	259
225	16
226	86
227	313
228	246
229	101
230	185
231	228
232	388
233	142
234	78
235	62
236	345
237	245
238	320
239	249
240	335
241	284
242	271
243	209
244	123
245	77
246	7
247	152
248	355
249	297
250	188
251	282
252	127
253	39
254	267
255	400
256	258
257	214
258	338
259	364
260	227
261	170
262	377
263	147
264	139
265	308
266	259
267	390
268	127
269	344
270	188
271	8
272	357
273	138
274	327
275	295
276	333
277	289
278	104
279	98
280	381
281	302
282	82
283	166
284	40
285	17
286	368
287	230
288	157
289	232
290	272
291	296
292	212
293	330
294	290
295	46
296	299
297	267
298	227
299	367
300	4
301	236
302	373
303	94
304	354
305	364
306	118
307	13
308	198
309	216
310	344
311	331
312	85
313	376
314	231
315	33
316	122
317	55
318	125
319	212
320	360
321	362
322	70
323	392
324	214
325	50
326	340
327	327
328	253
329	190
330	123
331	235
332	81
333	145
334	20
335	93
336	151
337	97
338	251
339	352
340	248
341	262
342	386
343	1
344	368
345	226
346	132
347	65
348	160
349	28
350	85
351	386
352	211
353	68
354	26
355	330
356	121
357	180
358	197
359	94
360	281
361	21
362	239
363	332
364	264
365	295
366	71
367	44
368	300
369	223
370	12
371	157
372	177
373	137
374	150
375	22
376	210
377	76
378	56
379	47
380	348
381	32
382	154
383	317
384	37
385	137
386	106
387	199
388	179
389	315
390	366
391	219
392	142
393	215
394	112
395	223
396	8
397	114
398	358
399	92
400	105
401	32
402	307
403	177
404	10
405	74
406	110
407	98
408	391
409	191
410	97
411	36
412	99
413	84
414	58
415	71
416	283
417	201
418	122
419	162
420	240
421	119
422	374
423	376
424	221
425	383
426	12
427	19
428	237
429	195
430	72
431	393
432	147
433	281
434	4
435	398
436	278
437	25
438	79
439	1
440	105
441	9
442	232
443	176
444	67
445	244
446	335
447	322
448	193
449	385
450	296
451	254
452	400
453	149
454	282
455	299
456	270
457	109
458	91
459	316
460	101
461	205
462	48
463	246
464	36
465	370
466	218
467	341
468	76
469	379
470	397
471	224
472	174
473	396
474	390
475	333
476	6
477	387
478	230
479	369
480	320
481	124
482	46
483	11
484	293
485	257
486	184
487	250
488	107
489	206
490	2
491	139
492	50
493	140
494	111
495	387
496	346
497	83
498	49
499	102
500	162
501	277
502	130
503	129
504	241
505	298
506	131
507	280
508	191
509	279
510	261
511	394
512	120
513	220
514	164
515	289
516	37
517	347
518	311
519	39
520	203
521	18
522	294
523	324
524	256
525	288
526	178
527	222
528	133
529	394
530	18
531	337
532	293
533	178
534	380
535	11
536	163
537	365
538	152
539	263
540	89
541	164
542	341
543	308
544	355
545	347
546	42
547	322
548	72
549	323
550	292
551	239
552	110
553	201
554	200
555	141
556	311
557	67
558	26
559	303
560	25
561	228
562	218
563	395
564	397
565	181
566	243
567	348
568	235
569	304
570	75
571	132
572	366
573	44
574	254
575	271
576	238
577	391
578	14
579	30
580	65
581	167
582	222
583	255
584	181
585	353
586	187
587	183
588	339
589	15
590	305
591	217
592	213
593	221
594	135
595	392
596	81
597	208
598	66
599	140
600	84
601	244
602	399
603	117
604	197
605	3
606	192
607	317
608	83
609	237
610	60
611	252
612	136
613	128
614	377
615	284
616	136
617	262
618	359
619	371
620	189
621	380
622	34
623	117
624	240
625	73
626	151
627	185
628	87
629	7
630	165
631	252
632	91
633	59
634	315
635	353
636	80
637	290
638	274
639	233
640	316
641	30
642	103
643	350
644	128
645	53
646	148
647	200
648	49
649	184
650	332
651	375
652	10
653	209
654	138
655	111
656	288
657	224
658	149
659	265
660	126
661	129
662	257
663	155
664	318
665	156
666	396
667	331
668	108
669	245
670	379
671	2
672	220
673	141
674	53
675	165
676	275
677	278
678	62
679	357
680	70
681	294
682	63
683	217
684	22
685	167
686	153
687	54
688	266
689	153
690	273
691	168
692	236
693	120
694	100
695	90
696	273
697	318
698	42
699	225
700	38
701	337
702	3
703	145
704	250
705	260
706	41
707	196
708	384
709	304
710	321
711	334
712	351
713	63
714	59
715	206
716	41
717	34
718	388
719	54
720	362
721	351
722	143
723	314
724	116
725	382
726	336
727	154
728	233
729	172
730	73
731	339
732	349
733	309
734	314
735	365
736	306
737	172
738	192
739	107
740	135
741	163
742	134
743	321
744	226
745	35
746	238
747	260
748	274
749	306
750	5
751	47
752	204
753	213
754	343
755	310
756	96
757	312
758	80
759	31
760	15
761	265
762	168
763	174
764	285
765	389
766	287
767	285
768	205
769	104
770	349
771	378
772	173
773	35
774	52
775	204
776	312
777	196
778	384
779	343
780	385
781	350
782	360
783	352
784	234
785	51
786	23
787	375
788	173
789	305
790	23
791	234
792	279
793	69
794	64
795	382
796	51
797	143
798	102
799	69
800	64
