Class Times	10
Rooms	150
1	913
2	269
3	447
4	430
5	93
6	240
7	899
8	800
9	525
10	725
11	263
12	62
13	974
14	857
15	224
16	950
17	386
18	550
19	920
20	773
21	482
22	623
23	227
24	987
25	879
26	459
27	494
28	545
29	622
30	381
31	451
32	611
33	325
34	833
35	997
36	993
37	366
38	660
39	406
40	14
41	458
42	133
43	457
44	607
45	703
46	680
47	264
48	378
49	848
50	101
51	297
52	786
53	690
54	859
55	444
56	890
57	211
58	889
59	82
60	842
61	574
62	647
63	517
64	246
65	722
66	668
67	859
68	445
69	434
70	579
71	735
72	549
73	27
74	424
75	970
76	505
77	619
78	644
79	562
80	532
81	43
82	107
83	918
84	179
85	257
86	755
87	644
88	568
89	448
90	571
91	745
92	888
93	841
94	764
95	122
96	305
97	891
98	880
99	448
100	307
101	818
102	824
103	493
104	434
105	327
106	467
107	994
108	304
109	400
110	76
111	101
112	306
113	185
114	235
115	121
116	166
117	721
118	494
119	805
120	962
121	95
122	344
123	147
124	403
125	700
126	660
127	752
128	467
129	921
130	344
131	324
132	749
133	259
134	376
135	787
136	181
137	827
138	624
139	346
140	258
141	14
142	681
143	794
144	192
145	854
146	761
147	183
148	490
149	551
150	711
Classes	800
Teachers	400
1	114
2	342
3	141
4	25
5	64
6	170
7	212
8	249
9	146
10	362
11	59
12	319
13	308
14	243
15	310
16	257
17	326
18	232
19	350
20	385
21	299
22	347
23	194
24	195
25	6
26	296
27	191
28	46
29	24
30	4
31	172
32	297
33	143
34	387
35	29
36	300
37	262
38	211
39	265
40	273
41	43
42	64
43	338
44	374
45	73
46	265
47	370
48	316
49	396
50	140
51	235
52	185
53	240
54	339
55	165
56	301
57	94
58	395
59	333
60	203
61	35
62	333
63	389
64	15
65	241
66	86
67	104
68	376
69	315
70	253
71	49
72	107
73	241
74	82
75	84
76	301
77	289
78	298
79	207
80	158
81	86
82	25
83	270
84	280
85	229
86	381
87	237
88	199
89	194
90	125
91	42
92	91
93	89
94	187
95	75
96	111
97	273
98	214
99	309
100	345
101	239
102	10
103	348
104	278
105	70
106	112
107	38
108	345
109	326
110	37
111	202
112	45
113	311
114	395
115	252
116	230
117	280
118	110
119	182
120	40
121	15
122	122
123	385
124	24
125	155
126	216
127	138
128	270
129	384
130	327
131	327
132	81
133	5
134	389
135	399
136	363
137	4
138	62
139	373
140	210
141	162
142	310
143	130
144	101
145	332
146	205
147	150
148	166
149	260
150	179
151	323
152	42
153	45
154	126
155	131
156	215
157	248
158	394
159	196
160	170
161	258
162	135
163	84
164	304
165	103
166	210
167	325
168	264
169	369
170	135
171	65
172	349
173	330
174	164
175	195
176	5
177	272
178	34
179	138
180	61
181	278
182	371
183	1
184	217
185	40
186	275
187	347
188	330
189	90
190	235
191	316
192	305
193	359
194	360
195	47
196	49
197	112
198	343
199	44
200	227
201	290
202	236
203	19
204	264
205	283
206	83
207	239
208	303
209	219
210	274
211	219
212	255
213	295
214	59
215	247
216	348
217	177
218	325
219	209
220	366
221	198
222	188
223	308
224	154
225	240
226	341
227	225
228	146
229	324
230	203
231	399
232	192
233	314
234	165
235	352
236	314
237	142
238	198
239	259
240	20
241	14
242	62
243	148
244	46
245	365
246	118
247	329
248	152
249	124
250	118
251	289
252	388
253	353
254	298
255	16
256	321
257	229
258	196
259	89
260	220
261	234
262	10
263	244
264	361
265	88
266	7
267	189
268	246
269	69
270	96
271	341
272	9
273	193
274	188
275	380
276	109
277	387
278	99
279	221
280	383
281	120
282	21
283	66
284	254
285	70
286	211
287	378
288	177
289	222
290	44
291	184
292	394
293	157
294	72
295	371
296	237
297	191
298	148
299	225
300	226
301	382
302	366
303	364
304	221
305	206
306	36
307	140
308	293
309	117
310	344
311	87
312	48
313	109
314	81
315	290
316	200
317	338
318	344
319	88
320	35
321	381
322	185
323	249
324	107
325	152
326	90
327	398
328	384
329	199
330	350
331	257
332	214
333	121
334	52
335	284
336	8
337	232
338	318
339	337
340	142
341	186
342	255
343	319
344	272
345	94
346	119
347	295
348	263
349	317
350	98
351	93
352	212
353	158
354	99
355	202
356	50
357	283
358	243
359	113
360	375
361	48
362	369
363	150
364	157
365	362
366	126
367	318
368	242
369	306
370	176
371	226
372	312
373	238
374	303
375	377
376	328
377	250
378	213
379	39
380	356
381	80
382	292
383	116
384	375
385	53
386	65
387	82
388	93
389	268
390	69
391	215
392	108
393	95
394	29
395	276
396	355
397	106
398	38
399	7
400	175
401	376
402	75
403	300
404	355
405	156
406	23
407	253
408	159
409	113
410	388
411	335
412	116
413	43
414	155
415	162
416	1
417	175
418	104
419	173
420	33
421	147
422	173
423	151
424	153
425	368
426	363
427	166
428	236
429	247
430	134
431	400
432	110
433	31
434	252
435	47
436	129
437	276
438	266
439	96
440	296
441	39
442	79
443	23
444	227
445	274
446	132
447	193
448	108
449	147
450	200
451	218
452	268
453	74
454	92
455	190
456	357
457	400
458	337
459	117
460	286
461	101
462	248
463	323
464	174
465	34
466	72
467	102
468	63
469	176
470	322
471	71
472	302
473	261
474	365
475	18
476	352
477	159
478	378
479	332
480	74
481	294
482	121
483	50
484	254
485	149
486	77
487	284
488	187
489	30
490	209
491	14
492	382
493	207
494	275
495	106
496	192
497	299
498	291
499	132
500	19
501	163
502	397
503	66
504	206
505	17
506	183
507	322
508	53
509	360
510	161
511	2
512	262
513	354
514	244
515	306
516	22
517	233
518	380
519	22
520	391
521	124
522	246
523	351
524	304
525	288
526	367
527	242
528	98
529	54
530	178
531	32
532	224
533	309
534	180
535	294
536	359
537	102
538	2
539	266
540	259
541	260
542	353
543	361
544	63
545	134
546	372
547	77
548	335
549	224
550	181
551	377
552	83
553	68
554	55
555	144
556	87
557	120
558	58
559	8
560	340
561	321
562	223
563	302
564	205
565	171
566	153
567	245
568	398
569	28
570	85
571	396
572	168
573	201
574	125
575	145
576	279
577	285
578	217
579	6
580	130
581	339
582	180
583	9
584	58
585	27
586	167
587	336
588	357
589	143
590	123
591	76
592	20
593	80
594	168
595	137
596	222
597	379
598	288
599	111
600	269
601	286
602	372
603	17
604	358
605	324
606	213
607	56
608	349
609	356
610	21
611	52
612	54
613	317
614	342
615	336
616	271
617	36
618	141
619	392
620	287
621	216
622	201
623	197
624	179
625	172
626	313
627	370
628	331
629	57
630	136
631	145
632	31
633	223
634	122
635	114
636	329
637	379
638	184
639	386
640	164
641	60
642	144
643	123
644	119
645	343
646	149
647	27
648	297
649	220
650	16
651	354
652	238
653	57
654	373
655	103
656	137
657	182
658	281
659	55
660	320
661	320
662	171
663	100
664	181
665	351
666	208
667	287
668	163
669	312
670	277
671	397
672	85
673	267
674	128
675	340
676	281
677	37
678	169
679	218
680	391
681	33
682	234
683	28
684	91
685	374
686	183
687	92
688	250
689	115
690	51
691	41
692	73
693	13
694	161
695	367
696	68
697	386
698	364
699	100
700	151
701	115
702	208
703	71
704	267
705	156
706	167
707	328
708	139
709	79
710	282
711	251
712	291
713	131
714	285
715	136
716	26
717	13
718	231
719	256
720	11
721	189
722	331
723	61
724	26
725	11
726	128
727	261
728	32
729	279
730	12
731	390
732	41
733	251
734	307
735	368
736	315
737	67
738	311
739	105
740	277
741	346
742	139
743	390
744	231
745	256
746	95
747	30
748	60
749	204
750	12
751	230
752	160
753	76
754	154
755	293
756	160
757	56
758	292
759	305
760	97
761	307
762	383
763	245
764	233
765	190
766	393
767	178
768	186
769	51
770	282
771	18
772	129
773	169
774	78
775	78
776	258
777	334
778	334
779	133
780	346
781	271
782	313
783	3
784	269
785	358
786	393
787	174
788	204
789	228
790	105
791	133
792	197
793	97
794	392
795	127
796	3
797	127
798	67
799	228
800	263
