Class Times	8
Rooms	20
1	714
2	583
3	843
4	32
5	870
6	162
7	979
8	783
9	367
10	550
11	925
12	629
13	863
14	712
15	433
16	966
17	118
18	408
19	538
20	432
Classes	100
Teachers	50
1	14
2	50
3	30
4	26
5	4
6	12
7	45
8	3
9	16
10	41
11	43
12	49
13	14
14	6
15	22
16	35
17	2
18	1
19	19
20	1
21	22
22	50
23	28
24	11
25	28
26	41
27	29
28	44
29	24
30	15
31	33
32	8
33	45
34	11
35	27
36	32
37	35
38	25
39	21
40	34
41	48
42	15
43	42
44	48
45	4
46	31
47	29
48	31
49	47
50	18
51	19
52	32
53	12
54	44
55	39
56	30
57	36
58	6
59	25
60	5
61	49
62	17
63	24
64	42
65	26
66	46
67	20
68	37
69	46
70	47
71	36
72	27
73	40
74	20
75	43
76	7
77	16
78	34
79	33
80	23
81	7
82	39
83	40
84	3
85	37
86	5
87	2
88	38
89	13
90	23
91	13
92	8
93	10
94	38
95	10
96	18
97	21
98	17
99	9
100	9
