Class Times	8
Rooms	20
1	982
2	88
3	98
4	79
5	611
6	184
7	702
8	895
9	350
10	705
11	803
12	644
13	754
14	426
15	283
16	113
17	477
18	524
19	896
20	526
Classes	100
Teachers	50
1	17
2	8
3	42
4	26
5	28
6	46
7	26
8	41
9	13
10	45
11	7
12	43
13	42
14	12
15	41
16	1
17	38
18	25
19	5
20	5
21	27
22	14
23	46
24	19
25	38
26	30
27	11
28	32
29	11
30	28
31	23
32	45
33	14
34	43
35	4
36	33
37	18
38	27
39	19
40	24
41	29
42	48
43	44
44	13
45	36
46	15
47	2
48	35
49	30
50	10
51	32
52	12
53	31
54	44
55	33
56	39
57	4
58	48
59	36
60	2
61	35
62	18
63	47
64	20
65	47
66	22
67	9
68	16
69	16
70	22
71	49
72	25
73	9
74	10
75	50
76	20
77	24
78	21
79	3
80	34
81	21
82	1
83	17
84	6
85	31
86	23
87	34
88	39
89	29
90	49
91	50
92	37
93	15
94	8
95	3
96	40
97	37
98	40
99	7
100	6
