Class Times	8
Rooms	20
1	522
2	500
3	389
4	239
5	90
6	384
7	576
8	332
9	395
10	708
11	160
12	129
13	405
14	519
15	337
16	94
17	979
18	659
19	294
20	353
Classes	100
Teachers	50
1	37
2	23
3	9
4	48
5	38
6	32
7	27
8	21
9	6
10	34
11	13
12	8
13	45
14	6
15	2
16	38
17	3
18	1
19	10
20	29
21	1
22	4
23	17
24	20
25	13
26	44
27	15
28	15
29	50
30	36
31	41
32	27
33	9
34	32
35	39
36	17
37	42
38	50
39	16
40	24
41	22
42	20
43	7
44	37
45	11
46	48
47	24
48	41
49	28
50	2
51	12
52	11
53	12
54	30
55	23
56	25
57	35
58	16
59	14
60	44
61	31
62	22
63	46
64	36
65	35
66	47
67	14
68	19
69	33
70	4
71	40
72	7
73	19
74	21
75	42
76	46
77	8
78	5
79	39
80	5
81	47
82	43
83	25
84	34
85	3
86	45
87	28
88	40
89	30
90	26
91	10
92	33
93	43
94	31
95	18
96	29
97	18
98	49
99	49
100	26
