Class Times	8
Rooms	20
1	169
2	596
3	938
4	503
5	181
6	728
7	325
8	370
9	961
10	283
11	519
12	472
13	299
14	78
15	545
16	75
17	694
18	15
19	232
20	754
Classes	100
Teachers	50
1	40
2	32
3	13
4	18
5	42
6	30
7	17
8	27
9	21
10	1
11	26
12	23
13	29
14	32
15	18
16	33
17	48
18	45
19	22
20	35
21	6
22	17
23	8
24	15
25	22
26	8
27	4
28	4
29	10
30	21
31	44
32	36
33	6
34	30
35	31
36	31
37	15
38	20
39	43
40	14
41	5
42	23
43	24
44	45
45	50
46	43
47	14
48	46
49	27
50	42
51	49
52	12
53	20
54	41
55	7
56	35
57	46
58	5
59	48
60	33
61	41
62	50
63	47
64	39
65	12
66	26
67	2
68	13
69	44
70	9
71	3
72	9
73	28
74	11
75	11
76	24
77	16
78	25
79	40
80	34
81	7
82	37
83	38
84	25
85	28
86	3
87	38
88	34
89	10
90	1
91	36
92	37
93	16
94	39
95	19
96	49
97	2
98	29
99	19
100	47
