Class Times	8
Rooms	20
1	731
2	611
3	720
4	780
5	568
6	123
7	10
8	758
9	503
10	309
11	804
12	447
13	227
14	356
15	189
16	414
17	576
18	628
19	837
20	314
Classes	100
Teachers	50
1	7
2	26
3	14
4	30
5	37
6	19
7	46
8	42
9	48
10	31
11	21
12	12
13	47
14	32
15	45
16	13
17	18
18	42
19	9
20	4
21	5
22	38
23	24
24	2
25	43
26	29
27	49
28	45
29	47
30	38
31	4
32	39
33	27
34	28
35	19
36	43
37	50
38	1
39	6
40	14
41	41
42	24
43	35
44	7
45	40
46	10
47	36
48	36
49	2
50	29
51	44
52	39
53	1
54	6
55	26
56	10
57	15
58	18
59	13
60	12
61	46
62	30
63	37
64	33
65	44
66	34
67	17
68	11
69	15
70	9
71	28
72	5
73	21
74	3
75	49
76	3
77	34
78	17
79	31
80	22
81	33
82	32
83	35
84	50
85	11
86	23
87	48
88	22
89	25
90	16
91	16
92	23
93	25
94	40
95	27
96	8
97	20
98	8
99	41
100	20
