Students	100
1	30 26 95 23
2	89 70 5 15
3	59 56 82 44
4	40 38 69 78
5	87 12 80 3
6	58 78 89 87
7	64 48 37 43
8	81 44 75 94
9	90 67 73 71
10	68 90 35 94
11	89 91 28 25
12	46 30 73 28
13	38 21 27 11
14	23 37 24 35
15	64 18 26 87
16	3 40 44 94
17	62 14 65 3
18	34 57 77 21
19	57 82 60 44
20	69 26 9 2
21	25 96 88 39
22	44 66 4 13
23	68 58 61 55
24	25 22 54 42
25	40 51 8 71
26	18 21 100 8
27	72 28 7 41
28	97 61 54 71
29	73 94 14 88
30	54 25 51 8
31	78 72 13 79
32	62 51 38 25
33	78 3 69 73
34	39 10 63 25
35	8 23 10 42
36	51 23 82 55
37	76 29 77 12
38	62 17 12 100
39	78 22 2 33
40	53 82 38 92
41	98 29 63 72
42	71 97 32 27
43	30 8 58 5
44	43 83 47 46
45	19 53 63 65
46	41 71 100 62
47	22 49 100 64
48	50 31 55 73
49	47 73 67 55
50	85 80 95 58
51	28 82 94 69
52	86 79 13 36
53	79 62 59 48
54	93 97 4 98
55	5 4 84 28
56	1 52 93 69
57	28 89 10 93
58	81 89 95 34
59	13 78 26 73
60	66 91 22 65
61	36 4 22 74
62	27 18 8 33
63	9 84 34 39
64	6 82 66 7
65	88 59 11 19
66	13 75 43 93
67	10 23 64 93
68	38 51 40 49
69	66 48 58 38
70	58 20 92 65
71	3 89 58 88
72	73 41 23 36
73	18 85 81 25
74	68 18 99 58
75	40 71 70 90
76	79 3 91 83
77	43 39 2 89
78	23 27 79 44
79	100 86 56 73
80	77 51 43 67
81	42 57 99 68
82	19 74 24 31
83	74 56 27 15
84	73 53 34 14
85	62 7 1 82
86	29 61 52 91
87	37 100 52 2
88	27 10 96 99
89	22 19 80 73
90	59 99 96 22
91	19 88 25 50
92	41 48 78 37
93	64 57 37 84
94	88 84 75 39
95	12 99 67 88
96	43 17 25 80
97	44 15 83 66
98	65 59 50 4
99	47 12 4 45
100	96 6 87 72
