Students	100
1	92 78 74 7
2	65 2 27 60
3	39 80 28 55
4	42 28 12 71
5	15 95 92 91
6	40 81 69 47
7	50 18 66 73
8	58 25 71 72
9	49 13 11 35
10	94 60 49 80
11	45 85 39 94
12	15 67 40 49
13	55 14 93 80
14	67 12 6 45
15	42 67 50 1
16	31 52 66 11
17	82 63 76 34
18	32 78 42 80
19	32 59 27 16
20	90 16 75 25
21	16 68 66 78
22	65 23 57 48
23	31 30 20 33
24	27 15 24 73
25	54 85 42 19
26	55 78 22 11
27	21 82 62 30
28	5 34 79 70
29	39 7 83 68
30	13 20 31 83
31	22 70 91 60
32	3 80 59 61
33	5 98 65 78
34	52 17 66 15
35	61 75 67 66
36	41 11 32 54
37	93 11 89 73
38	36 59 44 31
39	25 5 13 24
40	56 96 51 76
41	11 46 22 39
42	23 11 66 67
43	83 47 80 57
44	22 40 31 67
45	4 21 47 64
46	39 73 8 33
47	48 30 90 95
48	17 74 38 58
49	46 14 17 64
50	63 43 15 25
51	77 69 45 6
52	87 54 77 34
53	1 2 64 80
54	99 98 1 37
55	57 34 94 72
56	99 97 50 90
57	59 64 69 27
58	60 77 53 68
59	83 7 25 8
60	86 51 27 58
61	27 20 43 70
62	72 46 68 98
63	77 95 90 60
64	51 46 60 61
65	48 71 32 82
66	80 86 76 17
67	83 13 71 67
68	71 86 17 95
69	25 98 47 89
70	7 82 1 40
71	89 62 80 83
72	68 23 28 41
73	97 67 36 18
74	72 71 41 61
75	2 85 24 90
76	78 26 91 94
77	83 45 54 42
78	20 100 7 53
79	34 27 37 2
80	21 4 82 25
81	99 58 12 92
82	25 13 51 7
83	48 31 55 40
84	12 86 85 72
85	28 63 39 84
86	92 78 59 81
87	48 13 59 77
88	71 11 5 63
89	55 19 84 23
90	83 10 44 60
91	79 60 5 12
92	44 29 25 50
93	100 25 52 46
94	73 21 89 59
95	41 19 15 94
96	83 22 1 11
97	63 51 34 87
98	4 32 2 69
99	48 17 41 27
100	19 50 81 71
