Students	100
1	24 78 48 2
2	97 13 65 59
3	88 8 83 51
4	16 93 69 54
5	8 39 30 46
6	23 74 88 14
7	40 14 67 52
8	98 96 35 72
9	18 6 45 27
10	32 93 19 37
11	49 33 38 91
12	27 12 59 9
13	99 48 72 12
14	11 68 32 98
15	51 80 71 73
16	35 48 83 8
17	20 48 69 28
18	93 64 61 91
19	36 58 59 41
20	31 44 19 90
21	67 95 80 13
22	60 11 2 69
23	87 70 14 4
24	89 28 21 50
25	57 11 5 79
26	23 27 70 39
27	35 39 20 2
28	76 88 20 79
29	38 28 61 69
30	25 69 19 18
31	98 42 67 100
32	36 69 37 41
33	86 36 55 62
34	3 23 86 72
35	50 3 53 74
36	7 87 26 24
37	9 20 86 38
38	41 70 65 49
39	53 90 98 30
40	57 36 67 24
41	78 87 83 71
42	1 24 29 93
43	89 29 46 28
44	79 87 74 75
45	32 34 66 39
46	70 63 13 20
47	17 26 93 22
48	86 89 38 7
49	27 9 23 92
50	65 73 34 100
51	82 67 4 71
52	6 4 17 68
53	2 83 94 46
54	28 27 95 36
55	87 31 62 95
56	6 47 83 51
57	47 44 41 78
58	51 53 8 93
59	77 80 63 34
60	88 85 11 77
61	4 72 13 81
62	12 84 5 72
63	34 93 12 55
64	26 82 81 64
65	58 48 41 20
66	47 43 98 3
67	11 91 3 26
68	47 90 72 13
69	93 45 66 24
70	78 34 81 4
71	31 81 46 75
72	75 95 23 35
73	39 15 87 61
74	46 42 97 29
75	13 39 62 96
76	48 65 51 1
77	82 68 29 80
78	60 84 83 61
79	4 34 24 1
80	50 71 78 77
81	41 95 79 61
82	4 18 67 20
83	62 31 60 92
84	49 48 55 56
85	63 86 84 40
86	83 95 94 81
87	95 8 15 88
88	88 15 42 89
89	8 6 46 49
90	68 28 13 2
91	36 54 34 6
92	63 41 86 58
93	83 99 6 21
94	6 50 90 84
95	46 50 79 15
96	88 27 33 93
97	42 92 90 23
98	46 47 38 64
99	32 73 91 34
100	88 70 85 21
