Students	100
1	12 3 58 11
2	87 15 74 56
3	76 24 46 77
4	3 71 58 99
5	25 55 91 15
6	90 27 68 6
7	97 60 34 84
8	4 92 18 17
9	48 75 100 22
10	92 2 34 64
11	97 38 68 24
12	10 74 17 35
13	88 47 58 57
14	14 31 27 70
15	11 31 29 65
16	93 29 12 88
17	3 17 95 47
18	4 55 27 72
19	7 97 85 8
20	65 29 82 89
21	72 84 48 77
22	8 54 3 49
23	100 90 78 46
24	46 13 4 40
25	84 31 7 71
26	77 64 78 23
27	16 51 28 50
28	58 81 22 15
29	70 78 44 69
30	25 21 68 22
31	54 84 40 4
32	49 44 46 47
33	50 82 67 19
34	83 72 45 26
35	31 58 25 63
36	94 33 49 20
37	5 7 38 76
38	22 68 62 20
39	2 12 27 30
40	3 37 50 96
41	14 39 75 5
42	12 21 59 99
43	20 28 21 35
44	77 36 100 6
45	89 55 19 42
46	11 2 61 93
47	14 68 94 26
48	70 10 56 54
49	77 44 95 34
50	42 82 1 29
51	39 8 49 18
52	42 25 12 21
53	100 44 74 35
54	86 77 58 29
55	70 46 30 74
56	53 31 90 58
57	67 9 28 80
58	24 37 58 28
59	70 71 11 27
60	81 5 7 69
61	28 20 76 63
62	100 34 59 71
63	22 56 36 97
64	63 81 39 36
65	76 3 85 43
66	49 16 61 45
67	50 80 92 85
68	60 7 82 54
69	12 10 62 18
70	9 24 27 16
71	15 44 79 52
72	46 82 74 83
73	95 89 26 100
74	93 65 41 13
75	63 93 100 96
76	53 57 27 77
77	90 46 48 64
78	81 97 1 23
79	11 73 88 32
80	100 95 30 98
81	36 17 50 85
82	67 86 7 73
83	33 41 84 59
84	82 76 2 48
85	81 100 26 29
86	87 23 44 79
87	74 53 98 19
88	75 12 91 97
89	42 21 52 67
90	82 65 44 48
91	42 84 12 16
92	22 71 4 54
93	90 6 2 87
94	84 27 17 97
95	77 69 25 41
96	82 76 70 40
97	68 34 72 41
98	77 37 64 97
99	100 63 40 17
100	96 63 7 54
