Students	100
1	80 31 96 66
2	8 87 16 20
3	67 91 93 73
4	91 75 66 8
5	36 44 43 42
6	15 75 85 16
7	94 32 40 72
8	47 11 43 89
9	9 44 40 94
10	16 93 28 91
11	86 46 89 90
12	96 36 65 91
13	64 11 61 8
14	87 89 57 23
15	93 40 95 64
16	8 56 16 53
17	50 59 87 22
18	45 80 33 26
19	31 4 55 81
20	47 98 83 85
21	51 56 17 95
22	76 81 30 80
23	95 46 58 63
24	88 83 71 99
25	84 29 71 28
26	95 44 38 55
27	16 20 47 12
28	99 22 21 67
29	72 89 50 74
30	91 7 5 55
31	10 50 53 90
32	44 96 43 34
33	35 7 53 54
34	45 59 18 90
35	74 29 17 32
36	56 90 46 55
37	69 86 45 64
38	39 73 96 7
39	73 25 4 34
40	64 12 11 30
41	9 22 90 52
42	30 94 74 58
43	80 71 54 40
44	65 79 81 4
45	75 85 54 12
46	28 76 13 34
47	47 67 90 22
48	37 63 18 32
49	100 69 25 68
50	68 93 12 14
51	37 97 6 41
52	93 15 6 47
53	71 36 37 22
54	63 76 27 59
55	77 10 40 5
56	7 70 93 5
57	14 22 57 8
58	81 46 99 6
59	64 38 11 50
60	94 80 1 44
61	43 63 60 4
62	55 87 37 91
63	28 42 87 35
64	73 47 18 77
65	51 23 9 1
66	23 62 81 41
67	89 16 56 47
68	87 12 71 6
69	23 77 79 61
70	16 17 43 20
71	65 76 28 62
72	54 23 41 30
73	7 80 10 92
74	62 44 12 39
75	17 23 92 16
76	87 70 69 77
77	82 37 89 34
78	69 66 89 39
79	25 49 95 67
80	96 93 70 88
81	86 43 72 36
82	99 90 46 19
83	54 40 25 77
84	58 76 33 22
85	61 9 58 50
86	36 72 85 44
87	77 21 18 32
88	86 3 35 33
89	63 37 38 8
90	26 19 13 18
91	47 23 88 38
92	26 58 36 21
93	42 44 97 38
94	5 64 63 15
95	29 54 14 41
96	10 24 25 58
97	80 25 85 27
98	23 72 100 87
99	78 94 40 95
100	79 90 12 92
