Course	Room	Teacher	Time	Students
1	19	37	1	42 76 79 
2	15	23	4	1 22 27 53 90 
3	20	9	4	34 35 66 67 
4	5	48	4	23 51 52 61 70 79 82 
5	1	38	1	25 62 
6	5	32	1	9 52 56 89 91 93 94 
7	20	27	5	36 48 
8	16	21	4	3 5 16 58 87 89 
9	20	6	1	12 37 49 
10	17	34	1	
11	15	13	3	14 22 25 60 67 
12	12	8	3	12 13 62 63 
13	11	45	3	2 21 46 61 68 75 90 
14	9	6	2	6 7 23 
15	16	2	1	73 87 88 95 
16	13	38	3	4 
17	20	3	3	47 52 
18	6	1	3	9 30 82 
19	2	10	4	10 20 30 
20	5	29	6	17 27 28 37 46 65 82 
21	3	1	4	24 93 100 
22	17	4	1	47 
23	4	17	3	6 26 34 49 72 97 
24	5	20	3	1 36 40 42 69 79 
25	17	13	1	30 
26	3	44	2	36 47 64 67 
27	12	15	2	9 12 26 49 54 96 
28	12	15	1	17 24 29 43 54 90 
29	15	50	2	42 43 74 77 
30	14	36	2	5 39 
31	20	41	2	20 55 71 83 
32	6	27	1	10 14 45 99 
33	17	9	1	11 96 
34	5	32	2	45 50 59 63 70 79 91 99 
35	9	39	1	8 16 27 72 
36	11	17	4	19 32 33 40 54 91 
37	2	42	3	10 32 
38	4	50	4	11 29 37 48 98 
39	12	16	7	5 26 27 45 73 75 
40	9	24	3	7 85 
41	4	22	1	19 32 38 57 65 81 92 
42	15	20	6	31 74 88 97 
43	2	7	1	66 
44	14	37	3	20 57 
45	9	11	4	9 69 
46	5	48	5	5 43 53 71 74 89 95 98 
47	11	24	6	56 57 66 68 98 
48	12	41	5	1 13 16 17 65 76 84 
49	2	28	2	11 38 84 89 
50	16	2	2	24 35 80 94 95 
51	11	12	2	3 15 56 58 76 
52	3	11	5	7 
53	11	12	1	35 39 58 
54	15	30	5	4 91 
55	7	23	1	33 63 84 
56	14	25	4	84 
57	13	35	2	25 40 
58	4	16	2	19 65 92 
59	6	14	5	2 12 19 
60	13	44	1	22 78 83 
61	11	31	8	18 29 73 78 81 
62	11	22	5	33 55 75 83 
63	19	46	4	46 59 85 92 
64	19	36	7	18 64 98 
65	8	35	4	2 38 50 76 
66	9	47	5	45 69 
67	8	14	1	7 21 31 40 51 82 
68	4	19	5	14 52 77 90 
69	8	33	2	4 17 22 29 30 32 
70	5	4	8	23 26 38 46 100 
71	12	40	6	15 41 51 80 
72	19	7	2	8 13 34 61 62 68 
73	8	19	3	15 50 99 
74	4	21	6	6 35 44 
75	4	42	7	44 71 72 
76	17	46	1	28 
77	12	8	8	59 60 80 
78	16	5	7	1 41 57 70 80 
79	6	39	4	25 28 44 81 95 
80	18	5	1	15 59 77 
81	15	47	1	61 64 70 71 86 
82	3	43	3	51 64 77 
83	16	25	3	3 16 41 53 56 78 86 93 
84	8	34	5	62 78 85 94 
85	3	3	1	60 100 
86	5	45	7	33 34 37 48 85 92 
87	14	28	1	23 36 41 44 55 
88	16	40	5	3 6 28 60 87 88 96 100 
89	19	30	3	24 43 48 88 
90	16	26	8	20 39 68 94 97 
91	19	10	5	11 18 67 99 
92	12	33	4	49 83 97 
93	16	43	6	4 10 18 42 47 58 63 69 96 
94	6	31	2	53 86 
95	8	18	6	21 54 55 72 81 86 87 
96	13	29	4	8 75 
97	10	18	1	2 74 
98	11	49	7	8 14 31 39 66 
99	19	49	6	13 93 
100	13	26	5	31 50 
