Course	Room	Teacher	Time	Students
1	7	17	2	50 78 
2	15	8	4	10 39 46 84 93 
3	16	42	1	1 4 17 22 40 65 
4	6	26	1	8 18 24 31 92 
5	15	28	2	37 41 60 
6	15	46	1	6 44 93 
7	4	26	4	19 25 37 60 68 82 100 
8	9	41	2	19 22 51 
9	5	13	3	57 70 
10	18	45	4	12 48 69 
11	16	7	7	1 15 46 59 79 
12	3	43	3	1 16 39 42 52 69 88 91 
13	17	42	3	24 74 
14	20	12	3	14 41 47 
15	5	41	4	2 5 28 71 
16	15	1	7	27 66 70 91 
17	9	38	6	8 12 17 81 94 99 
18	14	25	5	8 51 69 
19	12	5	4	33 45 87 
20	14	5	2	36 38 43 61 
21	3	27	4	30 42 43 52 89 
22	4	14	6	9 28 30 38 63 92 
23	6	46	4	26 78 86 
24	17	19	5	3 11 58 70 
25	4	38	5	5 30 35 52 95 
26	14	30	1	34 47 73 85 
27	17	11	2	6 14 18 39 59 70 76 94 
28	4	32	1	27 43 57 58 61 
29	2	11	5	15 16 20 50 54 85 
30	15	28	5	39 55 80 
31	3	23	6	14 15 25 35 56 
32	8	45	2	79 
33	7	14	3	36 83 
34	16	43	6	7 10 49 62 97 
35	16	4	3	12 43 53 
36	11	33	2	44 63 64 81 
37	9	18	4	40 58 98 
38	7	27	1	11 37 
39	14	19	6	41 51 64 
40	6	24	2	24 31 96 99 
41	19	29	2	74 83 95 97 
42	9	48	1	45 50 52 89 91 
43	13	44	2	65 
44	3	13	5	29 32 49 53 71 86 90 
45	1	36	2	34 66 
46	2	15	7	3 23 24 32 55 72 77 
47	14	2	3	13 17 32 
48	20	35	2	9 21 77 84 90 
49	2	30	4	22 32 36 51 66 
50	6	10	3	27 33 40 67 81 
51	4	32	2	27 
52	18	12	6	71 89 
53	8	31	1	56 76 87 
54	4	44	3	22 31 48 68 92 100 
55	18	33	3	5 18 45 
56	18	39	5	2 48 63 
57	5	4	5	13 76 
58	16	48	2	1 4 13 28 35 54 56 58 
59	11	36	1	42 62 83 
60	10	2	1	7 68 
61	12	35	1	46 66 
62	13	18	1	38 69 
63	3	47	7	35 61 64 75 99 100 
64	5	20	1	10 26 77 98 
65	18	47	1	15 20 74 90 
66	1	22	2	
67	2	9	2	33 57 82 89 
68	4	16	7	6 11 30 38 47 97 
69	17	16	6	29 60 95 
70	17	22	1	14 29 48 55 59 96 
71	3	49	8	4 25 59 62 92 
72	14	25	4	18 21 34 97 
73	2	9	1	79 82 
74	18	10	2	2 12 53 55 72 87 
75	3	50	1	9 41 88 
76	4	20	8	3 37 61 65 84 96 
77	15	24	3	3 21 26 44 49 54 76 95 98 
78	1	21	2	23 26 29 
79	20	3	1	71 86 
80	17	34	4	57 67 
81	9	21	3	28 60 64 78 85 
82	2	1	6	20 33 50 68 72 84 90 96 
83	10	17	3	34 72 
84	6	6	5	7 21 25 31 83 91 94 
85	16	31	5	19 65 67 81 
86	6	23	7	54 82 
87	6	34	6	2 86 93 
88	20	39	4	13 16 79 
89	9	29	7	20 45 73 
90	2	49	3	6 23 56 77 93 
91	3	50	2	5 88 
92	10	37	2	8 10 67 
93	15	15	6	16 46 74 75 
94	20	8	5	36 47 
95	12	3	2	17 49 73 80 
96	5	40	2	40 75 100 
97	2	37	8	7 11 19 63 78 88 94 98 
98	12	40	3	80 87 
99	9	7	5	4 42 
100	16	6	4	9 23 44 53 62 73 75 80 85 99 
