Course	Room	Teacher	Time	Students
1	17	14	8	15 53 54 70 96 
2	17	50	1	2 53 75 79 98 
3	12	30	1	32 
4	6	26	2	45 80 98 
5	9	4	2	28 33 39 88 91 
6	18	12	1	14 51 
7	20	45	1	1 29 59 70 78 82 
8	12	3	2	46 59 
9	11	16	1	
10	14	41	1	90 
11	4	43	1	9 16 26 36 37 41 42 88 96 
12	15	49	5	4 14 81 84 
13	4	14	5	9 30 39 67 82 87 
14	3	6	2	13 49 
15	10	22	5	5 12 24 34 50 95 
16	13	35	1	19 20 21 
17	15	2	1	34 48 49 66 68 
18	8	1	4	7 73 
19	1	19	3	25 89 95 100 
20	9	1	3	23 30 61 78 
21	6	22	1	27 45 80 94 
22	4	50	2	26 31 41 44 96 
23	14	28	4	22 42 72 89 
24	19	11	4	24 39 75 
25	17	28	3	8 20 39 50 59 69 80 82 92 93 
26	3	41	3	76 
27	17	29	2	2 19 24 57 60 61 79 99 
28	19	44	1	3 4 72 85 
29	3	24	4	92 
30	12	15	5	23 27 47 
31	4	33	6	16 23 30 38 44 83 
32	6	8	7	18 19 36 65 98 
33	12	45	4	23 46 
34	15	11	3	17 28 52 55 79 97 
35	8	27	2	9 
36	5	32	1	38 73 
37	20	35	4	54 79 
38	5	25	2	48 
39	17	21	5	3 11 29 41 46 85 
40	20	34	3	6 12 44 70 83 
41	15	48	6	36 72 74 95 99 
42	15	15	2	4 15 18 25 77 
43	8	42	1	50 61 
44	1	48	2	38 90 92 
45	4	4	3	11 14 51 77 
46	19	31	6	41 49 62 64 93 
47	9	29	7	6 43 45 69 
48	1	31	1	22 47 65 83 87 99 
49	6	47	8	9 10 12 
50	2	18	1	7 15 56 92 100 
51	18	19	7	40 60 64 82 97 
52	6	32	4	16 34 93 
53	14	12	2	58 78 
54	6	44	5	25 36 52 77 
55	17	39	7	3 13 26 83 89 
56	13	30	3	40 
57	14	36	5	22 43 55 
58	1	6	4	8 48 60 81 
59	18	25	3	19 32 38 57 86 87 94 
60	9	5	5	2 10 31 58 63 64 90 91 
61	10	49	4	32 35 64 74 
62	8	17	3	27 71 
63	17	24	6	17 50 85 88 97 
64	15	42	4	45 49 53 57 
65	10	26	3	2 22 33 
66	18	46	2	7 16 21 34 35 42 
67	4	20	7	12 14 15 35 42 44 67 73 
68	2	37	3	21 29 58 62 72 
69	20	46	5	6 51 57 98 
70	2	47	4	28 31 61 
71	4	36	8	4 8 65 67 68 74 88 100 
72	10	27	1	8 55 62 74 84 
73	9	40	6	7 24 37 46 94 
74	12	20	3	1 48 
75	2	43	5	20 35 
76	11	7	2	17 40 66 
77	9	16	4	51 52 58 63 87 
78	18	34	4	1 18 21 26 33 76 86 
79	9	33	1	28 91 
80	6	23	6	3 10 13 18 32 43 53 66 71 
81	2	7	6	6 86 100 
82	17	39	4	17 27 65 70 80 
83	4	40	4	29 30 43 59 67 71 77 90 96 
84	9	3	8	85 89 
85	20	37	6	11 25 75 84 
86	6	5	3	60 66 68 84 
87	20	2	2	52 97 
88	16	38	1	
89	19	13	2	37 69 71 94 
90	2	23	2	20 47 56 63 75 
91	3	13	1	5 31 76 
92	10	8	2	1 5 81 86 
93	14	10	3	13 37 
94	13	38	2	10 11 55 76 95 
95	18	10	6	5 47 63 68 
96	13	18	4	40 
97	10	21	6	56 73 
98	18	17	5	33 54 62 69 
99	19	9	3	54 56 81 
100	19	9	5	78 93 
