Course	Room	Teacher	Time	Students
1	14	7	5	56 85 
2	16	26	5	20 39 77 87 
3	7	14	1	5 16 17 33 71 76 
4	15	30	7	22 54 55 61 98 99 
5	9	37	4	2 43 55 
6	17	19	4	64 100 
7	20	46	1	27 64 85 
8	6	42	1	25 26 30 35 43 62 
9	16	48	3	20 63 
10	6	31	4	34 35 57 67 88 
11	18	21	2	13 65 
12	9	12	3	5 37 38 95 99 
13	10	47	3	22 31 52 59 66 
14	13	32	4	17 29 84 
15	3	45	1	2 83 97 
16	19	13	1	
17	1	18	1	38 96 
18	6	42	2	15 26 62 73 74 
19	14	9	1	45 65 82 89 91 
20	11	4	1	70 
21	18	5	3	13 18 26 
22	15	38	6	24 39 47 60 61 89 90 
23	15	24	2	1 14 35 36 67 72 78 
24	1	2	3	14 82 
25	15	43	5	11 21 24 30 32 34 73 91 96 
26	17	29	1	1 15 20 59 
27	10	49	6	13 42 62 78 83 88 
28	6	45	6	11 12 27 51 55 57 
29	8	47	1	37 41 86 
30	2	38	3	1 12 43 
31	18	4	4	48 82 
32	19	39	1	42 
33	12	27	3	39 62 
34	20	28	6	18 58 63 84 
35	17	19	5	10 14 
36	2	43	1	52 61 72 
37	15	50	1	7 14 87 92 93 
38	13	1	1	4 13 32 40 68 69 
39	16	6	1	21 34 63 77 94 
40	7	14	2	4 16 25 68 75 
41	15	41	8	27 46 72 92 
42	7	24	3	24 35 81 
43	20	35	2	7 44 66 77 80 96 
44	10	7	4	3 8 16 19 22 78 97 
45	18	40	1	99 
46	19	10	1	12 44 
47	5	36	4	44 49 99 
48	20	36	3	7 53 69 92 
49	14	2	7	47 68 
50	17	29	2	48 91 98 
51	7	44	4	25 30 32 36 68 80 
52	5	39	2	56 86 87 
53	10	1	2	40 45 84 
54	14	6	2	24 28 30 
55	12	26	1	23 36 48 49 
56	10	10	7	3 79 83 
57	20	15	7	18 19 81 93 
58	10	18	5	6 23 43 50 69 70 71 74 
59	6	13	8	3 53 65 90 98 
60	19	12	1	19 
61	16	46	6	23 28 86 
62	12	30	2	17 32 38 46 53 85 
63	14	37	6	34 41 45 
64	13	33	5	7 15 47 67 93 
65	5	44	3	17 45 60 70 98 
66	16	34	2	22 60 64 69 97 
67	6	17	7	9 49 80 95 
68	20	11	4	10 23 74 81 
69	7	15	8	4 20 33 51 56 
70	12	9	5	2 75 
71	14	28	3	9 25 28 42 46 75 
72	13	5	7	27 31 41 100 
73	6	21	5	9 12 29 33 48 49 59 72 79 84 89 
74	2	3	2	61 82 83 
75	5	49	5	8 66 94 
76	2	3	4	37 
77	9	34	5	18 37 80 
78	15	17	4	4 6 31 33 39 59 92 
79	7	31	5	31 52 53 76 78 
80	16	22	4	5 50 89 96 
81	4	33	1	8 58 73 
82	13	32	3	3 19 36 40 51 64 85 
83	6	35	3	44 76 97 
84	13	50	2	55 63 93 94 
85	3	11	3	50 73 
86	3	23	2	52 79 
87	13	48	6	5 6 15 100 
88	7	22	6	21 29 65 71 91 94 95 
89	15	25	3	2 6 11 57 58 71 77 
90	5	16	1	9 10 75 
91	12	16	4	11 60 76 86 
92	3	23	4	40 70 
93	10	25	1	54 56 57 66 67 
94	7	40	7	8 10 16 29 51 
95	16	27	7	1 50 58 
96	9	8	2	21 88 90 100 
97	20	20	5	28 42 54 
98	17	8	3	41 54 
99	9	41	1	74 81 88 90 95 
100	14	20	4	26 38 46 47 79 87 
