Course	Room	Teacher	Time	Students
1	8	40	2	60 65 
2	9	32	1	
3	4	13	1	88 
4	14	18	3	19 39 44 61 
5	18	42	4	30 55 56 94 
6	1	30	6	51 52 58 68 
7	5	17	2	30 33 38 56 73 
8	1	27	3	2 4 13 16 57 89 
9	5	21	5	9 41 65 85 
10	18	1	1	31 55 73 96 
11	14	26	1	8 13 40 59 
12	13	23	5	27 40 45 50 68 74 100 
13	12	29	4	46 90 
14	2	32	2	50 57 95 
15	10	18	5	6 52 94 
16	1	33	1	2 6 10 16 27 67 70 75 
17	5	48	3	21 35 70 75 
18	19	45	1	34 48 64 87 90 
19	8	22	5	82 90 
20	1	35	2	2 27 70 
21	10	6	6	28 87 92 
22	10	17	1	17 28 41 47 53 57 84 
23	18	8	6	14 65 66 69 72 75 91 98 
24	11	15	3	96 
25	4	22	2	39 49 79 83 96 97 
26	2	8	3	18 90 92 
27	6	4	1	54 97 
28	10	4	2	10 25 46 63 71 
29	12	10	5	25 35 95 
30	13	21	7	22 40 42 72 
31	13	44	4	1 19 
32	19	36	2	7 35 48 87 
33	12	6	2	18 84 88 
34	11	30	1	32 39 46 77 
35	7	31	3	33 63 88 
36	13	31	2	5 12 53 81 86 92 
37	1	15	5	48 51 53 62 77 89 
38	16	20	7	26 59 89 91 93 
39	2	43	1	38 74 78 
40	18	14	3	7 9 15 43 55 83 99 
41	13	5	1	51 66 72 95 
42	7	23	1	5 63 93 
43	14	24	5	5 8 32 61 70 81 
44	1	45	4	5 9 26 32 60 74 86 93 
45	13	50	6	18 34 37 
46	16	43	3	11 23 36 58 82 
47	16	14	4	8 20 27 47 52 64 67 91 
48	9	46	1	
49	20	27	1	79 
50	12	42	3	17 29 31 59 85 
51	12	49	1	21 65 
52	4	12	3	41 
53	5	20	6	16 31 33 
54	5	41	4	33 43 45 72 83 95 
55	16	7	1	19 26 30 36 62 
56	18	35	5	16 21 36 67 
57	7	46	5	14 57 
58	8	5	4	23 42 84 85 92 96 
59	4	48	5	17 34 54 
60	11	33	2	61 
61	19	41	7	13 69 85 
62	7	50	7	66 71 74 
63	16	47	6	23 48 54 61 89 94 
64	14	39	2	13 15 37 40 59 94 
65	15	12	1	12 44 71 
66	10	26	7	1 4 78 
67	19	2	3	3 28 47 79 
68	15	13	3	50 
69	17	44	3	37 49 76 78 
70	8	9	1	56 76 80 
71	1	3	7	24 25 43 53 68 
72	18	9	7	7 29 81 86 98 
73	14	28	8	3 38 39 64 
74	19	11	6	29 35 42 
75	7	11	2	4 6 45 
76	10	24	3	22 46 54 71 84 
77	16	16	5	55 64 69 76 83 87 
78	20	25	2	99 
79	7	40	4	44 69 100 
80	19	34	5	1 18 22 43 60 73 97 
81	16	7	2	19 22 44 58 66 
82	6	37	2	77 
83	9	38	1	20 24 
84	3	25	1	25 
85	13	28	3	6 20 45 86 97 
86	10	3	4	11 37 81 88 
87	14	38	4	2 14 17 62 63 68 76 98 
88	17	34	2	24 80 91 
89	16	10	8	8 11 14 29 67 77 78 
90	18	1	2	11 31 34 36 41 47 82 100 
91	14	36	6	3 4 10 12 30 62 
92	5	37	7	73 75 100 
93	14	16	7	3 10 15 50 52 56 80 
94	5	39	1	7 9 42 60 99 
95	18	19	8	15 21 23 26 79 99 
96	8	49	3	1 12 32 38 80 
97	15	2	2	51 93 
98	3	29	2	20 
99	19	19	4	24 28 58 82 
100	17	47	1	49 98 
