Class Times	8
Rooms	100
1	351
2	353
3	714
4	799
5	22
6	349
7	601
8	326
9	86
10	840
11	28
12	468
13	337
14	987
15	480
16	969
17	114
18	583
19	378
20	306
21	778
22	235
23	569
24	51
25	281
26	275
27	438
28	209
29	298
30	529
31	187
32	689
33	33
34	921
35	544
36	584
37	541
38	178
39	378
40	487
41	810
42	202
43	58
44	162
45	268
46	95
47	366
48	446
49	133
50	327
51	870
52	414
53	348
54	916
55	559
56	231
57	230
58	623
59	10
60	670
61	709
62	140
63	678
64	664
65	616
66	285
67	482
68	437
69	495
70	179
71	254
72	432
73	903
74	135
75	499
76	886
77	744
78	598
79	837
80	691
81	331
82	437
83	399
84	249
85	953
86	116
87	496
88	413
89	571
90	288
91	860
92	914
93	451
94	887
95	259
96	944
97	154
98	56
99	920
100	324
Classes	800
Teachers	400
1	174
2	400
3	400
4	234
5	258
6	196
7	125
8	201
9	62
10	353
11	242
12	251
13	218
14	222
15	129
16	270
17	16
18	309
19	52
20	274
21	130
22	227
23	207
24	67
25	130
26	295
27	295
28	384
29	266
30	217
31	238
32	111
33	326
34	151
35	47
36	133
37	147
38	232
39	110
40	394
41	343
42	262
43	208
44	88
45	260
46	354
47	85
48	213
49	247
50	109
51	318
52	160
53	369
54	294
55	368
56	169
57	386
58	372
59	233
60	28
61	52
62	361
63	54
64	176
65	32
66	169
67	142
68	305
69	387
70	135
71	107
72	1
73	386
74	343
75	17
76	373
77	13
78	279
79	182
80	78
81	254
82	239
83	364
84	119
85	40
86	54
87	64
88	250
89	246
90	155
91	257
92	172
93	59
94	51
95	185
96	134
97	346
98	364
99	348
100	126
101	323
102	219
103	3
104	331
105	242
106	377
107	51
108	57
109	1
110	4
111	289
112	254
113	320
114	161
115	298
116	180
117	236
118	332
119	207
120	366
121	147
122	172
123	34
124	368
125	194
126	187
127	308
128	396
129	203
130	296
131	214
132	212
133	277
134	140
135	281
136	290
137	296
138	388
139	209
140	327
141	262
142	12
143	104
144	35
145	185
146	228
147	43
148	215
149	232
150	257
151	49
152	385
153	138
154	307
155	398
156	315
157	197
158	77
159	86
160	329
161	268
162	367
163	104
164	349
165	26
166	20
167	66
168	135
169	148
170	110
171	350
172	238
173	128
174	231
175	36
176	60
177	68
178	394
179	36
180	133
181	2
182	117
183	362
184	170
185	378
186	108
187	23
188	40
189	354
190	351
191	272
192	129
193	8
194	265
195	247
196	165
197	188
198	275
199	398
200	332
201	100
202	376
203	48
204	121
205	62
206	191
207	50
208	303
209	357
210	274
211	360
212	370
213	77
214	21
215	224
216	312
217	30
218	268
219	148
220	84
221	388
222	235
223	213
224	189
225	197
226	399
227	270
228	385
229	372
230	283
231	286
232	136
233	159
234	390
235	370
236	30
237	264
238	383
239	46
240	158
241	220
242	12
243	70
244	2
245	121
246	112
247	258
248	218
249	284
250	191
251	245
252	344
253	249
254	159
255	305
256	163
257	325
258	326
259	27
260	4
261	340
262	131
263	166
264	239
265	8
266	108
267	7
268	227
269	320
270	233
271	195
272	338
273	141
274	269
275	152
276	365
277	112
278	379
279	92
280	116
281	80
282	103
283	317
284	153
285	250
286	335
287	284
288	56
289	342
290	31
291	131
292	345
293	279
294	287
295	373
296	267
297	278
298	334
299	160
300	20
301	283
302	311
303	314
304	342
305	244
306	297
307	301
308	43
309	241
310	27
311	194
312	399
313	325
314	193
315	109
316	318
317	155
318	201
319	357
320	176
321	259
322	151
323	261
324	226
325	146
326	383
327	369
328	94
329	215
330	120
331	260
332	57
333	289
334	15
335	15
336	152
337	22
338	222
339	302
340	150
341	302
342	48
343	45
344	362
345	81
346	175
347	204
348	340
349	154
350	285
351	229
352	103
353	216
354	195
355	89
356	345
357	37
358	38
359	301
360	78
361	304
362	319
363	23
364	271
365	291
366	97
367	42
368	365
369	69
370	371
371	261
372	88
373	231
374	380
375	96
376	251
377	162
378	193
379	278
380	287
381	378
382	11
383	264
384	272
385	38
386	329
387	65
388	338
389	196
390	259
391	205
392	41
393	256
394	106
395	165
396	382
397	348
398	187
399	327
400	167
401	339
402	29
403	223
404	76
405	106
406	134
407	253
408	42
409	328
410	263
411	300
412	209
413	81
414	309
415	188
416	382
417	75
418	170
419	89
420	230
421	228
422	366
423	144
424	217
425	334
426	162
427	303
428	313
429	29
430	361
431	58
432	10
433	66
434	64
435	189
436	17
437	333
438	73
439	105
440	315
441	111
442	286
443	236
444	128
445	360
446	26
447	47
448	350
449	397
450	161
451	141
452	118
453	290
454	307
455	298
456	281
457	6
458	158
459	379
460	13
461	177
462	353
463	393
464	323
465	292
466	389
467	337
468	282
469	95
470	267
471	351
472	276
473	230
474	202
475	56
476	292
477	21
478	143
479	181
480	241
481	35
482	86
483	300
484	118
485	150
486	25
487	208
488	72
489	92
490	61
491	393
492	377
493	336
494	221
495	211
496	367
497	138
498	253
499	308
500	396
501	115
502	363
503	59
504	74
505	3
506	173
507	297
508	374
509	55
510	330
511	363
512	346
513	116
514	204
515	22
516	275
517	75
518	219
519	146
520	139
521	114
522	68
523	277
524	93
525	73
526	126
527	293
528	265
529	90
530	154
531	70
532	34
533	39
534	7
535	168
536	156
537	50
538	137
539	94
540	282
541	174
542	180
543	316
544	24
545	76
546	359
547	280
548	96
549	83
550	74
551	243
552	18
553	202
554	49
555	192
556	337
557	123
558	9
559	124
560	119
561	216
562	85
563	246
564	117
565	167
566	143
567	98
568	55
569	344
570	53
571	163
572	53
573	97
574	132
575	80
576	199
577	149
578	67
579	63
580	221
581	244
582	127
583	256
584	178
585	384
586	45
587	206
588	223
589	100
590	11
591	114
592	299
593	31
594	105
595	252
596	198
597	190
598	198
599	184
600	376
601	95
602	153
603	6
604	294
605	330
606	5
607	168
608	341
609	192
610	120
611	316
612	380
613	99
614	44
615	113
616	234
617	310
618	240
619	263
620	125
621	392
622	199
623	93
624	91
625	98
626	293
627	184
628	335
629	248
630	266
631	164
632	288
633	352
634	127
635	10
636	358
637	14
638	190
639	339
640	101
641	249
642	200
643	311
644	179
645	212
646	352
647	321
648	132
649	16
650	392
651	124
652	46
653	157
654	349
655	273
656	44
657	178
658	82
659	71
660	374
661	186
662	144
663	226
664	358
665	71
666	58
667	328
668	181
669	136
670	220
671	137
672	299
673	210
674	243
675	271
676	336
677	322
678	333
679	229
680	225
681	139
682	225
683	39
684	142
685	313
686	206
687	41
688	102
689	65
690	276
691	61
692	319
693	122
694	166
695	83
696	390
697	237
698	123
699	87
700	280
701	331
702	63
703	79
704	321
705	87
706	391
707	224
708	24
709	79
710	397
711	395
712	33
713	310
714	164
715	312
716	306
717	347
718	72
719	156
720	395
721	140
722	389
723	381
724	186
725	269
726	9
727	211
728	82
729	182
730	324
731	356
732	375
733	371
734	18
735	240
736	60
737	84
738	157
739	69
740	387
741	341
742	171
743	304
744	28
745	237
746	115
747	203
748	306
749	210
750	33
751	25
752	248
753	175
754	113
755	356
756	255
757	122
758	375
759	171
760	391
761	102
762	359
763	101
764	183
765	179
766	91
767	90
768	145
769	245
770	177
771	107
772	355
773	355
774	322
775	173
776	347
777	14
778	149
779	205
780	317
781	235
782	288
783	5
784	252
785	145
786	32
787	285
788	255
789	214
790	200
791	381
792	183
793	19
794	19
795	291
796	37
797	99
798	314
799	324
800	273
