Class Times	8
Rooms	100
1	199
2	266
3	966
4	196
5	141
6	798
7	95
8	62
9	364
10	174
11	644
12	667
13	595
14	992
15	790
16	987
17	538
18	522
19	752
20	441
21	833
22	659
23	121
24	301
25	320
26	301
27	152
28	409
29	382
30	431
31	507
32	348
33	543
34	530
35	218
36	650
37	451
38	850
39	56
40	286
41	565
42	738
43	984
44	525
45	548
46	180
47	53
48	217
49	853
50	751
51	219
52	179
53	459
54	177
55	935
56	354
57	62
58	808
59	160
60	416
61	875
62	753
63	76
64	219
65	569
66	731
67	561
68	613
69	44
70	341
71	591
72	732
73	231
74	802
75	567
76	514
77	620
78	997
79	828
80	78
81	418
82	433
83	209
84	627
85	247
86	248
87	645
88	868
89	234
90	158
91	866
92	220
93	566
94	814
95	572
96	519
97	937
98	464
99	349
100	641
Classes	800
Teachers	400
1	321
2	143
3	29
4	46
5	24
6	12
7	379
8	122
9	32
10	360
11	340
12	297
13	311
14	151
15	353
16	93
17	222
18	5
19	368
20	276
21	149
22	271
23	99
24	334
25	294
26	135
27	74
28	162
29	204
30	171
31	368
32	123
33	289
34	213
35	107
36	8
37	6
38	392
39	81
40	262
41	146
42	35
43	265
44	157
45	290
46	165
47	111
48	131
49	215
50	182
51	285
52	338
53	249
54	49
55	155
56	5
57	276
58	317
59	166
60	365
61	103
62	244
63	94
64	88
65	383
66	120
67	353
68	279
69	315
70	115
71	83
72	376
73	342
74	175
75	44
76	247
77	299
78	344
79	377
80	291
81	178
82	242
83	299
84	277
85	247
86	300
87	82
88	145
89	211
90	302
91	335
92	319
93	388
94	112
95	86
96	124
97	20
98	83
99	293
100	269
101	294
102	345
103	139
104	41
105	139
106	178
107	14
108	344
109	232
110	88
111	270
112	350
113	127
114	398
115	379
116	65
117	12
118	292
119	325
120	97
121	373
122	230
123	150
124	258
125	93
126	165
127	174
128	374
129	241
130	399
131	288
132	270
133	242
134	72
135	210
136	295
137	286
138	117
139	95
140	177
141	316
142	398
143	193
144	303
145	74
146	230
147	107
148	118
149	24
150	298
151	158
152	352
153	217
154	65
155	387
156	245
157	94
158	231
159	115
160	42
161	274
162	35
163	41
164	200
165	119
166	170
167	284
168	214
169	137
170	174
171	322
172	158
173	378
174	362
175	233
176	322
177	48
178	307
179	146
180	157
181	63
182	306
183	166
184	223
185	152
186	122
187	341
188	244
189	291
190	258
191	80
192	338
193	132
194	156
195	360
196	232
197	160
198	275
199	167
200	182
201	101
202	116
203	205
204	48
205	273
206	261
207	197
208	44
209	327
210	10
211	175
212	84
213	385
214	394
215	346
216	251
217	250
218	198
219	370
220	196
221	177
222	141
223	103
224	21
225	282
226	92
227	20
228	57
229	130
230	312
231	78
232	209
233	105
234	342
235	194
236	281
237	279
238	215
239	250
240	57
241	283
242	60
243	67
244	233
245	121
246	27
247	365
248	82
249	18
250	136
251	133
252	274
253	131
254	202
255	256
256	301
257	6
258	311
259	363
260	86
261	331
262	320
263	370
264	308
265	16
266	203
267	375
268	45
269	224
270	243
271	120
272	66
273	392
274	145
275	218
276	205
277	378
278	296
279	169
280	218
281	356
282	189
283	155
284	37
285	118
286	60
287	27
288	160
289	226
290	179
291	284
292	302
293	4
294	337
295	91
296	34
297	25
298	275
299	257
300	248
301	400
302	26
303	53
304	286
305	52
306	376
307	400
308	28
309	29
310	317
311	198
312	117
313	265
314	356
315	240
316	79
317	10
318	91
319	312
320	351
321	33
322	45
323	385
324	191
325	246
326	46
327	167
328	108
329	262
330	34
331	187
332	367
333	334
334	391
335	95
336	116
337	308
338	169
339	228
340	287
341	30
342	391
343	395
344	101
345	176
346	106
347	53
348	343
349	397
350	256
351	346
352	141
353	47
354	321
355	375
356	119
357	96
358	219
359	193
360	143
361	59
362	386
363	352
364	151
365	191
366	261
367	76
368	229
369	199
370	243
371	171
372	254
373	100
374	106
375	318
376	114
377	296
378	295
379	249
380	31
381	328
382	31
383	136
384	156
385	359
386	142
387	245
388	138
389	159
390	78
391	367
392	331
393	14
394	192
395	8
396	389
397	372
398	214
399	111
400	76
401	114
402	55
403	127
404	252
405	134
406	30
407	282
408	2
409	25
410	216
411	335
412	109
413	149
414	196
415	301
416	347
417	210
418	369
419	382
420	289
421	68
422	135
423	281
424	237
425	22
426	190
427	300
428	163
429	339
430	43
431	109
432	371
433	59
434	61
435	251
436	340
437	359
438	133
439	105
440	68
441	362
442	259
443	336
444	229
445	305
446	396
447	332
448	40
449	43
450	315
451	336
452	374
453	125
454	36
455	234
456	62
457	325
458	207
459	137
460	195
461	240
462	221
463	1
464	287
465	264
466	228
467	345
468	207
469	72
470	358
471	152
472	98
473	304
474	97
475	333
476	397
477	329
478	238
479	203
480	381
481	316
482	187
483	377
484	277
485	125
486	4
487	201
488	71
489	236
490	159
491	147
492	40
493	260
494	235
495	23
496	237
497	161
498	66
499	227
500	329
501	90
502	225
503	161
504	239
505	343
506	373
507	208
508	236
509	259
510	185
511	366
512	32
513	372
514	70
515	185
516	273
517	241
518	176
519	309
520	113
521	248
522	332
523	1
524	310
525	58
526	150
527	75
528	355
529	271
530	67
531	333
532	51
533	253
534	380
535	219
536	234
537	99
538	98
539	140
540	16
541	140
542	184
543	326
544	138
545	310
546	382
547	87
548	393
549	380
550	180
551	323
552	21
553	200
554	330
555	144
556	254
557	304
558	330
559	319
560	341
561	202
562	208
563	269
564	183
565	324
566	197
567	278
568	348
569	73
570	395
571	33
572	195
573	22
574	264
575	263
576	3
577	36
578	110
579	84
580	285
581	90
582	19
583	293
584	223
585	89
586	283
587	394
588	28
589	216
590	50
591	386
592	328
593	18
594	163
595	204
596	104
597	110
598	148
599	100
600	306
601	50
602	387
603	347
604	357
605	181
606	225
607	266
608	399
609	209
610	369
611	231
612	69
613	80
614	324
615	102
616	189
617	71
618	19
619	199
620	92
621	222
622	39
623	104
624	194
625	220
626	263
627	2
628	323
629	52
630	112
631	192
632	126
633	81
634	42
635	383
636	371
637	355
638	303
639	226
640	70
641	113
642	278
643	64
644	15
645	37
646	188
647	79
648	7
649	75
650	17
651	180
652	144
653	354
654	154
655	162
656	173
657	314
658	130
659	396
660	255
661	179
662	126
663	69
664	339
665	349
666	238
667	186
668	266
669	170
670	89
671	389
672	124
673	26
674	272
675	357
676	153
677	327
678	320
679	11
680	318
681	51
682	154
683	220
684	366
685	147
686	58
687	252
688	102
689	164
690	132
691	39
692	314
693	153
694	13
695	11
696	96
697	305
698	253
699	148
700	384
701	188
702	134
703	326
704	55
705	56
706	393
707	201
708	184
709	54
710	121
711	181
712	337
713	388
714	123
715	23
716	13
717	354
718	349
719	297
720	190
721	227
722	257
723	85
724	313
725	61
726	307
727	212
728	62
729	168
730	172
731	3
732	351
733	381
734	85
735	173
736	56
737	212
738	186
739	255
740	183
741	313
742	246
743	298
744	73
745	390
746	350
747	142
748	168
749	239
750	217
751	384
752	235
753	9
754	17
755	54
756	49
757	260
758	172
759	280
760	224
761	272
762	348
763	164
764	211
765	128
766	9
767	280
768	128
769	221
770	390
771	64
772	292
773	213
774	47
775	267
776	87
777	364
778	77
779	309
780	358
781	129
782	7
783	63
784	15
785	361
786	77
787	108
788	267
789	129
790	364
791	361
792	206
793	363
794	206
795	268
796	290
797	288
798	38
799	38
800	268
