Class Times	8
Rooms	100
1	420
2	646
3	247
4	631
5	561
6	759
7	22
8	33
9	215
10	728
11	937
12	879
13	880
14	830
15	854
16	66
17	530
18	725
19	809
20	508
21	728
22	316
23	63
24	909
25	99
26	998
27	391
28	269
29	245
30	675
31	106
32	745
33	760
34	434
35	407
36	650
37	921
38	492
39	394
40	764
41	778
42	999
43	83
44	572
45	105
46	746
47	881
48	344
49	142
50	505
51	107
52	214
53	518
54	951
55	812
56	880
57	114
58	313
59	147
60	968
61	363
62	771
63	22
64	490
65	91
66	922
67	232
68	229
69	973
70	158
71	135
72	272
73	248
74	33
75	830
76	689
77	670
78	28
79	34
80	134
81	401
82	25
83	316
84	187
85	798
86	317
87	968
88	716
89	658
90	688
91	64
92	670
93	252
94	812
95	315
96	169
97	141
98	430
99	944
100	470
Classes	800
Teachers	400
1	25
2	236
3	19
4	102
5	1
6	243
7	262
8	303
9	266
10	398
11	76
12	263
13	268
14	60
15	389
16	204
17	241
18	43
19	257
20	343
21	273
22	386
23	181
24	131
25	90
26	109
27	129
28	232
29	112
30	19
31	301
32	278
33	17
34	335
35	125
36	208
37	53
38	51
39	180
40	226
41	307
42	189
43	22
44	136
45	387
46	183
47	168
48	143
49	69
50	231
51	54
52	52
53	67
54	286
55	325
56	26
57	260
58	244
59	178
60	341
61	150
62	174
63	160
64	181
65	385
66	279
67	357
68	291
69	337
70	286
71	12
72	244
73	212
74	84
75	279
76	180
77	226
78	120
79	192
80	351
81	9
82	396
83	25
84	355
85	362
86	17
87	327
88	357
89	296
90	173
91	310
92	33
93	355
94	254
95	206
96	369
97	224
98	147
99	351
100	184
101	133
102	388
103	197
104	313
105	1
106	278
107	334
108	79
109	259
110	272
111	222
112	374
113	100
114	363
115	393
116	273
117	322
118	240
119	84
120	106
121	10
122	257
123	21
124	254
125	247
126	111
127	33
128	95
129	227
130	27
131	276
132	237
133	259
134	253
135	10
136	392
137	98
138	308
139	241
140	159
141	149
142	86
143	365
144	99
145	122
146	58
147	316
148	35
149	383
150	258
151	203
152	11
153	292
154	77
155	68
156	39
157	63
158	9
159	156
160	15
161	56
162	126
163	167
164	266
165	108
166	315
167	382
168	319
169	119
170	113
171	155
172	321
173	216
174	362
175	52
176	322
177	340
178	260
179	37
180	56
181	14
182	156
183	361
184	378
185	36
186	293
187	258
188	251
189	325
190	98
191	340
192	223
193	122
194	130
195	391
196	193
197	297
198	308
199	195
200	367
201	172
202	338
203	136
204	14
205	375
206	31
207	193
208	250
209	158
210	138
211	105
212	388
213	62
214	400
215	169
216	345
217	139
218	204
219	233
220	394
221	245
222	134
223	201
224	312
225	301
226	46
227	358
228	189
229	324
230	396
231	213
232	79
233	15
234	309
235	289
236	215
237	68
238	176
239	318
240	271
241	354
242	360
243	3
244	313
245	78
246	16
247	329
248	323
249	109
250	213
251	115
252	268
253	153
254	231
255	245
256	160
257	74
258	235
259	375
260	132
261	133
262	110
263	168
264	255
265	167
266	130
267	263
268	88
269	173
270	184
271	233
272	142
273	35
274	349
275	169
276	111
277	315
278	350
279	262
280	218
281	114
282	146
283	370
284	251
285	387
286	46
287	277
288	217
289	4
290	232
291	243
292	294
293	393
294	317
295	8
296	354
297	72
298	392
299	275
300	101
301	92
302	389
303	347
304	198
305	256
306	60
307	297
308	143
309	327
310	34
311	205
312	394
313	331
314	287
315	237
316	374
317	383
318	137
319	196
320	54
321	76
322	5
323	157
324	32
325	267
326	277
327	390
328	162
329	296
330	57
331	348
332	324
333	50
334	229
335	4
336	391
337	248
338	265
339	253
340	44
341	342
342	350
343	119
344	51
345	247
346	238
347	41
348	71
349	179
350	36
351	221
352	384
353	174
354	3
355	326
356	175
357	134
358	224
359	152
360	293
361	69
362	49
363	163
364	223
365	141
366	151
367	395
368	49
369	291
370	144
371	81
372	182
373	117
374	149
375	145
376	164
377	208
378	280
379	397
380	72
381	7
382	202
383	321
384	44
385	199
386	363
387	113
388	13
389	328
390	71
391	147
392	5
393	378
394	177
395	214
396	186
397	199
398	269
399	319
400	188
401	32
402	78
403	216
404	339
405	346
406	274
407	182
408	28
409	40
410	230
411	282
412	65
413	221
414	153
415	108
416	240
417	87
418	148
419	317
420	250
421	196
422	372
423	23
424	276
425	299
426	384
427	202
428	287
429	177
430	377
431	185
432	275
433	26
434	41
435	23
436	191
437	154
438	398
439	42
440	212
441	380
442	141
443	166
444	103
445	94
446	183
447	18
448	330
449	242
450	2
451	11
452	38
453	271
454	198
455	176
456	390
457	47
458	20
459	386
460	148
461	64
462	395
463	352
464	261
465	6
466	57
467	300
468	97
469	22
470	248
471	207
472	172
473	112
474	289
475	366
476	318
477	125
478	328
479	24
480	348
481	283
482	249
483	135
484	397
485	334
486	346
487	361
488	77
489	349
490	70
491	292
492	210
493	219
494	146
495	74
496	86
497	300
498	157
499	129
500	302
501	43
502	139
503	336
504	16
505	214
506	338
507	330
508	28
509	63
510	31
511	6
512	195
513	358
514	335
515	99
516	222
517	306
518	194
519	380
520	89
521	144
522	24
523	110
524	236
525	197
526	314
527	367
528	47
529	364
530	92
531	364
532	337
533	280
534	75
535	191
536	283
537	89
538	229
539	135
540	304
541	159
542	207
543	302
544	20
545	7
546	107
547	40
548	218
549	290
550	87
551	138
552	48
553	377
554	333
555	210
556	88
557	45
558	103
559	261
560	298
561	164
562	353
563	194
564	331
565	128
566	203
567	270
568	140
569	369
570	255
571	316
572	91
573	376
574	137
575	58
576	205
577	104
578	309
579	310
580	91
581	256
582	165
583	64
584	220
585	115
586	38
587	90
588	145
589	343
590	151
591	242
592	307
593	326
594	228
595	238
596	333
597	190
598	55
599	12
600	155
601	385
602	131
603	344
604	211
605	306
606	295
607	116
608	264
609	106
610	121
611	188
612	165
613	347
614	305
615	128
616	175
617	274
618	285
619	96
620	359
621	116
622	94
623	399
624	314
625	117
626	382
627	42
628	353
629	359
630	185
631	230
632	209
633	298
634	282
635	206
636	381
637	294
638	217
639	239
640	105
641	269
642	372
643	132
644	123
645	209
646	215
647	342
648	123
649	329
650	332
651	170
652	39
653	187
654	187
655	171
656	265
657	366
658	249
659	305
660	150
661	345
662	190
663	104
664	239
665	299
666	13
667	352
668	124
669	37
670	18
671	171
672	267
673	140
674	120
675	158
676	235
677	100
678	341
679	295
680	161
681	53
682	200
683	304
684	101
685	270
686	220
687	332
688	75
689	55
690	70
691	2
692	399
693	107
694	320
695	320
696	154
697	30
698	201
699	285
700	114
701	124
702	59
703	370
704	303
705	373
706	323
707	95
708	82
709	225
710	252
711	272
712	21
713	83
714	126
715	161
716	62
717	246
718	360
719	311
720	45
721	356
722	96
723	281
724	336
725	311
726	211
727	102
728	178
729	121
730	264
731	163
732	373
733	290
734	281
735	252
736	170
737	48
738	225
739	50
740	312
741	81
742	8
743	29
744	376
745	381
746	284
747	162
748	66
749	371
750	67
751	400
752	118
753	200
754	93
755	80
756	85
757	356
758	29
759	142
760	82
761	66
762	34
763	192
764	284
765	365
766	288
767	127
768	339
769	228
770	118
771	368
772	371
773	127
774	93
775	186
776	246
777	379
778	344
779	61
780	27
781	152
782	234
783	288
784	368
785	73
786	379
787	97
788	83
789	234
790	30
791	166
792	227
793	65
794	80
795	73
796	179
797	61
798	85
799	59
800	219
