Class Times	8
Rooms	100
1	629
2	334
3	83
4	980
5	999
6	23
7	213
8	936
9	401
10	750
11	435
12	851
13	147
14	716
15	311
16	649
17	140
18	183
19	621
20	929
21	258
22	970
23	170
24	887
25	951
26	11
27	547
28	437
29	882
30	528
31	850
32	519
33	488
34	794
35	485
36	828
37	785
38	974
39	752
40	792
41	561
42	571
43	301
44	715
45	803
46	782
47	131
48	698
49	990
50	203
51	383
52	850
53	930
54	62
55	773
56	990
57	576
58	850
59	78
60	317
61	751
62	871
63	308
64	61
65	340
66	251
67	995
68	408
69	599
70	120
71	266
72	389
73	652
74	374
75	94
76	249
77	791
78	821
79	507
80	593
81	532
82	726
83	943
84	690
85	184
86	930
87	296
88	505
89	717
90	675
91	940
92	587
93	37
94	797
95	922
96	124
97	826
98	346
99	609
100	152
Classes	800
Teachers	400
1	49
2	124
3	95
4	380
5	340
6	275
7	351
8	264
9	157
10	236
11	363
12	180
13	303
14	299
15	138
16	241
17	43
18	45
19	106
20	50
21	339
22	314
23	338
24	267
25	1
26	378
27	143
28	61
29	292
30	19
31	299
32	76
33	25
34	59
35	12
36	116
37	204
38	52
39	275
40	382
41	399
42	324
43	30
44	29
45	336
46	170
47	362
48	134
49	222
50	54
51	373
52	178
53	391
54	26
55	16
56	149
57	357
58	357
59	2
60	67
61	349
62	315
63	159
64	96
65	89
66	144
67	222
68	265
69	229
70	308
71	169
72	353
73	24
74	188
75	153
76	238
77	250
78	370
79	318
80	160
81	312
82	303
83	28
84	219
85	45
86	16
87	37
88	266
89	204
90	319
91	235
92	337
93	184
94	369
95	254
96	315
97	168
98	198
99	341
100	378
101	143
102	133
103	250
104	269
105	290
106	2
107	330
108	6
109	227
110	153
111	83
112	102
113	205
114	334
115	343
116	392
117	248
118	400
119	252
120	322
121	252
122	173
123	141
124	381
125	344
126	327
127	355
128	374
129	248
130	202
131	96
132	155
133	398
134	77
135	95
136	205
137	180
138	110
139	128
140	47
141	83
142	109
143	379
144	238
145	257
146	147
147	209
148	98
149	90
150	215
151	218
152	257
153	288
154	394
155	382
156	52
157	245
158	341
159	135
160	58
161	209
162	249
163	350
164	334
165	135
166	34
167	22
168	349
169	3
170	77
171	240
172	345
173	149
174	152
175	269
176	279
177	320
178	158
179	80
180	5
181	326
182	362
183	119
184	81
185	218
186	37
187	331
188	342
189	170
190	387
191	191
192	167
193	227
194	376
195	19
196	130
197	150
198	176
199	317
200	360
201	308
202	58
203	131
204	79
205	339
206	244
207	127
208	316
209	381
210	355
211	70
212	319
213	48
214	327
215	219
216	374
217	43
218	41
219	145
220	244
221	370
222	236
223	297
224	33
225	193
226	371
227	175
228	181
229	78
230	389
231	243
232	74
233	100
234	365
235	273
236	291
237	29
238	92
239	15
240	38
241	6
242	224
243	102
244	64
245	71
246	144
247	166
248	164
249	13
250	220
251	9
252	343
253	139
254	333
255	167
256	335
257	163
258	185
259	292
260	375
261	262
262	345
263	229
264	137
265	267
266	116
267	158
268	379
269	54
270	75
271	211
272	190
273	373
274	199
275	266
276	34
277	62
278	129
279	178
280	235
281	340
282	231
283	27
284	247
285	286
286	192
287	207
288	384
289	350
290	47
291	216
292	283
293	213
294	245
295	8
296	108
297	397
298	242
299	48
300	105
301	105
302	197
303	157
304	26
305	168
306	199
307	270
308	7
309	326
310	249
311	272
312	127
313	233
314	100
315	93
316	280
317	214
318	241
319	274
320	332
321	184
322	171
323	371
324	317
325	124
326	254
327	367
328	272
329	11
330	192
331	9
332	125
333	103
334	17
335	294
336	353
337	7
338	139
339	198
340	13
341	118
342	156
343	363
344	261
345	347
346	137
347	278
348	164
349	177
350	89
351	270
352	354
353	40
354	384
355	3
356	274
357	40
358	264
359	294
360	177
361	201
362	159
363	186
364	179
365	130
366	196
367	279
368	68
369	99
370	121
371	247
372	320
373	189
374	56
375	118
376	346
377	80
378	302
379	84
380	278
381	113
382	277
383	342
384	35
385	134
386	220
387	46
388	388
389	282
390	1
391	399
392	323
393	231
394	335
395	82
396	226
397	240
398	380
399	191
400	24
401	108
402	251
403	251
404	365
405	67
406	291
407	397
408	49
409	313
410	62
411	60
412	123
413	329
414	193
415	151
416	398
417	389
418	332
419	125
420	288
421	12
422	113
423	395
424	391
425	18
426	36
427	255
428	136
429	395
430	361
431	387
432	171
433	147
434	196
435	50
436	390
437	161
438	56
439	136
440	375
441	39
442	318
443	22
444	361
445	23
446	182
447	356
448	277
449	367
450	232
451	28
452	312
453	393
454	59
455	359
456	160
457	120
458	8
459	232
460	138
461	364
462	110
463	348
464	324
465	128
466	33
467	98
468	316
469	388
470	18
471	356
472	368
473	119
474	87
475	185
476	107
477	359
478	86
479	314
480	190
481	197
482	313
483	228
484	163
485	396
486	223
487	328
488	10
489	150
490	142
491	285
492	72
493	323
494	296
495	194
496	55
497	189
498	296
499	141
500	217
501	234
502	181
503	224
504	92
505	82
506	93
507	145
508	265
509	400
510	394
511	282
512	57
513	173
514	328
515	360
516	393
517	217
518	88
519	295
520	325
521	329
522	300
523	90
524	166
525	212
526	140
527	233
528	295
529	115
530	32
531	338
532	42
533	88
534	306
535	237
536	154
537	305
538	307
539	261
540	310
541	14
542	46
543	109
544	63
545	114
546	162
547	293
548	120
549	310
550	234
551	140
552	172
553	281
554	20
555	53
556	121
557	69
558	331
559	179
560	129
561	4
562	211
563	4
564	10
565	111
566	358
567	32
568	304
569	366
570	210
571	271
572	146
573	337
574	64
575	286
576	55
577	344
578	351
579	57
580	156
581	78
582	352
583	202
584	36
585	51
586	263
587	352
588	260
589	358
590	271
591	101
592	268
593	325
594	289
595	364
596	73
597	268
598	256
599	14
600	372
601	187
602	187
603	11
604	258
605	386
606	81
607	27
608	309
609	183
610	174
611	348
612	172
613	262
614	276
615	35
616	305
617	41
618	372
619	385
620	208
621	210
622	246
623	169
624	73
625	246
626	301
627	142
628	117
629	94
630	61
631	297
632	273
633	123
634	253
635	99
636	133
637	115
638	60
639	31
640	309
641	85
642	68
643	322
644	280
645	75
646	23
647	126
648	263
649	284
650	5
651	366
652	70
653	30
654	25
655	259
656	84
657	71
658	225
659	39
660	260
661	38
662	131
663	112
664	195
665	174
666	132
667	239
668	65
669	104
670	20
671	392
672	281
673	21
674	256
675	242
676	106
677	162
678	300
679	255
680	122
681	112
682	206
683	301
684	346
685	259
686	354
687	111
688	212
689	87
690	86
691	44
692	228
693	186
694	132
695	104
696	230
697	63
698	114
699	76
700	188
701	237
702	15
703	200
704	207
705	206
706	386
707	176
708	226
709	69
710	311
711	333
712	201
713	283
714	306
715	195
716	230
717	79
718	221
719	74
720	290
721	347
722	148
723	383
724	258
725	72
726	122
727	311
728	161
729	155
730	216
731	330
732	146
733	42
734	321
735	223
736	53
737	151
738	336
739	284
740	200
741	396
742	208
743	194
744	17
745	203
746	368
747	51
748	225
749	287
750	101
751	253
752	21
753	215
754	276
755	183
756	31
757	44
758	97
759	383
760	289
761	377
762	304
763	213
764	103
765	376
766	94
767	285
768	107
769	165
770	175
771	66
772	203
773	377
774	307
775	214
776	117
777	85
778	66
779	385
780	239
781	152
782	321
783	287
784	302
785	298
786	221
787	97
788	126
789	243
790	165
791	148
792	154
793	182
794	390
795	369
796	65
797	298
798	91
799	293
800	91
