Class Times	8
Rooms	100
1	232
2	640
3	452
4	899
5	889
6	141
7	363
8	843
9	750
10	693
11	400
12	666
13	308
14	483
15	274
16	323
17	306
18	622
19	700
20	842
21	353
22	199
23	918
24	972
25	357
26	757
27	103
28	767
29	165
30	692
31	29
32	682
33	804
34	460
35	879
36	825
37	150
38	128
39	191
40	789
41	487
42	940
43	433
44	399
45	696
46	930
47	793
48	516
49	753
50	253
51	458
52	938
53	54
54	228
55	988
56	61
57	298
58	255
59	731
60	228
61	531
62	631
63	251
64	495
65	201
66	467
67	757
68	292
69	554
70	714
71	809
72	374
73	871
74	339
75	79
76	107
77	647
78	886
79	393
80	718
81	171
82	48
83	951
84	547
85	806
86	712
87	564
88	257
89	255
90	406
91	810
92	725
93	230
94	975
95	720
96	376
97	596
98	359
99	891
100	416
Classes	800
Teachers	400
1	65
2	157
3	351
4	229
5	106
6	228
7	342
8	327
9	171
10	331
11	116
12	372
13	140
14	107
15	122
16	303
17	143
18	8
19	230
20	111
21	48
22	373
23	291
24	303
25	307
26	140
27	43
28	357
29	330
30	251
31	23
32	213
33	216
34	334
35	153
36	183
37	276
38	365
39	301
40	341
41	370
42	279
43	199
44	131
45	309
46	352
47	169
48	304
49	259
50	10
51	66
52	88
53	335
54	255
55	380
56	280
57	47
58	320
59	133
60	276
61	108
62	296
63	223
64	77
65	348
66	95
67	77
68	369
69	143
70	161
71	191
72	127
73	158
74	318
75	103
76	284
77	19
78	11
79	272
80	162
81	69
82	146
83	277
84	108
85	207
86	279
87	2
88	191
89	67
90	136
91	129
92	224
93	52
94	243
95	183
96	60
97	234
98	88
99	135
100	232
101	15
102	78
103	36
104	384
105	291
106	297
107	364
108	286
109	257
110	145
111	261
112	340
113	255
114	21
115	306
116	73
117	132
118	21
119	28
120	304
121	141
122	142
123	226
124	250
125	6
126	1
127	388
128	139
129	270
130	203
131	225
132	196
133	70
134	266
135	109
136	373
137	198
138	268
139	30
140	37
141	128
142	106
143	213
144	235
145	152
146	99
147	336
148	389
149	354
150	57
151	145
152	337
153	47
154	71
155	46
156	290
157	266
158	189
159	147
160	59
161	385
162	197
163	246
164	324
165	346
166	173
167	370
168	103
169	44
170	208
171	256
172	345
173	199
174	173
175	327
176	112
177	323
178	295
179	205
180	152
181	119
182	65
183	97
184	177
185	254
186	9
187	8
188	109
189	117
190	263
191	101
192	332
193	309
194	92
195	256
196	350
197	341
198	16
199	50
200	254
201	35
202	136
203	126
204	237
205	239
206	296
207	93
208	323
209	7
210	312
211	71
212	322
213	166
214	394
215	352
216	293
217	342
218	393
219	28
220	368
221	379
222	204
223	62
224	234
225	169
226	168
227	24
228	231
229	299
230	94
231	165
232	122
233	202
234	237
235	301
236	216
237	253
238	102
239	294
240	337
241	4
242	42
243	100
244	5
245	293
246	395
247	197
248	170
249	110
250	14
251	127
252	271
253	366
254	53
255	260
256	362
257	231
258	288
259	20
260	202
261	147
262	385
263	38
264	338
265	282
266	58
267	388
268	132
269	394
270	229
271	167
272	23
273	264
274	298
275	161
276	353
277	290
278	114
279	395
280	41
281	297
282	182
283	67
284	57
285	358
286	29
287	123
288	4
289	2
290	340
291	392
292	240
293	387
294	112
295	251
296	344
297	98
298	129
299	249
300	350
301	271
302	274
303	241
304	54
305	219
306	29
307	319
308	269
309	380
310	242
311	207
312	275
313	359
314	62
315	331
316	335
317	374
318	359
319	63
320	55
321	76
322	235
323	355
324	372
325	111
326	200
327	270
328	12
329	142
330	105
331	17
332	195
333	40
334	38
335	250
336	313
337	242
338	188
339	187
340	300
341	188
342	354
343	12
344	80
345	371
346	358
347	233
348	155
349	54
350	355
351	384
352	93
353	264
354	302
355	314
356	381
357	44
358	366
359	119
360	123
361	87
362	307
363	137
364	374
365	97
366	89
367	3
368	226
369	320
370	70
371	99
372	209
373	164
374	289
375	223
376	344
377	260
378	179
379	324
380	302
381	351
382	24
383	346
384	116
385	120
386	198
387	245
388	396
389	60
390	222
391	272
392	180
393	288
394	333
395	45
396	267
397	391
398	160
399	280
400	368
401	228
402	284
403	134
404	151
405	211
406	134
407	321
408	241
409	69
410	19
411	210
412	298
413	321
414	201
415	43
416	151
417	66
418	14
419	120
420	329
421	253
422	360
423	329
424	311
425	42
426	263
427	166
428	128
429	210
430	104
431	382
432	248
433	201
434	20
435	265
436	91
437	349
438	11
439	232
440	74
441	311
442	195
443	162
444	382
445	244
446	230
447	172
448	192
449	192
450	35
451	52
452	218
453	133
454	364
455	45
456	289
457	214
458	262
459	185
460	5
461	7
462	236
463	396
464	117
465	73
466	154
467	82
468	74
469	41
470	51
471	187
472	371
473	360
474	61
475	17
476	240
477	25
478	389
479	90
480	130
481	22
482	353
483	25
484	146
485	72
486	186
487	149
488	333
489	258
490	138
491	208
492	391
493	90
494	376
495	51
496	339
497	121
498	135
499	259
500	102
501	222
502	318
503	68
504	37
505	68
506	110
507	194
508	378
509	58
510	86
511	212
512	315
513	249
514	376
515	378
516	82
517	174
518	85
519	204
520	94
521	349
522	343
523	305
524	156
525	150
526	292
527	347
528	306
529	10
530	218
531	356
532	362
533	383
534	328
535	310
536	75
537	225
538	158
539	63
540	386
541	189
542	59
543	1
544	236
545	238
546	310
547	175
548	40
549	144
550	317
551	332
552	46
553	206
554	79
555	76
556	165
557	96
558	245
559	246
560	212
561	171
562	121
563	98
564	328
565	339
566	6
567	190
568	87
569	262
570	75
571	9
572	252
573	206
574	247
575	315
576	80
577	399
578	176
579	330
580	313
581	300
582	114
583	55
584	194
585	294
586	177
587	172
588	336
589	61
590	283
591	163
592	244
593	305
594	86
595	39
596	299
597	159
598	157
599	113
600	275
601	314
602	130
603	356
604	27
605	72
606	287
607	144
608	277
609	326
610	379
611	26
612	196
613	215
614	175
615	243
616	211
617	92
618	247
619	363
620	18
621	312
622	26
623	261
624	16
625	36
626	85
627	48
628	178
629	153
630	160
631	185
632	118
633	393
634	34
635	81
636	387
637	209
638	375
639	258
640	56
641	383
642	343
643	392
644	168
645	18
646	100
647	233
648	267
649	164
650	365
651	338
652	381
653	181
654	137
655	124
656	285
657	79
658	170
659	131
660	30
661	238
662	265
663	107
664	179
665	397
666	138
667	203
668	214
669	101
670	239
671	221
672	190
673	181
674	316
675	176
676	348
677	273
678	286
679	219
680	115
681	287
682	200
683	53
684	345
685	39
686	15
687	141
688	163
689	31
690	95
691	96
692	295
693	56
694	34
695	64
696	227
697	84
698	3
699	150
700	227
701	78
702	81
703	91
704	31
705	390
706	124
707	167
708	357
709	155
710	105
711	292
712	126
713	178
714	317
715	159
716	281
717	118
718	180
719	154
720	220
721	27
722	205
723	186
724	221
725	220
726	193
727	347
728	89
729	148
730	386
731	22
732	149
733	193
734	115
735	282
736	361
737	252
738	83
739	224
740	217
741	334
742	174
743	182
744	125
745	148
746	326
747	32
748	281
749	319
750	397
751	398
752	308
753	257
754	398
755	125
756	113
757	13
758	217
759	273
760	375
761	325
762	274
763	32
764	367
765	361
766	269
767	33
768	363
769	64
770	84
771	325
772	367
773	285
774	13
775	139
776	50
777	399
778	215
779	83
780	369
781	268
782	33
783	278
784	278
785	308
786	400
787	49
788	283
789	316
790	104
791	248
792	400
793	390
794	377
795	49
796	322
797	184
798	156
799	184
800	377
