Class Times	10
Rooms	150
1	24
2	606
3	761
4	487
5	764
6	545
7	391
8	989
9	928
10	992
11	570
12	734
13	266
14	925
15	938
16	618
17	467
18	423
19	262
20	577
21	49
22	249
23	751
24	963
25	279
26	65
27	386
28	576
29	223
30	814
31	348
32	523
33	754
34	786
35	721
36	561
37	961
38	886
39	441
40	14
41	59
42	378
43	128
44	476
45	854
46	188
47	273
48	316
49	428
50	43
51	332
52	635
53	616
54	476
55	274
56	403
57	50
58	312
59	527
60	367
61	500
62	942
63	585
64	248
65	333
66	947
67	76
68	627
69	657
70	311
71	712
72	692
73	385
74	585
75	137
76	595
77	814
78	707
79	639
80	48
81	839
82	110
83	955
84	795
85	501
86	246
87	929
88	26
89	797
90	439
91	92
92	844
93	891
94	521
95	643
96	817
97	23
98	111
99	133
100	545
101	111
102	85
103	311
104	803
105	741
106	222
107	648
108	566
109	273
110	605
111	994
112	528
113	881
114	868
115	293
116	796
117	422
118	856
119	165
120	708
121	192
122	715
123	511
124	841
125	560
126	935
127	930
128	945
129	285
130	387
131	235
132	187
133	646
134	984
135	725
136	976
137	192
138	750
139	232
140	935
141	515
142	754
143	134
144	480
145	936
146	569
147	336
148	267
149	873
150	469
Classes	600
Teachers	300
1	189
2	163
3	136
4	241
5	112
6	265
7	194
8	102
9	55
10	61
11	211
12	56
13	93
14	132
15	239
16	195
17	123
18	153
19	158
20	223
21	67
22	264
23	235
24	211
25	34
26	12
27	33
28	284
29	187
30	93
31	144
32	84
33	243
34	280
35	103
36	267
37	23
38	117
39	38
40	292
41	65
42	270
43	207
44	62
45	83
46	166
47	139
48	234
49	273
50	292
51	68
52	8
53	155
54	43
55	222
56	187
57	8
58	61
59	223
60	280
61	286
62	204
63	192
64	300
65	106
66	256
67	192
68	19
69	66
70	153
71	161
72	260
73	55
74	50
75	130
76	253
77	209
78	52
79	207
80	271
81	42
82	58
83	64
84	128
85	43
86	269
87	41
88	246
89	115
90	206
91	138
92	268
93	184
94	268
95	11
96	279
97	259
98	201
99	260
100	142
101	42
102	40
103	68
104	92
105	249
106	230
107	197
108	143
109	79
110	222
111	162
112	296
113	79
114	17
115	23
116	134
117	115
118	9
119	71
120	100
121	239
122	72
123	21
124	221
125	289
126	145
127	88
128	157
129	24
130	179
131	218
132	41
133	166
134	159
135	201
136	65
137	39
138	179
139	154
140	168
141	206
142	46
143	150
144	94
145	114
146	24
147	124
148	229
149	293
150	181
151	47
152	174
153	66
154	191
155	287
156	261
157	86
158	124
159	10
160	131
161	29
162	277
163	19
164	243
165	196
166	213
167	202
168	140
169	9
170	36
171	117
172	299
173	98
174	165
175	31
176	213
177	98
178	45
179	212
180	283
181	210
182	107
183	219
184	177
185	131
186	167
187	35
188	252
189	272
190	151
191	174
192	120
193	54
194	229
195	175
196	16
197	108
198	272
199	203
200	149
201	92
202	220
203	74
204	14
205	210
206	146
207	261
208	203
209	291
210	188
211	184
212	283
213	284
214	10
215	63
216	152
217	225
218	108
219	236
220	172
221	49
222	116
223	28
224	6
225	111
226	120
227	26
228	2
229	190
230	247
231	218
232	164
233	255
234	63
235	183
236	238
237	248
238	113
239	137
240	122
241	104
242	155
243	6
244	94
245	74
246	99
247	14
248	27
249	251
250	60
251	20
252	69
253	291
254	289
255	256
256	62
257	21
258	276
259	236
260	277
261	47
262	64
263	32
264	91
265	138
266	170
267	34
268	252
269	107
270	2
271	290
272	122
273	191
274	20
275	194
276	159
277	165
278	50
279	44
280	178
281	202
282	290
283	91
284	245
285	3
286	128
287	177
288	293
289	204
290	139
291	100
292	231
293	160
294	140
295	109
296	111
297	136
298	182
299	144
300	279
301	237
302	127
303	113
304	242
305	196
306	75
307	116
308	215
309	182
310	164
311	282
312	242
313	270
314	214
315	132
316	181
317	90
318	104
319	76
320	86
321	265
322	287
323	59
324	73
325	288
326	22
327	48
328	130
329	200
330	154
331	110
332	129
333	103
334	235
335	119
336	271
337	225
338	276
339	45
340	129
341	172
342	147
343	300
344	53
345	96
346	58
347	151
348	59
349	69
350	105
351	38
352	80
353	286
354	198
355	161
356	195
357	125
358	162
359	200
360	112
361	44
362	253
363	99
364	80
365	198
366	127
367	294
368	282
369	28
370	125
371	263
372	274
373	82
374	89
375	147
376	230
377	175
378	231
379	220
380	88
381	137
382	288
383	95
384	157
385	205
386	105
387	36
388	169
389	193
390	89
391	255
392	264
393	190
394	4
395	37
396	274
397	249
398	4
399	275
400	240
401	25
402	247
403	152
404	26
405	227
406	173
407	141
408	167
409	13
410	257
411	217
412	149
413	178
414	82
415	126
416	295
417	238
418	67
419	16
420	73
421	244
422	85
423	3
424	212
425	72
426	143
427	183
428	49
429	148
430	51
431	248
432	135
433	163
434	285
435	60
436	299
437	170
438	227
439	12
440	7
441	141
442	189
443	262
444	119
445	126
446	87
447	114
448	217
449	22
450	278
451	237
452	269
453	160
454	171
455	48
456	188
457	205
458	241
459	135
460	259
461	266
462	258
463	224
464	30
465	185
466	25
467	245
468	246
469	295
470	233
471	85
472	123
473	193
474	52
475	199
476	133
477	233
478	106
479	142
480	146
481	209
482	53
483	148
484	267
485	84
486	275
487	244
488	13
489	219
490	35
491	121
492	32
493	95
494	250
495	1
496	40
497	169
498	56
499	298
500	158
501	71
502	75
503	87
504	257
505	145
506	96
507	118
508	278
509	77
510	15
511	221
512	197
513	250
514	77
515	296
516	83
517	102
518	186
519	39
520	228
521	37
522	294
523	54
524	298
525	266
526	216
527	27
528	18
529	173
530	180
531	70
532	216
533	33
534	18
535	156
536	185
537	224
538	168
539	70
540	228
541	176
542	199
543	51
544	46
545	118
546	208
547	215
548	297
549	5
550	81
551	81
552	150
553	30
554	121
555	101
556	258
557	180
558	262
559	109
560	97
561	110
562	11
563	240
564	133
565	251
566	186
567	57
568	97
569	281
570	285
571	263
572	15
573	171
574	232
575	281
576	226
577	31
578	232
579	7
580	5
581	101
582	208
583	156
584	254
585	134
586	273
587	297
588	76
589	214
590	29
591	78
592	1
593	57
594	226
595	90
596	17
597	78
598	234
599	176
600	254
