Class Times	10
Rooms	150
1	723
2	280
3	306
4	186
5	478
6	670
7	789
8	155
9	289
10	640
11	157
12	329
13	588
14	693
15	85
16	723
17	88
18	777
19	99
20	188
21	209
22	598
23	876
24	588
25	778
26	902
27	656
28	312
29	705
30	604
31	418
32	841
33	616
34	222
35	309
36	818
37	732
38	603
39	797
40	310
41	101
42	191
43	659
44	281
45	96
46	161
47	566
48	828
49	772
50	935
51	426
52	717
53	785
54	294
55	371
56	358
57	240
58	718
59	812
60	802
61	485
62	813
63	225
64	752
65	380
66	132
67	894
68	737
69	660
70	151
71	639
72	336
73	494
74	849
75	602
76	852
77	840
78	683
79	19
80	816
81	582
82	898
83	105
84	535
85	145
86	527
87	698
88	475
89	436
90	956
91	884
92	463
93	164
94	13
95	654
96	44
97	778
98	292
99	188
100	996
101	73
102	808
103	937
104	92
105	779
106	794
107	183
108	899
109	257
110	655
111	15
112	435
113	643
114	278
115	278
116	419
117	508
118	440
119	540
120	273
121	963
122	563
123	690
124	329
125	145
126	452
127	490
128	768
129	718
130	295
131	728
132	370
133	779
134	795
135	178
136	991
137	436
138	256
139	533
140	40
141	841
142	423
143	418
144	103
145	252
146	847
147	404
148	729
149	842
150	190
Classes	600
Teachers	300
1	76
2	287
3	289
4	10
5	181
6	250
7	231
8	104
9	75
10	173
11	45
12	54
13	39
14	96
15	223
16	99
17	56
18	248
19	184
20	216
21	12
22	52
23	2
24	54
25	248
26	107
27	101
28	34
29	270
30	3
31	48
32	130
33	230
34	300
35	180
36	81
37	299
38	44
39	57
40	297
41	154
42	235
43	147
44	118
45	108
46	67
47	277
48	113
49	99
50	24
51	51
52	12
53	151
54	151
55	283
56	83
57	87
58	10
59	274
60	263
61	33
62	56
63	153
64	88
65	53
66	185
67	172
68	290
69	76
70	262
71	132
72	161
73	44
74	18
75	189
76	188
77	27
78	171
79	23
80	279
81	52
82	296
83	220
84	141
85	37
86	14
87	198
88	116
89	202
90	223
91	116
92	104
93	265
94	17
95	132
96	229
97	155
98	139
99	91
100	5
101	224
102	106
103	265
104	59
105	178
106	23
107	280
108	221
109	237
110	28
111	129
112	282
113	105
114	28
115	224
116	129
117	127
118	266
119	41
120	227
121	68
122	79
123	243
124	148
125	29
126	139
127	191
128	199
129	171
130	214
131	29
132	65
133	110
134	192
135	184
136	15
137	177
138	126
139	111
140	106
141	161
142	254
143	108
144	221
145	250
146	202
147	109
148	296
149	231
150	48
151	219
152	134
153	49
154	21
155	253
156	22
157	91
158	182
159	275
160	284
161	228
162	11
163	159
164	293
165	209
166	71
167	263
168	55
169	8
170	192
171	208
172	260
173	281
174	70
175	66
176	138
177	154
178	215
179	135
180	126
181	297
182	227
183	232
184	160
185	196
186	199
187	226
188	166
189	60
190	1
191	271
192	290
193	77
194	251
195	165
196	253
197	166
198	285
199	235
200	137
201	101
202	180
203	186
204	272
205	165
206	69
207	47
208	31
209	118
210	236
211	255
212	21
213	27
214	117
215	162
216	33
217	7
218	196
219	226
220	89
221	50
222	163
223	148
224	5
225	234
226	158
227	249
228	216
229	158
230	24
231	68
232	267
233	193
234	84
235	51
236	73
237	150
238	214
239	81
240	92
241	277
242	191
243	215
244	294
245	264
246	58
247	97
248	156
249	266
250	278
251	183
252	102
253	25
254	74
255	49
256	172
257	6
258	13
259	271
260	243
261	98
262	288
263	113
264	6
265	65
266	89
267	185
268	66
269	72
270	239
271	160
272	4
273	1
274	206
275	168
276	295
277	13
278	220
279	88
280	95
281	102
282	34
283	156
284	175
285	280
286	193
287	146
288	36
289	217
290	150
291	90
292	41
293	300
294	53
295	130
296	153
297	145
298	80
299	16
300	255
301	145
302	211
303	182
304	189
305	133
306	210
307	114
308	45
309	168
310	93
311	198
312	147
313	281
314	75
315	146
316	17
317	61
318	103
319	86
320	157
321	144
322	30
323	219
324	19
325	124
326	2
327	138
328	152
329	144
330	83
331	249
332	259
333	205
334	14
335	60
336	7
337	177
338	36
339	267
340	236
341	78
342	35
343	67
344	287
345	258
346	19
347	254
348	299
349	107
350	142
351	149
352	298
353	58
354	105
355	47
356	285
357	73
358	140
359	98
360	292
361	274
362	259
363	109
364	78
365	186
366	80
367	123
368	114
369	92
370	32
371	141
372	35
373	163
374	15
375	292
376	143
377	246
378	234
379	162
380	252
381	241
382	294
383	40
384	143
385	206
386	30
387	25
388	46
389	38
390	284
391	194
392	77
393	103
394	169
395	115
396	269
397	110
398	115
399	82
400	26
401	39
402	128
403	288
404	291
405	282
406	176
407	74
408	46
409	84
410	82
411	167
412	188
413	286
414	272
415	71
416	283
417	64
418	270
419	264
420	57
421	96
422	298
423	137
424	293
425	194
426	187
427	179
428	122
429	258
430	87
431	178
432	85
433	232
434	240
435	40
436	210
437	240
438	179
439	123
440	273
441	218
442	244
443	230
444	204
445	208
446	38
447	174
448	291
449	200
450	261
451	175
452	269
453	122
454	268
455	246
456	278
457	64
458	169
459	276
460	174
461	32
462	286
463	43
464	112
465	119
466	237
467	200
468	187
469	72
470	119
471	167
472	218
473	18
474	217
475	251
476	244
477	149
478	273
479	252
480	3
481	241
482	204
483	111
484	142
485	59
486	50
487	11
488	22
489	31
490	8
491	176
492	295
493	20
494	124
495	20
496	62
497	4
498	120
499	195
500	85
501	257
502	205
503	97
504	93
505	289
506	211
507	201
508	86
509	238
510	37
511	261
512	268
513	26
514	100
515	207
516	213
517	70
518	42
519	43
520	131
521	133
522	238
523	128
524	256
525	203
526	203
527	229
528	136
529	256
530	207
531	90
532	9
533	140
534	195
535	212
536	135
537	276
538	222
539	42
540	228
541	213
542	63
543	260
544	212
545	55
546	242
547	100
548	242
549	257
550	134
551	63
552	183
553	239
554	94
555	201
556	120
557	152
558	9
559	164
560	164
561	225
562	61
563	170
564	112
565	262
566	245
567	209
568	275
569	173
570	225
571	155
572	95
573	131
574	94
575	222
576	170
577	157
578	121
579	247
580	190
581	121
582	79
583	247
584	181
585	245
586	279
587	16
588	117
589	69
590	136
591	233
592	125
593	233
594	190
595	125
596	197
597	197
598	159
599	127
600	62
