Class Times	10
Rooms	150
1	230
2	998
3	917
4	258
5	127
6	236
7	322
8	297
9	103
10	766
11	896
12	724
13	158
14	201
15	447
16	137
17	891
18	592
19	628
20	698
21	583
22	468
23	660
24	135
25	226
26	706
27	578
28	521
29	19
30	756
31	475
32	619
33	628
34	150
35	499
36	211
37	31
38	735
39	709
40	966
41	479
42	458
43	336
44	268
45	257
46	460
47	758
48	849
49	923
50	531
51	836
52	655
53	624
54	596
55	941
56	229
57	93
58	502
59	689
60	886
61	981
62	201
63	454
64	127
65	502
66	420
67	519
68	871
69	463
70	945
71	175
72	90
73	409
74	416
75	598
76	441
77	872
78	977
79	736
80	88
81	246
82	385
83	922
84	205
85	463
86	40
87	330
88	583
89	910
90	760
91	977
92	741
93	971
94	425
95	968
96	413
97	130
98	877
99	815
100	934
101	938
102	591
103	747
104	60
105	82
106	457
107	995
108	592
109	504
110	239
111	758
112	13
113	248
114	288
115	523
116	492
117	786
118	879
119	647
120	837
121	924
122	824
123	121
124	373
125	221
126	546
127	347
128	739
129	414
130	399
131	195
132	287
133	489
134	585
135	830
136	369
137	349
138	961
139	286
140	335
141	234
142	164
143	975
144	976
145	977
146	59
147	70
148	757
149	508
150	759
Classes	600
Teachers	300
1	281
2	4
3	120
4	31
5	250
6	286
7	114
8	31
9	42
10	127
11	247
12	237
13	289
14	4
15	224
16	109
17	206
18	105
19	79
20	28
21	280
22	23
23	158
24	13
25	235
26	294
27	196
28	211
29	135
30	274
31	23
32	13
33	286
34	195
35	161
36	66
37	190
38	227
39	114
40	130
41	287
42	209
43	25
44	262
45	113
46	223
47	54
48	48
49	188
50	242
51	294
52	289
53	268
54	3
55	217
56	147
57	150
58	5
59	44
60	34
61	231
62	204
63	55
64	88
65	176
66	10
67	6
68	119
69	43
70	287
71	46
72	101
73	199
74	244
75	44
76	251
77	79
78	212
79	252
80	206
81	290
82	160
83	108
84	61
85	280
86	277
87	245
88	6
89	20
90	88
91	166
92	225
93	68
94	105
95	181
96	14
97	212
98	178
99	203
100	197
101	261
102	170
103	196
104	250
105	278
106	164
107	159
108	32
109	65
110	241
111	118
112	97
113	20
114	136
115	26
116	160
117	66
118	57
119	144
120	209
121	238
122	246
123	33
124	148
125	54
126	200
127	87
128	21
129	283
130	275
131	132
132	168
133	41
134	194
135	173
136	201
137	97
138	63
139	83
140	208
141	180
142	300
143	237
144	275
145	299
146	278
147	175
148	205
149	255
150	25
151	253
152	116
153	68
154	86
155	132
156	162
157	229
158	284
159	230
160	185
161	147
162	18
163	256
164	298
165	202
166	43
167	12
168	130
169	257
170	211
171	26
172	168
173	213
174	155
175	48
176	222
177	210
178	195
179	266
180	236
181	14
182	59
183	163
184	153
185	22
186	85
187	191
188	102
189	272
190	144
191	117
192	165
193	80
194	126
195	165
196	119
197	73
198	63
199	69
200	108
201	281
202	80
203	140
204	197
205	91
206	194
207	111
208	100
209	135
210	83
211	19
212	21
213	70
214	96
215	73
216	159
217	92
218	282
219	182
220	182
221	69
222	47
223	57
224	217
225	87
226	156
227	101
228	155
229	158
230	19
231	134
232	242
233	16
234	22
235	265
236	185
237	224
238	86
239	247
240	7
241	221
242	84
243	64
244	246
245	129
246	106
247	2
248	117
249	201
250	127
251	37
252	29
253	74
254	263
255	192
256	163
257	60
258	116
259	265
260	5
261	271
262	177
263	157
264	56
265	70
266	259
267	154
268	282
269	167
270	272
271	262
272	84
273	125
274	270
275	111
276	253
277	46
278	58
279	150
280	239
281	173
282	41
283	146
284	259
285	67
286	180
287	220
288	152
289	71
290	94
291	10
292	47
293	257
294	234
295	74
296	106
297	270
298	24
299	139
300	207
301	177
302	290
303	296
304	56
305	99
306	175
307	184
308	263
309	236
310	145
311	110
312	192
313	226
314	205
315	153
316	284
317	190
318	75
319	148
320	268
321	85
322	7
323	202
324	32
325	62
326	251
327	78
328	291
329	36
330	61
331	208
332	210
333	273
334	188
335	199
336	133
337	107
338	258
339	50
340	186
341	77
342	260
343	95
344	17
345	35
346	288
347	142
348	62
349	277
350	258
351	179
352	220
353	110
354	77
355	30
356	67
357	15
358	33
359	126
360	171
361	204
362	154
363	295
364	59
365	146
366	179
367	162
368	261
369	274
370	218
371	254
372	172
373	226
374	109
375	151
376	219
377	171
378	58
379	181
380	107
381	102
382	136
383	149
384	12
385	113
386	49
387	157
388	227
389	89
390	156
391	228
392	198
393	92
394	288
395	187
396	254
397	292
398	11
399	225
400	141
401	91
402	50
403	139
404	39
405	151
406	15
407	174
408	35
409	249
410	283
411	49
412	95
413	120
414	285
415	256
416	191
417	183
418	167
419	230
420	143
421	90
422	166
423	29
424	248
425	219
426	115
427	98
428	249
429	269
430	27
431	276
432	143
433	176
434	82
435	123
436	252
437	104
438	99
439	183
440	186
441	51
442	141
443	131
444	112
445	125
446	231
447	228
448	90
449	238
450	214
451	104
452	96
453	37
454	140
455	235
456	72
457	53
458	53
459	233
460	233
461	82
462	296
463	200
464	3
465	184
466	239
467	28
468	100
469	169
470	189
471	129
472	243
473	18
474	98
475	215
476	213
477	142
478	2
479	255
480	94
481	267
482	81
483	122
484	134
485	38
486	271
487	145
488	75
489	64
490	298
491	81
492	65
493	189
494	174
495	103
496	266
497	78
498	1
499	241
500	291
501	172
502	240
503	36
504	273
505	178
506	293
507	276
508	260
509	118
510	122
511	267
512	34
513	187
514	8
515	115
516	169
517	149
518	218
519	232
520	269
521	297
522	300
523	215
524	295
525	216
526	24
527	128
528	112
529	45
530	55
531	131
532	124
533	38
534	72
535	8
536	42
537	9
538	293
539	285
540	51
541	207
542	16
543	214
544	93
545	1
546	60
547	222
548	11
549	133
550	121
551	221
552	124
553	198
554	297
555	40
556	244
557	279
558	103
559	40
560	245
561	137
562	279
563	299
564	203
565	121
566	164
567	128
568	45
569	193
570	229
571	71
572	248
573	27
574	137
575	93
576	39
577	52
578	234
579	52
580	138
581	30
582	264
583	223
584	264
585	89
586	123
587	76
588	240
589	161
590	216
591	17
592	170
593	152
594	292
595	193
596	138
597	243
598	9
599	232
600	76
