Class Times	10
Rooms	150
1	658
2	241
3	650
4	637
5	619
6	315
7	974
8	15
9	730
10	412
11	287
12	182
13	483
14	653
15	863
16	523
17	12
18	558
19	718
20	412
21	71
22	466
23	487
24	41
25	386
26	549
27	309
28	17
29	74
30	587
31	265
32	43
33	940
34	432
35	606
36	231
37	864
38	438
39	261
40	380
41	123
42	509
43	465
44	420
45	635
46	549
47	353
48	21
49	469
50	40
51	306
52	267
53	144
54	425
55	13
56	988
57	145
58	462
59	412
60	587
61	406
62	386
63	158
64	694
65	138
66	972
67	633
68	446
69	623
70	461
71	422
72	291
73	871
74	37
75	255
76	381
77	619
78	295
79	129
80	108
81	504
82	875
83	712
84	517
85	116
86	912
87	468
88	701
89	451
90	708
91	585
92	491
93	862
94	821
95	785
96	224
97	561
98	861
99	304
100	983
101	497
102	147
103	166
104	652
105	87
106	691
107	279
108	140
109	360
110	860
111	315
112	682
113	252
114	98
115	501
116	775
117	458
118	23
119	544
120	738
121	129
122	467
123	15
124	183
125	810
126	460
127	411
128	28
129	561
130	763
131	508
132	629
133	976
134	322
135	894
136	337
137	869
138	645
139	979
140	903
141	759
142	579
143	194
144	702
145	864
146	239
147	391
148	606
149	246
150	207
Classes	600
Teachers	300
1	144
2	280
3	116
4	256
5	91
6	265
7	125
8	45
9	269
10	133
11	118
12	53
13	17
14	70
15	170
16	64
17	88
18	273
19	280
20	207
21	279
22	178
23	146
24	296
25	192
26	183
27	14
28	281
29	284
30	35
31	138
32	172
33	189
34	155
35	233
36	23
37	69
38	235
39	143
40	129
41	158
42	189
43	289
44	140
45	14
46	20
47	283
48	214
49	133
50	92
51	131
52	142
53	152
54	220
55	131
56	247
57	257
58	227
59	161
60	170
61	91
62	32
63	210
64	85
65	250
66	101
67	205
68	246
69	16
70	258
71	53
72	49
73	69
74	183
75	231
76	77
77	161
78	259
79	225
80	23
81	31
82	227
83	244
84	174
85	109
86	123
87	155
88	233
89	88
90	152
91	122
92	66
93	196
94	197
95	63
96	212
97	11
98	114
99	28
100	265
101	96
102	16
103	250
104	30
105	195
106	214
107	12
108	67
109	138
110	173
111	181
112	186
113	294
114	72
115	86
116	159
117	239
118	229
119	3
120	289
121	169
122	109
123	197
124	284
125	148
126	226
127	98
128	195
129	21
130	285
131	30
132	153
133	132
134	238
135	164
136	243
137	68
138	224
139	238
140	177
141	248
142	168
143	122
144	172
145	128
146	75
147	246
148	248
149	2
150	207
151	190
152	4
153	83
154	271
155	240
156	19
157	104
158	243
159	206
160	112
161	267
162	10
163	237
164	274
165	264
166	255
167	148
168	76
169	190
170	164
171	188
172	226
173	27
174	154
175	135
176	58
177	117
178	81
179	232
180	60
181	4
182	13
183	179
184	94
185	235
186	101
187	279
188	296
189	73
190	103
191	169
192	145
193	135
194	196
195	286
196	60
197	65
198	252
199	65
200	180
201	174
202	283
203	264
204	70
205	125
206	57
207	175
208	271
209	209
210	18
211	96
212	223
213	24
214	203
215	13
216	134
217	259
218	269
219	285
220	204
221	239
222	39
223	108
224	22
225	26
226	151
227	223
228	277
229	136
230	277
231	270
232	39
233	47
234	293
235	241
236	63
237	94
238	100
239	38
240	100
241	156
242	82
243	163
244	139
245	112
246	221
247	202
248	199
249	212
250	79
251	95
252	32
253	117
254	36
255	171
256	127
257	35
258	25
259	231
260	73
261	46
262	185
263	210
264	121
265	130
266	139
267	107
268	106
269	46
270	52
271	119
272	127
273	171
274	50
275	20
276	80
277	153
278	25
279	166
280	90
281	242
282	119
283	58
284	182
285	44
286	205
287	49
288	252
289	121
290	188
291	168
292	260
293	2
294	203
295	38
296	266
297	240
298	292
299	104
300	11
301	176
302	114
303	167
304	74
305	95
306	255
307	160
308	178
309	291
310	137
311	249
312	244
313	34
314	165
315	258
316	299
317	263
318	163
319	202
320	27
321	1
322	52
323	154
324	184
325	99
326	123
327	17
328	179
329	272
330	71
331	274
332	108
333	219
334	278
335	86
336	176
337	215
338	185
339	84
340	78
341	234
342	215
343	57
344	7
345	143
346	144
347	44
348	142
349	182
350	61
351	221
352	128
353	184
354	99
355	80
356	82
357	141
358	41
359	51
360	116
361	118
362	198
363	275
364	8
365	256
366	130
367	7
368	33
369	187
370	220
371	300
372	134
373	272
374	15
375	50
376	199
377	251
378	67
379	45
380	84
381	72
382	166
383	97
384	71
385	34
386	41
387	61
388	146
389	136
390	132
391	230
392	276
393	286
394	177
395	31
396	113
397	191
398	42
399	234
400	83
401	294
402	186
403	140
404	22
405	64
406	66
407	187
408	92
409	249
410	194
411	79
412	287
413	242
414	59
415	40
416	59
417	113
418	291
419	115
420	126
421	145
422	105
423	228
424	222
425	54
426	111
427	150
428	270
429	47
430	6
431	10
432	106
433	151
434	261
435	282
436	219
437	209
438	137
439	1
440	191
441	124
442	287
443	126
444	165
445	273
446	288
447	42
448	9
449	120
450	298
451	173
452	292
453	158
454	6
455	253
456	3
457	282
458	129
459	68
460	76
461	141
462	18
463	216
464	268
465	268
466	293
467	78
468	115
469	245
470	156
471	225
472	77
473	62
474	93
475	29
476	194
477	278
478	157
479	103
480	230
481	241
482	15
483	267
484	192
485	276
486	19
487	107
488	201
489	75
490	253
491	262
492	87
493	105
494	40
495	26
496	87
497	245
498	54
499	160
500	175
501	300
502	204
503	5
504	224
505	43
506	56
507	29
508	5
509	263
510	281
511	48
512	251
513	98
514	260
515	36
516	218
517	261
518	9
519	124
520	213
521	208
522	28
523	24
524	102
525	254
526	110
527	159
528	37
529	120
530	211
531	298
532	193
533	90
534	216
535	299
536	150
537	111
538	93
539	74
540	266
541	200
542	198
543	48
544	228
545	37
546	257
547	12
548	254
549	162
550	33
551	222
552	206
553	149
554	162
555	295
556	290
557	295
558	297
559	110
560	89
561	229
562	55
563	81
564	201
565	43
566	288
567	89
568	193
569	237
570	21
571	85
572	297
573	262
574	55
575	232
576	236
577	218
578	147
579	247
580	236
581	200
582	157
583	56
584	51
585	180
586	102
587	181
588	208
589	147
590	217
591	62
592	167
593	8
594	275
595	97
596	211
597	149
598	213
599	217
600	290
