Class Times	10
Rooms	150
1	935
2	942
3	886
4	616
5	858
6	749
7	186
8	693
9	205
10	530
11	325
12	117
13	618
14	730
15	121
16	859
17	701
18	136
19	722
20	116
21	208
22	13
23	537
24	244
25	82
26	315
27	680
28	691
29	815
30	571
31	124
32	40
33	774
34	19
35	887
36	863
37	332
38	781
39	234
40	923
41	775
42	390
43	840
44	690
45	584
46	805
47	321
48	519
49	152
50	498
51	959
52	304
53	582
54	577
55	184
56	262
57	551
58	823
59	990
60	795
61	830
62	52
63	543
64	887
65	783
66	325
67	58
68	656
69	171
70	700
71	300
72	332
73	914
74	685
75	104
76	561
77	364
78	348
79	698
80	761
81	345
82	905
83	526
84	310
85	827
86	28
87	52
88	637
89	407
90	675
91	208
92	807
93	425
94	459
95	658
96	216
97	816
98	86
99	592
100	954
101	163
102	865
103	456
104	290
105	181
106	250
107	448
108	581
109	267
110	75
111	90
112	721
113	349
114	866
115	270
116	539
117	513
118	802
119	347
120	448
121	336
122	427
123	869
124	504
125	245
126	878
127	572
128	674
129	539
130	741
131	368
132	871
133	795
134	283
135	801
136	190
137	965
138	896
139	369
140	816
141	398
142	604
143	763
144	639
145	64
146	993
147	529
148	422
149	596
150	343
Classes	600
Teachers	300
1	48
2	23
3	74
4	45
5	93
6	146
7	169
8	79
9	99
10	283
11	106
12	45
13	135
14	200
15	114
16	267
17	3
18	58
19	24
20	203
21	230
22	26
23	129
24	108
25	284
26	94
27	215
28	166
29	241
30	297
31	236
32	72
33	300
34	113
35	55
36	172
37	87
38	116
39	30
40	234
41	207
42	165
43	35
44	173
45	158
46	16
47	63
48	264
49	142
50	267
51	176
52	6
53	210
54	268
55	25
56	152
57	140
58	157
59	130
60	27
61	139
62	11
63	60
64	220
65	53
66	265
67	256
68	136
69	118
70	205
71	231
72	155
73	115
74	292
75	29
76	32
77	166
78	89
79	111
80	106
81	174
82	67
83	193
84	142
85	3
86	95
87	240
88	140
89	65
90	66
91	223
92	5
93	76
94	260
95	232
96	174
97	196
98	94
99	220
100	172
101	216
102	274
103	284
104	102
105	134
106	216
107	286
108	76
109	171
110	171
111	299
112	177
113	100
114	210
115	120
116	119
117	74
118	43
119	155
120	244
121	227
122	18
123	190
124	126
125	286
126	169
127	91
128	59
129	95
130	279
131	111
132	109
133	146
134	224
135	132
136	296
137	26
138	264
139	38
140	176
141	51
142	191
143	217
144	58
145	127
146	181
147	119
148	285
149	10
150	152
151	149
152	273
153	291
154	241
155	190
156	1
157	232
158	85
159	92
160	250
161	212
162	127
163	67
164	48
165	242
166	248
167	219
168	238
169	278
170	100
171	78
172	144
173	281
174	270
175	262
176	84
177	135
178	260
179	64
180	278
181	60
182	28
183	62
184	147
185	268
186	47
187	55
188	291
189	57
190	189
191	75
192	29
193	15
194	32
195	196
196	145
197	266
198	150
199	144
200	165
201	233
202	258
203	121
204	228
205	126
206	10
207	245
208	208
209	56
210	12
211	179
212	199
213	201
214	88
215	77
216	290
217	9
218	162
219	288
220	197
221	59
222	280
223	109
224	271
225	212
226	42
227	299
228	184
229	213
230	246
231	193
232	181
233	213
234	238
235	151
236	194
237	270
238	173
239	92
240	180
241	298
242	86
243	143
244	47
245	236
246	24
247	72
248	280
249	141
250	97
251	243
252	20
253	81
254	282
255	251
256	170
257	101
258	200
259	275
260	148
261	31
262	243
263	228
264	69
265	49
266	162
267	156
268	89
269	96
270	149
271	121
272	255
273	214
274	9
275	83
276	1
277	52
278	185
279	204
280	290
281	262
282	151
283	226
284	39
285	150
286	86
287	160
288	110
289	208
290	275
291	16
292	124
293	245
294	273
295	203
296	63
297	192
298	161
299	211
300	163
301	77
302	274
303	168
304	54
305	296
306	84
307	201
308	158
309	69
310	184
311	113
312	85
313	194
314	125
315	259
316	289
317	93
318	6
319	40
320	271
321	51
322	137
323	221
324	175
325	28
326	87
327	234
328	133
329	250
330	99
331	261
332	224
333	195
334	33
335	78
336	23
337	226
338	61
339	251
340	170
341	2
342	223
343	261
344	279
345	154
346	4
347	183
348	198
349	246
350	66
351	27
352	160
353	204
354	101
355	244
356	168
357	240
358	187
359	90
360	230
361	289
362	233
363	37
364	50
365	104
366	82
367	288
368	105
369	8
370	156
371	21
372	202
373	13
374	157
375	97
376	199
377	91
378	115
379	104
380	82
381	215
382	161
383	143
384	73
385	292
386	131
387	287
388	8
389	75
390	132
391	2
392	178
393	239
394	205
395	300
396	128
397	17
398	64
399	31
400	21
401	117
402	134
403	36
404	272
405	11
406	43
407	68
408	227
409	211
410	242
411	18
412	90
413	276
414	182
415	235
416	207
417	79
418	297
419	187
420	287
421	188
422	139
423	295
424	102
425	70
426	147
427	256
428	68
429	56
430	137
431	218
432	276
433	217
434	294
435	7
436	163
437	266
438	282
439	36
440	120
441	294
442	112
443	44
444	180
445	221
446	17
447	114
448	229
449	52
450	159
451	98
452	131
453	118
454	136
455	62
456	281
457	42
458	164
459	39
460	269
461	209
462	19
463	83
464	293
465	35
466	40
467	41
468	22
469	175
470	247
471	105
472	185
473	33
474	269
475	186
476	4
477	71
478	70
479	177
480	57
481	54
482	130
483	179
484	283
485	197
486	239
487	46
488	122
489	183
490	123
491	248
492	14
493	259
494	235
495	255
496	138
497	229
498	254
499	231
500	247
501	206
502	178
503	186
504	285
505	80
506	188
507	12
508	253
509	22
510	257
511	254
512	19
513	189
514	7
515	164
516	191
517	257
518	202
519	258
520	252
521	41
522	128
523	5
524	209
525	198
526	103
527	214
528	272
529	133
530	182
531	206
532	252
533	110
534	219
535	37
536	53
537	253
538	50
539	295
540	81
541	129
542	80
543	218
544	148
545	34
546	96
547	122
548	195
549	65
550	237
551	293
552	14
553	38
554	154
555	71
556	222
557	153
558	265
559	34
560	44
561	277
562	298
563	167
564	125
565	49
566	263
567	138
568	98
569	61
570	222
571	167
572	159
573	13
574	107
575	107
576	141
577	88
578	277
579	112
580	30
581	103
582	145
583	25
584	15
585	123
586	225
587	192
588	124
589	20
590	108
591	153
592	116
593	263
594	73
595	225
596	117
597	46
598	249
599	237
600	249
