Class Times	8
Rooms	20
1	438
2	34
3	806
4	660
5	377
6	55
7	669
8	906
9	716
10	175
11	330
12	999
13	654
14	337
15	396
16	492
17	61
18	439
19	310
20	310
Classes	100
Teachers	50
1	12
2	11
3	2
4	4
5	9
6	39
7	19
8	29
9	30
10	5
11	5
12	35
13	13
14	22
15	41
16	45
17	9
18	22
19	34
20	4
21	34
22	1
23	17
24	37
25	16
26	35
27	33
28	11
29	48
30	31
31	8
32	16
33	42
34	45
35	41
36	32
37	24
38	10
39	18
40	24
41	3
42	21
43	40
44	46
45	7
46	29
47	15
48	10
49	1
50	28
51	13
52	31
53	7
54	28
55	48
56	33
57	37
58	44
59	6
60	17
61	40
62	32
63	18
64	12
65	27
66	46
67	3
68	42
69	38
70	36
71	8
72	43
73	30
74	15
75	2
76	50
77	19
78	36
79	39
80	6
81	50
82	38
83	27
84	43
85	47
86	20
87	44
88	25
89	14
90	14
91	26
92	47
93	20
94	25
95	21
96	49
97	23
98	23
99	26
100	49
