Class Times	8
Rooms	20
1	730
2	940
3	704
4	354
5	924
6	594
7	448
8	22
9	537
10	155
11	764
12	189
13	311
14	334
15	313
16	131
17	556
18	280
19	214
20	52
Classes	100
Teachers	50
1	35
2	8
3	21
4	5
5	37
6	7
7	26
8	37
9	44
10	46
11	22
12	2
13	5
14	46
15	29
16	27
17	31
18	23
19	9
20	30
21	10
22	17
23	12
24	30
25	15
26	12
27	34
28	41
29	23
30	24
31	26
32	35
33	36
34	32
35	1
36	21
37	25
38	32
39	27
40	1
41	13
42	8
43	28
44	33
45	28
46	31
47	45
48	47
49	42
50	15
51	7
52	44
53	41
54	2
55	16
56	10
57	42
58	38
59	4
60	36
61	39
62	16
63	17
64	33
65	4
66	38
67	34
68	13
69	20
70	6
71	14
72	45
73	14
74	47
75	29
76	48
77	39
78	49
79	25
80	50
81	20
82	49
83	48
84	18
85	9
86	19
87	24
88	19
89	22
90	40
91	11
92	50
93	18
94	43
95	3
96	11
97	43
98	3
99	40
100	6
