Class Times	8
Rooms	20
1	652
2	46
3	909
4	231
5	897
6	575
7	56
8	523
9	985
10	787
11	121
12	829
13	487
14	915
15	259
16	811
17	991
18	897
19	758
20	852
Classes	100
Teachers	50
1	30
2	10
3	49
4	41
5	40
6	13
7	37
8	44
9	12
10	47
11	40
12	5
13	35
14	47
15	4
16	2
17	34
18	9
19	20
20	43
21	17
22	16
23	15
24	9
25	46
26	22
27	12
28	19
29	38
30	29
31	30
32	27
33	8
34	48
35	38
36	36
37	21
38	19
39	3
40	41
41	32
42	1
43	10
44	3
45	13
46	32
47	6
48	1
49	2
50	45
51	44
52	17
53	25
54	35
55	5
56	31
57	24
58	22
59	23
60	24
61	25
62	18
63	29
64	36
65	23
66	8
67	6
68	43
69	28
70	11
71	26
72	15
73	46
74	4
75	21
76	42
77	7
78	28
79	16
80	49
81	45
82	48
83	33
84	31
85	27
86	42
87	7
88	39
89	33
90	50
91	26
92	20
93	39
94	37
95	11
96	18
97	34
98	50
99	14
100	14
