Class Times	8
Rooms	20
1	535
2	446
3	341
4	686
5	233
6	605
7	102
8	490
9	932
10	892
11	991
12	815
13	554
14	507
15	448
16	452
17	817
18	405
19	267
20	743
Classes	100
Teachers	50
1	9
2	38
3	24
4	40
5	24
6	27
7	38
8	49
9	17
10	46
11	25
12	36
13	4
14	16
15	19
16	44
17	40
18	35
19	27
20	28
21	44
22	39
23	16
24	46
25	37
26	34
27	12
28	47
29	31
30	10
31	29
32	45
33	32
34	17
35	19
36	13
37	42
38	11
39	2
40	39
41	22
42	49
43	50
44	23
45	21
46	41
47	23
48	13
49	1
50	42
51	22
52	28
53	8
54	32
55	41
56	33
57	10
58	20
59	4
60	12
61	14
62	34
63	29
64	35
65	1
66	45
67	48
68	48
69	30
70	43
71	9
72	33
73	47
74	5
75	25
76	5
77	11
78	26
79	43
80	7
81	18
82	14
83	15
84	21
85	3
86	8
87	6
88	2
89	20
90	18
91	36
92	50
93	7
94	3
95	26
96	30
97	37
98	6
99	31
100	15
