Class Times	8
Rooms	20
1	623
2	367
3	810
4	56
5	733
6	316
7	34
8	579
9	58
10	884
11	496
12	597
13	113
14	536
15	114
16	837
17	189
18	457
19	106
20	483
Classes	100
Teachers	50
1	34
2	48
3	6
4	8
5	37
6	42
7	46
8	25
9	11
10	27
11	46
12	29
13	37
14	6
15	31
16	17
17	11
18	27
19	15
20	45
21	34
22	39
23	15
24	44
25	20
26	21
27	38
28	26
29	31
30	47
31	39
32	33
33	2
34	4
35	14
36	29
37	40
38	43
39	19
40	45
41	35
42	36
43	18
44	8
45	33
46	3
47	10
48	25
49	20
50	12
51	44
52	49
53	24
54	18
55	17
56	49
57	14
58	9
59	19
60	28
61	50
62	1
63	30
64	50
65	40
66	42
67	36
68	35
69	21
70	4
71	23
72	7
73	12
74	13
75	30
76	26
77	23
78	9
79	16
80	5
81	41
82	28
83	22
84	38
85	24
86	32
87	5
88	10
89	48
90	32
91	2
92	3
93	22
94	47
95	13
96	7
97	16
98	43
99	41
100	1
