Course	Room	Teacher	Time	Students
004014	PK264	3996718	31	3432357 3712913 3793612 3653200 3774943 3816466 3583596 
012354	EHIII	0492321	74	3432357 3581786 3771823 3799593 3481532 3797855 3910508 3910761 
012355	SW221	3817289	17	3432357 3771823 3668765 3910741 
015450	DAL6	1083671	76	3432357 3676165 3560199 
004082	TH251	1167978	31	3460718 3580095 3559657 3559857 3558800 3576248 3561098 3599497 3668775 3668816 3668920 
007127	DAL25	3198619	44	3460718 3516442 3559624 3559645 3568950 3577795 3581038 3570123 3690445 3581207 3487623 3518231 3560199 3561402 3581995 3483954 3581249 3510878 3796230 3542887 3692609 3463919 3581192 
007381	TH224	0031611	55	3462240 3575309 3705083 3789573 3816336 3796237 3767997 3521461 3525604 3797206 3592680 3788983 3819645 3711406 3821231 3610681 3595163 3661465 3677885 3816104 3822613 3690652 3768356 3581149 3679221 3695784 3578673 3668777 3668868 3774124 3797605 3797708 3910510 3910539 3910614 3910622 
015243	RCCON	0031631	31	3462240 3552259 3577806 3596492 3694434 3694433 3556617 3574137 3558838 3693219 3668969 3797650 3797806 
002174	DAL212E	3926209	31	3471450 3505157 3580269 3521265 3561074 3581996 3559302 3580251 3574543 3650578 
001765	PK10	3927849	31	3474374 3547282 3693565 3699593 3819309 3462019 3581389 3668801 3797777 3797780 3910677 
003572	TAYE	0024092	44	3474374 3483036 3484746 3502893 3524341 3544254 3547282 3559900 3560687 3575769 3581171 3581870 3699536 3818686 3560511 3540714 3561001 3462019 3551641 3480734 3549052 3561318 3581846 3471190 3578177 3473086 3576230 3580407 3483546 3578488 
005197	TH110	1020104	31	3480728 3581247 3591591 3668538 3559903 3560649 3492423 3577054 3579579 3691228 3914822 3819542 3581981 3668986 3669019 3797808 3797817 
009362	TAYB	0031619	76	3480728 3560858 3581827 3476927 3816463 3691140 3818676 3818746 3579181 3789136 3816970 3823113 3475959 3816993 3797826 3910470 3910583 3910599 3910628 
014551	TH102	0492451	59	3480728 3580796 3667821 3693253 3693565 3816463 3487623 3693224 3694039 3817682 3822535 3695784 3558963 3668858 3797808 3910656 
002568	EHI	1168490	31	3480867 3576013 3581171 3581952 3650277 3560373 3470393 3695024 3651499 3821393 3503382 3581227 3693902 3559591 3645471 3668914 3669044 
011963	CARP13	0409956	44	3480867 3529298 3581609 3651816 3481894 3574137 3560487 3669028 
013712	BYC106	0851717	67	3480867 3524963 3559657 3531305 3581228 3525604 3503587 3574137 3822613 3479311 
006026	PK338	0213446	10	3481391 3493748 3512896 3529298 3544254 3561430 3574967 3580671 3581038 3581870 3582182 3652569 3668195 3818675 3581274 3516634 3797206 3578714 3560167 3560199 3577187 3610671 3816549 3668130 3576230 3630915 3904965 3839352 3845742 3902905 3814107 3826470 3851735 3930296 3930967 3561511 3668775 3668790 3668833 3668846 3668882 3668923 3668952 3669029 3797587 3910584 3910630 
004877	ROSTUD	0031373	31	3481944 3508682 3575908 3580671 3581907 3576753 3579949 3482101 3619255 3691694 3575969 
004888	CARP13	0032827	76	3481944 3581080 3581469 3581907 3579949 3692294 
001770	PK10	3688148	17	3483036 3484746 3568950 3581870 3615055 3557742 3561074 3665045 3549052 3796974 3472140 3668974 
001185	PK127	0123161	31	3483511 3502893 3789070 3695434 3619323 3651605 3820774 3577485 3796007 3576354 3668886 
001248	TAYB	0135660	44	3483511 3559843 3559963 3560858 3576126 3580991 3581830 3557478 3561772 3574866 3521272 3485756 3540124 3574483 3538400 3575735 3580714 3574563 3580259 
013921	TH251	3483424	76	3483511 3559963 3650277 3480868 3521461 3575928 3580326 3575483 3560487 3576522 3668912 
002394	TH251	0020988	4	3483977 3580798 3821006 3821116 3598090 3546417 3579361 3591436 3910503 3910702 3910741 
002409	PK354	3448653	31	3483977 3559645 3581827 3821048 3821116 3561772 3606293 3487623 3668623 3470797 3653119 3226303 3463919 3821632 3666161 3797819 3910563 3910763 
002413	CARP17	1051497	67	3483977 3768025 3797331 3820756 3821006 3821116 3820963 3820010 3689919 3821571 3576763 3498974 3929800 3931474 3653119 3463919 3576512 3666161 3910503 3910527 3910529 3910563 3910673 3910702 
002472	PK336	3208421	44	3485170 3512896 3576231 3576792 3577741 3580095 3479534 3476864 3533093 3540190 3559970 3470797 3546417 3580389 3505185 3540705 3568636 3576763 3397840 3483003 3561098 3668827 3668923 3668972 3669008 
005310	PK200	0493856	74	3485628 3560193 3581827 3819232 3538688 3560649 3561516 3578707 3556617 3577054 3579579 3559462 
005728	PK264	3648007	76	3485628 3650874 3817048 3691694 3650256 3693286 3694415 3668766 
007026	CAN315	3198619	31	3485628 3493931 3606350 3694980 3581249 3585962 3687862 3792443 3692609 3796254 3668763 3668880 3797626 3910561 3910635 
004383	TH102	3451416	67	3481944 3486834 3559624 3575908 3789070 3599536 3575483 3559462 3579361 3655749 3578488 3584685 3668916 3668982 3910515 3910634 
012665	TAYG	3332662	31	3486834 3579028 3577022 3581980 3560770 
002162	PK354	0168378	67	3493748 3496439 3610287 3648550 3690043 3693813 3496673 3650239 3690806 3460343 3591844 3689500 3578747 3668766 3668843 3668871 3668886 3669027 
002164	TH129	0180723	31	3493748 3496439 3581918 3610287 3648550 3667503 3690043 3693813 3496673 3690806 3656490 3460343 3549272 3591844 3694903 3689500 3820380 3578747 3669000 3797863 
011826	TH118	0180723	76	3493748 3496439 3610287 3648550 3667503 3690043 3693813 3496673 3650239 3690806 3460343 3591844 3694903 3689500 
006557	DAL212E	0031573	76	3493931 3592208 3692514 3576011 
004355	DAL10	0847593	76	3497948 3796732 3574542 3690204 3789315 3930303 3764613 3929237 3910179 3929241 3851913 3904334 3915042 3929167 3676089 
007899	EHIII	0821481	67	3497948 3651243 3821088 3612203 3797631 3797710 3797764 3797833 
012284	PK126	0031386	31	3497948 3651243 3574542 3668752 
001839	TAYE	0898918	74	3497993 3538202 3560256 3579723 3581038 3629467 3652276 3668196 3689375 3693789 3694428 3712888 3817668 3823130 3558739 3591591 3692440 3817962 3580211 3816722 3668420 3817487 3560167 3577187 3591211 3513947 3596713 3479311 3560487 3576512 
002160	TH104	3926209	76	3497993 3574519 3629467 3651487 3652276 3666801 3668196 3671851 3692796 3693789 3695368 3712888 3715444 3768197 3817668 3820588 3820732 3426943 3580211 3611135 3816722 3821069 3721962 3579645 3652353 3816554 3722926 3821097 3581596 3694754 3716638 3680751 3816483 3821166 3651605 3695543 3930705 3846717 3861339 3915054 3930864 3710991 3669028 
015454	PK264	0058557	74	3502893 3650874 3455037 3480734 3581315 3585962 3680751 3602435 3910497 
002182	DAL10	0428815	44	3505157 3579723 3580269 3516634 3574558 3581605 3471447 3559149 3577187 3580251 3549272 3574543 3650578 
003427	ROSTUD	3818518	76	3505157 3578240 3667404 3691983 3699561 3577054 3668817 3910483 3910763 
006044	PK278	0207327	74	3505157 3559534 3574349 3576879 3577703 3578804 3581282 3581952 3651243 3667273 3691981 3797331 3820030 3821439 3579949 3632881 3692771 3692098 3715155 3789493 3574873 3820257 3651499 3821393 3492423 3694006 3478356 3575898 3595641 3629518 3691416 3694417 3789055 3820032 3492361 3556970 3631215 3651605 3690361 3695554 3818782 3475959 3477425 3576002 3578252 3581913 3694236 3462565 3577485 3580397 3581375 3650596 3668748 3668782 3668878 3668968 3668978 
004869	DAL212E	0053518	17	3508682 3560687 3575908 3577795 3581469 3576753 3482101 3580714 3692294 3558963 3668770 
015469	TAYSEM	3451416	76	3508682 3695292 3815902 3561026 3638956 
008500	TH110	0031619	44	3480728 3510665 3574047 3578036 3694791 3503630 3485774 3561660 3514095 3559537 3577167 3581999 3576037 3577590 3578781 3559476 3578861 3668870 
008786	BYC106	3818518	31	3510665 3665300 3691981 3790792 3581962 3788983 3816549 3820397 3821269 3668967 3668988 3797665 3821552 
011322	TH223	0028980	67	3510665 3480868 3485774 3561511 
013620	GOCOM	1020104	76	3510665 3540662 3577795 3665300 3790792 3816180 3632720 3579579 3769494 3668911 3797586 3910509 3910591 3910756 
002456	RCSEM	3839983	31	3512896 3577741 3668849 3669008 3797644 
004803	DAL1	0031373	67	3512896 3560687 3578811 3717144 3538688 3470846 3597365 3929864 3811886 3830308 3915332 3827187 3910937 3668821 3797822 3910609 3910630 3910644 3910675 3910684 3910692 4086488 
010314	PK229	0402773	5	3514964 3543742 3576792 3820745 3678350 3820885 3821440 3668623 3691616 3687862 3821588 3905460 3930683 3908117 3822218 3930817 3819269 3901413 3903896 3458065 3846920 3850568 3904645 3905871 3591436 3691783 3692316 3790306 3578747 3768303 3819196 
002635	EHII	3393853	76	3519078 3816832 3820963 3668130 3818770 3820587 3929419 3901004 3576990 3929812 3956133 3915028 3768303 
003474	GOCOM	3318436	67	3524341 3634695 3667404 3691983 3699536 3695292 3480999 3561026 3694101 3578177 3629518 3619323 3630915 0238986 
012730	CARP13	3554810	74	3524341 3699536 3485774 3768555 3551641 3995719 
014534	DAL1	0031631	76	3524963 3816336 3712913 3480999 3699613 3821231 3690733 3503587 3817682 3580586 3559731 3668804 3668939 3668959 3797656 3797680 3797862 3797881 3910535 3910537 3910720 3910571 
015115	TH129	0820103	44	3524963 3621523 3635008 3531305 3711406 3558838 3690652 3823113 3581456 3689893 3692915 3774116 3576457 3668873 3668984 3669024 3797634 3797681 3797823 3797862 
001473	TH118	3555417	31	3540662 3574967 3578963 3579687 3580991 3581903 3483306 
015416	TH251	3194197	7	3543742 3578804 3692786 3581962 3540428 3575971 3580383 3603544 3797665 3797833 3797862 
003485	TH102	0024092	31	3529298 3544254 3560858 3790825 3818686 3455037 3592208 3690204 3851846 3575971 3768303 3700270 
013274	TH102	3443571	76	3544254 3689402 3692766 3694813 3455037 3560511 3561001 3851907 3480734 3471190 3616872 3669280 3690020 3581389 3580407 3692761 
013643	CARP15	3470325	76	3547282 3557742 3674492 3667311 3692164 3668930 3797794 
007380	PK259	0987494	5	3497948 3552259 3621523 3630501 3651750 3693084 3705083 3501476 3581274 3821008 3817260 3651816 3796723 3610681 3817427 3579116 3677885 3814296 3578861 3580912 3667676 3695784 3796007 3819613 3668787 3797839 
006042	TH104	0031526	17	3559534 3577703 3578240 3581282 3610120 3651243 3797331 3820030 3579949 3715155 3578842 3789493 3820257 3616918 3821393 3492423 3595641 3564528 3653200 3629518 3691416 3694417 3789055 3820032 3493704 3631215 3690361 3693612 3695554 3818782 3475959 3694236 3820038 3576248 3577485 3579864 3487429 3669037 3797628 3797649 3797826 
014550	TH116	0695890	44	3559534 3561430 3577806 3581282 3652569 3796906 3715155 3818480 3774021 3595163 3817682 3579092 3956133 3931929 3576431 3668761 3668990 3692018 3910462 3910540 3576333 
002567	TAYD	3393847	4	3559624 3576013 3576020 3576879 3581201 3689845 3708638 3821179 3821554 3693902 3789055 3820032 3678357 3819143 3668753 3668760 3669030 3669044 3797599 3797610 3797702 3910486 3910490 3910519 3910563 3910634 4094953 3910579 
008420	CARP17	0125630	59	3559645 3821048 3712913 3678350 3692098 3488858 3816549 3820961 3578921 3678357 3796974 3820491 3905822 3814776 3930890 3914371 3929644 3833424 3834370 3851735 3901669 3817981 3805981 3797676 
008479	EHI	0031619	67	3559645 3578036 3602816 3694791 3692786 3693253 3559903 3574558 3652396 3488858 3514095 3578910 3577590 3823113 3502364 3668870 3797784 
001771	PK336	1061058	76	3559900 3578842 3544945 3463199 3579414 3669019 
003433	TH116	0995587	59	3559900 3581171 3615055 3712286 3781152 3797532 3818274 3818675 3819332 3609407 3768625 3819309 3816104 3843810 3930025 3929575 3823438 3788919 3821766 3844962 3768620 
013168	PK10	0031359	7	3559900 3560687 3575769 3818686 3694980 3581846 3699613 3592325 3693612 3668863 3668955 3668987 
014563	PK200	0135660	31	3559963 3630526 3651465 3651486 3485756 3579645 3559149 3538400 3774808 3651606 3684090 3910621 
006846	TH224	3461209	7	3538202 3560256 3689375 3725997 3728679 3817668 3818024 3823130 3817962 3611135 3692098 3821197 3816992 3591774 3656490 3549272 3581999 3708949 3680751 3789283 3540705 3559857 3666570 3819143 3477425 3790244 3576512 3651606 3652350 3668749 3668759 3668798 3668894 3668918 3668979 3797737 3910498 
008468	RCCON	3839981	76	3561430 3575071 3575898 3821269 3821552 
007372	DAL300	0603646	17	3485170 3574047 3621523 3635008 3796906 3693253 3797429 3796723 3820729 3691616 3693224 3694433 3580248 3595163 3661465 3560487 3789529 3768686 3576473 3484374 3514920 3596193 3669002 3669084 3797877 3910462 3910500 
001465	RCCON	3098022	44	3540662 3574967 3578963 3579687 3582182 3581903 3666175 3491953 3668386 3789315 3639603 3650256 3580139 
013212	RCCON	3996564	23	3574967 3792443 3672031 3914750 3616206 3666520 3797733 3910476 3910531 3910539 3910635 3910652 3910717 
004304	BYC106	0492580	76	3575769 3580217 3479534 3485756 3561660 3581135 3546417 3557244 3505185 3568636 3668891 
002433	PK126	0697660	67	3576792 3479534 3598090 3690346 3580389 3668849 3668868 3797744 
006879	PK229	1167884	31	3576879 3579291 3482288 3558543 3564528 3580955 3465332 3581192 
006059	DAL25	0409737	4	3577109 3578811 3581952 3580584 3692771 3561084 3577022 3694426 3580114 3581135 3482288 3555932 3575916 3478356 3564528 3513947 3581077 3822535 3581913 3560770 3650596 3487429 3668782 
006587	PK200	0031478	44	3577109 3581098 3581228 3576011 3506324 3579116 3579414 3510971 3558528 
003004	TAYD	3473854	76	3577703 3579028 3650225 3690778 3819598 3820030 3821359 3820037 3581846 3817637 3796926 3797576 3797628 3797649 3910479 3910502 3910523 3910532 3910538 3910543 3910586 3910588 3910629 3910642 3910683 3910688 3910725 3910746 
002463	TH223	0031373	76	3577741 3533093 3540190 3668849 
011191	ROSTUD	3213249	74	3578036 3665300 3581455 3820397 3930731 3478343 3559476 3668923 
008824	PK227	0031572	44	3578804 3483640 3540428 3575971 3559225 3668924 
006863	TAYB	0031347	55	3576879 3579291 3580095 3579094 3693921 3482288 3558543 3564528 3694903 3465332 3479838 3578252 3581192 3505134 3668814 3797678 3797705 3797735 3797870 
004022	BYC239	0854975	76	3578963 3579687 3705083 3581663 3585962 3768034 3581786 3694668 3930301 3580383 3910551 
011865	PK127	3818521	67	3580217 3581962 3581220 3561229 3579181 3458061 3576623 
007887	PEMSTD	0772775	76	3580671 3711797 3821088 3910489 3797710 
015446	TH129	3819183	67	3580671 3581247 3630526 3651486 3817379 3570123 3668538 3819230 3581249 3575266 3668365 3820587 3852217 3889653 3930052 3904334 3609553 3581981 3464396 3797606 
013192	BYC106	3459335	17	3581085 3581920 3591591 3692440 3470393 3581081 3668420 3481894 3557244 3591211 3581232 3579143 3668966 
013658	PK264	3393847	67	3576013 3581171 3581227 3693902 3668787 3797614 3910737 
010968	PK10	3995790	67	3581201 3716357 3569865 3821632 3797667 
005284	SW8	0031373	44	3581827 
004279	PK227	3818521	74	3581918 3651365 3632720 3820885 3667674 3651439 3694810 3821269 4000229 3583596 3684090 3910605 
008773	PK227	3194197	76	3581918 3691981 3818024 3661465 3839352 3668843 3797821 4086254 
003454	PK25	0599596	31	3581920 3650874 3689402 3691983 3692766 3694813 3818675 3557742 3796237 3819230 3851907 3694101 3690733 3630915 3602435 
010731	PK127	0207327	76	3581952 3692771 3561084 3580114 3513947 3581980 3462565 3668782 
014543	EHI	3098022	17	3540662 3580796 3582182 3704166 3796732 3666175 3693185 3597365 3650736 3818676 3768972 3771747 3789246 3914371 3914820 3819433 3684090 
015419	TH110	3098022	7	3540662 3574967 3580796 3582182 3704166 3796732 3581903 3666175 3693185 3650736 3768972 3914371 3858245 3914820 3580912 3819433 3620520 
006029	PK278	3470402	10	3602816 3651465 3690799 3705083 3710476 3768025 3796906 3816960 3819598 3821439 3649880 3821077 3821179 3632720 3650239 3692098 3820963 3821554 3711797 3819177 3818480 3821440 3788990 3774021 3581455 3653200 3716638 3816483 3817637 3651605 3667464 3699567 3769368 3818770 3930303 3823262 3929237 3903138 3930817 3799474 3824188 3901413 3904620 3908300 3930547 3668378 3822912 3846920 3915026 3915267 3928966 3929468 3360165 3930083 3576002 3691783 3790306 3821643 3821047 3419024 3721994 3910498 3910543 4093813 3652959 
008770	TAYD	3554385	23	3602816 3651465 3768025 3796906 3823130 3575071 3820729 3797564 3817427 3630474 3669069 3691416 3577590 3612623 3769368 3819143 3852520 3904965 3823438 3910347 3823271 3846234 3913862 3817981 3848104 3692915 3668964 3669019 
013185	PEMSTD	3420576	44	3602816 3668366 3559903 3652396 3691140 3581851 3797676 
007377	TH224	0031522	10	3485170 3606350 3621523 3667385 3712913 3716357 3820010 3689919 3818746 3822613 3612623 3668365 3789136 3821016 3931959 3910347 3915028 3667453 3790928 3931688 3668787 3774124 3797612 3797636 3910506 3910510 3910515 3910549 3910555 3910583 3910594 3910610 3910622 3910651 3910672 3910680 
011321	TH111	0028980	74	3575309 3606350 3668366 3690800 3694481 3652273 3690445 3538400 3580346 3668915 3668938 3669011 
006854	BYC106	0750235	7	3610120 3792350 3818773 3789493 3584557 3694738 3612203 3667464 3820965 3929237 3824188 3822912 3823387 
001151	PK243	0031388	31	3560193 3611048 3816764 3817177 3818274 3574866 3667654 3797164 3819628 3537536 3558796 3816708 3714653 3683644 3692862 3771747 3819372 3764422 3797576 3815949 3820992 3929165 3931971 3797266 3913786 3914928 3768588 3930614 3901254 3901790 3905868 3911124 3929635 3930162 3931001 3851345 3953805 3792406 3464396 3676089 3910738 
002562	CARP21	3792642	55	3615055 3689402 3690799 3694813 3781152 3797331 3821044 3821048 3693565 3821077 3560649 3695373 3851907 3576011 3820729 3559970 3577984 3581999 3693368 3580714 3694738 3818227 3492361 3580259 3652339 3678357 3860451 3811886 3914750 3930047 3823278 3903909 3913674 3848415 3906250 3910422 3930137 3848104 3796254 3668816 3668885 3668910 3668967 3797607 3797669 3910469 3910480 3910497 3910572 3910636 3910678 3910686 3910717 
007877	PK264	0031386	44	3615055 3817048 3693557 3811886 3858042 3695784 3818029 4086413 3820212 
004065	ROSTUD	0854975	67	3683644 3650578 3905715 3668974 
006035	PK100	0409737	23	3574349 3578240 3629951 3691981 3820745 3821439 3580584 3632881 3820405 3694426 3581135 3482288 3492423 3575916 3478356 3575898 3774021 3503382 3581077 3581232 3692862 3492361 3493704 3631215 3695554 3956133 3578252 3581913 3820038 3462565 3579864 3645471 3581127 
002992	PK278	3473854	55	3483511 3630501 3663306 3730202 3764157 3521265 3651585 3819230 3652273 3580251 3797084 3816549 3687862 3689919 3789055 3575266 3790492 3815949 3816486 3930301 3672031 3915036 3824450 3930303 3464954 3854723 3764613 3930034 3789246 3914724 3904320 3616206 3817507 3819269 3908300 3913815 3914813 3930102 3811941 3823271 3823311 3851913 3858245 3904101 3912597 3914814 3915267 3928890 3929468 3929679 3929883 3929954 3930042 3930118 3930135 3930168 3931474 3914502 3929979 3580256 3819542 3579864 3609553 3816466 3693241 3668826 3797760 3910468 3910646 
011045	EHIII	3213249	76	3630501 3665045 3538400 3651293 3796007 3910632 
005845	TH102	3212821	17	3650225 3722992 3690445 3815902 3816992 3581315 3818746 3797266 3464954 3692164 3824908 3913807 3759092 3798513 3844962 3768458 
014135	PK100	0493855	4	3474374 3650225 3690516 3690799 3699536 3717144 3789070 3816832 3819232 3815902 3819309 3665045 3819177 3693092 3796723 3578177 3690733 3577054 3768972 3771747 3818746 3579579 3796974 3817419 3823151 3956133 3903861 3819585 3668832 3668916 3797606 3797665 3910646 3910710 
004280	PK100	0949010	31	3651365 3632720 3667674 3639603 3694810 3694039 3458061 3627845 3668767 
011861	PK126	3995790	44	3651465 3821439 3556617 3905822 3910179 3609553 
008447	PK328	0132890	4	3651486 3579094 3693253 3797206 3816463 3580251 3774021 3514095 3691140 3709927 3576037 3668130 3817682 3818762 3691228 3695022 3764207 3790492 3913396 3929167 3668879 3797684 3910539 
008763	TH224	0899465	59	3474374 3651486 3818480 3470846 3666570 3689328 3774808 3818122 3931959 3860451 3930034 3914724 3871572 3930676 3816108 3823755 3902614 3902667 3902905 3903092 3929849 3823228 3902759 3910185 3913863 3914498 3915267 3929679 3930026 3930118 3930162 3931323 3475959 3915038 3930070 3816924 3580586 3580912 3818029 
007368	PK243	0162977	4	3651487 3663306 3667404 3699561 3797532 3768088 3768339 3818480 3595641 3693185 3797084 3817427 3816104 3820395 3559172 3693557 3930705 3910343 3858715 3797168 3692164 3903986 3904965 3904320 3904411 3914745 3816997 3807883 3816756 3821958 3823405 3902905 3903092 3929810 3930237 3930469 3930547 3930891 3811941 3821766 3826470 3871577 3910848 3911048 3928966 3930220 3863747 3931929 3692316 3655749 3724014 
001156	CARP13	3208421	31	3651750 3710476 3668365 3822218 3789439 3931474 3910690 
001755	SW8	3927849	76	3663306 3668772 
015116	CARP13	3839981	17	3665300 3599536 3498772 3559970 3488858 3580346 3592325 3910483 
004835	PK100	0032827	44	3629951 3667749 3710476 3790825 3816180 3816764 3820479 3821359 3694426 3559302 3821008 3597365 3613455 3768034 3789464 3820032 3559612 3820380 3901481 3397771 3819585 3820958 3483042 3519726 3668763 3668832 3668839 3668851 3668957 3669010 3797605 3910464 3910745 
011044	PK337	3213249	31	3483036 3667749 3694791 3730202 3692519 3764207 3901669 3820958 3690845 
013614	PK336	0375562	7	3667749 3816960 3821044 3821439 3820405 3821179 3821359 3821008 3820037 3653200 3613455 3817637 3821571 3498974 3576355 3668867 3668941 3797641 3797653 3797723 3797790 3797798 3910624 3910695 3910754 
005263	ROSTUD	3898278	17	3667821 3690516 3668538 3503630 3561318 3561516 3796230 3478343 3556594 3559476 
012729	GOCOM	3554810	31	3667821 
006565	EHLEC	0031399	31	3668195 3692514 3576011 3579116 3819676 3579414 3510971 3669024 
004274	TH104	3092832	5	3561430 3576231 3581907 3675467 3676165 3694481 3576753 3694980 3579645 3694810 3577590 3769368 3464954 3823094 3901004 3823391 3902667 3910870 3930485 3579867 3759092 3913862 3818805 3519499 3575969 3578075 3816993 3578488 3576457 3583596 3666161 3668827 3668941 3793534 3797760 3797849 3797870 3910556 3910595 3910686 4000476 4086245 4086363 4086461 3797600 
006023	PK20	3839982	53	3675467 3695145 3816832 3820479 3609407 3692440 3789507 3480868 3598090 3665045 3462019 3788983 3549052 3694012 3817260 3821059 3601391 3575483 3819304 3820397 3821269 3689328 3694668 3789529 3796230 3796926 3816486 3817419 3930705 3906818 3908117 3814239 3914724 3819393 3871572 3914750 3929815 3930025 3930676 3929800 3768515 3816756 3819269 3823391 3823405 3824908 3852791 3857764 3910870 3913210 3913674 3914754 3914875 3929235 3929241 3929776 3579867 3762625 3821687 3823402 3833424 3839910 3851913 3861195 3910185 3913185 3914354 3914498 3914814 3915042 3929635 3930042 3930168 3929651 3823307 3863747 3930070 3820958 3821034 3483059 3519499 3819613 3668972 
003467	TH251	3443571	74	3676165 3581846 3578177 3669280 3619323 3666520 3819613 3620520 
009386	TH102	0031388	4	3540662 3560858 3676165 3704166 3557478 3796237 3521272 3797164 3471447 3574483 3819367 3639603 3694101 3666995 3846920 3544262 
001768	BYC106	3474420	44	3689402 3578842 3560167 3693092 3817261 3823387 3581375 3668935 3669012 3797696 3797821 3910496 3910544 
008769	PK229	3996170	74	3690799 3694791 3821048 3476927 3699593 3480592 3561280 3693185 3589576 3764422 3814239 3814296 3816963 3759552 3843810 3904411 3929586 3788743 3816756 3901481 3914371 3788616 3826470 3833424 3905885 3910422 3915040 3928966 3929222 3805981 3638594 
001767	TH251	3474008	59	3575769 3692766 3694813 3699561 3580584 3695292 3651816 3821088 3820395 3577146 3797671 
008774	PK127	0031572	74	3692766 3790792 3788983 3579092 3807883 3913164 3692609 
006050	BYC239	0554585	44	3578811 3667273 3580114 3555932 3561280 3694797 3650596 
001840	TH116	0056992	23	3471450 3694428 3789573 3818025 3819332 3796237 3638301 3592680 3483640 3613455 3785953 3796247 3818762 3818807 3819304 3821254 3579181 3666570 3694668 3790244 3668966 
002151	PK278	3415849	67	3675467 3693084 3694712 3722992 3728679 3789573 3818025 3819332 3764208 3768625 3817487 3482101 3606290 3693712 3596713 3608602 3694039 3773692 3785953 3789288 3796247 3818762 3818807 3819304 3821254 3560487 3671929 3694668 3717137 3774808 3789529 3818064 3820768 3820965 3905460 3930302 3869959 3819393 3854016 3914750 3929586 3929812 3795919 3801768 3808480 3823438 3929704 3930253 3930678 3817969 3852207 3861195 3901691 3901722 3903994 3914251 3914515 3902440 3521001 3833378 3915029 3716140 3627845 4086300 
005180	RCCON	3819183	17	3581247 3546891 3693276 3687862 3612203 3699567 3814239 3762625 3581375 3695201 3578488 3816466 3576457 
005724	PK337	3392421	76	3575908 3695145 3821162 3668538 3797192 3821016 3819542 3561511 3668770 3668917 3870878 3910590 3910617 3910646 4086475 
014567	PK278	0056992	5	3648550 3651465 3695145 3789806 3816336 3692786 3788897 3574558 3561660 3819645 3821231 3591844 3816483 3631215 3699567 3789175 3816860 3790857 3902439 3902404 3906818 3909951 3771823 3854723 3907037 3823262 3834985 3914696 3930025 3930047 3759024 3799474 3799593 3816108 3820858 3845742 3858042 3902911 3903861 3913807 3914875 3929235 3929849 3930831 3930891 3822778 3847728 3911054 3913164 3913671 3913863 3915040 3929954 3930841 3931962 3722764 3863747 3915038 3930070 3930608 3483059 3517604 3578673 3910583 4086224 
014569	PK229	0898918	17	3818686 3821077 3576037 3694797 3816104 3858715 3909951 3915088 3901004 3913606 3930544 3860357 3768515 3822995 3903861 3903909 3788616 3851735 3905885 3910848 3913164 3915043 3915203 3930026 3930674 3929651 3843290 3489089 3517604 3578673 4086224 
002872	PK354	1084458	44	3704166 3557742 3656490 3768972 3612427 3667311 3832060 3798513 3827187 3829442 3797324 3580340 3712905 3544262 3797586 3910472 3910626 3910753 
013644	PEMSTD	3470325	31	3712286 3910478 
002367	DAL300	3208421	7	3716057 3821004 3561074 3820257 3820010 3689919 3819380 3852520 3930683 3797168 3914906 3903092 3914813 3929241 3914498 3930118 3930137 3929651 3653119 3679221 3818805 3669002 3910563 3910655 3910741 3756293 3908683 
015246	TAYD	0820103	17	3559843 3596492 3819332 3476927 3708638 3692514 3767997 3819645 3775417 3556617 3612623 3689328 3768356 3789136 3816970 3823755 3929222 3581149 3666520 3679221 3667676 3655393 3576460 3797839 3910502 3910515 3910576 3910712 
007006	TH224	3198619	67	3764157 3819309 3694012 3585962 3579092 3930301 3860451 3915088 3907037 3816963 3930890 3789439 3910179 3930047 3845742 3913210 3915044 3929644 3930469 3759337 3912597 3914166 3914676 3930967 3817261 3930083 3666520 3821034 3819196 3759872 3797772 3797835 3910592 3910666 3910725 3620520 
015012	DAL25	0827051	31	3764157 3905822 4086244 4086385 
006024	TAYG	0031526	44	3820885 3608097 3581220 3852520 3930683 3822218 3903520 3860357 3930047 3903896 3914344 3914813 3930678 3458065 3848415 3850568 3901254 3904251 3904645 3905871 3913863 3914820 3915040 3929679 3930674 3843290 3848104 3856450 3591436 3816993 3820974 3797683 3797724 
001763	CARP25	3474420	31	3781152 3796964 3581207 3768555 3768339 3575266 3678357 3797598 3910564 3910714 
002153	PK227	1167863	67	3789806 3797164 3491953 3483640 3821166 3666570 3929815 3914344 3821643 3693840 
005847	SW221	0031582	74	3790825 3819230 3848415 3852806 
015433	RCSEM	0321808	67	3712286 3790792 3790825 3581609 3592680 3493704 3820380 3910321 3929468 3689893 3821886 3797629 3910686 
004013	CARP25	3460456	76	3717144 3792350 3816960 3821008 3819177 3821180 3823151 3795919 3929644 3930485 3816530 3910937 3486653 3818029 
001423	PK100	0853792	59	3796732 3816832 3821044 3666175 3668386 3655428 3789315 3819367 3650736 3608602 3768972 3671929 3769368 3929864 3823094 3910321 3823151 3830308 3759024 3914754 3914968 3579867 3666995 3759092 3798513 3480937 3797870 3910493 3910654 3910745 4086246 4086488 
008764	CAN315	3554385	44	3483977 3796964 3690806 3852217 3930302 3814776 3913606 3889653 3816997 3823405 3903833 3914875 3930260 3759337 3226303 
011076	TH129	0826964	10	3651750 3796964 3797429 3619255 3693224 3630474 3677885 3691416 3789464 3797192 3689328 3816970 3788919 3846234 3931323 3579864 3692915 3724014 3693219 3668884 
004735	DAL2	1084458	31	3797532 3668386 3789315 3612427 3703938 3797651 3910475 4086331 
007900	DAL2	0470839	76	3615055 3789070 3815898 3561318 3574639 3797631 3797679 
014128	TAYSEM	3555417	67	3581907 3816180 3581149 
005159	TH129	1084458	76	3712286 3775417 3871572 3931929 3506165 3910626 3910713 3910758 
007881	TAYSEM	0470839	74	3851907 3683644 3796254 3820958 
002564	EHI	3792642	76	3817379 3708638 3820257 3503382 3789055 3578921 3360165 3222918 3668753 3797735 3910527 
008800	RCSEM	0031572	76	3818675 3788990 3498772 3797084 3603544 
004009	TAYF	1166368	23	3547282 3580796 3610120 3818773 3819232 3560649 3767997 3821088 3513947 3677885 3789464 3668365 3790492 3824450 3914745 3823192 3852791 3914968 3929776 3930054 3821766 3914820 3914822 3930168 3930767 3843290 3931929 3679221 
006518	TH110	1021242	67	3820378 3667385 3797429 3797206 3816463 3820885 3821440 3651499 3558543 3817427 3910870 3769494 3906250 3580407 3645471 3816993 3576354 4086464 
006525	TH251	0031573	44	3815898 3820378 3759552 3905715 3915028 3915042 3805981 3797767 3797843 3910528 3669014 
009262	TH116	3995790	31	3820030 3820378 3789507 3820405 3821179 3820032 3559815 3797668 3797714 3910586 3910600 3910672 3910722 
001844	PK200	3926311	17	3820745 3823130 3558739 3480868 3580211 3816722 3470846 3694101 3568636 3558528 3576522 3797671 
005722	PK336	3648007	74	3717144 3820745 3518231 3711406 3819380 3929864 3931889 3869959 3903986 3930890 3823391 3903909 3915044 3915332 3668378 3788919 3827187 3829442 3834370 3839910 3901484 3901669 3911124 3914166 3914676 
005121	TH118	3400071	67	3821004 3708638 3693092 3458065 3901254 3910761 4086247 
014755	PK180	3648110	31	3501476 
003019	PK126	0375562	17	3690778 3819598 3570123 3821359 3821008 3556970 3821588 3715174 3821034 3797629 3910469 3910558 3910754 
007125	CAN315	0162976	23	3460718 3570123 3692771 3581207 3694012 3578707 3581995 3695434 3510878 3580256 3695510 3668820 3668854 3668870 3668874 
012733	CARP15	0772775	44	3497948 3574542 3524066 3577146 3525384 3668752 3668917 3797770 
011862	DAL212A	3995790	76	3581247 
006509	TH110	3451414	53	3493931 3690800 3632881 3581098 3592208 3692514 3819676 3695022 3814296 3930237 3930485 3816530 3931323 3768620 3821643 3558528 3797806 3910614 
013636	DAL25	0605187	76	3649880 3558543 3694236 3650596 3487429 3821047 3668758 3668937 3797669 3797670 3797690 
015113	PK259	0820103	7	3667385 3503630 3525604 3796723 3540190 3558543 3513947 3581232 3576763 3930865 3789246 3904411 3929815 3904620 3930054 3846234 3856450 3397840 3581149 3581913 3575969 3695510 3655393 3576457 3668760 4000476 
007391	TH223	0031631	44	3692628 3480592 3667676 3650228 
004377	PK227	3451416	31	3815898 3581663 3575483 3638956 3559462 3693581 
001749	PK126	3460008	7	3538688 3471190 3580326 3819372 3817419 3930034 3843810 3903896 3839910 3844962 3910422 3797658 3797694 
013615	TH111	3473854	44	3577022 3695024 3581913 3576248 3668860 3668867 3668880 3668881 3668947 3669006 
015422	EHIII	0028980	31	3910617 
003493	TH223	0138190	17	3694980 3561026 3559612 3602435 
002572	DAL212E	0564741	7	3576013 3581952 3470393 3695024 3651499 3575916 3581227 3693902 3559591 
004011	CARP17	1167978	76	3715155 3551641 3820395 3931158 3820491 3797168 3771823 3823094 3789439 3819393 3929800 3817507 3823092 3666995 3811941 3823311 3861195 3871577 3910848 3912597 3930967 3397771 3821034 3695201 
001845	TH110	0123161	76	3668366 3789573 3768625 3788897 3797164 3652396 3789529 0238986 3668780 3668907 3668924 3668934 3668984 3700270 3797671 3797697 3910652 3797797 
011035	DAL212A	3998660	17	3576126 3817048 3768088 3651439 3619323 3823092 3668378 3913185 3580912 3821886 3821195 4086287 4086348 4086432 3820212 4093815 
013216	EHI	3318436	7	3817048 3711797 3768555 3768088 3575928 3616872 3797192 3818770 3820992 3931158 3832060 3929575 3871577 3901484 3902759 3910937 3911048 
004739	TH111	1084458	67	3483306 3650736 3668758 3668795 3668965 
005168	TH223	3483424	31	3485774 
001430	PK336	0020093	31	3491953 
002712	CARP17	0138190	31	3574475 3668823 3668842 3668848 3668955 3669004 
004292	RCCON	3092832	74	3581962 3581220 3561229 3579181 3627845 3633806 3797728 
001453	TH111	3555417	76	3668386 3650736 3608602 
015420	PK10	0028980	76	3559645 3690445 3655428 3487623 3488858 3580346 3592325 3796230 3768686 
015135	PK264	3899727	4	3694428 3591591 3638301 3608097 3560167 3693276 3472549 3576512 
014113	TAYB	0827051	74	3819598 3821554 3610681 3818227 3559172 3671929 3816486 3823278 3904251 3691265 3910516 3910586 3910632 3910660 3910672 4086280 4086341 4086493 4086506 
014441	PK264	3786642	5	3667821 3592680 3540705 3668916 3668924 3797690 3797700 3910646 3910677 3910744 
011964	SW8	0409956	31	3608097 
003447	DAL212E	0031359	74	3818773 3655428 3768034 3764613 3790928 3913159 3856450 3913396 3544262 
002676	DAL212E	0031572	67	3690204 
002686	PK126	0138190	74	3568950 3592208 3690204 3711797 3797640 
013650	GOCOM	0032205	74	3540124 3575928 3514095 3559857 3693219 
014990	TH116	3448653	76	3716057 3632881 3694810 3816181 3903833 3914968 3814107 3822912 3852806 3913164 3913862 3914814 3930162 3691783 3818805 3463919 3797618 3797664 3797728 3822886 4086305 
005258	CARP15	3819183	74	3579687 3557478 3693092 3668935 3797586 3797821 3797850 3910528 
015421	TAYSEM	0028980	44	3580586 3660063 
001547	RCCON	1054236	67	3819645 3503382 3613455 3771823 3483042 3910622 3910707 
012320	SW221	3995790	4	3716057 3821393 3610681 3929419 3910586 
015412	PK200	3392421	67	3540428 3555932 3580159 3575735 3599497 3669004 3797653 
015414	RCCON	3415849	7	3580217 3667503 3608097 3559149 3651439 3716638 3574543 3576623 3668767 3668826 3797647 3797676 3910668 
004036	PK264	3460456	17	3598090 3768339 3561402 3699613 3584557 3914166 3796254 3668882 3795999 3797848 
011064	DAL300	3195964	31	3561516 3630474 3669069 3797620 
002469	TH111	1051497	31	3580798 3821162 3580159 3601391 3690346 3695027 3498974 3668831 3910691 
003006	PK10	0492580	44	3821162 3580159 3601391 3695027 3498974 3910691 
011063	PK264	3195964	23	3493931 3516442 3650225 3820961 3580346 3589576 3690020 3889653 3816924 3581851 
007395	DAL1	0162977	31	3575309 3797429 3711406 3694754 3661465 3580912 3668943 3797656 
005211	SW221	0493856	31	3575898 3817637 3910630 
006542	CARP13	0138190	7	3606290 3819676 3820395 3579414 3929810 3519726 3581851 
011986	CARP13	3470325	67	3775417 3832060 3903520 3903138 3852806 3913159 3797324 
014127	ROSTUD	3555417	44	3775417 3816970 3931158 
004839	PK10	1051497	74	3710476 3821180 3818805 3819585 3820900 3821886 3797605 3797621 3797644 3797734 3797880 3910713 
015501	CAN315	3996454	74	3576231 3768025 3561772 3485756 3476864 3581135 3533093 3580389 3540705 3226303 3561098 3576521 3668849 3797819 3797849 
015423	TH102	3430434	7	3540714 3487034 3506324 3520100 3559537 3577167 3580248 3581315 3610671 3639772 3674492 3709927 3797564 3816181 3818771 3668956 
015424	DAL212A	0695890	67	3540714 3487034 3506324 3520100 3559537 3577167 3580248 3581315 3610671 3639772 3674492 3709927 3797564 3816181 3818771 3668956 
015425	DAL212A	0058557	31	3540714 3487034 3506324 3520100 3559537 3577167 3580248 3581315 3610671 3639772 3674492 3709927 3797564 3816181 3818771 3668956 
014629	TAYD	3575049	31	3518231 3560199 3561402 3581995 3690020 3695022 3668946 3669033 3797673 
015444	DAL6	0162976	31	3581455 3580256 3560860 
004066	SW221	3996718	76	3460718 3597365 3820900 3668816 3668851 
015432	PK264	0129398	7	3576020 3819177 3580251 3691694 3774943 3789055 3558838 3581981 0238986 
014627	CAN315	3575049	7	3578036 3606350 3609407 3524066 3498772 3693712 3576037 3630474 3695022 3764422 3768356 3556594 3458061 3668834 3668936 
006865	PK127	3461209	44	3610120 3792350 3694903 3694738 3493704 3612203 3667464 3479838 3578252 
004359	TAYSEM	0847593	31	3913671 
008803	CARP13	3996170	4	3692786 3470797 3629518 3578781 3797673 3797862 
005735	PK179	3556752	31	3634695 3561001 3483954 3870878 
014116	TH223	3555417	74	3666175 3639603 3768458 
001753	DAL212E	3896859	4	3508682 3695292 3580714 3689500 3823228 3910422 3668772 3759872 
007010	DAL1	3575049	5	3764157 3793612 3821180 3820961 3695434 3821571 3589576 3693612 3694415 3790492 3792443 3815949 3904320 3823271 3715174 3819542 3609553 3693840 3651293 3816466 3581851 3797723 
015453	CAN315	1168490	76	3581201 3521272 3821554 3575916 3819143 3668787 3669041 3797610 3797614 3797702 3797772 3797801 3797807 3797808 3910505 
009263	TAYF	0467822	31	3559970 4086506 
007043	TH104	3481299	31	3655428 3576763 3768686 3668841 3797824 3910539 
002388	TAYC	3839981	31	3579092 
011065	PK328	3195964	76	3792443 3821588 3672031 3930052 
014548	PK328	1167863	31	3915036 
011341	TH110	3460456	74	3575266 3909951 3910321 3830308 3913210 3929102 3930102 3821687 3904254 3913185 3914354 3915026 3928911 3930042 3930135 3930296 3930083 3667676 
015014	TH102	0031756	44	3915036 3903986 3579361 3694236 
002855	PK20	0802802	31	3818122 3819380 3931158 3931959 3930705 3930301 3852217 3905460 3672031 3910343 3852520 3930683 3820491 3930865 3929864 3860451 3832060 3824450 3858715 3797168 3929419 3930303 3906818 3909951 3915088 3771823 3930731 3823094 3901004 3908117 3854723 3764613 3692164 3814776 3910321 3930034 3931889 3789246 3814239 3814296 3816963 3823151 3869959 3903520 3903986 3904965 3914724 3929237 3930890 3576990 3759552 3811886 3819393 3830308 3843810 3871572 3889653 3903138 3904320 3904411 3910179 3914745 3914750 3914906 3929586 3929812 3929815 3930025 3930047 3930676 3930817 3929575 3929800 3759024 3816997 3616206 3768515 3788743 3795919 3796148 3799474 3799593 3801768 3807883 3808480 3813457 3816108 3816756 3817507 3819269 3820858 3821958 3822995 3823092 3823192 3823278 3823391 3823405 3823438 3823755 3824188 3824908 3839352 3845742 3852791 3857764 3858042 3901413 3901481 3902614 3902667 3902905 3902911 3903092 3903833 3903861 3903896 3903909 3904620 3905715 3908300 3910347 3910870 3913210 3913674 3913807 3913815 3914344 3914371 3914754 3914813 3914875 3914968 3915028 3915044 3915243 3915332 3929102 3929235 3929241 3929644 3929704 3929776 3929810 3929849 3929894 3930052 3930054 3930102 3930237 3930253 3930260 3930469 3930485 3930547 3930678 3930831 3930891 3458065 3579867 3666995 3667453 3668378 3758045 3758075 3759092 3759337 3762625 3769494 3788616 3788919 3790928 3798513 3811941 3814107 3816530 3817969 3819353 3821687 3821766 3822778 3822912 3823228 3823271 3823311 3823402 3826470 3827187 3829442 3833424 3834370 3839910 
012034	EHI	0673281	5	3559843 3559963 3576126 3577109 3704166 3557478 3574542 3521272 3483640 3669069 3694417 3694797 3671929 3690652 3580340 3797867 3908314 
011313	GOB	0247216	67	3630501 3730202 3455037 3692519 3817260 3820729 3580714 3667464 3930676 3929776 3911054 3572330 3820900 3579143 3578443 4086370 
006038	GOB	3393847	31	3629951 3471447 3788990 3694797 3818227 3576002 3694236 0172459 3797754 3797807 3910514 3910695 3910754 4086218 
001562	RCSEM	0129398	44	3819645 3575483 3581786 3799593 3823092 3481532 3559731 3668765 3668895 3910741 4086476 
015540	PK10	3478658	4	3820491 3929815 3817507 3824188 3903833 3929102 3929894 3821687 3914820 3928911 3930118 3930296 
011529	TH251	3996795	17	3486834 3524341 3667404 3559903 3699593 3558838 3577146 3930260 3915038 3910613 
003407	BYC127	3478658	31	3914814 3928890 3929954 3930137 3930216 3930767 
007034	CARP15	0031573	31	3819232 3821180 3821571 3928911 3542887 0238986 3797837 4086357 
015512	EHI	3996563	59	3576126 3690516 3704166 3767997 3480734 3821059 3788990 3574563 3816486 3820992 3915036 3913159 3914676 3930220 3580256 3478343 3816466 
004874	BYC106	0247216	74	3693565 3581996 3693368 3638956 3397771 3578781 3579361 3581149 3655749 3695201 3558963 3580383 3669045 
012837	TH118	0467822	44	3481944 3690778 3820900 3579143 
011343	SW8	3213249	67	3483003 
003033	TH251	0492580	67	3577703 3629951 3492423 3580326 
015452	GOCOM	1168490	44	3581201 3821554 3575916 3819143 3668964 3669041 3797610 3797614 3797702 3797772 3797801 3797807 3797808 3910505 
005247	PK354	0493855	76	3591591 3578714 3478343 3581981 3668799 3797751 3797782 3910528 
015510	GOCOM	3996563	17	3502893 3516442 3630526 3561772 3476864 3518231 3540124 3574483 3540190 3505185 3483003 3487316 3580586 3651412 
015509	TAYB	3996563	10	3651365 3690778 3781152 3574483 3483954 3503587 3581077 3692862 3820397 3580259 3652339 3797576 3817419 3906250 3462565 3575969 3578861 3580407 3690845 
014231	DAL212A	1168214	44	3578910 3577485 3580383 3910730 
004666	PK354	0775640	7	3650277 3788743 3821643 3581192 3662232 3910484 3910491 3910555 3910594 3910613 3910661 3910706 3910724 3910726 3910735 4086424 4086441 4086472 
006559	TAYB	0031478	31	3581228 3576230 3581913 3797760 
001232	PK200	3839983	76	3581830 3716357 3517604 3669034 3797598 
003480	GOB	0599596	76	3797324 3602435 3797780 4086418 
012352	RCSEM	3577930	74	3558838 3823092 3668765 3910622 4086476 
015468	PK259	3995764	76	3487034 3483546 
006586	EHII	1021242	31	3581098 3558528 3797640 
004288	SW221	0123161	67	3694481 3551641 3668809 3668865 3797751 
005205	SW221	3448653	44	3819380 3797782 3910529 
013005	BYC239	3443571	31	3544262 
015505	DAL212E	3839983	44	3820037 3796926 
004866	PK25	0031582	76	3619255 3519726 
011530	TAYE	3996795	31	3505185 
015417	DAL10	3194197	31	3478343 3668839 
012353	PK338	0683480	31	
015440	PK259	1054236	31	3821195 
015623	TH224	1165566	31	3651439 3561229 3576623 
002442	PK126	3098022	76	3666161 3668972 3797744 
002404	TAYC	0375562	76	3669008 
015545	CARP15	0605187	67	3669008 
011300	EHIII	0020093	44	3669015 3910713 
