Course	Room	Teacher	Time	Students
008469	RCSEM	3420576	48	0172459 3340797 3352660 3378849 3396837 3414298 3418117 3429733 3431155 3435922 3439387 3456994 
013169	PK100	3393009	48	0686967 1170820 3121717 3262457 3270555 3313406 3322549 3330517 3339567 3340716 3352054 3358228 3414395 3417338 3418441 
012295	PK328	0564741	48	0700408 3227211 3319602 3364991 3379786 3396313 3435931 
008769	PK349	0899465	47	0750570 3196460 3254633 3266668 3330300 3331071 3334029 3339315 3340797 3343615 3351809 3352269 3359026 3374569 3375544 3396377 3404976 3405451 3412725 3415144 3417002 3418145 3420434 3422289 3424318 3426213 3430131 3431155 3431257 3431445 3431448 3431740 3432040 3432238 3432344 3433760 3435161 3435771 3436588 3437591 3438441 3438443 3438472 3438473 3439283 3439328 3439820 3439912 3440024 3441016 3446670 3451551 3453352 3454497 3455915 3458122 3458339 3459584 3461882 3462297 3462356 3462516 3462882 3462936 3462956 3463589 3464379 
012771	TH129	3448653	48	1086489 3069495 3119618 3329782 3341037 3422289 3458176 
004355	TAYC	0847593	54	1089147 3118476 3212089 3358339 3374194 3412866 3415627 3435922 3439387 3441306 3452964 3454433 
003572	EHLEC	0897399	53	1170820 3121717 3196460 3219120 3219586 3224449 3225193 3227498 3231817 3234723 3236006 3250514 3262457 3263080 3269275 3270555 3292387 3303344 3312800 3313406 3319691 3319692 3322549 3324360 3330527 3341037 
013216	EHII	3318436	18	1170820 3254734 3267997 3319692 3337037 3340716 3352054 3354609 3358378 3374470 3402583 3404364 3415801 3426735 3429732 3436710 3448868 3449400 3453262 3455808 3456228 3462246 3463453 
013217	PK100	3443571	19	1170820 3226486 3358339 3402583 3415849 3416374 3417284 3425401 3429732 3435183 3435397 3442991 3443092 3460073 
007380	DAL25	0987494	19	3069495 3121847 3122431 3221877 3239803 3250244 3303699 3319692 3337249 3344151 3395299 3411258 3414068 3426213 3433929 3438669 
007381	BYC127	0031611	54	3069495 3222195 3233965 3239900 3245992 3246608 3255755 3257543 3324812 3337249 3352269 3360165 3365419 3375120 3388921 3395299 3397042 3397265 3405151 3409210 3411018 3411159 3411258 3415619 3418106 3418120 3421153 3426213 3426244 3430786 3431060 3432027 3434539 3440116 3463745 
008500	PK100	3420576	10	3069495 3075829 3102974 3119618 3161154 3219586 3224211 3273028 3283602 3326956 3329729 3329782 3340096 3341037 
001836	PK349	3452118	22	3073525 3223179 3250131 3250227 3322886 3331180 3337246 3337334 3359188 3378849 3404693 3405451 3405619 3409210 3411059 3411154 3413582 3415615 3415852 3416232 3418120 3419470 3420025 3421500 3421700 3428608 3430152 3430298 3430383 3430786 3431294 3431672 3432223 3432238 3433849 3435039 3435384 3435692 3436311 3436588 3436710 3437240 3438113 3438374 3438455 3438471 3439899 3440024 3443421 3445081 3448679 3451663 3452561 3453445 3455625 3455631 3455915 3458451 3458972 3459522 3460369 3460488 3460737 3461826 3461962 3462356 3462514 3462516 3462964 3463226 3463602 3463675 3463883 3463936 3464100 
002160	TH110	0004950	53	3073525 3224924 3250131 3319602 3331180 3341079 3365824 3375120 3379786 3404693 3405151 3405422 3412670 3412825 3413521 3415619 3415849 3416536 3417172 3419470 3420437 3421700 3425578 3429810 3430196 3430383 3430401 3431294 3431672 3432344 3432384 3432595 3433760 3434130 3435039 3435313 3436119 3436930 3438669 3439437 3439670 3451553 3452964 3453352 3459505 
006846	TH110	0402773	18	3073525 3227217 3227263 3228510 3230522 3270468 3291024 3304946 3311583 3322523 3322886 3323191 3323859 3329727 3331270 3331686 3337246 3337334 3337781 3337851 3339156 3339567 3360165 3363924 3378849 3395581 3396312 3396460 3396461 3405153 3405422 3405604 3411159 3411531 3413014 3413728 3414273 3414843 3415619 3416203 3417172 3420884 3425437 3429810 3430196 3431449 3435248 3436119 3437978 3439328 3439558 3440036 
001547	RCCON	1054236	53	3075829 3198863 3257109 3314546 3340096 3352054 3431080 3438068 3440175 3456210 
007127	DAL300	0162976	48	3090066 3116269 3201565 3221487 3224179 3239404 3260429 3263732 3264284 3267886 3269263 3269750 3278685 3283549 3310035 3312301 3329885 3331032 3336750 3337915 3337955 3338668 3339987 3339999 3340585 3340959 3418479 
011045	PK200	3213249	10	3090066 3263732 3405144 3412520 3412523 
013155	PK200	3198619	19	3090066 3119160 3310035 
013343	DAL212E	3473827	54	3090066 
001763	TAYB	3474420	54	3093818 3329409 3330318 3340716 3416374 3426717 3437252 
004379	ROSTUD	0989327	48	3094516 3292387 3303699 3304629 3314270 3324812 3425095 
007372	EHLEC	0603646	9	3094516 3233965 3257109 3307130 3314546 3337673 3339814 3342969 3344151 3352269 3413014 3415217 3416997 3417000 3418907 3424363 3429733 3429894 3431260 3434539 3437252 3437756 3438443 3439147 3449263 3456645 
005263	DAL25	0493855	48	3094719 3102974 3227297 3227669 3251781 3330241 3330264 3338504 3340672 3342762 3397012 3397992 3402266 3417314 
013194	TAYE	0058557	18	3094719 3227669 3239404 3239492 3337335 3340292 3396036 3397012 3422414 3423839 3426638 3426654 3429524 3436158 3450069 3457935 3460766 
001247	DAL212E	3448653	10	3099325 
002992	CARP21	1083868	14	3099420 3231817 3239415 3239803 3246608 3254633 3263080 3314978 3322585 3323354 3337912 3366307 3404196 3404642 3405248 3405393 3411158 3411186 3413774 3415870 3416640 3417001 3426244 3429810 3431080 3431448 3431629 3435366 3436930 3437341 3438102 3439475 3440175 3446645 3450546 3452529 3453856 3454226 3454433 3454625 3455341 3458250 3458452 3459888 3459897 3460235 3461469 3462242 3462606 3462720 3462990 3463143 3463353 3463389 3463919 
007008	PK278	0316015	38	3099420 3228659 3374470 3377851 3396837 3405422 3405604 3406073 3413441 3417097 3422146 3425239 3425578 3436588 3437591 3437962 3446653 3457692 3458949 3459613 3462290 3463353 3463919 3464272 
010942	TH224	0207327	10	3102134 3195977 3198863 3199633 3223457 3227882 3246608 3259524 3269425 3300040 3311527 3314978 3319023 3324397 3329719 3331071 3339160 3339780 3339989 3359188 3404534 3405422 3412100 3412644 3413923 3417055 3418908 3437379 3437778 
004369	PK10	0138190	54	3102974 
009845	PK227	0316015	19	3102974 3314413 3412261 
005141	PK278	1020104	19	3103190 3217598 3219927 3240926 3251781 3330264 3339814 3340959 3366307 3402266 3404204 3411005 3412381 3416640 3421770 3424363 3426658 3432759 3437011 3437589 3441177 3454625 3457184 3462936 
005271	PK227	1137952	10	3103190 3201565 3314364 3378849 3405695 3430786 
011063	PK100	3195964	14	3103190 3218733 3219927 3358960 3404179 3404364 3405427 3405604 3405695 3423970 3429566 3429602 3430298 3434124 
006026	TAYF	0431634	58	3103343 3224924 3324231 3324271 3329365 3344941 3375389 3380697 3404386 3413521 3417791 3423829 3425095 3426244 3431828 3434468 3446645 3454115 3455227 3455297 3455419 3459647 3460134 3461057 3461962 3462292 3464272 3464379 
006867	DAL10	3461209	14	3103343 3266668 3316953 3329365 3338009 3339354 3414278 
013191	EHIII	0695890	54	3103343 3251781 3314570 3338504 3341358 3342762 3402266 3418145 3449263 
005196	TH110	0493855	14	3112960 3217598 3218585 3273028 3312519 3316247 3329814 3331179 3339814 3339830 3340672 3342762 3350298 3358228 3358378 3369702 3396292 3402583 3404386 3411005 3413283 3414124 3415489 3416286 3416424 3421753 3426213 3426717 3426718 3428608 3429524 3429706 3430978 3431260 3431828 3432077 3432759 3434210 3435722 3435771 3437365 3437756 3438471 3438550 3440024 3453352 3460766 3462554 
009304	DAL6	0493855	10	3112960 3125756 3218733 3227361 3235332 3240926 3252499 3259952 3261773 3336991 3338504 3339827 3340672 
013171	DAL6	3092941	19	3112960 3236006 3261773 3303344 3314570 3319386 3319691 3340558 3341213 3396206 3404341 3417273 3426718 
001237	TH129	0031471	19	3113981 3217451 3227498 3311586 3330767 3339987 
001843	PK229	0056992	38	3113981 3123570 3198918 3217410 3221877 3223347 3224924 3252499 3270555 3283602 3316768 3319023 3323191 3339567 3340339 3379786 3396312 3396377 3405151 3405829 3412670 3412755 3412866 3414124 3416203 3417273 3419470 3421044 3421604 3429810 3432595 3435248 3435313 3435771 3439558 3443421 
007125	RCCON	0162976	10	3116269 3260429 3269750 3312301 3318988 3329885 3331032 3340959 3341253 3430953 
006573	CARP13	0031399	48	3118615 3331277 3439818 
001213	DAL300	0031471	54	3119160 3121331 3217410 3223347 3239492 3266121 3275705 3314281 3324844 3329727 3331270 3351574 3351809 3354445 3359596 3364639 3393147 3396313 3396422 3405153 3412523 3413255 3414811 3415217 3417073 3439820 3440606 
001248	DAL212A	0031388	26	3119160 3121331 3217410 3217451 3223179 3223347 3224187 3228721 3236337 3239492 3247072 3266121 3275705 3311586 3314281 3319023 3323354 3323859 3324844 3329727 3330767 3331270 3337414 
007006	PK227	0031568	49	3119160 3405695 3426666 3431260 3435187 3459647 
008447	PK354	0132890	49	3119618 3328955 3329409 3337673 3344151 3396036 3396313 3397012 3411629 3412520 3412755 3418117 3421604 3426638 3429524 3431448 3433929 3435070 
011204	BYC239	0408816	9	3119618 3221499 3269332 3270468 3323354 3326954 3339156 3339827 3340838 3396422 3417355 
002869	PK278	0004955	54	3119907 3226945 3244115 3254408 3269275 3292387 3324484 3329686 3339814 3413574 3415766 3419470 3426858 3429706 3430383 3435384 3444537 3452561 3453472 3455148 3455631 3455719 3462512 3462872 
002878	EHIII	3212821	48	3119907 3236356 3314899 3340110 
013164	DAL10	0031632	10	3119907 
013299	PK337	3475676	26	3119907 3250074 3412825 3421770 3429566 3431158 3437589 3438232 3439475 3453218 3454625 3455227 3457808 3463327 
011294	TAYD	0135660	48	3121331 3239492 3266121 3319023 3324844 3393147 3415217 3426717 
012770	TH104	3448653	19	3121331 3223467 3252499 3339315 3405145 3415125 3415870 3417370 3420380 3420940 3421044 3426719 3429602 3429834 3438100 3440606 3441413 3452529 3455227 3459972 3462262 3462964 3463022 3463126 3463879 
001766	TH223	1165592	54	3121717 3223179 3224449 3227263 3250514 3339567 3344264 3358228 3374569 3426718 3456820 
004017	EH102	0031578	59	3121717 3212483 3331186 3337246 3343167 3397265 3397442 3404179 3406295 3414395 3417359 3431672 3434428 
004873	TH111	3194193	10	3121847 3223213 3225193 3263080 3436514 3438068 
007395	DAL212A	3455512	38	3121847 3217450 3233965 3239803 3244115 3307130 3311499 3311902 3314270 3316273 3318430 3328955 3337673 3337851 3341358 3343615 3389574 3405393 3411018 3411258 3438669 
006042	DAL212A	0207327	19	3122279 3199633 3223457 3224211 3225245 3227217 3230522 3300040 3311527 3337912 3359188 3364991 3381480 3411646 3413598 3414467 3416658 3423676 3431080 
006044	TH102	0031526	26	3122279 3246608 3323210 3324271 3334029 3338564 3339989 3369591 3404179 3412100 3413598 3414467 3416354 3418106 3423676 3431080 3459888 
006502	DVR	0031621	10	3122279 3460371 
004009	PK180	0770587	9	3122354 3227014 3227882 3229135 3339830 3412881 3416891 3417314 3418606 3425347 3429832 3432223 3437240 3438232 3440419 3450068 3453472 3456016 3456103 3456313 3457327 3457393 3458295 3458934 3459635 3460134 3460359 3461057 3462290 3462293 3462298 3462964 3462990 3463587 3463675 3464100 3464263 
004815	TAYD	3092667	54	3122354 3227669 3270468 3303699 3314339 3397771 3398117 3402556 3417166 3418058 3425219 3428844 3433251 3437978 3439528 3439624 3439701 3440508 3441838 3455151 3457932 
006023	PK349	0031526	59	3122354 3196460 3202052 3259890 3363735 3404976 3411059 3413283 3413774 3416891 3417108 3417908 3420037 3421500 3422146 3422414 3423723 3425114 3427633 3428820 3428844 3430131 3431445 3431535 3431651 3432223 3432759 3432798 3436216 3437089 3437141 3437240 3437341 3437534 3437962 3438033 3438100 3438113 3438254 3438473 3439364 3439588 3440508 3441016 3441306 3442335 3442991 3443092 3443283 3444491 3444537 3447681 3450546 3451496 3452964 3454439 3454497 3455341 3455625 3456016 3456677 3457231 3457327 3457932 3457935 3458136 3458250 3458295 3458469 3458932 3458972 3459032 3460073 3460359 3460399 3461882 3461936 3462242 3462246 3462262 3462290 3462297 3462414 3462514 3462516 3462517 3462647 3462851 3462872 3462882 3462990 3463011 3463071 3463226 3463327 3463389 3463453 3463526 3463776 3463851 3463883 3463936 3463939 3464193 
009299	DVR	3092667	48	3122354 3248623 3276264 3304568 3304946 3319863 3352904 3375410 3418058 
002173	PEMSTD	1083806	48	3122431 3250227 3267842 3289325 3337950 
011035	DAL6	3452853	49	3122431 3273028 3307130 3354445 3397992 3414278 3418606 3444491 3460371 3460867 3463524 3463587 3463593 
005739	PK328	3392421	26	3122450 3225193 3236006 3311935 3339074 3358228 3413774 
013192	PK278	0898918	48	3123570 3212095 3224924 3227217 3230522 3254633 3270468 3311527 3311583 3316273 3337851 3339156 3388921 3396312 3404828 3412670 3435248 3439558 
001559	PK10	0031756	14	3125756 3404341 
007068	TH129	0316015	54	3125756 3198918 3224132 3224179 3263732 3278685 3404473 3419570 
001844	TAYE	3312777	48	3146209 3161154 3223467 3241428 3274299 3295955 3323191 3340292 3375389 3375629 3405145 3414124 3416374 3416598 3421044 
002464	PK337	3208421	19	3146209 3241275 3248623 3309945 3316247 3324289 3329685 3366138 3374569 3398070 3405829 3415144 3432796 3435366 3458122 
008485	RCCON	0031553	38	3146209 3301223 3314281 3323539 3337334 3347767 3405144 3429733 3435922 3438652 
008488	RCCON	0031553	49	3146209 3301223 3314281 3323539 3337334 3347767 3405144 3429733 3435922 3438652 
011962	PK227	0492451	18	3146209 3351574 3393147 3413146 3413771 3437756 
008420	DAL300	0125630	49	3161154 3219586 3224211 3283602 3331179 3340797 3390220 3395937 3396837 3412549 3420025 3420837 3430196 3431155 3431939 3432077 3432344 3437781 3439564 3440175 3455981 3456994 3457979 3462414 3462514 3462956 3463011 
012338	PK300	3448653	54	3161154 3241428 
003009	TAYE	0375562	19	3195977 3314580 3319863 3324397 3329719 3357453 3412549 3417055 3417553 3417717 3425150 3426649 3435722 3437089 
013289	TH223	3475527	10	3196460 3223454 3267997 3270555 3319692 3329814 3397856 3415144 
006033	EHIII	3470402	26	3198863 3223457 3227882 3229500 3269425 3300040 3314978 3329719 3437379 
006059	CARP15	3452833	48	3198863 3259524 3314546 3323210 3338017 3338564 3339160 
013188	DAL6	1168489	59	3198863 3226945 3229135 3323367 3337234 3339989 3340003 3374470 3404204 3412874 3415407 3421604 3438550 
007026	TAYE	3198619	10	3198918 3217450 3239415 3329409 3340585 3374479 3404196 3413574 3416286 3421753 3428820 3431226 3437329 3437365 3437591 3438471 3438550 
012353	ROSTUD	0683480	49	3199633 3323535 3404341 3405151 3417172 3431080 3434539 3458451 
013337	EHIII	0530382	19	3201565 3218733 3224179 3269263 3339999 3404473 3405695 3411136 3418479 
001838	TAYD	0168763	53	3202052 3254734 3339827 3343615 3413022 3418145 3418499 3435628 3437511 3438441 3438442 3438472 3438473 3439387 3439475 3456103 3458037 3459584 3461933 3462115 3462293 3462297 3462416 3462647 
001185	TH251	0031577	10	3212089 3250131 3275705 3354445 3430142 
004065	EHII	3472829	48	3212089 3224132 3255904 3259890 3272732 3343167 3396461 3406042 3406295 
004082	BYC239	1167978	14	3212089 3256056 3256294 3259890 3276264 3314580 3319030 3319128 3337915 3338205 3397242 
004301	CARP17	1165566	54	3212266 3226486 3228510 3260251 3289325 3330300 3331222 3337912 
012299	PK100	3393042	59	3212266 3267886 3413451 3416354 3423676 3429602 3435248 3438119 3438842 3439402 3442237 3459109 3459980 3462116 3463993 
004036	RCCON	3442425	26	3212483 3340672 3351574 3401311 3406073 3411005 3426020 3436158 3436683 3456290 
006035	BYC239	3452833	38	3212483 3236337 3257419 3331071 3338017 3366745 3425364 3425755 3430706 3433829 3437511 
002367	PK180	3208421	49	3213028 3222677 3322585 3330298 3337390 3375629 3405427 3414016 3414811 3415769 3415870 3424594 3429834 3431535 3433501 3435722 3436683 3438084 3438100 3438102 3438441 3438842 3439356 3439511 3440409 3441177 3442432 3443516 3451664 3454494 3455093 3455297 3458250 3458452 3458533 3460770 3462512 3463126 
007010	DAL212A	0162976	54	3213028 3227361 3245617 3253100 3264954 3337950 3396208 3404693 3412864 3414124 3414843 3415489 3416424 3417717 3426556 3431448 3432243 3434124 3435628 3437295 3437827 3438473 3440024 
012326	RCSEM	3420576	19	3213028 3259524 3323354 3329409 3331179 3372100 3390220 3412755 3431828 3435628 3437591 3437827 
001151	CARP21	0031388	49	3217410 3223347 3228510 3323512 3330767 3340287 3340324 3343167 3350298 3375323 3380465 3382205 3397807 3405145 3405153 3405451 3412725 3413980 3415849 3416203 3416375 3418120 3422289 3423839 3424520 3427674 3431158 3431740 3432398 3434079 3434428 3436212 3438442 3438472 3439280 3439475 3439558 3443283 3446832 3453218 3454226 3455043 3455058 3455291 3455690 3456313 3458176 3458957 3459523 3459980 3460235 3461498 3461933 3462293 3462417 3462849 3463526 3482396 
012895	BYC106	0428011	49	3217450 3244115 3271598 3314270 3316273 3318430 3337781 3339074 3381424 3381824 3388921 3405248 3411159 
001204	PK337	3447549	14	3217451 3228659 3245617 3310035 3311586 3339061 3339315 3340838 3358339 3413255 3430953 3431158 3434428 3459645 
011844	BYC239	0031471	48	3217451 3251757 3255465 3354445 3396460 3398117 3405619 3417000 3417073 3417355 3425356 
012819	DAL25	3195964	26	3217598 3224179 3263732 3278685 3283549 3310035 3329662 3337915 3337955 3338668 3396208 3405604 3412835 3413441 3416658 3438589 
001551	RCSEM	0031756	54	3218585 3227297 3257109 3404341 3412261 3415852 3431080 3434468 3435692 3438669 3439899 
004022	TH111	0770587	48	3218585 3331186 3337246 3369702 3401311 3435183 
012355	PEMSTD	0031756	10	3218585 3352054 3369591 3461882 
003277	DAL6	0675005	54	3218733 3259890 3304629 3314546 
004725	PK100	3092941	26	3219120 3314570 3326954 3331179 3365419 3396036 3396206 3397807 3404828 3411018 3429524 3430944 3435627 3438465 
003480	TH129	0599596	26	3219586 3319128 3326956 3336750 3374569 3397442 3416073 3420037 
012483	CARP13	3426520	54	3219927 3406196 3411531 3413728 3425679 3438342 3455294 3456645 
013212	TH121	3478696	38	3219927 3227014 3283549 3364639 3380465 3382662 3418264 3425679 3430953 3432398 
001473	PK328	0030512	14	3221499 3226607 3259535 3287584 3304946 3329686 3340339 
004882	TAYB	3452082	10	3221499 3229363 3304568 3304629 3319030 3344264 
002176	BYC106	0168378	10	3221725 3234786 3257419 3295955 3314060 3314413 3323539 3324231 3337950 3338017 3340556 3416354 
004666	TH111	0775640	14	3221877 3223179 3338668 3417819 3436260 3437778 
002472	BYC106	0493725	59	3222677 3227263 3241275 3241428 3309945 3316247 3323345 3324289 3326954 3329685 3330241 3330330 3330520 
007375	TAYF	0031631	59	3223213 3239900 3250514 3255755 3311902 3328955 3337781 3342969 3343615 3365419 3411158 3416997 3418120 3418907 3420025 3421153 3426020 3426638 3429832 3430142 3433788 3434539 3435931 3437756 3439283 3439636 3440116 3455093 
008763	BYC127	0428728	47	3223213 3244115 3339780 3375389 3413022 3413255 3413356 3417108 3417791 3429199 3431260 3431939 3433881 3437365 3438084 3438589 3440606 3447681 3451663 3454115 3455058 3455093 3455341 3456820 3458176 3458949 3458957 3459613 3460369 3460737 3462270 3462554 3463602 3463745 
002412	RCSEM	0031373	18	3223337 3241275 3250074 3322585 3330298 3417075 3418094 3424594 3425364 3431651 3435380 3454497 
003026	PK278	0492580	59	3223337 3231171 3311937 3312301 3316456 3339780 3340232 3382662 3411629 3412520 3415489 3417000 3417338 3417553 3426649 3431078 3433829 3437295 3437778 3439528 3440075 
008824	TAYB	0576472	19	3223337 3311935 3318988 3323367 3330517 3337234 3339989 
013166	TAYB	0492580	48	3223337 3228115 3316456 3397242 
003500	ROSTUD	3194193	19	3223454 3267997 3275705 3311937 3404386 3420037 3463882 3464263 
013287	DAL25	3474664	59	3223454 3227297 3257543 3314339 3329814 3339061 3365824 3369702 3375544 3413022 3414811 3415769 3433251 3437146 3462298 3462955 
008821	EHII	0031572	54	3223457 3229135 3258482 3264390 3311935 3323367 3330517 3330520 3330527 3331186 3336765 3337234 3337335 3340003 3340558 3343167 3412874 3416998 3423723 3438442 
004304	PK300	3448653	14	3223467 3260251 
002712	TH129	0468281	59	3224132 3228659 3239404 3255904 3319128 3330517 3336765 3337335 
006550	TAYSEM	3474861	19	3224132 3231046 3264954 3331277 3340585 3352904 
006054	BYC106	0031454	48	3224158 3256294 3257419 3314060 3340232 
001847	DAL212A	3422398	22	3224187 3229500 3230522 3240400 3269425 3315095 3339196 3340292 3341079 3360165 3365824 3375544 3381480 3388921 3396460 3397265 3397709 3404828 3405604 3426735 3431445 3435070 3462896 
001898	ROSTUD	0056992	10	3224187 3255760 3315095 3339196 3381480 3412670 
013187	TH251	0254151	9	3224187 3231817 3247072 3319128 3340324 3347973 3352904 3402721 3402910 3405619 3422289 3434468 
013186	DAL10	0031619	54	3224211 3340096 3418117 
005743	CARP13	3392421	19	3225913 3235332 3259952 3319030 3330293 
012731	CARP25	0672202	49	3225913 3256056 3304568 3304629 3319030 3319386 3319863 3344264 3352904 3364124 3401311 3402556 3404642 3406042 3412261 3415627 3417097 3418058 
001857	ROSTUD	0123161	26	3226486 3254633 3258485 3380697 3395581 3413451 
002635	RCCON	0827051	54	3226607 3231046 3250683 3436212 3441310 3459980 3461063 3462242 3463936 3482591 
007909	PK227	0031539	26	3226607 3269263 3329885 
009263	GOCOM	3473827	19	3226607 3425219 3433829 
008773	PK100	1168489	9	3226945 3390220 3393147 3396312 3406406 3412864 3416598 3416998 3417055 3431133 3433251 3435070 3455291 3461826 3462872 
004274	PK25	3447501	53	3227014 3314899 3369591 3375323 3375410 3396208 3413923 3413980 3416232 3416286 3416354 3416598 3420837 3425114 3435161 3435380 3436216 3438033 3441273 3444811 3450490 3453472 3454433 3455690 3457231 3457459 3457979 3458121 3459523 3460766 3463729 3475445 
005222	TH129	3452160	18	3227014 3329662 3379786 3412381 3415217 3425679 3429532 3432398 
011230	PK328	0564741	10	3227211 3316953 3319602 3364991 3411646 3432301 3436260 
002469	ROSTUD	3452082	38	3227263 3314339 3323254 3326954 3330241 3358960 3366138 3413356 
004869	DAL25	0053518	9	3227297 3229363 3260429 3267997 3287584 3316863 3319386 3364124 3401311 3402556 3404642 3406042 3415627 3417097 3426666 
002562	PK278	1168490	53	3227361 3227882 3339160 3412864 3415801 3417055 3418117 3420434 3426654 3431133 3432447 3432622 3436158 3441306 3443453 3446653 3453262 3455049 3455562 3457195 3459888 3461498 3463851 3463859 
005854	PK200	3212821	26	3227361 3374040 3432759 3441838 3442188 
002166	TAYD	0428815	38	3227364 3250683 3253100 3269425 3289325 3331686 3363924 3382205 3396292 3405153 3411154 3411531 3413582 3414273 3414843 3415044 3415615 3415852 3416398 3417370 3431449 3433663 3439328 3440036 
011826	TH102	1083806	10	3227364 3250683 3253100 3331686 3363924 3382205 3396292 3411154 3411531 3413582 3414843 3415044 3415615 3415852 3416398 3417370 3433663 
013340	TH223	0530382	48	3227498 3311499 
005290	EHIII	3475676	10	3227669 3412381 3426658 
013158	TH129	1165592	38	3227669 3262457 3352054 3414238 3429832 3436212 3441894 3450069 
003031	GOCOM	0375562	54	3228501 3312301 3324397 3397242 
004838	TH129	0031373	14	3228510 3322549 3331686 3340110 3426666 3437379 3439528 
013205	CARP17	3426520	48	3228659 3418216 
002671	PK300	0989327	10	3229190 3440508 
013288	DAL6	3474664	48	3229500 3316247 3458122 
006500	DAL25	0031399	14	3231046 3311583 3323512 3372100 3417108 3420884 3425239 3437329 3439409 3455562 3456313 3457692 3458339 3459111 3460701 3462116 
003004	PK278	1083868	26	3231171 3316768 3342833 3377851 3381824 3411136 3412644 3414811 3418908 3421753 3426719 3428820 3431078 3431651 3431672 3432798 3433849 3435722 3437146 3437365 3438084 3438473 3439564 3440409 
009342	CARP15	0031522	19	3233965 3240228 3257543 3311499 3314270 3322523 3339830 3342833 3381824 3405248 3417003 
001767	CARP15	3474008	14	3234723 3262457 3336991 3381424 3414395 3416896 3418216 3432622 3432782 3437295 3439402 
013168	TAYSEM	0031359	48	3234723 3252368 3303344 3337037 3358378 3396036 3404204 3412874 3414467 3437252 3475445 
002182	PEMSTD	0428815	19	3234786 3250227 3258482 3267842 3323539 3324231 3340556 
005729	PK328	0031543	9	3235332 3236006 3330293 3339074 3413774 3430786 3432595 
013156	PK200	3198619	48	3235332 3261773 3412100 
007364	TH110	0031611	10	3236337 3311586 3352269 3375685 3397709 3404279 3411186 3413771 3416896 3417166 3417819 3418216 3418907 3419002 3425347 3426718 3429732 3429761 3430944 3432243 3433829 3433881 3435187 3437146 3438342 3439158 3440419 3441406 3442335 3445343 3446670 3449400 3451496 3451551 3454210 3455043 3455049 3455291 3456210 3456820 3457393 3457459 3459032 3459111 3459613 3459645 3459823 3461057 3463071 3463859 3463882 3474216 
005863	DAL2	0031582	10	3236356 3314899 
009359	EHLEC	0775195	48	3236439 
005179	TH121	3461286	26	3239415 3322549 3395624 3397992 3402266 3416536 3416640 3425356 3436930 3464379 
012339	BYC239	3420576	54	3239415 3264284 3267886 3330264 3359026 3374479 3402910 3413441 3417791 3423970 3432782 
001425	DAL25	0020093	10	3250074 3255465 3259535 3425095 
004288	TH251	0031577	48	3250074 3330293 3380465 3424318 3430953 
013160	RCCON	0030512	19	3250074 3251757 3255465 3340110 3340339 3366745 3374194 3425356 3428042 3436206 
007374	PK337	0987494	48	3250244 3255760 3257109 3291024 3342833 3365419 3411158 3411258 3417819 3418106 3429894 3433788 3436514 3439283 3439636 
001753	TH251	0416447	19	3250498 3255755 3364124 3433501 3434210 3451664 
001764	DAL6	1165592	26	3250498 3313406 3372272 3397856 3404364 3424318 3432384 3433275 3434124 3439364 3439437 3441177 3454100 
003454	PK337	3393009	10	3250498 3252368 3374470 3374569 3402583 3404341 3404364 3404976 3414395 3415766 3424318 3435380 3435397 3437252 3459109 
008774	PK337	0031572	9	3250514 3418120 3418499 3424594 3430196 3437341 3438455 3440116 3445343 3450069 3453218 3458037 3458121 3463879 3463939 
002162	PK354	0168378	26	3250683 3253100 3331686 3363924 3382205 3396292 3405153 3411154 3411531 3413582 3414843 3415044 3415615 3415852 3416398 3417370 3433663 3440036 
004011	TH110	3442425	38	3251757 3329365 3338668 3363735 3404196 3411186 3418058 3422414 3428820 3429761 3435692 3436710 3437329 3438878 3439437 3440958 3442335 3443516 3444537 3448679 3449400 3451664 3454100 3454494 3455046 3455120 3455294 3455519 3455808 3455981 3456677 3458136 3459032 3459111 3459508 3459522 3459647 3459897 3460770 3461469 3463071 3463126 3463143 3463188 3463525 3463776 3463882 3474216 
012292	DAL6	3098022	9	3251757 3255465 3259535 3344941 3358339 3366745 3374194 3413283 3425095 3429532 3431158 3432398 3440508 
005257	TH121	3461286	54	3252499 3259952 3354609 3395624 3411005 
005211	DAL212A	0493856	10	3254408 3350298 3382662 3412835 3456053 3460770 
007877	TH129	0431946	49	3255904 3318988 3435627 3437574 3438206 3457184 3457692 3462246 
004872	GOB	0348369	10	3256056 3311935 3397771 3425219 3426735 
012354	PK300	0031756	19	3257109 3339354 
006029	PK349	0554585	58	3260251 3331071 3331222 3340838 3359026 3359596 3375685 3382662 3404534 3404693 3411646 3412644 3412825 3413451 3413923 3414273 3416232 3416398 3416536 3416598 3417172 3417717 3418106 3418908 3420437 3421700 3421753 3425437 3426649 3426719 3429761 3430152 3430383 3430401 3430706 3430978 3431078 3431294 3431449 3431629 3432301 3433663 3433760 3433849 3433945 3434130 3435039 3435313 3436260 3436311 3437365 3437511 3438550 3439328 3439437 3439670 3439818 3440036 3440075 3440175 3441900 3451553 3455046 3457195 3459505 3459897 3460701 3460867 3461469 3462270 3463587 3464027 
006506	PK10	0138190	48	3264954 3312519 
011028	PK278	3451414	10	3264954 3312519 3313406 3372100 
012352	DAL1	0799612	48	3266668 
003528	PK200	3194193	14	3269275 3319691 3340716 3433539 
004839	TH121	3452082	19	3271598 3304568 3396226 3412835 3458339 
013157	PK328	0984701	18	3274299 3412874 3418441 3418907 3420037 3429834 3433539 
005845	RCSEM	3212821	10	3276264 3375410 3428844 3429706 3431449 3433275 3437534 3440454 3443421 3457808 3462417 3462606 
004359	CARP15	0989327	54	3287584 3340287 3366745 3406042 3415801 3439409 3439511 3439636 3441166 3443092 3455562 
011986	TH121	0004955	10	3287584 3374040 3413283 3436206 3441838 3442188 3455631 3458533 3460757 3463524 
001845	DAL212A	0031577	59	3291024 3301223 3322523 3329727 3339196 3360165 3380697 3395581 3396460 3396461 3412381 3413521 3413728 3415849 3418441 3432384 3432595 3433760 3436119 3438374 
004389	PK10	0138190	10	3303699 3324812 
004807	BYC239	0672202	19	3304946 3334029 3344264 3412881 3416896 3423839 3430142 3432040 3438232 3446670 3456290 
012227	PK354	3447549	10	3309945 3413255 3427633 3432238 3437574 3438287 3439588 3441166 3442432 3442641 3454439 3455297 3456645 3462414 3462647 3462849 3463993 
013204	PK200	3098022	38	3311935 3405145 3425347 3433539 
013165	ROSTUD	0431946	14	3314339 3340585 3395299 3433929 3435931 
003463	PK278	0599596	9	3314570 3331071 3337234 3375120 3381424 3404976 3412523 3413146 3415407 3416073 3417002 3417003 3417359 3420884 3432040 3432238 3432622 3437141 3437511 3438465 3438472 3438652 3455519 3461882 
003001	TH104	0605187	22	3314580 3339029 3389022 3396208 3411629 3412520 3413923 3414068 3415125 3415489 3415769 3416658 3417000 3417299 3417338 3417553 3423723 3426649 3430706 3433961 3437089 3437295 3437778 3439528 3440075 
002413	DAL212A	3452082	9	3315095 3323535 3330241 3337390 3340110 3375629 3398070 3413356 3414016 3415125 3415870 3417075 3420380 3420940 3429834 3431535 3433539 3435366 3436227 3436683 3448868 3458122 
002637	EH102	0827051	10	3316456 3380697 3413022 3417001 
013215	EH102	0031619	48	3316620 3354609 
002567	PK200	0031621	54	3316953 3324271 3364991 3436260 3440075 
011529	RCSEM	3475527	38	3319691 3340287 3340558 3375685 3397012 3397856 3397992 3415766 3416073 3434468 3436119 3475445 
004013	TH104	3460456	47	3319863 3322585 3354609 3397856 3405427 3414273 3415125 3417073 3419570 3425755 3430978 3434124 3434539 3436227 3437589 3439624 3442237 3442432 3448687 3453445 3457932 3458469 3458972 3462851 3463593 
001890	BYC239	3312777	10	3322523 3323512 
012317	TH102	0431786	19	3322886 3340324 3427633 3427674 3430401 3430944 3437978 3439588 3441894 3442641 3443207 3446653 3455220 3455719 3458452 3463729 3463919 
001897	DAL212E	3448653	26	3323512 
012293	CARP25	3098022	10	3323859 3324844 3330300 3337414 3417073 3417355 3421770 3425356 3435161 3439820 
006848	PK100	3427120	18	3324271 3339987 3372100 3432798 3433501 3435313 3436260 3439899 3441016 3452529 3454059 3458136 3460359 3463389 
001761	TH104	0254474	48	3324360 3417284 3417299 3420837 3434210 
012331	DAL10	0132890	48	3326956 3364639 3431303 3431939 3432447 3437781 3438033 
012320	TAYC	3421211	19	3329686 3337414 3416997 3417001 3436212 3444811 3457039 3462517 
013163	RCCON	0031632	48	3329686 3340339 3417553 
008479	TH111	0031619	19	3329729 3347767 3352660 3395937 3396837 3397807 3405144 3414298 3417002 3437781 
002643	PEMSTD	3421211	54	3329782 3457039 
004852	ROSTUD	3194193	54	3329814 3438119 3439402 3456016 3457393 3459508 3459823 
005286	GOCOM	0493856	26	3330264 3339827 3350298 
013182	TAYE	1020104	26	3330293 3331222 3358378 3375120 3405248 3406406 3413574 3414238 3415801 3434079 3436216 3439387 3455519 3458932 3460766 3463602 3463859 
002151	PK180	0470544	53	3330300 3337781 3338009 3375389 3375544 3396377 3396461 3411059 3421044 3424520 3426735 3429199 3430152 3430298 3431445 3432027 3435070 3435771 3437534 3438206 3439820 3441900 3445081 3446832 3447681 3448687 3455719 3456677 3457039 3458295 3458451 3458469 3460867 3461063 3462270 3462639 3463022 3463188 3463526 3463589 3463768 3464193 
004280	DAL10	0031577	19	3330300 3435692 
008778	TAYF	0751735	10	3330527 3366138 3396313 3404204 3416998 3417003 3444491 
006518	BYC239	3474862	49	3331277 3377851 3406295 3417717 3423829 3430944 3433881 3438287 3458932 3459584 3462416 
007034	TAYD	3426095	10	3331277 3426654 3435628 3453467 3464027 
009335	TAYSEM	0031522	10	3336750 3339061 3396226 3406073 3422414 3425578 
002680	TAYC	0599596	10	3336765 3337335 3432447 3437827 
002394	CARP13	0020988	14	3337390 3366138 3413356 3415144 3417075 3418094 3432796 3433501 
013203	TAYD	3098022	18	3337414 3340110 3375323 3381480 3389574 3418264 3418606 3426169 3429602 3434428 3435161 3438254 3455419 3457327 3460757 3461498 3462417 3462882 3462955 3463524 3463776 
005724	DAL212A	0164326	47	3338205 3409210 3411059 3412549 3416232 3417166 3417172 3420837 3420940 3421770 3423970 3425401 3426638 3429732 3432027 3432259 3433849 3455120 3457195 
011044	PK328	3213249	54	3339315 3344151 3404279 3411629 3414298 3415407 3439280 
002653	TAYC	1167978	48	3340287 3418264 3439364 
001765	TH121	3473979	14	3340292 3404279 3417284 3421604 3426658 3436158 3436212 3438443 3439636 
006865	DAL212A	3427120	48	3340449 3359596 3412864 3414278 3425364 3425755 3432259 
013185	CARP15	0125630	10	3347767 3352660 3390220 3395937 3397807 3412755 3417002 
005722	TH224	3392421	38	3347973 3397265 3416640 3416998 3417908 3421500 3428042 3428608 3429566 3435380 3435397 3438068 3438102 3438119 3439206 3439409 3441413 3442991 3443283 3446645 3446832 3448868 3455151 3456210 3459523 3459823 3460235 3461962 3463883 
011343	PK300	3213249	48	3358960 3417001 
006854	TH104	1167884	10	3359596 3430978 3432259 3432344 3460701 
003019	EHIII	0375562	14	3363735 3377851 3389022 3426719 3430706 3431651 3433945 3433961 3459635 
007887	PK354	0431946	48	3363924 3404279 3426169 3432782 3439158 
013190	DAL6	1137952	14	3365824 3389574 3397709 3412100 3414238 3432243 3433251 3434130 3442237 3455046 3460737 3461936 3462851 
002855	PK349	0695890	48	3366307 3375323 3405427 3405451 3411186 3412725 3412881 3416891 3417108 3417908 3418606 3419002 3421500 3423839 3425239 3425347 3425437 3425679 3426858 3427633 3427674 3428042 3428608 3429199 3429761 3430131 3431257 3432223 3432798 3433275 3433881 3435187 3436588 3436710 3437011 3437240 3437341 3437534 3437574 3437962 3438102 3438113 3438119 3438206 3438232 3438254 3438342 3438455 3438842 3438878 3439147 3439206 3439409 3439588 3439912 3440419 3440454 3440958 3441016 3441166 3441177 3441273 3441306 3441310 3441406 3441413 3441838 3441894 3441900 3442188 3442237 3442335 3442432 3442641 3442991 3443092 3443207 3443283 3443421 3443453 3443516 3444491 3444537 3444811 3445081 3445343 3446645 3446653 3446670 3446832 3447681 3448679 3448687 3448868 3449400 3450068 3450069 3450490 3450546 3451496 3451551 3451553 3451663 3451664 
004279	DVR	3447501	19	3369591 3402556 3406196 3416598 3438033 
006024	PK180	0031454	26	3374194 3417097 3419002 3428042 3429199 3439147 3440419 3440958 3441166 3448679 3448687 3450068 3450490 3453445 3454059 3455043 3455148 3455220 3455915 3459972 3460488 3460757 3461063 3461556 3461826 3462115 3462356 3462639 3462720 3462896 3463143 3463525 3463589 3463593 3463675 3463745 3463768 3464100 
013290	PK10	3475527	19	3375410 
013179	PK259	3469882	48	3375685 3406406 3413146 3416073 3425114 3438020 
009262	PK227	3473827	48	3380697 3404341 3404534 3405151 3415858 
011530	GOCOM	3475527	14	3395624 3397771 3437589 
012820	GOCOM	3195964	48	3395624 
004806	DAL1	0032827	10	3398117 3413598 3424594 3425401 3436227 3454100 3456103 3459508 3461556 3463729 
004014	DAL212A	0770587	18	3402910 3404642 3414238 3423723 3437827 3437962 3438068 3439147 3441406 3453467 3454439 3457979 3458949 3460399 3460488 3461933 3461936 3462292 3463353 
006038	TH121	0031621	48	3404179 3416398 3420434 3432301 
006525	TH251	3426095	54	3404196 3418479 3431078 
012332	CARP13	0132890	10	3405829 3420380 
006509	DVR	3451414	54	3406295 3417359 3437329 3439818 3450069 
003447	PK278	0031359	18	3406406 3414467 3421153 3426858 3430131 3430142 3430298 3431257 3431629 3433275 3434210 3435183 3435384 3435397 3437511 3438441 3438455 3439283 3457231 3457808 3458121 3458957 3463879 
006501	TH251	3451414	18	3413521 3425755 3437574 3438842 3438878 3440409 3450068 3455220 3456290 3457459 3462116 3463188 
005847	RCSEM	3470325	9	3413574 3415766 3430152 3431226 3432384 3436206 3438287 3438471 3460073 3462639 3463453 3463768 
002657	PK328	0138190	19	3414238 3417359 3422146 
001156	RCCON	3208421	14	3415407 3418441 3426556 3431226 3438020 3438287 3438652 3438878 3439912 3441406 
007881	DAL300	0470839	10	3416374 3421700 3445081 3458641 
003270	EHLEC	0216539	10	3416424 3420434 3424363 3431155 3438020 3441894 3449263 3457935 
013161	PK227	0030512	54	3417075 3442188 
002863	TH223	0020093	19	3417166 3451551 3455120 3456053 
013265	DAL212E	0138190	14	3422146 
001747	TH111	0416447	54	3423676 3431257 3440454 3443207 3450546 3457184 3458934 
012294	TH102	3098022	48	3423723 3424520 3436216 
013218	DAL212E	3443571	48	3425219 
011064	TH129	3195964	10	3426556 3434079 
012922	PK227	0020093	14	3429532 3436206 3455151 
013214	DAL212E	0031632	19	3432027 
002376	CARP25	0605187	48	3432796 
002932	GOCOM	3473827	10	3433961 3439356 3441273 
005119	EH102	3400071	19	3438342 3455690 
013162	CARP17	0030512	10	3439701 3454226 
011532	BYC106	0856198	19	3439912 3452183 3462298 3462554 
013211	CARP17	0162987	19	3441310 3456228 3459522 3462292 3463011 3463675 3463745 3464027 
001755	EHII	3473979	10	3450069 
003407	PK259	3478658	10	3452183 3458250 3458451 3460867 3462242 3463011 3463389 
