Course	Room	Teacher	Time	Students
007877	TH129	0031386	10	0163913 3418591 3425204 3451063 
006023	PK338	3452833	58	0496952 3103203 3120788 3136630 3177063 3211393 3215889 3252851 3306703 3307952 3315308 3322722 3329656 3331473 3332580 3332746 3333105 3344691 3348796 3351448 3367966 3371271 3374832 3388630 3388799 3390492 3396618 3396701 3396956 3397115 3398041 3404051 3404683 3404942 3404971 3405247 3405863 3406345 3406660 3408271 3408654 3408958 3409020 3409420 3409519 3409588 3409736 3409777 3410542 3411330 3412856 3412859 3413259 3413306 3414122 3414175 3417572 3422024 3422232 3422823 3423128 3423208 3424094 3424723 3425923 3426085 3426271 3426552 3427492 3427819 3428114 3428193 3428541 3428733 3428936 3429933 3430249 3430442 3430796 3430863 3430865 3431580 3431980 3432092 3432240 3432446 3432458 3432597 3432831 
011321	BYC106	0028980	10	0692830 3087141 3108886 3118027 3190802 3191210 3193987 3193996 3211155 3213909 3223593 3256154 3256706 3316273 3329744 
008763	PK180	0428728	37	0742992 3084353 3188882 3209232 3209843 3315308 3322722 3323493 3323539 3329885 3331737 3335809 3336037 3344231 3344691 3351448 3366901 3366991 3367966 3388799 3393733 3407566 3409424 3410213 3410567 3412856 3414711 3415386 3416740 3418635 3422823 3423366 3423482 3423577 3423867 3423870 3424162 3424172 3424462 3424660 3424766 3426182 3427583 3428193 3430013 3430200 3430863 3430865 3430894 3430895 3431705 3432242 3432446 3450544 
003572	EHLEC	0024092	10	0854238 0997873 1095145 1162443 3079120 3084075 3092577 3095417 3101150 3104014 3104716 3119630 3125450 3125873 3126883 3149019 3152434 3152788 3153306 3155201 3165225 3175356 3177284 3179026 3191823 3194474 3194873 3194888 3205208 3209949 3210027 3211128 3211478 3212784 3215784 3216840 3218135 3220189 
007372	TAYF	0603646	10	0892947 3091892 3094527 3095612 3095765 3097009 3216013 3219633 3238414 3239030 3244203 3246661 3248177 3264020 3303921 3330203 3332252 3335184 3343996 3349789 3373846 3380907 3388844 3397566 3401632 3403581 3403676 3406817 3409425 3410355 3419141 3424361 
008500	BYC239	0031619	4	0892947 1078911 3163183 3173096 3191876 3204830 3208714 3213402 3213909 3216244 3216906 3217434 3217439 3218034 3316273 
001836	DAL300	3452118	64	0951759 1069904 1157995 3087141 3197905 3242147 3249531 3299552 3303949 3316614 3316693 3317266 3322777 3324108 3332714 3333260 3356346 3357413 3358246 3367811 3367966 3372208 3373119 3375084 3381343 3382098 3387721 3388003 3388734 3388799 3388882 3388883 3389687 3390131 3396570 3397575 3403581 3403680 3403953 3405092 3405436 3407233 3407265 3407911 3408625 3409020 3409419 3413466 3414711 3419157 3422232 3423867 3424449 3425017 3426251 3426890 3427492 3428193 3428541 
002151	PK338	0428815	4	0951759 3153713 3204688 3217346 3266721 3315308 3323328 3323602 3333301 3333501 3342720 3352018 3352587 3358246 3367542 3389987 3397115 3397567 3397573 3398166 3405092 3405247 3405873 3405943 3406150 3407829 3408041 3408271 3408654 3409594 3410542 3410921 3411892 3412859 3414122 3418000 3421242 3422232 3422618 3422805 3422823 3423208 3423577 3423716 3424094 3424660 3424723 3426552 3427461 3427735 3427806 3428114 3428733 3429352 3429563 3429801 3430455 3430709 3430796 3431091 3432092 3432321 3432497 3432597 
006846	PK349	0402773	41	0951759 1069904 1157995 3087948 3095908 3114701 3115992 3125127 3177873 3185376 3211006 3215889 3232650 3232822 3242649 3245522 3250904 3260264 3304008 3307517 3308695 3309190 3309285 3310852 3322084 3329812 3331473 3364694 3373472 3374627 3381343 3388714 3397250 3403576 3406004 3408274 3431091 
006519	PK227	0031478	4	0997873 3086995 3094700 3104014 3114776 3152571 3322939 3345326 
003277	PEMSTD	0675005	32	1058218 3079120 3082058 3152788 3194873 3211393 3217195 
011962	DAL212E	0492451	10	1058218 3191428 3306968 
002160	PK180	0301910	35	1069904 1157995 3158474 3204830 3219639 3243105 3245522 3247055 3261847 3262890 3311410 3314945 3316281 3316693 3324108 3329668 3330273 3331578 3331989 3351610 3356346 3371271 3373472 3374627 3375084 3382098 3388003 3388714 3388734 3390131 3397250 3397575 3403576 3403581 3403680 3403953 3405286 3405436 3406004 3406695 3407265 3407466 3408037 3408274 3408625 3408820 3409792 3417859 3423871 3426085 3427670 3431750 3431980 3432458 
004304	ROSTUD	3448653	10	1073211 
006029	DAL300	0213446	47	1073211 1156319 3095612 3204905 3220923 3243105 3245522 3264020 3324108 3334056 3335391 3351610 3352018 3357841 3373472 3373902 3374627 3381996 3388882 3389687 3389864 3390131 3394688 3396601 3397250 3397575 3397844 3403953 3404522 3405286 3405615 3406004 3406020 3406150 3406438 3406889 3407265 3407566 3408037 3408274 3408625 3408846 3409080 3409477 3409557 3409792 3409934 3410516 3416098 3417786 3418177 3423502 3424681 3424766 3426251 3429568 3429801 3430200 3431091 
001547	TH223	1054236	33	1075130 3126731 3332714 3368051 3396763 3397573 3409420 
002874	TH223	0031582	4	1095145 3092781 3112040 3307321 3332236 3425181 3428628 
011943	BYC106	3393009	23	1095145 3125450 3126639 3126883 3149019 3152788 3155201 3165225 3175356 3205138 3209949 3210027 3212784 3216871 3254879 3305828 
001213	DAL2	0031471	10	1124340 3084353 3113753 3123316 3125322 3152623 3155060 3166656 3188793 3209232 3209294 3209873 3211360 3215601 3216609 3217778 3221143 3228759 3239494 3265154 3304008 3311445 3315776 3316281 3323189 3329836 
001248	RCCON	0254151	4	1124340 3084353 3122857 3126602 3135241 3152623 3160008 3188793 3209232 3209294 3212787 3217778 
012666	TH129	0254151	23	1124340 3204688 3212787 3323189 
012891	TH102	3453004	58	1124340 3062958 3084353 3094527 3152623 3216914 3317266 3322740 3332421 3357061 3382642 3385569 3388844 3407233 
008824	PK227	0031572	10	1138637 3161390 3191198 3192657 3212165 3212293 3215081 3217415 
001862	TAYB	3422398	33	1155748 3092781 3158474 3177873 3210074 3221922 3232650 3248182 3307517 3309190 3311445 3323692 3323699 
006538	RCSEM	3451414	10	1155748 3079887 3111037 3121199 3152571 3248179 3332955 3396570 
006555	PK227	3451414	32	1155748 3152571 3160933 3178019 3232650 3260308 3388648 3410355 
003027	PK10	0375562	4	1156319 3204306 3204893 3215759 3217667 3220304 3220923 3221557 3223593 3261754 3304723 3316819 3322141 3335255 3389664 3405615 3406438 3409477 3410139 
005181	DAL25	0493855	23	1162423 3068444 3105382 3121966 3190802 3194683 3197905 3211396 3244203 3254195 3322686 3330926 3333138 3335184 3343234 3345082 3354864 3388046 3389488 3390414 3394688 3396808 3398618 3401632 3404308 3405288 3409736 3421988 3450544 
005247	DAL10	0029475	55	1162423 3068444 3211155 3213840 3233697 3252374 3254195 3330377 3330926 3333635 
009304	BYC106	0493855	4	1162423 3068444 3082058 3095391 3126639 3126772 3127044 3153473 3155695 3171506 3197905 3211393 3213840 3216013 3217793 3223001 
011844	CAN314	0031471	32	1162423 3084353 3089542 3125322 3125808 3126883 3155060 3209294 3256154 3268127 3329836 3351382 3358560 3388735 3389314 3389488 3389987 3407233 
003441	CARP13	0897706	7	1162443 3177284 3194474 3197905 3205208 3219920 3220189 3223001 3241545 3248326 3295766 3312114 3331989 3333105 3350800 3396626 3396763 3396786 3409422 3418666 3441685 
003485	PK337	0024092	4	1162443 3153576 3215876 3220189 3224239 3305828 3330926 3331989 3350650 3356399 3366991 3388458 3395005 3407079 3408495 3409760 3421946 3422564 3426961 3441685 
008479	CARP13	0031619	23	3061917 3068251 3112040 3150738 3153576 3163183 3191876 3204830 3210876 3212008 3213909 3216244 3216633 3265450 3276024 3319378 3322204 3332518 3333459 3382642 3405177 
008485	PK200	0031553	55	3061917 3173096 3177388 3205329 3208714 3212008 3216633 3319378 
012895	EHI	0428011	28	3061917 3100468 3114251 3120610 3126930 3142378 3177388 3178019 3211593 3232225 3249531 3311445 3317266 3323644 3330095 3330273 
002992	PK338	3332662	41	3062898 3107592 3190685 3212349 3217724 3221143 3242920 3244921 3252673 3309375 3323328 3326451 3331483 3331582 3335406 3349875 3351448 3356399 3366901 3373119 3375084 3381444 3382524 3387721 3389687 3395332 3404051 3405066 3405943 3406345 3406695 3407639 3407911 3408958 3409422 3409760 3411330 3415386 3416145 3418000 3419071 3419076 3423128 3423500 3424073 3424462 3424665 3425673 3426182 3426251 3426271 3426367 3426850 3428144 3428156 3429511 3429568 3429717 3430200 3430249 3430506 3430895 3431011 3431809 3431950 3431986 3432123 3432497 3432831 
009263	DAL6	3421211	23	3062898 3092411 3099184 3152434 3152623 3214899 3220537 3242147 3373119 3374627 3382096 3403427 3403680 
005724	PK337	0984701	54	3062958 3095612 3114139 3321831 3329656 3332738 3334056 3344462 3349789 3356546 3389259 3390020 3394978 3395143 3396763 3397573 3404522 3406193 3406490 3409519 
002562	PK349	3393847	55	3063119 3121582 3145694 3185122 3188882 3192437 3204495 3210876 3212349 3218679 3242666 3370273 3372208 3388735 3396626 3398828 3403530 3404945 3408188 3408280 3408820 3409062 3410567 3410638 3412447 3413575 3416740 3418591 3421946 3422316 3423870 3423871 3428353 3428682 3429674 3432497 3432831 
004355	TAYB	0847593	58	3063119 3165880 3203991 3242817 3280006 3359167 3367832 3398117 3398464 3408223 3408797 3431933 3432058 
004660	TH111	3455481	10	3063119 3219436 3242506 3243225 3247887 3330377 3343092 3357061 3372887 3375084 3407597 
007920	PK232	0031386	4	3063119 3103203 3121582 
009270	PK336	3310251	7	3068251 3111582 3112040 3152434 3216420 3322236 3323601 3331737 3332738 3336037 3366892 3373846 3409318 3410567 3412459 3423580 3423957 3424250 3426085 3426632 3430011 
012770	DAL1	3448653	32	3068251 3095396 3122857 3153576 3192055 3205491 3208714 3211081 3233850 3241045 3306992 3323644 3344462 3357413 3368051 3388914 3406546 3407566 3408191 3416145 3423682 3428649 3429105 
005286	PK200	0493856	10	3068444 3126639 3217604 3233348 
001444	TH121	0853792	23	3078987 3209873 3213921 3242506 3242817 3251957 3254237 3307321 3332761 3359167 3390539 3405677 3409975 
004048	DAL10	0031578	10	3078987 3091169 3109227 3136630 3155346 3217439 3398717 
005742	GOCOM	0031543	4	3078987 3091169 3092577 3114872 3161390 3217372 
007381	BYC127	0031611	54	3079120 3114251 3114269 3152571 3209872 3211593 3218679 3241545 3246661 3264020 3275971 3293645 3304324 3306835 3310852 3312024 3321377 3329756 3330203 3331496 3331578 3332252 3333301 3336037 3357413 3373846 3373902 3374246 3381996 3396570 3403676 3419060 3424499 3431091 3431750 
007397	TH111	0603646	4	3079120 3119048 3120610 3150738 3205329 3211384 3217195 3299552 3316906 3331473 3331474 
007380	PK337	0987494	35	3079887 3097009 3204153 3209872 3211006 3218679 3248149 3248177 3249531 3249965 3299552 3310852 3312024 3331496 3332236 3332252 3333780 3364522 3373846 
004274	TAYE	3092832	4	3081179 3089542 3191340 3211081 3242496 3315613 3330334 3332738 3335999 3336686 3344476 3359529 3388046 3389434 3398618 3404803 3409510 3410863 3419088 3419141 3424806 3426632 3430490 3430522 
004288	EHIII	0031577	10	3081179 3215889 3218908 3262172 3308669 
004888	TH102	3092667	23	3081179 3095417 3120788 3121782 3169644 3170878 3190134 3191428 3192054 3209936 3212165 3217444 3223740 
008769	PK338	0431786	37	3081179 3111582 3175457 3190802 3214299 3221922 3232822 3249965 3256706 3309285 3323602 3326451 3329756 3330203 3330630 3331618 3335255 3342720 3345082 3359529 3367542 3370273 3382524 3382642 3388630 3388882 3390131 3390539 3396895 3396956 3397575 3397815 3397844 3398251 3398618 3398828 3403953 3404051 3404803 3405066 3405247 3405419 3405943 3406004 3406020 3406623 3407265 3407466 3408249 3408271 3409020 3409477 3409792 3410139 3410355 3410528 3410539 3410542 3410901 3410921 3412859 3413466 3413575 3416251 3416785 3417641 3421946 3422564 3422618 3422720 3422805 3423502 3423555 3424499 3425044 3426351 3427735 3428049 3428050 3428541 3429352 3429933 3430123 3430455 3430522 3430887 3431980 3432538 3432930 
007026	EHIII	3198619	23	3082058 3090312 3215249 3243225 3284809 3309042 3333635 3335236 3403558 3406196 3410901 
001473	CARP15	0853792	55	3082370 3094700 3104777 3120788 3123316 3125322 3153713 3155060 3193672 3217604 
002876	TAYG	1084458	7	3082370 3127044 3152667 3191191 3204517 3211542 3219783 3228778 3242496 3247156 3248182 3304197 3307952 3312285 3329836 3335999 3351190 3367832 3405677 3405996 3408223 3409020 3414568 3417859 3419080 3421988 3426210 3432930 
009386	DAL315	0031388	4	3082370 3104777 3111582 3150160 3209873 3213921 3239494 3258543 3329668 3337363 3343996 3344231 3350761 3394978 3409495 
012757	TH102	3098022	54	3082370 3094700 3123316 3125322 3155060 3193672 3215601 3219029 3244179 3247887 3251957 3332761 3337363 3350761 
001895	TAYB	0056992	55	3082852 3098317 3158474 3173283 3183942 3185376 3189051 3315059 
004379	RCSEM	0989327	32	3082852 3094263 3101907 3216871 3223740 3284809 3409758 3419141 
004011	TH110	0770587	37	3084075 3216013 3217778 3242496 3242506 3251946 3257376 3316782 3332955 3333780 3345326 3349875 3357841 3372208 3374246 3390193 3390229 3397064 3398117 3403581 3406660 3408191 3408292 3408708 3409318 3409760 3409975 3414175 3416145 3418666 3419139 3419140 3419157 3424250 3424820 3426552 3427802 3429717 3429801 3430249 3430490 3431824 3431986 3432092 3432597 
004827	TH110	0031373	33	3084075 3092577 3114776 3121782 3153713 3169644 3170878 3185620 3189715 3194888 3211335 3212165 3217444 3217540 3219719 3221785 3242496 3252851 3254879 3260419 3268686 3280006 3288377 3304723 3304941 3306761 3309285 3311452 3330597 3332654 3336686 3344691 3345326 3356546 3390193 3392028 3393733 3395143 3396786 3397064 3398166 3404683 3409495 3409497 3409519 3431824 3431897 
006026	TAYE	0987775	55	3084075 3194683 3204644 3204905 3322942 3323328 3329964 3382096 3385569 3389464 3404068 3405444 3405778 3408708 3412802 3423375 3424665 3424869 3429563 3429751 3430013 3430864 3430893 3430894 
007375	TAYC	0031631	4	3085846 3100468 3114251 3126930 3209872 3236537 3248149 3249965 3306692 3310852 3329756 3330095 3330273 3332955 3333780 3336573 3340395 3381996 3387721 3389259 3390539 3397670 3397815 3403440 3403676 3403680 3406020 3406490 3409422 
012227	PK336	3447549	33	3085846 3205450 3219436 3331090 3332409 3335589 3366901 3368107 3406150 3408495 3409318 3409425 3410213 3412447 3418635 3418978 3422720 3429352 3430442 3430887 3431809 3432046 
002855	PK338	0695890	10	3086938 3205450 3212349 3315308 3323601 3323602 3331737 3332236 3332746 3351448 3358729 3362124 3366462 3366616 3366892 3366901 3366991 3367542 3367811 3367832 3367966 3368051 3368107 3370273 3371271 3372208 3388799 3396618 3396701 3396956 3397115 3397844 3398041 3398828 3403481 3403580 3404803 3404971 3405066 3405247 3405444 3405677 3405705 3405778 3406193 3406196 3406345 3406402 3406660 3406695 3407547 3407829 3408188 3408223 3408271 3408292 3408654 3408708 3408796 3408846 3408958 3409020 3409062 3409318 3409588 3409594 3410528 3410539 3410542 3410567 3410686 3410863 3410921 3411329 3411330 3411892 3411992 3412447 3412459 3412802 3412856 3412859 3413259 3413306 3413362 3413466 3413575 3414026 3414122 
004009	BYC127	3442425	28	3086938 3241545 3244179 3331090 3347031 3396618 3406695 3407547 3409495 3409510 3410480 3411992 3412802 3417517 3418177 3421242 3423400 3423500 3424051 3424073 3426546 3426961 3428114 3428156 3428649 3428682 3428733 3429751 3430011 3430203 3430864 3431778 3431859 3432046 
004014	PK278	0770587	7	3086995 3242553 3260264 3323608 3330372 3343996 3350767 3362124 3367811 3388648 3396601 3398495 3403427 3406817 3409062 3409781 3410638 3412447 3424094 3424869 3429105 
005193	PK128	3451425	32	3086995 3112329 3192054 3219783 3220091 3406193 3430400 
006565	ROSTUD	0031399	55	3086995 3107224 3121199 3214704 3304941 
012730	DAL6	3194193	10	3087948 3217724 
001752	CARP15	0416447	4	3088147 3094263 3191834 3358560 3404945 
002472	BYC106	1051497	7	3088147 3090058 3104870 3105866 3125808 3151195 3165880 3166656 3189715 3191210 3204243 3204619 3205491 3211396 3211643 3330820 
007904	PK300	0431946	32	3088147 3098380 3190685 3193776 3204495 3395005 3405296 
011237	TH251	3198619	10	3088147 3121966 3256961 3275971 3302457 
001844	PK337	0529283	37	3089542 3092091 3106403 3118090 3154498 3211081 3216609 3219719 3247055 3252673 3283446 3314945 3316273 3331989 3332580 3333301 3352587 3388883 3405873 3433028 
001845	TAYD	0031577	7	3089542 3145520 3155060 3204279 3216609 3217785 3250907 3266721 3315613 3317266 3330630 3331473 3332714 3332978 3333501 3358246 3373902 3397567 3405177 3405873 3407597 
002413	PK10	3452082	54	3090058 3105866 3165880 3177063 3219685 3233697 3254237 3315676 3322752 3351382 3358560 3388914 3390414 3403968 3405444 3406546 3408191 3423725 3425218 3425923 
002465	EHII	3451985	4	3090058 3138631 3151195 3165880 3191210 3204243 3204619 3205491 3211396 3233850 3322663 3322942 3406546 
009266	PK278	1083868	10	3090312 3097592 3177063 3177165 3217371 
012724	DAL1	0125630	28	3090312 3112040 3152572 3179026 3205450 3322663 3329756 3332410 3334056 3336640 3345082 3367542 3371271 3390020 3394978 3405257 3406720 3410539 3413466 3419139 3422155 3422256 3423725 
001161	BYC239	0031388	28	3091747 3113753 3118090 3154498 3194428 3209873 3215889 3264020 3266721 3268127 3306992 3331184 3350767 3357841 3397567 
001763	TAYD	0027799	4	3091747 3112329 3165225 3228778 3354864 3406889 3409424 3409464 3409706 3410213 3428634 
001839	TAYE	0898918	58	3092091 3098317 3106403 3115992 3142378 3189051 3204830 3211473 3215666 3219639 3221922 3222944 3243105 3247055 3262890 3283446 3306835 3307517 3308695 3309190 3314945 3323699 3331578 3381343 
001890	PK300	0529283	55	3092091 3194428 3211081 3211473 3215666 
006537	BYC100	0031399	4	3092196 3160933 3205208 3302457 
002175	TH111	3415849	37	3092411 3093208 3098380 3119909 3150160 3204644 3205454 3211360 3213412 3227175 3316614 
011960	CARP15	0031543	32	3092577 3125450 3161390 3231826 3242817 3243225 3252374 3311452 3331496 3406196 
004389	BYC100	0989327	7	3092604 3095396 3150843 3190685 3213968 3216554 3223740 3306835 3389434 
006042	TH110	0207327	28	3092604 3094556 3094744 3103166 3105866 3109227 3116564 3126433 3126731 3191285 3191834 3192055 3192657 3193288 3203991 3205324 3205337 3211727 3215784 3220304 3227208 3239030 3249841 3251946 3261847 3306968 3307400 3316693 3316819 3322141 3326451 3330439 3330986 3331582 3332411 3351178 3359167 3362013 3408249 3408776 3410501 
012763	PK25	0207327	54	3092781 3095908 3097709 3099184 3126731 3152667 3155346 3185122 3192657 3193288 3193776 3205324 3205337 3215879 3216580 3216633 3216906 3217313 3217371 3217667 3249841 3303949 3306482 3316693 3330986 3331582 3351178 3359167 
002166	TH102	0428815	10	3093208 3114853 3173096 3214147 3227208 3242649 3249841 3250904 3260264 3288377 3315961 3316653 3330372 3332978 
011826	PK337	0180723	23	3093208 3098380 3114853 3183942 3193776 3214147 3227208 3242649 3249841 3250904 3260264 3288377 3306482 3306835 3315961 3316614 3316653 3330372 3330439 3332978 
006500	DAL25	0031399	28	3094263 3216580 3219436 3227175 3246830 3323601 3323699 3330630 3332252 3376542 3398717 3403481 3408188 3409781 3411329 3412459 3417536 3418978 3422574 3425204 3426850 3427461 3430013 3430709 3431580 3431902 3432123 3432240 3450544 
006863	RCCON	0031347	54	3094263 3095765 3099423 3190685 3204495 3214147 3259090 3309375 3316614 3321787 3330431 3403530 
005190	TH102	1137952	28	3094527 3101907 3114776 3223001 3244203 3247887 3322686 3329187 3334296 3347834 3350761 3388364 3407829 3424665 
006044	PK349	0031526	7	3094556 3095908 3099184 3110627 3125856 3149019 3152572 3185122 3188399 3191285 3191834 3192055 3205337 3210876 3211727 3215784 3215879 3216580 3216633 3217313 3217667 3219639 3220304 3228759 3248716 3261847 3292462 3303949 3306482 3306968 3316614 3316819 3322141 3330334 3330439 3331582 3410501 
004279	BYC100	3447501	33	3094744 3204688 3215889 3218908 3252673 3322722 3323644 3330431 3332580 
004280	TH223	0031577	55	3094744 3204688 3244179 3247887 3323644 3333138 3350761 
002414	DAL10	0697660	23	3095391 3217543 3308669 3322663 3322942 3351382 3359529 3403968 3409423 3425923 
004065	DAL10	0854975	54	3095391 3151640 3209843 3209936 3211643 3216554 3216898 3268686 3330627 3335589 
003435	RCCON	0493855	55	3095396 3122181 3155201 3209949 3210027 3257376 3295766 3322236 3336573 3350650 3396601 3430123 
012325	BYC106	3420576	28	3095396 3126772 3194322 3211396 3213840 3216244 3217793 3242936 3276024 3282664 3315776 3344462 3389259 3397154 3406490 3409172 
003500	PK200	3194193	4	3095417 3152667 3217615 3218135 3312114 3425961 
003514	TH223	0995587	54	3095417 3104716 3122181 3155201 3260419 3322236 3322949 
005179	TH223	3426676	37	3095612 3205138 3347031 3350800 3414192 3431786 3431933 
006865	RCCON	3427120	7	3095765 3191340 3214147 3259090 3307400 3309375 3321787 3330431 3331776 3332654 3403530 3408249 
002635	CAN314	0827051	28	3096489 3104870 3121582 3175457 3217313 3248149 3348796 3388003 3398041 3405778 3409419 3411330 3422316 3423957 3426383 3428353 3429563 3430796 
003270	PK354	0695890	7	3097009 3155348 3233697 3306992 3344317 3356346 3374832 3385569 3394688 3397154 3397398 3405568 3408708 3409510 3422949 3429674 3430123 
010961	TH223	0492451	32	3097009 3097709 3100468 3126433 3180821 3216244 3217415 
004735	PK232	1084458	32	3097082 3335999 3351190 3432445 
012837	PEMSTD	3421211	10	3097082 3135241 3398117 3408049 
011528	PK300	3310251	4	3097592 3261697 3265154 3390229 
001747	BYC100	0254474	32	3099184 3219367 3330597 3344317 3370273 3396956 3413259 3422154 3426632 
011035	TH223	3452853	35	3099423 3155201 3211727 3219367 3241876 3352587 3359167 
001766	TH111	1165592	7	3101150 3119630 3194888 3216840 3254879 3312113 3316782 3322949 3329187 3329964 3344462 
003541	TH121	0599596	4	3101150 3211478 3219920 
003416	PK10	3443571	35	3101907 3112329 3125450 3152434 3204495 3215876 3218908 3241045 3268127 3304197 3312285 3405177 3406889 3408796 3409519 3417823 3427605 3427819 3428050 3430893 
005222	TH102	3452160	55	3101907 3219783 3315776 3388046 3395143 
007125	EHII	0162976	32	3103910 3105219 3105292 3107224 3155033 3181938 3191198 3193161 3196059 3203791 3204248 3204279 3213217 3214704 3217413 3217785 3256812 3321871 
007127	PK336	0028980	4	3103910 3105219 3107224 3107592 3108487 3118027 3121966 3155033 3181938 3190802 3191198 3193161 3193996 3194322 3196059 3203791 3204248 3204279 3211335 3213217 3214704 3217785 
012819	TH251	3195964	23	3103910 3191210 3193996 3204279 3213402 3221081 3260308 3321871 3332421 
012737	TAYB	3092667	32	3104777 3185620 3194888 3211335 3217444 3247055 3306761 3350650 3396665 3398026 3404308 3416392 
002394	TH121	0020988	32	3104870 3219685 3238414 3254053 3254237 3308669 
003034	BYC239	0222805	10	3105292 3154498 3181938 
005210	ROSTUD	0493856	32	3105382 3153473 3212349 3315776 3342720 3408037 
005257	CARP17	3426676	10	3105382 3107224 3171506 3254195 3332249 3335236 
006502	CARP25	0031621	4	3105382 3218679 3376542 3398717 3432538 
011204	PK337	0408816	28	3106403 3125322 3145520 3151640 3185376 3213217 3219685 3221143 3239494 3265154 3265450 3304008 3316281 3316653 3323692 3329668 3385569 3407639 
003031	PK128	0375562	10	3106446 3150843 
003007	PK354	0222805	33	3108487 3108886 3122857 3151640 3185122 3213217 3215759 3217413 3220537 3220923 3223593 3251946 3322204 3323493 3330627 3390492 3409934 
007049	TAYE	0893542	10	3108487 
012442	TAYSEM	3426095	10	3108691 3216914 3256812 3398251 
002572	EHI	3398516	23	3108814 3114701 3219633 3416251 
007900	TH251	0031539	32	3108814 3204153 3336640 3396701 3410480 3417641 
011965	PK128	3393847	4	3108814 3219633 3416251 
003009	TAYB	0375562	23	3108886 3188793 3213412 3219436 3220923 3241045 3304723 3388630 3405863 3406490 3408191 3409080 3409721 
011063	BYC239	3195964	7	3108886 3121782 3126772 3211128 3214704 3243225 3262172 3275971 3306692 3329744 3332409 3346922 3388630 3406623 3409080 
003478	TAYG	0431946	54	3109335 3125450 3126639 3150843 3190778 3194474 3216840 3217615 3220189 3224239 3312114 3322686 3322939 3335236 3336686 3347031 3364694 3388628 3406196 3406402 3407079 3409695 3409760 3422254 3426546 3428353 3430011 
006050	TH251	0031526	4	3110627 3115257 3116564 3125856 3188399 3214138 3216580 
007894	PK259	0468281	4	3110756 3419140 3428580 
007909	PEMSTD	0431946	23	3110756 3121582 3228861 
009296	BYC100	3310251	10	3110756 3213921 3356546 3389464 3390278 3398166 3416740 3428936 
012738	CARP17	3426095	4	3111037 
001185	PK128	0031577	23	3111582 3135241 3215601 3245522 3311445 3316281 3381996 
008484	BYC106	3420576	58	3113753 3153576 3160933 3163183 3194683 3216906 3265450 3276024 3312113 3316273 3322204 3333459 3335809 3390229 3405177 3405288 
004021	DAL6	0854975	4	3114139 3248326 3304197 3331451 3358729 3427605 
012099	CARP25	0030512	23	3114269 3191340 3431897 
002568	PK232	0564741	7	3114701 3219633 3404068 3416251 
012731	EHIII	0672202	55	3114776 3219719 3221785 3252851 3260419 3268686 3280006 3306761 3309285 3315789 3404308 
002162	PK354	0168378	37	3114853 3183942 3189051 3193776 3227208 3242649 3249841 3250904 3260264 3288377 3306482 3306835 3315961 3316653 3330372 3330439 3332978 
011964	EHI	0409956	4	3114853 3142378 
002637	PK259	0827051	10	3115257 3225263 3322204 3323328 3381343 
011963	EHI	0409956	10	3115992 3211006 3217346 3219639 3293645 3331578 3331618 
012760	PK227	1051387	35	3115992 3221143 3258543 3329836 3333260 3374246 3376542 3409721 
005865	TH223	0031582	10	3116564 3191191 3351190 
012299	TH121	3393042	55	3118027 3216609 3330820 3354864 3362013 3408796 3409420 3451166 
001247	DAL212E	3448653	4	3118090 
007406	TAYD	0031522	10	3120610 3178019 3204153 3214299 3232225 3232625 3329172 3329671 3331474 
008457	DAL6	3425460	33	3120610 3153306 3194322 3256706 3312114 3322663 3357841 3388359 3397154 3403558 3410539 3428344 3430865 
004874	PK354	0032827	10	3120788 3190134 3192054 3209936 3217444 3219719 3295766 3404308 
006525	DAL212A	0031573	4	3121199 3257376 3346922 3382642 3405296 3410480 
011838	PK337	0031619	32	3121199 3153306 3217434 3233697 3242147 3321377 3322752 3323493 3329885 3333459 3336573 3345933 3389259 3389756 3398251 3405568 3409424 3414026 3429933 3430203 
012727	TH251	3451481	55	3121966 3191823 3194873 3211478 3217408 3242920 3254879 3322740 3345567 3406817 3414026 
001757	PK200	0254474	23	3122181 3191834 3261697 3292462 3316782 3330597 3409706 
001433	TH111	0031632	32	3123316 3153713 3193672 3213921 3217604 3219029 3242496 3280006 3390008 
002430	PK300	0029475	10	3125808 
012884	PEMSTD	0770587	4	3125808 3254237 3330627 
001767	CARP13	3451419	4	3125873 3179026 3188879 3194474 3216871 3242936 3284809 3305199 3329964 3335184 3396786 3403558 3414836 3416392 
005272	RCSEM	1137952	55	3126602 3153473 3217434 3217439 3315961 3330273 3330334 3331618 
006508	PK227	0031478	23	3126602 3256154 3257376 3304941 3323699 3364522 3388648 3410516 
008773	DAL1	3194197	37	3126731 3173283 3205324 3217793 3219685 3221557 3223001 3256154 3319378 3322942 3366462 3366892 3388735 3389488 3394688 3396626 3397670 3403580 3406345 3407829 3409172 3414026 3417536 
012353	DAL1	0683480	4	3126731 3408249 3422256 
005154	BYC239	1020104	23	3127044 3153473 3217793 3342720 3417823 
004666	DAL6	0775640	55	3135241 3196059 3211727 3306703 3316819 3409557 3430506 
005735	TH223	0031543	23	3145694 3329744 3389464 
006501	BYC100	3451414	23	3152572 3346922 3395005 3404979 3410686 3411992 3423716 3426210 3432445 
007008	BYC239	0316015	33	3152572 3332410 3332425 3336573 3362013 3396618 3397566 3406546 3409062 3410480 3410901 3424250 3430863 3430895 3430972 
001151	DAL300	0408816	33	3152623 3211473 3215876 3241876 3258543 3261847 3268127 3304008 3315613 3317266 3322686 3323189 3323602 3324108 3330203 3330334 3331184 3331496 3331737 3332236 3333260 3344231 3346867 3347834 3352587 3357061 3367811 3388844 3388882 3390539 3403481 3404942 3404945 3405705 3406020 3407911 3408292 3409424 3409777 3413362 3417536 3417641 3417778 3421954 3422564 3423366 3423400 3423555 3423577 3423867 3423957 3424449 3424462 3424499 3426890 3427583 3427670 3429787 3432242 3432321 3433028 
005845	TH102	3212821	37	3152743 3155695 3191340 3246830 3405996 3408188 3413306 3422574 3423648 3424806 3428628 3428638 3430709 3430893 
004665	TH102	1137952	7	3153306 3212293 3305222 3333459 3357061 3388883 3395143 3423366 3423870 3426351 3428156 3430455 3431074 3431986 
001897	PK232	3448653	23	3154498 3194428 3211473 3215666 
002674	TAYSEM	0468281	28	3155033 3220189 3247055 3260419 3329757 3335406 3344231 3344476 3349789 3373119 3398026 3405092 3405177 3406660 3410355 3422154 
006557	CAN314	0031573	10	3160933 3215249 
008810	BYC100	0576472	55	3161390 3212165 3212293 3215081 
002433	TAYB	0697660	4	3166656 3169644 3210027 3306761 
004839	CARP25	3452082	10	3169335 3389314 3397064 
004036	BYC106	3442425	55	3171506 3248326 3258543 3265154 3283446 3292462 3299552 3307321 3329668 3332421 3335589 3343092 3388883 3389687 3398464 3405863 
012849	DAL10	3455481	4	3173283 3410638 3410686 3417016 3422024 3423375 3424820 3426501 3431809 3432458 
012923	PK10	3426520	10	3173283 
012291	CARP17	0409956	23	3177873 3248182 3331618 
007010	DAL1	0162976	58	3179110 3216871 3248326 3259090 3321787 3322686 3323608 3331483 3332738 3343092 3344317 3349875 3364522 3376542 3395332 3396895 3398026 3409422 3409695 3410921 3429511 3431950 
006860	RCSEM	3427120	23	3188399 3307400 3331776 3332871 3405286 3406700 3417786 3418177 
001838	TAYG	0168763	35	3188879 3192437 3204619 3217540 3236537 3247156 3311452 3323608 3329885 3331184 3331451 3344691 3345567 3366892 3372887 3398828 3405419 3405996 3409695 3416942 3417016 3418591 3419076 3424162 3425204 3426546 3428634 3429105 
004359	EHIII	0989327	4	3188887 3244790 3336640 3362013 3368107 3404683 3406720 3414568 3417572 3421266 3421954 
004832	BYC100	0053518	64	3189715 3217408 3232225 3252851 3311452 3315789 3326451 3394978 3419088 
012729	PK128	3194193	55	3190134 3211128 3213968 3396665 
006848	PK10	0750235	23	3191285 3193987 3243105 3252673 3333501 3351610 3352018 3396601 3398166 3407466 3407547 3408037 3408820 3409497 3409792 3410501 3423502 3424681 3424766 3432046 
008778	TH104	3451239	4	3191285 3315789 3329187 3332411 3332425 3333260 3409425 3409695 3422155 
011849	DAL212E	0989327	55	3192054 3398117 
012443	DAL212E	3426095	32	3192437 3311410 3329656 
011317	GOCOM	3194197	55	3192657 3193288 3217415 3322939 3323608 3409758 
008800	TH111	0031572	23	3193288 3204248 3217415 3303949 3315789 3322939 3329656 3351178 3405873 3409420 3419088 
002669	GOCOM	0897706	10	3194428 3217615 3221081 3409781 
003001	PK354	0492580	55	3204243 3204306 3220304 3223593 3251946 3261754 3309190 3322084 3335255 3389864 3390492 3403558 3405615 3406438 3409477 3409934 3410139 
004013	TAYE	0031578	23	3204905 3304324 3322777 3323601 3335809 3344476 3345567 3350800 3356399 3368051 3389864 3393733 3397250 3408846 3409464 3409777 3418442 3418978 3423725 3425218 3427819 3428580 3428634 3428638 3431786 
002676	TH129	0031572	4	3205138 
007043	RCSEM	3451991	35	3205324 3221081 3231826 3331090 3343092 3388648 3405257 3418000 
008774	DAL10	0031572	32	3205450 3215879 3307952 3322949 3335589 3388734 3403676 3406438 3409497 3430972 
002671	PK232	0989327	28	3209294 3304324 
007034	PK259	0031573	23	3209872 3252851 3302457 3407597 3414836 3423648 3429511 3431011 
003454	RCCON	3393009	32	3209949 3211542 3224239 3242936 3275971 3304359 3305199 3329459 3331638 3388458 3396626 3408495 
007080	PK232	0031573	54	3211335 3214704 
012885	RCCON	0770587	10	3211643 
012483	GOCOM	3426520	32	3211727 3213402 3217615 3397566 3407639 3423375 3426351 
002367	TAYG	3208421	58	3212293 3308669 3330820 3331184 3333138 3345326 3351382 3366991 3388359 3403427 3405778 3407547 3407566 3409423 3409497 3410516 3412802 3413362 3416942 3419071 3419076 3424073 3424869 3425218 3427788 3427802 3431702 3450544 
003407	CAN314	1051448	4	3212349 3405677 3408958 3423482 3427670 3428682 3429568 3430249 
004852	PK300	3194193	23	3213968 
012658	PK336	0298190	10	3214899 3382096 3382098 3382524 3395332 3403576 3405436 3409423 
001423	PK10	0853792	32	3215601 3244921 3251957 3332654 3332761 3366616 3367832 3405705 3414192 3417517 3417778 3421954 3422256 3423580 3424820 3426850 3428628 3428638 3432242 3432930 
003554	CARP15	0599596	23	3215784 
012317	TAYSEM	0899465	23	3215876 3219367 3388359 3396665 3405568 3416098 3425673 3426367 3426890 3427492 3430178 
002663	PK232	0031478	10	3216554 3329757 3405296 3425961 
004739	EHII	0004955	10	3216649 3220091 
006038	ROSTUD	0031621	37	3216906 3217371 3239030 3307400 3332411 3389756 
007364	CARP21	0031611	10	3217372 3224239 3292462 3329459 3351178 3389687 3389864 3389987 3396895 3398026 3403440 3407639 3408041 3408495 3409419 3409464 3410139 3417572 3418635 3422155 3423128 3423500 3426210 3427605 3427788 3430178 3430894 3431702 3431705 3432538 
005141	TAYE	1020104	28	3217604 3244790 3244921 3247156 3252374 3254195 3332249 3332421 3335236 3354864 3359529 3388046 3390414 3396808 3404522 3405288 3408846 3409736 3411892 3414711 3421266 3422128 3430123 3431933 3432446 
001562	DAL212A	0031756	23	3217778 
012354	EHIII	0492321	32	3217778 3249531 3354864 3362013 3396763 3397573 
012355	DAL212E	3417342	7	3217778 3344231 3409594 3424681 
002643	ROSTUD	3421211	4	3220537 3315961 3410501 
012721	CARP13	0637692	10	3221922 
012288	PK200	0409956	32	3222944 3250907 3262890 3283446 3308695 3314945 3373902 3405943 
011986	DAL315	0004955	23	3228778 3366616 3425181 
002466	TAYB	3451425	10	3241045 
007881	PK227	0470839	54	3241876 3244203 3333138 3356346 3358246 3395005 3396701 3431580 
001156	PEMSTD	3208421	55	3242553 3332978 3389488 3405257 3414836 3424660 3431705 
004804	PK128	0348369	54	3242553 3322777 3329812 3350800 3410863 3417778 3419157 
001429	TAYSEM	0030512	4	3244179 3247887 3390008 3408797 
011064	TH102	3195964	4	3244921 3252374 3330377 3331483 3332249 3390193 3398495 
003006	TAYSEM	0492580	58	3246830 3304359 3304723 3306692 3322084 3322141 3330986 3331638 3380907 3403968 3406889 3408049 3409080 3409557 3409721 3429717 
005161	DAL212E	0031582	23	3246830 3405996 3422128 3422254 
005290	TH129	3451425	55	3254237 
008467	TH111	0125630	55	3265450 3316906 3321831 3332518 3340189 3343234 3349789 3388359 3388914 3390229 3401632 
005722	DAL25	0984701	55	3266721 3358729 3388458 3403481 3404971 3405296 3408654 3409588 3409594 3410863 3411329 3412459 3413259 3413362 3414192 3416392 3417823 3419060 3422128 3422154 3422256 3423208 3423580 3424449 3424681 3425017 3425961 3426271 3427461 3428144 
003447	EHII	0031359	23	3295766 3306992 3321831 3323493 3331483 3332714 3336037 3340395 3350767 3362124 3382524 3396763 3397567 3404945 3405092 3410638 3423682 3427802 3429674 
002152	DAL6	0180723	32	3312024 3397844 3404068 3408958 3424051 3424766 3424806 3425017 3426182 3426383 3429787 3431859 
002567	DAL315	0031621	10	3312024 3404068 3405568 
011531	ROSTUD	3310251	23	3312285 3398464 
012704	TH121	0431946	10	3315059 
004806	TH223	0032827	7	3321871 3397115 3397815 3409588 3425673 3430522 3432123 
004297	CARP15	3092832	10	3330431 
012723	PK354	0637692	4	3330630 
012739	RCCON	3426095	23	3332249 
007006	BYC106	3195964	32	3332410 3347031 3388844 3407911 3408280 3408776 3409425 3415386 3416785 3422720 3428050 3428144 3429751 3430178 3430864 3432058 
005847	PK227	0031582	55	3332871 3345933 3389756 3390008 3405705 3408274 3422024 3427788 
001158	PK337	1020104	10	3350767 3352018 3409495 
006024	TAYE	0409737	54	3362124 3368107 3405066 3408292 3409594 3410528 3417859 3418442 3422574 3422618 3422805 3423400 3423871 3424051 3426182 3426367 3426383 3426501 3427735 3427806 3429787 3430972 3431778 3431859 3431950 
005119	DAL1	3400071	10	3388628 3409934 
012771	PK232	3448653	55	3397573 
012352	DAL2	0219846	4	3401632 
012759	DAL212A	1051387	10	3406720 
012838	RCSEM	3451425	4	3419080 
011532	PK278	0856198	4	3424361 3430203 
001750	GOCOM	0416447	23	3428936 
