Course	Room	Teacher	Time	Students
011834	PK241	0470839	55	0033322 3337463 3404196 3414238 3421700 3429832 3431155 3431158 3431449 3437589 3439511 3450490 3453218 3454476 3456016 3459980 3460371 3480401 3482018 3483327 3486740 3524066 3530220 3551641 3559591 3560649 3576463 3576535 3576586 3668917 3668975 
001249	TAYB	0031388	65	0310347 3322886 3331180 3339315 3340287 3340324 3359596 3405619 3413283 3415849 3422289 3424520 3425356 3430944 3431158 3431535 3431740 3434428 3434468 3435161 3438472 3439820 
011208	DAL6	3577231	55	0310347 
002562	PK243	1168490	25	1057610 3431740 3433849 3433961 3439917 3441004 3441838 3443421 3460586 3461962 3462298 3463011 3471190 3476418 3479838 3479945 3480867 3481391 3482194 3483278 3485028 3485931 3486382 3486501 3486777 3486838 3508682 3518231 3540124 3540190 3540705 3552259 3559815 3570123 3574967 3575309 3576231 3576375 3576391 3576530 3576534 3576620 3577795 3578075 3650277 3668752 3668792 3668830 3668858 3689348 
003406	PK241	1167851	45	1057610 3441900 3461498 3475950 3476864 3478356 3480734 3510665 3516634 3558739 3558800 3559534 3559537 3559657 3560487 3560770 3575969 3576126 3576763 3577109 3577590 3577806 3578707 3578804 3579414 3580217 3580256 3580586 3581098 3581830 
006024	PK100	3470402	65	1057610 3375323 3439475 3443421 3451557 3459032 3459613 3460235 3462565 3466014 3474620 3475950 3478356 3480217 3480732 3481894 3482264 3482288 3483560 3485290 3486569 3503587 3505157 3516634 3538400 3538688 3555932 3557478 3558739 3559534 3575898 3578804 3578910 3579949 3581135 3581192 3581455 
008770	TH110	0428728	53	1086489 3196460 3337463 3438471 3439387 3441004 3458136 3458957 3462416 3464638 3465050 3466014 3466962 3469615 3476899 3478964 3479054 3479085 3479350 3479718 3479885 3480069 3480810 3481557 3481967 3483546 3484243 3485228 3486311 3486389 3486777 3487640 3505157 3524963 3538688 3558739 3558838 3559645 3559804 3560308 3574866 3575971 3578910 3579414 3581149 3581952 3668835 3668874 
014124	SW7	3555100	55	1086489 3576357 
002368	TH110	0697660	55	1088365 3416286 3433962 3460359 3463524 3468281 3468749 3477580 3479534 3480166 3483925 3484750 3484763 3486141 3486182 3486844 3487093 3487623 3505185 3510971 3512896 3540190 3555932 3560193 3568636 3576352 3576429 3576494 3576528 3576558 3576763 3576792 3577741 3579949 3580584 3580796 3580798 3650956 3668786 3668826 3668827 3668868 3668907 3668932 3668934 3668957 3668970 3668982 3669051 
002470	EHIII	0697660	65	1088365 3420940 3424594 3433539 3438084 3454497 3462882 3463729 3475298 3479085 3482445 3576325 3576429 
011313	EHLEC	3647219	53	1088365 3415870 3418441 3420037 3421753 3425401 3429566 3429834 3436227 3437589 3440687 3444811 3454497 3459584 3461556 3462298 3463851 3464848 3479945 3481221 3486623 3487040 3510971 3540662 3561704 3576011 3578036 3580139 3581469 
014228	PK337	3648007	25	1088365 3540428 3574563 3577806 3580139 3581247 
001165	TH102	3646621	53	1160238 3359596 3405451 3411059 3416232 3431448 3431672 3451331 3454182 3455058 3463071 3483557 3557478 3561098 3574563 
001176	GOCOM	0031388	55	1160238 3374194 3455419 3462417 3463560 3466011 3468504 3484898 3485028 3485361 3486632 3557478 
012293	SW8	3098022	1	1160238 3466014 3485028 3487090 3581981 
006026	PK241	3470402	25	3196460 3217247 3432357 3435070 3435384 3436227 3437365 3454476 3475941 3479350 3480868 3483306 3483996 3485774 3520100 3525604 3530220 3538928 3560858 3560860 3561772 3574873 3575908 3576334 3576358 3576368 3576435 3668854 3668870 3668874 3668938 3668941 
014206	GOAUD	1079401	32	3196460 3420884 3430131 3432238 3441894 3442335 3443731 3446645 3452874 3453467 3454210 3454476 3454494 3463879 
003278	TAYF	1061861	55	3198263 3437252 
011844	TAYSEM	0031471	25	3213028 3359596 3418907 3426213 3432223 3457917 3484763 3487310 3576306 3576387 
007888	SW8	0470839	65	3217247 3452445 3480401 3576463 3576471 
007040	EHI	0162976	55	3219927 3432243 3433945 3439917 3440024 3463708 3464638 3471745 3478691 3481607 3482194 3482263 3482264 3483085 3487261 3576335 3576515 
013146	TH251	3332662	65	3219927 3430706 3432796 3432798 3433961 3435722 3437089 3460134 
001157	RCSEM	0697660	53	3226303 3439437 3486838 3578963 3692917 
002397	TAYB	0493725	15	3226303 3433829 3452529 3464398 3475298 3477580 3478050 3479355 3480166 3482445 3483925 3484750 3485054 3485816 3486182 3487093 3487276 3487640 3559804 3576336 3576494 3650956 
004010	TH110	3442425	6	3226303 3374194 3412549 3426858 3432357 3440687 3456660 3457777 3460718 3465591 3473086 3479534 3480217 3480728 3480868 3481102 3482194 3485812 3503865 3506324 3508682 3531305 3559872 3561402 3575769 3575898 3575908 3576126 3576763 3577167 3577590 3578963 3579028 3579687 3580217 3580261 3581227 3581786 3581827 3581981 3668920 
014384	RCSEM	0492451	55	3226303 3416424 3431260 3576631 
004888	PK274	0031473	65	3227297 3417166 3425219 3426666 3429566 3433251 3436227 3436514 3437589 3439701 3440508 
011187	DAL1	3194193	1	3227297 3431750 3435397 3436514 3437589 3437591 3438119 3456016 3457393 3457777 3459508 3464263 3475445 
014207	PK127	3554810	55	3227297 3426666 3429706 3458441 
013193	TAYE	0898918	15	3250131 3375120 3375544 3414273 3419470 3431294 3433760 3434130 3435384 3436119 3438374 3445081 3448679 3455631 3456228 3458451 3460867 3463675 
013627	TH102	3459335	1	3250131 3421700 3431672 3432223 3434130 3435384 3443421 3453445 3458972 3459505 3460867 3462514 3463071 3464379 3692269 
013921	CARP15	3483424	53	3250131 3331180 3405604 3415849 3432384 3452561 3453445 3456228 3458972 
001843	TH104	0056992	45	3250227 3378849 3416536 3417172 3425095 3431672 3435384 3437574 3445081 3448679 3451663 3455915 3458451 3460488 3461197 3462416 3463526 3464327 3471190 3474463 3475573 3476797 3478691 3480217 3487261 3576411 3582040 3692269 
003472	CARP15	0058557	55	3250227 3429524 3429732 3452988 3454494 3464666 3465591 3480867 3487621 
013167	GOCOM	0058557	65	3250227 3429732 3438471 3460820 3470797 3483546 3485628 3487316 3518231 3576230 3579116 
002163	PK337	1037239	55	3250683 3453352 3459522 3462270 3463675 3463745 3464027 
002182	PK264	0428815	53	3250683 3381050 3416536 3417172 3430152 3431294 3431449 3435039 3435313 3439328 3453352 3459505 
011827	PK230	1037239	65	3250683 3381050 3430152 3453352 3459522 3462270 3463675 3463745 3464027 
014116	PK328	3555417	25	3254734 3436206 3463524 3468504 3476082 3540662 
001837	DAL300	3452118	25	3264539 3430196 3430401 3441310 3451168 3457873 3459523 3460569 3461063 3462817 3463589 3463776 3470393 3470846 3474140 3475198 3479311 3479976 3480571 3480999 3481203 3481532 3481805 3481813 3481943 3482101 3483511 3485170 3485912 3486379 3486782 3487087 3503382 3514964 3521265 3529298 3538202 3543742 3544945 3549272 3559149 3559870 3560167 3560199 3560373 3561074 3569865 3574137 3574543 3574558 3574639 3575483 3575916 3575928 3576260 3576411 3578747 3578861 3579143 3580269 3580714 3580912 3581038 3581077 3581081 3581085 3581171 3581207 3581220 3581232 3581375 3581456 3581605 3581967 3581999 3650578 3650596 3668933 
002153	PK243	0168378	55	3264539 3429532 3433686 3451724 3457231 3457988 3459972 3461197 3465036 3467093 3468070 3469520 3471447 3471450 3475573 3475933 3477425 3480714 3481690 3481702 3482144 3483298 3483587 3483638 3483929 3485548 3485550 3486852 3487055 3487266 3513947 3514095 3521461 3546891 3556594 3556970 3557244 3559302 3559857 3559963 3576013 3577187 3578811 3579592 3579723 3580248 3580251 3581609 3581920 3581996 3669006 3669016 
006847	DAL119	3427120	53	3417108 3420437 3421500 3427674 3428608 3437534 3438232 3446832 3455625 3455915 3456677 3456722 3458295 3462297 3462639 3462647 3463526 3480375 3480732 3481419 3482739 3483467 3486617 3487041 3582040 
002464	TH104	0910179	25	3322585 3375323 3375629 3381050 3405427 3405619 3415407 3416286 3416374 3420837 3421770 3429602 3429834 3431226 3432796 3438020 3438100 3438102 3439280 3456290 3456820 3458452 3463729 3463879 3481520 3481798 3486182 3559804 
012832	TAYSEM	3689002	53	3322585 3405427 3415769 3416286 3429602 3458452 3482445 3487035 3576390 3576558 
010935	PK264	0031756	25	3322886 3431445 3432243 3458176 3462240 3465591 3486250 3558838 3580159 3581786 3668765 3668895 
013649	TH223	0676083	53	3322886 3431155 
008470	DAL212E	0695890	65	3331179 3449400 3462115 
014213	PK10	3646854	1	3331179 3340287 3433788 3455981 3467452 3474463 3475941 3576037 3578036 3581469 
014218	SW8	0031471	55	3331179 3439387 3483155 3561772 
001840	EHLEC	0168763	1	3331180 3418120 3421500 3432384 3437146 3439670 3455291 3457039 3462292 3462293 3471447 3474620 3476797 3478691 3480668 3480732 3481690 3482739 3483298 3485169 3486617 3486852 3487055 3487316 3510971 3521461 3560308 3576504 3580261 
003432	EHI	3688153	15	3331180 3406406 3434539 3438033 3438465 3454476 3456820 3460371 3467384 3476418 3480734 3486050 3487621 3502893 3520100 3580389 3581228 
003004	PK126	3473854	25	3337463 3404279 3411158 3413774 3431629 3459897 3459980 3464100 3475950 3480836 3482263 3487429 3576329 3576490 3577022 3577485 3581918 3581980 3668875 3668968 
003453	PK274	3688153	63	3337463 3432238 3433539 3451663 3455719 3456820 3462019 3462116 3483155 3484619 3487040 
001242	TH121	0910179	55	3339315 3463776 3469119 3485054 
001247	BYC239	1165566	25	3339315 3420940 
007377	EHII	0031522	55	3339814 3425347 3443731 3454210 3462292 3464306 3485549 3486389 3503587 3552259 3556617 3559537 3576332 3576417 3576448 3576457 3576513 3576627 3578443 3581228 3581250 3581786 3581830 3581913 
007403	DAL2	0031611	43	3339814 3425347 3435070 3435313 3437240 3441900 3447681 3457459 3461962 3462292 3463602 3464379 3474216 3474395 3576386 3576394 3576433 3576439 3576491 3576517 
008429	TAYB	3405054	27	3339814 3377851 3429524 3431260 3431303 3431448 3435628 3436588 3438652 3439588 3455341 3455808 3459111 3459647 3461517 3462458 3465245 3476864 3480423 3481967 3503630 3669019 
014135	PK349	0493855	6	3339814 3340287 3366307 3369702 3375629 3420940 3425114 3429706 3431828 3436514 3438119 3441016 3442991 3456053 3459508 3459823 3465050 3465244 3467384 3475327 3478309 3481221 3484816 3487505 3576417 3576557 3581135 
012303	TAYC	0576472	55	3340003 3406406 3416598 3435161 3438550 3442641 3447478 3454182 3462872 3474216 3483567 3484990 3540428 
014212	PK241	0402773	6	3340003 3375120 3418606 3430953 3432027 3432782 3435734 3435771 3437574 3437978 3438471 3439387 3439636 3441004 3446353 3452874 3453352 3462292 3462606 3464306 3472140 3477580 3482198 3483155 3484272 3486623 3549052 3560487 3580796 3650277 3668760 
006509	PK336	3554648	38	3340324 3413356 3430697 3431060 3438287 3439409 3445738 3453352 3454115 3462990 3480810 3483084 3486133 3486844 3520100 3576306 3576362 3576387 3576485 3576527 3581228 3650636 3668812 
013147	ROSTUD	3332662	55	3359026 3418499 3430298 3431078 3456066 3474598 3487034 
014230	PK274	0031478	55	3359596 3425364 3431651 3457692 3463011 3482198 3576396 3576548 
004017	EHIII	0031578	55	3366307 3416891 3426556 3442237 3448687 3461937 3462290 3465442 3480939 3558800 3576576 3578075 3580095 
005247	GOAUD	0029475	63	3366307 3421770 3425219 3426658 3429810 3431828 3435734 3437978 3439564 3444811 3456053 3465050 3478309 3576344 
014134	PK10	3461286	65	3366307 3426658 3431449 3443522 3455719 3463939 3486609 3579099 
003520	DAL1	3393009	55	3374040 3374569 3418264 3422414 3425114 3444537 3455808 3457393 3457932 3458121 3463879 3464848 
004276	PK100	1165566	63	3374040 3426735 3454059 3456089 3461882 3461937 3463022 3466011 3467040 3477014 3477576 3481798 3483950 3485537 3485756 3486858 3505185 3533264 3559218 3559970 3568636 3574483 3574967 3575769 3576126 3576455 3576629 3579028 3579181 3580389 3581903 3581995 3668826 3668924 3668963 3668989 3669039 3692917 
001474	ROSTUD	3098022	65	3374194 3425095 3429532 3432398 3436206 3436216 
005846	CARP17	3647094	25	3374194 3423839 3463327 3539996 3547282 3576011 3580259 
013171	TAYC	3092941	25	3374470 3425356 3434210 3438999 3442335 3443092 3444537 3451551 3456053 3457808 3458121 3460073 
013636	PK264	0605187	32	3374479 3405427 3423723 3428820 3431651 3437341 3463143 3463919 3480836 3481562 3486787 3561280 
001770	GOAUD	3474420	65	3374569 3426718 3439402 3440687 3457808 3463327 3471745 3479838 3576499 
003441	PK126	0897706	32	3374569 3411059 3415407 3418264 3427633 3436588 3438033 3455808 3459584 3462606 3463602 3465442 3478102 3484990 3486083 3487040 3487732 3576230 3578488 3668851 
001896	PK328	0168763	55	3375120 3404693 3435070 
006851	TAYG	3646602	55	3375323 3436216 3448314 3460338 3477824 3480710 3481202 3482288 3485290 3558543 3564528 3579291 3581192 
011865	TH121	3092832	53	3435692 3450490 3451557 3458176 
001899	TAYSEM	3459335	55	3375389 3375544 3378849 3419470 3430383 3433760 3434130 3435248 3436119 3436930 
006031	PK243	0213446	6	3375389 3423723 3429602 3438254 3445081 3445343 3448314 3452529 3456653 3458087 3460338 3460867 3463439 3463587 3464327 3464850 3465103 3465332 3467781 3469615 3477824 3480668 3480710 3481419 3483651 3485288 3485727 3486569 3486617 3558543 3560770 3564528 3576212 3576420 3576466 3576524 3576879 3577022 3577109 3578921 3579291 3580095 3580397 3580955 3581952 3581980 3668977 
003454	TAYB	0024092	63	3375410 3414205 3439147 3443522 3447306 3454476 3456653 3457393 3460586 3462293 3464666 3474789 3476860 3477004 3478964 3479804 3481354 3484202 3484845 3485642 3486083 3486382 
003460	TH104	3393009	38	3375410 3425401 3426213 3426244 3430131 3431651 3437589 3439147 3440454 3442991 3455519 3457692 3462019 3467427 3481894 3483042 3483278 3484746 3484887 3519499 3524963 3533093 3544254 3551641 3560687 3577054 3578177 3580340 
005157	TAYC	3555100	65	3375544 3416374 3424318 3447306 3458121 3468281 3482989 3544254 3561001 3576303 3576324 3576626 3579687 
001897	PK10	1165566	55	3375629 3420380 3421044 3429602 
013635	PK227	3555097	65	3375685 3433945 3438374 3457039 3464272 3467671 3481391 3481643 3485327 3519078 3576545 3578075 3581031 
014100	PK336	0431946	32	3375685 3404279 3431078 3431158 3435627 3435931 3437574 3438206 3456016 3459508 3463199 3464263 3477580 3482018 3484243 3484845 3559872 3576212 3576392 3576471 3580217 3581249 3668987 
006555	DAL10	3554648	65	3377851 3429810 3430697 3431060 3433501 3443731 3476899 3580341 
006588	DAL315	0777265	55	3377851 3431060 3437329 3438287 3439818 
014383	BYC106	0824088	25	3377851 3422289 3437511 3457459 3457935 3462262 3464985 3484314 3524341 
011209	RCSEM	3577231	65	3379786 3423676 3429199 3436260 3438254 
014133	GOAUD	3195964	53	3379786 3434079 3452988 3455297 3460820 3462116 3465327 3478691 3479355 3481562 3483085 3487261 3565637 3576368 
001749	GOCOM	3460008	15	3381050 3416891 3431078 3436683 3481532 3482101 3576037 3576474 3579181 3580251 3580269 3668873 
001152	DAL300	0031471	1	3396377 3422964 3426666 3438100 3440454 3450490 3451331 3462019 3462237 3462565 3466011 3470393 3471190 3475745 3478747 3480375 3480836 3480868 3481518 3482019 3483036 3483511 3484361 3484746 3503587 3503630 3505157 3510665 3512896 3521272 3537536 3538400 3540124 3558528 3558800 3559225 3559476 3559591 3559645 3559843 3559857 3559963 3560858 3561001 3561402 3561660 3574483 3574639 3574866 3575735 3576011 3576231 3576329 3576349 3576352 3576440 3576457 3576480 3576492 3576495 3576507 3576625 3577187 3578842 3579116 3579143 3579291 3580259 3580326 3580584 3580586 3580991 3581220 3581227 3581952 3581996 3650596 3668751 3668812 3668867 3668892 3668915 3668937 3668995 
011962	PEMSTD	0492451	15	3396377 3422289 3438342 3440023 3455908 3456313 3460820 3462849 3486311 3519078 3542887 3559534 3559900 3576323 3576333 3576438 3576533 3577682 
012350	PK10	3194197	53	3396377 3431445 3431740 3432077 3462554 3462849 3462936 3467427 3474620 3485169 
012763	EHII	0207327	15	3404179 3405422 3425437 3425755 3430978 3431629 3432344 3433849 3436311 3437511 3437778 3438254 3439670 3451553 3455148 3455341 3460359 3460399 3461826 3469615 3484887 3485288 3485416 3581952 
012735	TH251	1168592	63	3404196 3418117 3426719 3429733 3430706 3439475 3458339 3469615 
007926	ROSTUD	0468281	53	3404279 3421700 3426169 3432782 3435627 3437574 3439158 
006043	PK229	0409737	63	3404534 3418106 3418908 3420437 3421753 3426649 3429199 3431629 3432301 3433829 3433961 3437141 3437365 3437379 3437511 3441306 3451553 3454226 3455341 3458250 3459897 3460399 3460488 3460701 3460867 3462228 3462639 3463593 3479718 3479961 3482019 3484990 3486250 3486998 
006060	DAL25	0409737	55	3404534 3412644 3413923 3418908 3439437 3460399 
007878	TAYC	0031386	1	3404693 3434468 3439511 3482018 3524066 3530220 3560649 3574542 3576212 3577146 3581249 3668752 3668917 
001168	DAL1	3646621	65	3405451 3439283 3439437 3446832 3461498 3462417 3475198 3477576 3479054 3485912 3576367 3576496 3669050 
011190	ROSTUD	3577231	25	3405451 3421044 3435248 3436930 3439820 3580261 
001852	CARP21	0409956	65	3405604 3431445 3438113 3464279 3464379 
003465	EHLEC	0599596	65	3406406 3420884 3421604 3435628 3438465 3439564 3455519 3458853 3483925 
001892	RCSEM	0123161	1	3411059 3421044 3439820 3458451 
011308	PK274	0180723	53	3411158 3423839 3458441 3459823 3462955 3463939 3475745 3481944 3561318 3568950 3580383 
002386	GOB	0910179	38	3412549 3416891 3433539 3433961 3437962 3439280 3440409 3452529 3456660 3460235 3464398 3480836 3483003 3483560 3485800 3485931 3486141 3486182 3558838 3574873 3576370 3576390 3576792 3576879 3577485 3580389 
014141	BYC239	0853792	55	3412725 3446353 
004275	TH104	3646542	65	3412825 3441226 3460718 3462414 3463560 3476930 3480067 3480791 3481354 3483003 3483241 3484202 3484334 3544262 3555254 3558963 3576365 3576555 3578781 3578963 3581127 3581846 3581962 
007051	RCCON	0031336	53	3413283 3430953 3436588 3440023 3453467 3460073 3462458 3462872 3463143 3463919 3480734 3482264 3483385 3576577 3577167 
011237	DAL25	3198619	25	3413283 3485305 
014442	PEMSTD	3647209	55	3413283 3415849 3425356 3435722 3437962 3440454 3458339 3475941 3478747 3486596 
003491	PK126	0897706	15	3413356 3418441 3422414 3429832 3431155 3446645 3450546 3455808 3462293 3481354 3519726 3521272 3524341 3539996 3549052 3559612 3574047 3574475 3578910 3580397 3581851 
001768	PK259	3474420	55	3413771 3433275 3434210 3439206 3444491 3447322 3474789 3539996 3568950 3576389 
010977	TAYC	0695890	53	3413771 3416424 3418145 3418907 3424363 3431226 3431260 3437141 3437511 3438441 3455093 3483560 
005727	PK127	3648007	65	3413774 3442991 3486740 3542887 
014205	EHIII	0254474	1	3413774 3420837 3431257 3450069 3450546 3457184 3464027 3479945 3531305 3581250 3581851 
003446	PK274	0254474	32	3413923 3420037 3438113 3438443 3458934 3475327 3483036 3485774 3547282 3568636 3580340 
013614	CARP13	0375562	15	3413923 3437379 3454226 3456653 3459613 3459897 3462720 3471745 3475950 3478964 3481221 3486133 3486569 3487429 3576356 3576574 3650636 
011304	PK264	3092941	65	3413980 3427633 3446645 3462237 3477004 3484243 3576753 
001763	PK259	0029059	53	3414205 3416598 3418264 3431257 3439636 3475327 3476860 3481102 3483036 3485636 3540714 3574475 3575769 3576310 
001771	TAYC	1165592	15	3414205 3426718 3432384 3438999 3439437 3455519 3458049 3459584 3465591 3540428 3544254 3561511 3578488 
002713	BYC106	0468281	65	3414238 3422146 3432447 3436158 
002175	DAL6	0168378	53	3414273 3463745 
011317	ROSTUD	3194197	15	3415407 3424594 3433945 3444536 3453218 3455291 3463587 
013168	PK10	0031359	15	3415766 3424318 3425401 3426858 3429732 3435183 3435397 3442991 3453467 3460586 
014136	EHII	3461286	38	3415766 3424318 3432357 3435734 3436206 3439511 3452988 3456653 3458957 3463143 3463919 3475445 3478309 3479054 3482989 3556169 3556617 3559462 3560193 3560649 3570123 3575898 3579099 3669015 
002395	RCCON	1051497	6	3415769 3431226 3439280 3454497 3462882 3463525 3463729 3464398 3479085 3487035 3576325 3576364 3576390 3576429 3576558 
003006	TAYC	0492580	32	3415769 3432798 3453262 3454226 3458452 3462720 3485416 3576350 3576432 3580798 3581980 3668806 3668893 
003029	GOCOM	3473854	1	3415769 3426719 3431078 3433945 3437379 3438102 3439701 3458250 3481031 3482263 3485727 3487429 
009231	GOAUD	0697660	1	3415870 3429834 3433539 3436683 3438084 3458339 3458988 3462882 3463729 3480166 3486844 3576370 3576500 3669051 
004306	RCSEM	3092832	6	3416232 3416598 3435692 3436216 3438033 
011829	TH223	3689002	55	3416232 3438254 3460235 
012294	RCSEM	3098022	25	3416232 3417172 3451557 3455419 3481031 
005263	PK274	0493855	15	3416424 3418117 3420380 3426638 3429524 3432759 3435692 3441016 3447681 3457935 3576577 
004281	SW8	3092832	15	3416598 3451557 3458176 3466014 3576444 
004356	EHI	0847593	32	3416640 3433501 3451331 3464666 3475298 3476860 3482588 3484746 3485028 3486632 3549052 3556617 3559462 3560193 3561704 3561772 3574047 
007380	PK349	0987494	45	3416640 3420434 3425347 3437146 3441894 3455981 3462516 3463602 3464379 3464985 3465245 3467384 3480264 3480939 3484324 3484619 3485549 3485636 3486133 3486321 3487243 3503587 3547282 3574563 3576037 3581250 3668950 
007396	TH102	0851717	25	3416640 3417819 3420025 3420434 3432077 3433788 3437240 3440419 3449400 3454210 3455093 3455981 3459032 3463602 3487243 
011064	BYC106	3195964	55	3416640 3462554 3576391 
004036	PK227	3460456	53	3416891 3448687 3461517 3461937 3462290 3462720 3462990 3468749 3477004 3484816 3552259 3576307 
010966	PK229	0775640	55	3416896 3576521 3576570 3651077 
002161	TH104	1083806	43	3417108 3435771 3436311 3438113 3438232 3440419 3443421 3453445 3455631 3455915 3456722 3458972 3460488 3461826 3462639 3462896 3464327 3466364 3474620 3477824 3480375 3480668 3480732 3485169 3485288 3485290 3505157 3582040 
004874	PK264	3647219	55	3417166 3431750 3433251 3435380 3440508 3462298 3463587 3480382 3482588 3484272 3484816 3576569 
005162	PK337	0031582	1	3417166 3432595 3436119 3441838 3442188 3556617 
012437	BYC106	0825571	6	3417819 3418106 3426213 3426638 3430131 3430786 3434539 3437756 3438443 3439283 3440419 3446670 3454115 3455981 3459111 3462516 
008469	TH111	3420576	65	3418106 3431939 3438652 3439588 3455908 3465245 3466962 3467199 3474463 3480423 3481557 3481967 3486311 3486475 3576627 
014215	TH121	3646854	65	3418117 3421700 3429733 3435039 
007404	BYC239	0168763	65	3418120 
003275	TAYSEM	0695890	1	3418145 3430706 3438020 3442641 3457935 3462872 3476930 3483925 3486777 3576438 
005215	PK127	3555097	25	3418145 3457932 3478102 3485628 3486740 
007016	CARP15	0316015	25	3418499 3438550 3443453 3460359 3524066 3576515 3581249 
013781	TAYB	3557107	43	3418499 3425219 3431939 3432622 3438441 3438472 3438473 3438652 3454494 3455341 3457777 3459522 3464100 3483155 3484752 3484887 3485305 3533093 3551641 3561704 3578707 
012292	PK230	3098022	53	3418606 3446353 3462417 3463524 3468504 3485361 3576425 3580991 3669050 
003270	PK126	0695890	38	3418908 3433788 3438441 3443092 3444537 3447478 3453262 3455908 3456290 3460820 3461962 3480264 3480423 3481102 3481557 3484324 3486777 3576230 3577590 3580407 3581249 
005741	TAYB	3392421	55	3420037 3432595 3452874 3479382 3484314 
002420	SW8	0695890	6	3420380 3433962 3456820 3482445 3486141 
014122	PK230	3555100	25	3420380 3421153 3438342 3452561 3464848 3481944 3561660 3576492 3692269 
005120	EHLEC	3400071	55	3420434 3464855 3561318 3579099 
001871	PK349	3422398	55	3420437 3436311 3462647 3464193 
001750	PK259	0416447	63	3420837 3429834 3443207 3451664 3455151 3458934 3459972 3462240 3467781 3549052 3557478 3575969 3581609 3668772 
014214	CARP17	3646854	55	3420940 3426717 3435366 3438020 3444811 3481875 3576343 3576426 
003017	EHI	0492580	43	3421044 3429834 3437341 3438102 3458176 3479718 3481967 3484216 3485054 3485416 3485800 3560770 3561280 3576444 3576480 3579949 3581918 
012352	PK126	0129398	65	3421753 3437341 3480734 3558838 3576536 
012353	PK230	0683480	1	3421753 3432357 3462956 3576579 3578910 
004372	PK10	0138190	25	3422146 3433501 3576359 3576500 
006019	DAL25	0856198	53	3422289 3453262 3514835 3575969 3576552 3580259 3581913 
006539	TH251	0777265	53	3422414 3439917 3454115 3459647 3478419 3530220 3542887 3576627 
011063	PEMSTD	3195964	43	3422964 3424520 3425679 3432027 3438342 3452988 3463143 3464193 3464855 3465327 3467199 3478951 3479945 3481607 3487090 3559872 3576465 3576575 
004304	CARP17	1165566	65	3423723 3435692 3436683 3438100 
010841	DAL212A	1084458	65	3423839 3429832 3448679 3483640 3510878 3559591 3559815 3560687 3578488 3581149 
011987	PK328	1084458	1	3423839 3436710 3474374 3479382 3480937 3551641 3580340 
013164	ROSTUD	3470325	6	3423839 3432759 3455631 3458037 3540190 3575971 3577054 
003421	TH102	0024092	55	3424363 3426858 3440419 3471190 3561001 3579687 3581080 
007041	PK259	0162976	1	3424520 3431448 3432243 3434124 3436588 3438033 3438473 3461936 3469560 3479350 3482194 3576536 3576556 3580256 
001443	ROSTUD	0853792	1	3425095 3455625 3462955 3463524 3486740 3540662 3581903 
002992	PK100	3332662	15	3425347 3437591 3450068 3457979 3458136 3462290 3463071 3476085 3476864 3477824 3481607 3482989 3486187 3487623 3508682 3558739 3559645 3574542 3574873 3575898 3576011 3576126 3576299 3576496 3577146 3577741 3579028 3579099 3580159 3580217 3580326 3581098 3581127 3581149 3581247 3581830 3581846 3581913 3668863 3668950 
010860	PK336	3461209	65	3425364 3425755 3460701 
004012	TH102	3646540	32	3425437 3435380 3438294 3458441 3462293 3462647 3465244 3481520 3483042 3484272 3486501 3486623 3579579 3581469 3650277 
006035	PEMSTD	3646603	38	3425437 3439670 3441306 3448314 3459897 3460359 3461936 3463439 3465103 3467781 3480710 3481643 3483651 3485228 3487429 3560770 3561280 3576424 
006045	DAL315	0431634	53	3425437 3455148 3461826 3462228 
004394	PK328	0989327	53	3425679 3450069 3462262 3464279 3465181 3480150 3482588 
007365	TH110	0031522	63	3425679 3425755 3444536 3457184 3459584 3464855 3479054 3481102 3481391 3481894 3483306 3483567 3483640 3485628 3510665 3519078 3524341 3556169 3558838 3559225 3559537 3559657 3559843 3560487 3575309 3575735 3575971 3577109 3577682 3578177 3578488 3578804 3579099 3580798 3580991 3581031 3581827 3581851 3581870 3581907 3581918 3689348 3690482 3692269 
012819	RCCON	3195964	65	3425679 3430298 3430953 3438342 
007106	TH251	3447549	1	3426213 3430298 3455297 3458533 
006504	TAYB	0031399	45	3426244 3450068 3457459 3457808 3458641 3459980 3461517 3472549 3478951 3483084 3485228 3506324 3542887 3558528 3576360 3576382 3577741 3579116 3581201 3581469 3581907 3650636 
005300	PK230	3555101	6	3426556 3437011 3437365 3440023 3442237 3459647 3462115 3462554 3576351 
006518	PEMSTD	0777265	25	3426556 3435771 3435931 3437329 3437591 3445738 3450546 3457692 3462116 3462990 3476899 3480728 3482198 3486844 3576323 3577109 3581192 3581455 
004015	DAL1	0031578	53	3426649 3438999 3441838 3444537 3458121 3465332 3485549 3485642 3485803 3556169 3559657 3576037 3650956 
008784	CARP17	0031572	15	3426654 3438550 3462956 3475327 3478419 3483567 3486609 3577054 
008821	EHIII	0031572	25	3426654 3433251 3435161 3437341 3444536 3452529 3455291 3455297 3462956 3483567 3576553 
011830	SW7	3689002	65	
004051	CARP25	3646540	65	3428820 3448687 3453467 3460399 3463353 3576415 
014209	SW8	3555100	53	3428844 3435183 3441016 3448679 
002564	DAL1	0564741	25	3429199 3454059 3465103 3479718 3483651 3485727 3576792 
010842	CARP17	0564741	53	3429199 3432301 3456313 3484894 3486187 
012336	TH104	3393847	55	3429199 3436260 3452445 3457195 
004832	PK230	0053518	32	3429733 3455151 3457777 3462514 3468749 3474409 3478713 3481221 3576753 
007397	PK264	3474098	63	3430131 3432027 3434539 3437146 3437240 3440454 3442335 3446670 3459032 3459111 3484243 
002875	PK337	0031582	15	3430152 3436206 3438287 3474409 3480791 3576509 
006054	PK274	0207327	1	3430152 3437141 3441004 3460488 3460701 3461826 3462228 3484990 3485416 3576374 
013639	RCCON	1168489	32	3447478 3455297 3464398 3467983 3470797 3476797 3484887 3510665 3525604 3559534 3559537 3576336 3576507 3576581 3578804 
007017	PK274	0031568	43	3433788 3456645 3459613 3462290 3463708 3464638 3483084 3485803 3486501 3487321 3581031 
008764	GOB	0428728	55	3430697 3436158 3457459 3458451 3462565 3467781 3476864 3483954 3485774 3486050 3487243 3502893 3540705 3558528 3559225 3559476 3561229 3570123 3574873 3576479 3576753 3580397 3580407 3581135 3581918 3581980 
005227	DAL10	3647209	25	3430706 3437295 3486632 
004806	GOCOM	0032827	6	3430978 3434468 3436683 3458988 3478713 3479961 3540705 3556169 3560858 3576465 3579116 
006862	PK241	3647020	65	3430978 3432259 3432344 3439147 3462896 3463011 3486250 
009321	PK337	0138190	53	3431060 3431651 3439480 3439818 3487732 
012354	TH251	0031756	55	3431080 3431445 3432357 3438206 3479712 3483557 3577682 3668849 
014140	DAL25	0031336	65	3431155 3464100 
003522	PK328	3554810	65	3431257 3432622 3443207 3454210 3460586 3462019 
012822	DAL212E	3646854	25	3431260 3438441 3458957 
014226	PK230	0899465	38	3431294 3462514 3487321 3510878 3516634 3540190 3558800 3561660 3581455 
001562	GOAUD	0705542	38	3431445 3437141 3438068 3438374 3438472 3440175 3451496 3460737 3479712 3483557 3577682 3581609 3581786 3668931 
004066	EHI	1167978	25	3431672 3432447 3434428 3437962 3442237 3461936 
014441	PK328	3688149	15	3431740 3431750 3436514 3438119 3464263 3485053 3485642 
002396	RCCON	0320399	25	3431750 3438084 3463525 3475298 3478050 3487035 3487276 
008447	CARP13	0132890	43	3432238 3435628 3439564 3439588 3455908 3457935 3462240 3464306 3481557 3486311 3540124 3561772 3577167 3579414 3581149 3581851 3668921 3690482 
002569	PK230	1168490	55	3432301 3435931 3440409 3456313 3463439 3484894 3521272 3559624 3581227 
011831	SW7	3689002	25	3432384 3462417 
005730	PK229	3556752	65	3432595 3575735 
007910	TH102	0431946	65	3432782 3438206 3439158 
012227	TH102	3447549	6	3432798 3463353 3463708 3469560 3478951 3483954 3483996 3485803 3525604 3559624 3560860 3574542 3577795 3581596 3690482 
004377	TH111	0847593	55	3433501 3482019 3574546 3668875 
001857	PK230	0123161	63	3433686 3435248 3435771 3456228 3460235 3463071 3471447 3481690 3576319 
009225	GOCOM	1061058	27	3433962 3474374 3481520 3524341 3558528 3559476 3577000 3578177 3578842 3579414 3580326 3580407 
004872	TH121	0989327	1	3436227 3480382 3481562 3576569 
013163	ROSTUD	3470325	63	3436710 3480264 3485361 3577795 3581247 3668835 
009304	PK264	0493855	1	3437011 3441016 3442237 3447322 3452561 3453218 3456053 3458957 3463939 3465244 3482989 3486609 
013615	DAL10	3473854	55	3437341 3438473 3459613 3462720 3486787 
007923	TH121	0031386	25	3437574 3438206 3439158 3452445 3480401 
014137	PK230	3461286	15	3437756 3447322 3452561 3462565 3465050 3478309 3485774 3560193 3576364 
004023	EHI	0854975	53	3437962 3439206 3460134 3462237 3485290 3576305 3576312 3576569 
005725	GOCOM	3392421	38	3438102 3464327 3467199 3474789 3476418 3478713 3482264 3482288 3484361 3485054 3580159 3668927 
001552	DAL212E	0129398	1	3438206 3479712 3483557 
012355	PK127	3578080	15	3438206 3463729 3464279 3581786 3668849 
002166	TH251	0428815	25	3438232 3459522 3463675 3463745 3464027 3480710 3481419 3483467 
002669	PK227	0897706	55	3438294 3486571 3576579 
013645	PK274	0493725	6	3438374 3466962 3478050 3479804 3483385 3516634 3559225 3576231 3576334 3577806 3580259 
011203	DAL212A	0129398	55	3438443 3438465 
013185	PK126	3420576	55	3438652 3439588 3462115 
013172	PK126	1165592	43	3439328 3440508 3462849 3463199 3464666 3467427 3468281 3478964 3480069 3483640 3483954 3483996 3484619 3502893 3560687 3577022 3580341 3580584 3581596 3581870 
004802	TAYSEM	0031473	15	3439387 3481944 3483546 3486623 3518231 3533093 3559657 3561660 3579579 3668956 
009286	PK336	0138190	55	3439409 3480935 
014310	SW7	0910179	53	3439475 
009213	DAL2	0138190	65	3439912 3467983 
011050	GOAUD	0897399	25	3439912 3447478 3486083 3568950 3574475 3580407 
014203	PK127	3555417	53	3440508 3455419 3460757 3576313 
002362	EHIII	1165566	53	3440958 3442432 3458049 3465588 3469119 3476908 3485504 3537536 3546417 3576248 3668885 3668989 
009270	GOCOM	3554810	25	3441894 3473086 3483036 3484894 3559645 3574866 3576332 3576436 3576540 3576579 3581080 3581827 
006860	CARP25	3461209	55	3458087 3465332 3487732 3576212 3580955 
004362	EHII	0989327	65	3441306 3445680 3465181 3486050 3559624 3576498 
011305	PEMSTD	0029059	65	3441894 3457979 3466364 3484746 3511123 3580397 
013059	PK274	3470325	25	3442188 3455148 3458533 3461020 
007007	PEMSTD	0804281	53	3443453 3467199 3480728 3483640 3487623 3508682 3531305 3561229 3576303 3576342 3576405 3576411 3576753 3576763 3577054 3580159 3580340 3581907 
007032	CARP17	0031573	1	3443453 3461517 3492392 3561084 3576879 3580139 3581098 
007081	DAL2	0316015	55	3443453 3456645 3576475 3576485 
013839	TH102	3447549	38	3443522 3458339 3476797 3476860 3479350 3480868 3482323 3518231 3538400 3575581 3576339 3576410 3576495 3581135 3581830 
006034	PK259	0213446	65	3445343 3460359 3464850 3465103 3478506 3480668 3482198 3483651 3485228 3561280 3576350 3576432 3576879 3581980 
013213	BYC106	3648217	53	3445680 3463353 3478747 3480836 3481031 3484324 3486083 3576391 
011207	TH223	0031478	65	3445738 3462116 3462990 
001163	ROSTUD	0031568	32	3446353 3480935 3482422 3484216 3484763 3486141 3576552 
013999	DAL315	3452735	25	3446670 3448687 3451663 3462115 3462416 
006532	TAYD	0031399	55	3446832 3559843 3576330 
001757	DAL315	3460008	65	3447681 3450546 3457184 3458934 3479885 3480939 3485812 
007882	SW8	0470839	25	3450069 3476085 3480166 3525384 
008774	CARP15	0576472	65	3462936 3475745 3475941 3478050 3483385 3503630 3519499 3560649 3576231 
013840	TAYD	3447549	65	3462849 3478747 3483085 3487321 3576308 3651077 
011206	RCSEM	0129398	15	3451664 3458957 3467427 3481518 3485812 
011319	TAYG	0827051	65	3453262 3459980 3478102 3576401 
001170	GOCOM	3556528	32	3454182 3464638 3480382 3480423 3484898 3485504 3485537 3524963 3576334 3576435 3669011 
011309	PK127	0180723	1	3454494 3455151 3461556 3464850 3575908 
004738	GOAUD	3647094	55	3455148 3461020 3481075 3483965 3576504 3576572 
014127	DAL6	3555417	65	3455148 3484898 
013195	DAL10	0020093	53	3472140 3483306 3576417 3576457 3576546 3579687 3580955 3668910 
007087	GOB	0031573	65	3456066 3485305 
012765	RCCON	3555097	55	3457039 3461556 3479838 3482591 3483278 3487505 3576347 3576408 3576488 
001751	CARP13	0254474	55	3457184 3668848 
013210	TAYE	0031582	65	3458037 3460757 3463439 
013616	TAYE	0375562	55	3458250 3463593 
001199	GOCOM	3447549	63	3458441 3474395 3475198 3475745 3476085 3478747 3481562 3482422 3483557 3484216 3487321 
014128	DAL212E	3555417	15	3458533 3480382 3484361 
002660	DAL119	0031572	55	3458704 
006562	DAL6	0031573	15	3458744 3463524 
004016	PK337	3442425	65	3459111 3469560 3474598 3481607 3485756 3505185 3668929 
014114	PK259	0827051	25	3474463 3481643 3481862 3482591 3485327 3486475 3576347 3576356 3576370 3576444 3576545 3668998 
009296	DAL212E	3554810	53	3463708 3484361 3580586 
013783	DAL6	3555100	1	3461975 
009240	PK127	0138190	6	3462237 3465245 3465442 3481518 
002401	CARP13	0492580	65	3463879 3486182 3487093 3576409 
005214	TH223	3447549	15	3463919 3470797 3486632 
013206	BYC127	3426520	65	3464193 3668768 
004360	TH251	0989327	15	3464306 3466364 3480150 3480935 3482019 3485636 3540124 3560487 
014211	TAYSEM	0402773	65	3474374 3486501 3486838 3486844 3540662 3559462 3559476 3580139 3581247 
011065	TH223	3195964	25	3478713 
013222	SW7	3470325	1	3479085 3484763 
012099	PK349	0020093	65	3479712 3485028 3561511 
006523	TAYSEM	0031573	6	3480810 3481875 3486787 3561516 3576352 3576359 3576576 3581907 3668820 3668860 
007037	DAL119	0031399	65	3480935 3576342 
005723	GOCOM	3648007	53	3485628 3487090 3503630 3520100 3555932 3560858 3577682 3578177 3581080 3581098 3581596 3581870 
012821	BYC239	3646854	53	3481875 
001182	DAL212E	0493725	55	3485327 3485504 3486838 
003407	CARP21	3478658	55	3487429 3668950 3669047 
013197	DAL10	0020093	1	3524963 3544254 3561229 3576448 3576626 3577741 3580796 
010949	TH224	0897399	65	3539996 
001429	TH224	0020093	55	3559872 
004810	DAL6	0697660	25	3561229 3668862 
011198	EHI	0254474	65	3576320 
014456	BYC127	3691385	55	3576575 
013196	PK227	0020093	25	3579949 
