Class Times	10
Rooms	150
1	219
2	280
3	851
4	761
5	907
6	377
7	531
8	197
9	615
10	848
11	635
12	702
13	733
14	13
15	315
16	484
17	127
18	406
19	114
20	368
21	372
22	582
23	454
24	522
25	411
26	404
27	279
28	17
29	271
30	808
31	627
32	145
33	916
34	588
35	578
36	818
37	467
38	985
39	21
40	855
41	803
42	511
43	372
44	19
45	732
46	252
47	122
48	457
49	960
50	171
51	108
52	144
53	861
54	601
55	676
56	289
57	277
58	712
59	991
60	477
61	377
62	502
63	185
64	355
65	116
66	944
67	622
68	197
69	918
70	926
71	258
72	81
73	703
74	297
75	187
76	194
77	775
78	14
79	282
80	516
81	673
82	293
83	126
84	273
85	617
86	975
87	731
88	748
89	386
90	188
91	471
92	634
93	682
94	974
95	84
96	65
97	331
98	99
99	488
100	523
101	108
102	409
103	519
104	536
105	879
106	320
107	167
108	162
109	789
110	867
111	526
112	733
113	160
114	833
115	705
116	122
117	883
118	555
119	928
120	75
121	600
122	702
123	404
124	608
125	122
126	714
127	237
128	659
129	237
130	73
131	128
132	152
133	849
134	334
135	914
136	491
137	83
138	765
139	347
140	608
141	810
142	386
143	855
144	862
145	463
146	50
147	702
148	625
149	644
150	193
Classes	1500
Teachers	750
1	207
2	212
3	238
4	548
5	46
6	682
7	400
8	86
9	232
10	81
11	406
12	276
13	388
14	94
15	94
16	469
17	704
18	404
19	538
20	69
21	744
22	405
23	562
24	715
25	7
26	582
27	223
28	643
29	690
30	681
31	685
32	745
33	2
34	341
35	280
36	332
37	740
38	477
39	411
40	659
41	377
42	595
43	552
44	735
45	56
46	404
47	156
48	381
49	466
50	191
51	623
52	163
53	255
54	164
55	658
56	596
57	118
58	660
59	417
60	435
61	642
62	298
63	335
64	574
65	724
66	668
67	435
68	83
69	257
70	224
71	210
72	501
73	586
74	452
75	13
76	578
77	213
78	427
79	349
80	136
81	596
82	104
83	628
84	173
85	159
86	20
87	377
88	336
89	254
90	746
91	255
92	115
93	718
94	743
95	160
96	68
97	306
98	742
99	314
100	186
101	354
102	625
103	448
104	451
105	103
106	560
107	46
108	590
109	159
110	657
111	155
112	370
113	738
114	339
115	568
116	74
117	85
118	553
119	276
120	275
121	107
122	165
123	30
124	426
125	704
126	576
127	185
128	489
129	445
130	117
131	278
132	7
133	92
134	201
135	219
136	50
137	238
138	591
139	12
140	682
141	209
142	569
143	17
144	295
145	279
146	228
147	662
148	161
149	526
150	188
151	60
152	86
153	195
154	683
155	491
156	541
157	228
158	178
159	586
160	254
161	298
162	628
163	406
164	541
165	253
166	407
167	293
168	218
169	299
170	630
171	443
172	612
173	85
174	387
175	12
176	275
177	708
178	590
179	328
180	195
181	302
182	312
183	545
184	506
185	396
186	17
187	23
188	651
189	689
190	68
191	489
192	45
193	288
194	23
195	743
196	305
197	392
198	539
199	227
200	450
201	616
202	56
203	38
204	661
205	259
206	644
207	594
208	295
209	505
210	96
211	273
212	170
213	154
214	692
215	481
216	625
217	365
218	280
219	732
220	705
221	531
222	446
223	591
224	477
225	179
226	746
227	63
228	237
229	474
230	41
231	587
232	632
233	496
234	479
235	81
236	709
237	205
238	458
239	126
240	157
241	300
242	407
243	447
244	278
245	209
246	433
247	635
248	166
249	569
250	286
251	589
252	731
253	279
254	272
255	33
256	210
257	538
258	55
259	476
260	660
261	666
262	308
263	576
264	726
265	179
266	303
267	334
268	362
269	498
270	161
271	636
272	368
273	2
274	318
275	61
276	540
277	478
278	611
279	313
280	414
281	710
282	612
283	611
284	75
285	573
286	131
287	287
288	727
289	525
290	272
291	27
292	265
293	615
294	379
295	564
296	548
297	149
298	269
299	657
300	636
301	162
302	95
303	25
304	504
305	564
306	192
307	127
308	155
309	744
310	223
311	211
312	584
313	465
314	646
315	504
316	93
317	502
318	129
319	470
320	64
321	635
322	87
323	160
324	418
325	96
326	683
327	471
328	337
329	77
330	529
331	595
332	44
333	302
334	476
335	75
336	622
337	249
338	667
339	123
340	342
341	1
342	180
343	232
344	372
345	394
346	138
347	522
348	27
349	50
350	604
351	154
352	186
353	449
354	554
355	403
356	618
357	717
358	702
359	727
360	130
361	547
362	316
363	605
364	19
365	484
366	22
367	300
368	78
369	513
370	567
371	456
372	393
373	662
374	181
375	506
376	638
377	740
378	289
379	604
380	668
381	128
382	43
383	725
384	106
385	13
386	9
387	284
388	384
389	107
390	9
391	529
392	482
393	381
394	211
395	523
396	372
397	28
398	468
399	248
400	561
401	575
402	438
403	396
404	447
405	572
406	3
407	382
408	144
409	84
410	499
411	370
412	101
413	456
414	598
415	379
416	694
417	318
418	366
419	469
420	47
421	417
422	444
423	664
424	337
425	491
426	29
427	8
428	222
429	585
430	565
431	402
432	64
433	198
434	225
435	241
436	593
437	546
438	461
439	348
440	104
441	102
442	290
443	258
444	597
445	480
446	233
447	264
448	51
449	1
450	402
451	346
452	568
453	583
454	697
455	437
456	487
457	448
458	523
459	197
460	299
461	171
462	118
463	497
464	345
465	53
466	731
467	723
468	684
469	20
470	53
471	553
472	343
473	483
474	385
475	257
476	16
477	400
478	581
479	164
480	67
481	187
482	169
483	39
484	650
485	247
486	181
487	14
488	696
489	339
490	373
491	266
492	584
493	599
494	741
495	598
496	654
497	633
498	540
499	518
500	467
501	138
502	708
503	539
504	565
505	32
506	382
507	145
508	577
509	398
510	18
511	18
512	162
513	80
514	395
515	482
516	203
517	533
518	200
519	230
520	309
521	559
522	341
523	233
524	317
525	35
526	174
527	452
528	702
529	614
530	253
531	490
532	650
533	481
534	609
535	627
536	200
537	326
538	49
539	183
540	114
541	229
542	587
543	78
544	293
545	331
546	66
547	592
548	680
549	588
550	148
551	72
552	450
553	183
554	42
555	191
556	398
557	4
558	196
559	168
560	385
561	715
562	671
563	340
564	201
565	93
566	97
567	198
568	521
569	494
570	509
571	22
572	212
573	342
574	430
575	127
576	583
577	552
578	458
579	380
580	193
581	237
582	698
583	205
584	546
585	153
586	600
587	250
588	8
589	466
590	171
591	274
592	10
593	202
594	690
595	215
596	615
597	475
598	74
599	390
600	607
601	422
602	602
603	413
604	661
605	348
606	640
607	602
608	698
609	729
610	47
611	314
612	19
613	245
614	284
615	445
616	633
617	336
618	507
619	605
620	383
621	723
622	524
623	677
624	132
625	62
626	58
627	528
628	259
629	465
630	387
631	363
632	62
633	242
634	215
635	603
636	256
637	58
638	59
639	366
640	101
641	637
642	692
643	317
644	750
645	562
646	36
647	242
648	263
649	392
650	187
651	432
652	497
653	313
654	321
655	328
656	724
657	601
658	713
659	263
660	478
661	722
662	131
663	344
664	231
665	10
666	542
667	669
668	105
669	732
670	57
671	745
672	137
673	70
674	534
675	502
676	643
677	492
678	288
679	15
680	639
681	440
682	485
683	111
684	741
685	425
686	618
687	645
688	329
689	714
690	519
691	733
692	675
693	380
694	110
695	442
696	126
697	589
698	403
699	480
700	620
701	685
702	451
703	555
704	71
705	616
706	221
707	730
708	29
709	24
710	375
711	399
712	454
713	325
714	178
715	137
716	21
717	355
718	59
719	281
720	405
721	386
722	145
723	570
724	473
725	320
726	714
727	493
728	722
729	132
730	271
731	640
732	383
733	500
734	25
735	701
736	65
737	197
738	712
739	168
740	638
741	617
742	224
743	208
744	455
745	421
746	492
747	283
748	249
749	120
750	428
751	537
752	219
753	427
754	361
755	158
756	265
757	391
758	495
759	130
760	65
761	216
762	567
763	603
764	119
765	77
766	331
767	207
768	180
769	70
770	45
771	119
772	599
773	140
774	231
775	28
776	503
777	365
778	323
779	26
780	593
781	80
782	574
783	325
784	72
785	351
786	703
787	669
788	558
789	514
790	326
791	146
792	619
793	730
794	493
795	248
796	190
797	622
798	48
799	315
800	292
801	112
802	247
803	321
804	694
805	125
806	686
807	691
808	182
809	747
810	532
811	290
812	649
813	185
814	736
815	617
816	202
817	52
818	748
819	515
820	642
821	113
822	310
823	561
824	312
825	394
826	501
827	294
828	734
829	91
830	308
831	129
832	296
833	124
834	373
835	189
836	750
837	333
838	728
839	82
840	627
841	500
842	204
843	449
844	35
845	436
846	213
847	652
848	117
849	467
850	739
851	537
852	408
853	485
854	680
855	236
856	570
857	717
858	352
859	71
860	542
861	340
862	559
863	483
864	490
865	354
866	227
867	67
868	175
869	332
870	554
871	610
872	350
873	664
874	21
875	621
876	148
877	226
878	125
879	345
880	475
881	629
882	100
883	327
884	38
885	606
886	39
887	578
888	686
889	241
890	135
891	545
892	588
893	225
894	134
895	582
896	558
897	710
898	729
899	389
900	92
901	720
902	401
903	443
904	297
905	687
906	82
907	33
908	614
909	438
910	464
911	356
912	199
913	671
914	393
915	123
916	728
917	362
918	624
919	244
920	37
921	585
922	176
923	146
924	388
925	733
926	143
927	621
928	739
929	172
930	653
931	676
932	566
933	368
934	24
935	235
936	428
937	375
938	324
939	425
940	455
941	473
942	619
943	687
944	139
945	116
946	391
947	149
948	397
949	434
950	420
951	606
952	462
953	170
954	153
955	136
956	472
957	629
958	177
959	270
960	351
961	83
962	285
963	157
964	122
965	115
966	359
967	11
968	468
969	597
970	229
971	645
972	601
973	581
974	296
975	220
976	349
977	571
978	193
979	44
980	509
981	419
982	632
983	320
984	189
985	462
986	166
987	152
988	264
989	88
990	641
991	196
992	369
993	235
994	524
995	167
996	412
997	102
998	654
999	310
1000	217
1001	735
1002	230
1003	239
1004	57
1005	42
1006	644
1007	109
1008	221
1009	60
1010	494
1011	252
1012	79
1013	291
1014	190
1015	294
1016	665
1017	678
1018	573
1019	580
1020	316
1021	147
1022	11
1023	613
1024	648
1025	358
1026	270
1027	749
1028	243
1029	252
1030	353
1031	384
1032	41
1033	535
1034	251
1035	261
1036	169
1037	563
1038	430
1039	679
1040	48
1041	571
1042	432
1043	236
1044	620
1045	43
1046	517
1047	637
1048	121
1049	4
1050	152
1051	472
1052	277
1053	678
1054	516
1055	563
1056	626
1057	369
1058	133
1059	91
1060	390
1061	560
1062	696
1063	676
1064	649
1065	639
1066	208
1067	656
1068	374
1069	464
1070	54
1071	323
1072	135
1073	419
1074	95
1075	414
1076	52
1077	512
1078	641
1079	446
1080	163
1081	359
1082	487
1083	3
1084	566
1085	508
1086	706
1087	577
1088	440
1089	315
1090	262
1091	519
1092	681
1093	424
1094	306
1095	97
1096	634
1097	399
1098	653
1099	579
1100	697
1101	592
1102	424
1103	173
1104	311
1105	512
1106	677
1107	520
1108	226
1109	395
1110	747
1111	479
1112	705
1113	551
1114	499
1115	460
1116	525
1117	652
1118	250
1119	453
1120	515
1121	701
1122	580
1123	31
1124	439
1125	292
1126	716
1127	285
1128	526
1129	116
1130	713
1131	271
1132	114
1133	245
1134	544
1135	634
1136	304
1137	335
1138	217
1139	199
1140	409
1141	267
1142	120
1143	333
1144	256
1145	429
1146	420
1147	441
1148	527
1149	663
1150	346
1151	666
1152	433
1153	184
1154	470
1155	655
1156	716
1157	530
1158	631
1159	555
1160	100
1161	517
1162	630
1163	631
1164	426
1165	352
1166	204
1167	422
1168	703
1169	518
1170	111
1171	516
1172	220
1173	498
1174	522
1175	484
1176	286
1177	277
1178	266
1179	679
1180	439
1181	675
1182	260
1183	356
1184	172
1185	304
1186	61
1187	251
1188	689
1189	397
1190	514
1191	442
1192	412
1193	579
1194	156
1195	413
1196	436
1197	360
1198	674
1199	700
1200	706
1201	350
1202	139
1203	108
1204	623
1205	291
1206	656
1207	240
1208	409
1209	736
1210	575
1211	69
1212	30
1213	624
1214	411
1215	670
1216	720
1217	34
1218	495
1219	150
1220	418
1221	216
1222	415
1223	273
1224	16
1225	444
1226	718
1227	322
1228	737
1229	726
1230	673
1231	343
1232	363
1233	32
1234	37
1235	206
1236	329
1237	301
1238	234
1239	551
1240	175
1241	15
1242	268
1243	510
1244	182
1245	274
1246	54
1247	460
1248	63
1249	133
1250	659
1251	206
1252	297
1253	600
1254	281
1255	327
1256	73
1257	361
1258	386
1259	535
1260	184
1261	749
1262	712
1263	6
1264	243
1265	401
1266	421
1267	309
1268	269
1269	353
1270	742
1271	725
1272	527
1273	322
1274	240
1275	711
1276	684
1277	49
1278	532
1279	109
1280	142
1281	203
1282	167
1283	140
1284	557
1285	267
1286	89
1287	719
1288	141
1289	99
1290	646
1291	79
1292	99
1293	536
1294	144
1295	134
1296	651
1297	415
1298	408
1299	658
1300	453
1301	531
1302	87
1303	110
1304	511
1305	441
1306	338
1307	673
1308	142
1309	344
1310	544
1311	513
1312	528
1313	474
1314	610
1315	486
1316	594
1317	378
1318	434
1319	572
1320	36
1321	536
1322	311
1323	367
1324	141
1325	113
1326	122
1327	177
1328	608
1329	105
1330	510
1331	738
1332	357
1333	334
1334	319
1335	307
1336	431
1337	174
1338	667
1339	165
1340	488
1341	431
1342	507
1343	672
1344	695
1345	378
1346	319
1347	268
1348	108
1349	557
1350	112
1351	305
1352	663
1353	194
1354	700
1355	283
1356	5
1357	287
1358	158
1359	670
1360	699
1361	5
1362	239
1363	234
1364	688
1365	707
1366	364
1367	128
1368	454
1369	360
1370	330
1371	376
1372	613
1373	260
1374	89
1375	31
1376	244
1377	471
1378	655
1379	534
1380	711
1381	533
1382	84
1383	520
1384	737
1385	51
1386	543
1387	707
1388	556
1389	429
1390	367
1391	608
1392	76
1393	90
1394	88
1395	192
1396	457
1397	222
1398	463
1399	672
1400	647
1401	73
1402	261
1403	347
1404	547
1405	665
1406	556
1407	358
1408	748
1409	98
1410	508
1411	721
1412	550
1413	511
1414	188
1415	357
1416	550
1417	103
1418	330
1419	14
1420	98
1421	486
1422	691
1423	543
1424	693
1425	147
1426	488
1427	719
1428	459
1429	90
1430	282
1431	423
1432	609
1433	262
1434	463
1435	410
1436	416
1437	151
1438	246
1439	143
1440	626
1441	549
1442	194
1443	214
1444	459
1445	301
1446	355
1447	282
1448	76
1449	376
1450	40
1451	307
1452	423
1453	647
1454	40
1455	121
1456	150
1457	364
1458	709
1459	324
1460	258
1461	106
1462	26
1463	303
1464	674
1465	416
1466	124
1467	607
1468	338
1469	289
1470	6
1471	374
1472	371
1473	66
1474	699
1475	734
1476	530
1477	55
1478	688
1479	521
1480	505
1481	347
1482	721
1483	214
1484	695
1485	151
1486	34
1487	389
1488	410
1489	437
1490	648
1491	457
1492	246
1493	693
1494	176
1495	503
1496	218
1497	496
1498	549
1499	461
1500	371
