Class Times	10
Rooms	150
1	753
2	494
3	981
4	14
5	859
6	36
7	859
8	319
9	257
10	275
11	617
12	345
13	368
14	803
15	216
16	278
17	473
18	54
19	995
20	232
21	656
22	681
23	663
24	83
25	159
26	658
27	81
28	64
29	774
30	967
31	733
32	431
33	230
34	124
35	997
36	798
37	444
38	555
39	585
40	403
41	960
42	705
43	216
44	532
45	181
46	442
47	185
48	172
49	767
50	637
51	729
52	650
53	92
54	595
55	93
56	988
57	634
58	339
59	434
60	699
61	542
62	810
63	325
64	480
65	402
66	955
67	759
68	456
69	85
70	588
71	610
72	16
73	342
74	921
75	589
76	178
77	862
78	39
79	364
80	144
81	438
82	456
83	955
84	706
85	958
86	651
87	869
88	644
89	959
90	708
91	37
92	404
93	482
94	407
95	574
96	877
97	609
98	994
99	831
100	667
101	382
102	887
103	637
104	66
105	466
106	639
107	376
108	350
109	357
110	563
111	876
112	92
113	611
114	502
115	240
116	11
117	757
118	924
119	694
120	608
121	949
122	947
123	57
124	625
125	949
126	307
127	734
128	48
129	190
130	907
131	121
132	218
133	835
134	297
135	85
136	413
137	470
138	13
139	19
140	273
141	556
142	350
143	12
144	956
145	456
146	337
147	291
148	112
149	543
150	893
Classes	1500
Teachers	750
1	600
2	535
3	620
4	134
5	84
6	447
7	97
8	276
9	512
10	231
11	295
12	146
13	309
14	719
15	708
16	18
17	455
18	479
19	31
20	619
21	46
22	630
23	95
24	699
25	470
26	151
27	493
28	439
29	508
30	92
31	226
32	492
33	403
34	143
35	95
36	455
37	734
38	375
39	606
40	97
41	522
42	618
43	101
44	161
45	617
46	123
47	290
48	730
49	229
50	505
51	264
52	555
53	686
54	452
55	725
56	41
57	703
58	129
59	725
60	470
61	405
62	640
63	475
64	277
65	566
66	668
67	179
68	685
69	685
70	235
71	130
72	341
73	529
74	461
75	680
76	444
77	305
78	428
79	608
80	296
81	704
82	558
83	626
84	702
85	327
86	441
87	661
88	109
89	656
90	9
91	167
92	626
93	618
94	707
95	169
96	266
97	423
98	93
99	72
100	296
101	179
102	607
103	21
104	34
105	401
106	302
107	416
108	374
109	505
110	579
111	511
112	419
113	161
114	301
115	639
116	31
117	448
118	740
119	697
120	599
121	390
122	316
123	16
124	472
125	442
126	526
127	309
128	723
129	444
130	383
131	275
132	413
133	173
134	733
135	182
136	481
137	475
138	206
139	240
140	272
141	280
142	543
143	635
144	655
145	560
146	395
147	295
148	519
149	288
150	232
151	433
152	677
153	354
154	227
155	345
156	50
157	211
158	217
159	609
160	682
161	482
162	232
163	88
164	79
165	48
166	492
167	175
168	297
169	147
170	19
171	323
172	328
173	582
174	78
175	230
176	556
177	110
178	241
179	180
180	62
181	692
182	652
183	699
184	711
185	50
186	137
187	52
188	609
189	369
190	589
191	173
192	100
193	205
194	717
195	549
196	277
197	71
198	358
199	440
200	322
201	707
202	681
203	512
204	152
205	356
206	346
207	402
208	6
209	72
210	132
211	377
212	205
213	189
214	194
215	15
216	674
217	142
218	323
219	655
220	394
221	276
222	354
223	272
224	30
225	58
226	624
227	51
228	253
229	518
230	176
231	662
232	641
233	477
234	45
235	348
236	74
237	76
238	712
239	375
240	265
241	448
242	348
243	592
244	114
245	102
246	502
247	225
248	407
249	142
250	245
251	208
252	171
253	124
254	474
255	400
256	310
257	632
258	327
259	145
260	28
261	597
262	265
263	663
264	147
265	738
266	371
267	636
268	373
269	284
270	540
271	686
272	701
273	631
274	423
275	571
276	628
277	489
278	376
279	646
280	165
281	532
282	658
283	741
284	689
285	294
286	241
287	300
288	144
289	461
290	286
291	524
292	542
293	712
294	183
295	706
296	191
297	728
298	249
299	160
300	583
301	330
302	91
303	433
304	541
305	30
306	62
307	58
308	409
309	483
310	263
311	535
312	43
313	259
314	313
315	623
316	81
317	471
318	434
319	88
320	440
321	671
322	577
323	380
324	585
325	562
326	438
327	164
328	191
329	333
330	3
331	369
332	596
333	289
334	167
335	501
336	211
337	621
338	282
339	611
340	213
341	230
342	408
343	144
344	339
345	667
346	381
347	122
348	715
349	394
350	321
351	210
352	641
353	563
354	81
355	431
356	300
357	150
358	607
359	121
360	100
361	109
362	155
363	546
364	330
365	726
366	28
367	619
368	283
369	249
370	507
371	632
372	299
373	581
374	540
375	257
376	432
377	552
378	715
379	598
380	529
381	700
382	64
383	452
384	432
385	143
386	288
387	471
388	645
389	528
390	484
391	716
392	414
393	366
394	556
395	99
396	172
397	111
398	130
399	702
400	694
401	386
402	399
403	508
404	736
405	460
406	643
407	385
408	417
409	252
410	110
411	396
412	439
413	208
414	490
415	256
416	396
417	364
418	44
419	49
420	299
421	122
422	533
423	44
424	22
425	282
426	358
427	328
428	611
429	285
430	399
431	12
432	701
433	597
434	80
435	673
436	346
437	53
438	710
439	112
440	267
441	403
442	666
443	85
444	214
445	3
446	140
447	316
448	256
449	557
450	600
451	314
452	499
453	32
454	119
455	458
456	502
457	321
458	138
459	254
460	345
461	402
462	363
463	303
464	290
465	146
466	537
467	734
468	367
469	491
470	671
471	69
472	240
473	259
474	284
475	13
476	744
477	247
478	629
479	729
480	23
481	530
482	543
483	126
484	104
485	188
486	186
487	201
488	531
489	468
490	206
491	361
492	561
493	647
494	466
495	509
496	8
497	35
498	533
499	583
500	225
501	234
502	270
503	367
504	20
505	8
506	5
507	487
508	695
509	56
510	496
511	698
512	163
513	490
514	27
515	365
516	506
517	645
518	718
519	355
520	275
521	86
522	485
523	536
524	530
525	17
526	140
527	96
528	580
529	397
530	648
531	427
532	107
533	717
534	76
535	12
536	705
537	485
538	496
539	668
540	302
541	36
542	710
543	172
544	657
545	727
546	349
547	26
548	17
549	315
550	591
551	105
552	528
553	121
554	380
555	554
556	558
557	676
558	260
559	635
560	104
561	419
562	91
563	691
564	718
565	377
566	340
567	393
568	149
569	213
570	708
571	481
572	624
573	736
574	669
575	66
576	629
577	41
578	141
579	245
580	47
581	486
582	355
583	420
584	192
585	581
586	750
587	221
588	244
589	603
590	307
591	565
592	690
593	132
594	362
595	562
596	329
597	497
598	727
599	344
600	575
601	434
602	136
603	268
604	693
605	424
606	314
607	410
608	322
609	706
610	675
611	389
612	418
613	66
614	575
615	33
616	216
617	304
618	340
619	534
620	150
621	209
622	107
623	308
624	750
625	90
626	98
627	652
628	472
629	413
630	18
631	39
632	298
633	603
634	32
635	547
636	86
637	99
638	105
639	649
640	353
641	292
642	517
643	331
644	549
645	174
646	5
647	392
648	613
649	623
650	228
651	721
652	582
653	27
654	195
655	338
656	672
657	335
658	9
659	190
660	627
661	714
662	612
663	40
664	721
665	118
666	729
667	514
668	255
669	436
670	537
671	679
672	421
673	658
674	704
675	571
676	112
677	501
678	138
679	410
680	84
681	703
682	672
683	548
684	164
685	495
686	157
687	195
688	385
689	661
690	659
691	405
692	663
693	384
694	289
695	336
696	591
697	353
698	129
699	315
700	48
701	29
702	135
703	378
704	178
705	366
706	123
707	199
708	486
709	678
710	365
711	252
712	134
713	198
714	373
715	633
716	716
717	513
718	436
719	26
720	186
721	659
722	730
723	198
724	392
725	464
726	364
727	735
728	158
729	697
730	98
731	459
732	465
733	92
734	223
735	226
736	479
737	303
738	536
739	589
740	363
741	235
742	124
743	197
744	248
745	748
746	745
747	565
748	507
749	297
750	526
751	319
752	287
753	83
754	551
755	487
756	356
757	15
758	56
759	75
760	75
761	268
762	480
763	342
764	197
765	219
766	739
767	491
768	614
769	514
770	1
771	218
772	599
773	326
774	518
775	362
776	482
777	458
778	165
779	387
780	720
781	120
782	614
783	594
784	294
785	274
786	307
787	666
788	612
789	229
790	445
791	273
792	636
793	391
794	680
795	80
796	52
797	67
798	573
799	517
800	260
801	742
802	695
803	720
804	709
805	281
806	59
807	719
808	500
809	273
810	317
811	207
812	476
813	166
814	178
815	306
816	690
817	333
818	221
819	85
820	228
821	57
822	749
823	586
824	503
825	642
826	135
827	263
828	644
829	207
830	253
831	280
832	539
833	660
834	627
835	251
836	128
837	414
838	266
839	397
840	359
841	171
842	216
843	119
844	667
845	578
846	628
847	388
848	308
849	305
850	561
851	593
852	577
853	568
854	291
855	174
856	361
857	70
858	580
859	344
860	47
861	218
862	613
863	478
864	468
865	251
866	731
867	87
868	644
869	524
870	374
871	456
872	516
873	160
874	293
875	187
876	640
877	199
878	412
879	90
880	357
881	291
882	664
883	83
884	378
885	576
886	483
887	548
888	145
889	133
890	141
891	370
892	153
893	660
894	111
895	741
896	127
897	87
898	351
899	267
900	546
901	64
902	101
903	247
904	570
905	335
906	383
907	54
908	10
909	94
910	152
911	49
912	438
913	428
914	286
915	53
916	601
917	342
918	728
919	477
920	519
921	682
922	236
923	740
924	539
925	527
926	606
927	388
928	563
929	622
930	513
931	73
932	219
933	244
934	352
935	511
936	510
937	10
938	339
939	662
940	567
941	521
942	488
943	510
944	748
945	281
946	733
947	453
948	319
949	63
950	489
951	149
952	735
953	657
954	386
955	404
956	79
957	445
958	106
959	175
960	567
961	285
962	182
963	337
964	692
965	166
966	220
967	542
968	503
969	637
970	731
971	189
972	557
973	553
974	61
975	351
976	747
977	126
978	324
979	287
980	40
981	238
982	37
983	332
984	520
985	155
986	393
987	684
988	637
989	688
990	621
991	494
992	465
993	550
994	313
995	478
996	82
997	23
998	584
999	127
1000	737
1001	391
1002	264
1003	416
1004	270
1005	370
1006	700
1007	749
1008	459
1009	70
1010	325
1011	742
1012	54
1013	525
1014	243
1015	447
1016	713
1017	576
1018	336
1019	6
1020	670
1021	604
1022	714
1023	359
1024	180
1025	493
1026	453
1027	156
1028	584
1029	2
1030	190
1031	615
1032	325
1033	420
1034	684
1035	553
1036	568
1037	139
1038	633
1039	446
1040	77
1041	616
1042	136
1043	202
1044	82
1045	128
1046	379
1047	426
1048	409
1049	37
1050	488
1051	347
1052	222
1053	677
1054	743
1055	243
1056	431
1057	106
1058	464
1059	506
1060	357
1061	569
1062	326
1063	650
1064	676
1065	212
1066	555
1067	1
1068	65
1069	408
1070	404
1071	262
1072	713
1073	406
1074	538
1075	212
1076	675
1077	573
1078	93
1079	324
1080	271
1081	154
1082	7
1083	593
1084	65
1085	341
1086	454
1087	523
1088	343
1089	201
1090	34
1091	192
1092	643
1093	317
1094	389
1095	157
1096	647
1097	204
1098	183
1099	24
1100	412
1101	552
1102	559
1103	35
1104	193
1105	683
1106	602
1107	236
1108	587
1109	739
1110	338
1111	615
1112	674
1113	222
1114	125
1115	578
1116	116
1117	376
1118	332
1119	745
1120	43
1121	203
1122	384
1123	504
1124	148
1125	181
1126	61
1127	400
1128	390
1129	446
1130	683
1131	746
1132	724
1133	57
1134	604
1135	78
1136	585
1137	298
1138	541
1139	401
1140	429
1141	688
1142	209
1143	133
1144	424
1145	646
1146	24
1147	525
1148	610
1149	450
1150	605
1151	39
1152	156
1153	425
1154	102
1155	544
1156	691
1157	73
1158	42
1159	595
1160	415
1161	454
1162	177
1163	16
1164	653
1165	592
1166	586
1167	654
1168	68
1169	21
1170	11
1171	223
1172	163
1173	554
1174	443
1175	588
1176	210
1177	14
1178	184
1179	476
1180	467
1181	11
1182	551
1183	689
1184	523
1185	254
1186	181
1187	227
1188	654
1189	608
1190	534
1191	601
1192	417
1193	463
1194	545
1195	224
1196	631
1197	610
1198	238
1199	177
1200	60
1201	38
1202	372
1203	387
1204	527
1205	33
1206	484
1207	293
1208	137
1209	681
1210	159
1211	559
1212	574
1213	430
1214	590
1215	732
1216	139
1217	665
1218	421
1219	169
1220	664
1221	747
1222	301
1223	602
1224	694
1225	292
1226	255
1227	349
1228	605
1229	500
1230	350
1231	648
1232	352
1233	331
1234	441
1235	744
1236	570
1237	371
1238	203
1239	665
1240	579
1241	722
1242	158
1243	337
1244	463
1245	669
1246	550
1247	415
1248	522
1249	148
1250	311
1251	456
1252	77
1253	709
1254	19
1255	427
1256	473
1257	457
1258	538
1259	334
1260	202
1261	738
1262	574
1263	588
1264	45
1265	442
1266	13
1267	350
1268	118
1269	737
1270	184
1271	598
1272	564
1273	407
1274	74
1275	38
1276	398
1277	71
1278	724
1279	234
1280	103
1281	69
1282	334
1283	89
1284	422
1285	51
1286	63
1287	237
1288	642
1289	480
1290	520
1291	398
1292	379
1293	159
1294	94
1295	595
1296	269
1297	743
1298	722
1299	347
1300	125
1301	723
1302	310
1303	368
1304	499
1305	153
1306	504
1307	113
1308	620
1309	237
1310	590
1311	469
1312	193
1313	498
1314	239
1315	103
1316	467
1317	670
1318	617
1319	560
1320	687
1321	318
1322	653
1323	711
1324	187
1325	176
1326	231
1327	625
1328	117
1329	460
1330	678
1331	20
1332	473
1333	360
1334	450
1335	271
1336	531
1337	498
1338	257
1339	521
1340	168
1341	115
1342	625
1343	469
1344	457
1345	547
1346	60
1347	516
1348	698
1349	4
1350	25
1351	279
1352	116
1353	117
1354	435
1355	96
1356	422
1357	22
1358	151
1359	170
1360	343
1361	194
1362	242
1363	515
1364	242
1365	382
1366	638
1367	269
1368	634
1369	4
1370	656
1371	569
1372	451
1373	59
1374	200
1375	162
1376	2
1377	239
1378	437
1379	320
1380	435
1381	304
1382	679
1383	545
1384	466
1385	46
1386	532
1387	594
1388	220
1389	306
1390	418
1391	215
1392	262
1393	462
1394	7
1395	278
1396	120
1397	320
1398	451
1399	215
1400	411
1401	168
1402	616
1403	462
1404	224
1405	372
1406	200
1407	564
1408	437
1409	170
1410	673
1411	693
1412	515
1413	42
1414	651
1415	283
1416	329
1417	746
1418	131
1419	429
1420	115
1421	154
1422	204
1423	312
1424	279
1425	131
1426	185
1427	25
1428	214
1429	162
1430	29
1431	68
1432	381
1433	248
1434	572
1435	67
1436	406
1437	261
1438	687
1439	114
1440	258
1441	495
1442	89
1443	726
1444	368
1445	596
1446	311
1447	318
1448	572
1449	36
1450	497
1451	261
1452	443
1453	312
1454	113
1455	55
1456	622
1457	638
1458	630
1459	250
1460	449
1461	55
1462	449
1463	217
1464	274
1465	14
1466	587
1467	426
1468	430
1469	278
1470	696
1471	250
1472	544
1473	639
1474	108
1475	705
1476	108
1477	425
1478	233
1479	411
1480	395
1481	185
1482	651
1483	258
1484	360
1485	494
1486	650
1487	196
1488	509
1489	566
1490	382
1491	649
1492	474
1493	732
1494	233
1495	196
1496	634
1497	246
1498	188
1499	696
1500	246
