Class Times	10
Rooms	150
1	119
2	954
3	236
4	338
5	806
6	787
7	802
8	240
9	146
10	951
11	899
12	853
13	545
14	788
15	388
16	937
17	398
18	92
19	521
20	947
21	571
22	333
23	665
24	652
25	784
26	932
27	591
28	542
29	269
30	205
31	394
32	457
33	355
34	519
35	539
36	56
37	994
38	626
39	812
40	470
41	967
42	139
43	397
44	505
45	417
46	689
47	86
48	303
49	921
50	53
51	934
52	571
53	639
54	318
55	497
56	954
57	400
58	18
59	83
60	448
61	610
62	504
63	116
64	317
65	38
66	309
67	907
68	271
69	900
70	847
71	947
72	972
73	47
74	26
75	188
76	932
77	355
78	339
79	220
80	382
81	287
82	602
83	893
84	38
85	738
86	242
87	965
88	785
89	879
90	259
91	337
92	812
93	598
94	584
95	103
96	834
97	631
98	654
99	191
100	88
101	935
102	945
103	905
104	267
105	533
106	561
107	251
108	140
109	298
110	575
111	249
112	435
113	166
114	381
115	870
116	865
117	67
118	686
119	914
120	340
121	552
122	356
123	546
124	545
125	507
126	646
127	88
128	817
129	441
130	144
131	848
132	724
133	222
134	49
135	414
136	843
137	484
138	709
139	693
140	300
141	969
142	159
143	86
144	826
145	86
146	126
147	833
148	628
149	199
150	208
Classes	1500
Teachers	750
1	38
2	92
3	708
4	377
5	486
6	277
7	175
8	571
9	551
10	40
11	363
12	549
13	451
14	434
15	498
16	159
17	567
18	10
19	228
20	468
21	40
22	266
23	510
24	461
25	417
26	368
27	678
28	159
29	677
30	356
31	352
32	391
33	377
34	89
35	547
36	418
37	30
38	32
39	90
40	176
41	333
42	150
43	188
44	620
45	563
46	368
47	158
48	570
49	723
50	355
51	523
52	654
53	6
54	712
55	573
56	184
57	100
58	240
59	275
60	252
61	53
62	242
63	474
64	747
65	158
66	740
67	175
68	299
69	696
70	125
71	529
72	203
73	419
74	644
75	473
76	479
77	659
78	634
79	418
80	690
81	34
82	223
83	333
84	92
85	16
86	205
87	217
88	448
89	244
90	51
91	82
92	560
93	353
94	744
95	249
96	530
97	518
98	682
99	107
100	69
101	667
102	718
103	351
104	479
105	289
106	504
107	374
108	247
109	708
110	31
111	376
112	667
113	563
114	461
115	647
116	318
117	264
118	335
119	56
120	285
121	148
122	554
123	518
124	690
125	729
126	579
127	495
128	390
129	624
130	210
131	67
132	127
133	344
134	473
135	139
136	696
137	443
138	382
139	743
140	121
141	52
142	739
143	188
144	345
145	492
146	457
147	300
148	166
149	110
150	68
151	521
152	163
153	315
154	334
155	484
156	672
157	274
158	261
159	22
160	323
161	631
162	249
163	509
164	289
165	35
166	293
167	273
168	131
169	409
170	69
171	653
172	290
173	476
174	417
175	274
176	315
177	661
178	88
179	394
180	241
181	214
182	350
183	738
184	352
185	365
186	373
187	251
188	553
189	612
190	560
191	642
192	750
193	567
194	649
195	32
196	305
197	109
198	157
199	251
200	682
201	743
202	190
203	319
204	426
205	499
206	271
207	637
208	83
209	437
210	7
211	335
212	232
213	59
214	356
215	359
216	219
217	96
218	437
219	419
220	499
221	18
222	625
223	260
224	128
225	600
226	95
227	616
228	620
229	627
230	496
231	43
232	487
233	4
234	725
235	87
236	715
237	107
238	745
239	294
240	330
241	566
242	512
243	553
244	405
245	342
246	196
247	493
248	571
249	524
250	424
251	305
252	409
253	572
254	456
255	257
256	75
257	536
258	704
259	54
260	185
261	232
262	202
263	341
264	12
265	435
266	104
267	501
268	272
269	30
270	66
271	343
272	317
273	497
274	157
275	624
276	93
277	364
278	209
279	386
280	483
281	325
282	94
283	165
284	176
285	439
286	687
287	350
288	478
289	43
290	384
291	173
292	694
293	202
294	699
295	23
296	699
297	633
298	535
299	492
300	432
301	645
302	464
303	478
304	405
305	340
306	304
307	298
308	427
309	55
310	570
311	642
312	655
313	168
314	562
315	703
316	555
317	359
318	639
319	184
320	130
321	660
322	280
323	423
324	131
325	361
326	309
327	599
328	185
329	414
330	379
331	489
332	750
333	733
334	673
335	638
336	132
337	533
338	7
339	113
340	595
341	303
342	421
343	612
344	398
345	392
346	684
347	607
348	314
349	263
350	367
351	424
352	383
353	276
354	681
355	82
356	535
357	676
358	248
359	124
360	520
361	18
362	495
363	322
364	365
365	79
366	550
367	526
368	578
369	504
370	198
371	749
372	367
373	72
374	334
375	406
376	214
377	422
378	340
379	440
380	664
381	715
382	174
383	527
384	77
385	181
386	71
387	25
388	645
389	575
390	180
391	141
392	14
393	98
394	687
395	369
396	740
397	611
398	36
399	301
400	76
401	524
402	239
403	72
404	616
405	300
406	215
407	170
408	588
409	76
410	246
411	593
412	54
413	282
414	24
415	164
416	583
417	3
418	272
419	263
420	729
421	306
422	133
423	37
424	510
425	679
426	8
427	343
428	355
429	404
430	488
431	248
432	549
433	506
434	253
435	592
436	10
437	291
438	681
439	669
440	304
441	383
442	665
443	149
444	493
445	516
446	261
447	167
448	604
449	349
450	665
451	151
452	46
453	683
454	678
455	345
456	561
457	512
458	324
459	741
460	490
461	144
462	139
463	123
464	227
465	73
466	141
467	731
468	153
469	114
470	26
471	450
472	264
473	42
474	519
475	557
476	693
477	199
478	47
479	430
480	626
481	670
482	164
483	672
484	589
485	21
486	62
487	547
488	181
489	258
490	280
491	269
492	494
493	27
494	119
495	381
496	598
497	630
498	468
499	347
500	64
501	277
502	247
503	539
504	480
505	389
506	291
507	670
508	450
509	519
510	622
511	638
512	426
513	543
514	435
515	664
516	174
517	673
518	223
519	607
520	443
521	187
522	486
523	275
524	445
525	427
526	579
527	103
528	650
529	386
530	203
531	323
532	339
533	684
534	411
535	596
536	451
537	597
538	447
539	58
540	643
541	64
542	470
543	539
544	491
545	458
546	351
547	631
548	314
549	114
550	336
551	140
552	71
553	230
554	651
555	292
556	514
557	205
558	215
559	172
560	594
561	630
562	525
563	741
564	20
565	723
566	716
567	161
568	440
569	562
570	611
571	13
572	399
573	691
574	2
575	641
576	328
577	402
578	144
579	609
580	96
581	288
582	390
583	691
584	654
585	225
586	22
587	167
588	737
589	338
590	306
591	381
592	120
593	220
594	357
595	710
596	471
597	738
598	692
599	717
600	566
601	369
602	240
603	745
604	488
605	655
606	593
607	720
608	683
609	527
610	153
611	109
612	73
613	319
614	268
615	378
616	503
617	132
618	122
619	647
620	509
621	41
622	242
623	713
624	640
625	606
626	522
627	11
628	455
629	294
630	474
631	374
632	625
633	154
634	618
635	573
636	85
637	701
638	209
639	24
640	569
641	644
642	476
643	84
644	16
645	610
646	37
647	748
648	576
649	286
650	619
651	208
652	469
653	558
654	727
655	464
656	370
657	17
658	415
659	552
660	308
661	313
662	721
663	276
664	13
665	653
666	663
667	221
668	742
669	689
670	329
671	239
672	285
673	432
674	296
675	722
676	610
677	123
678	8
679	491
680	324
681	339
682	9
683	732
684	29
685	515
686	2
687	168
688	707
689	436
690	284
691	206
692	127
693	710
694	545
695	651
696	208
697	628
698	182
699	257
700	299
701	298
702	555
703	361
704	724
705	115
706	154
707	137
708	604
709	177
710	575
711	724
712	130
713	67
714	4
715	717
716	266
717	714
718	353
719	1
720	171
721	194
722	296
723	598
724	561
725	407
726	388
727	565
728	733
729	528
730	445
731	250
732	55
733	463
734	545
735	397
736	677
737	42
738	477
739	742
740	614
741	120
742	719
743	714
744	87
745	309
746	629
747	597
748	118
749	129
750	496
751	446
752	669
753	97
754	9
755	403
756	589
757	412
758	171
759	297
760	396
761	98
762	441
763	191
764	5
765	66
766	408
767	580
768	470
769	267
770	521
771	119
772	245
773	307
774	63
775	716
776	481
777	103
778	646
779	726
780	362
781	60
782	49
783	301
784	646
785	749
786	658
787	364
788	177
789	225
790	516
791	297
792	523
793	580
794	303
795	500
796	136
797	165
798	23
799	160
800	391
801	595
802	93
803	91
804	530
805	194
806	457
807	507
808	155
809	536
810	679
811	599
812	581
813	173
814	344
815	328
816	490
817	28
818	584
819	503
820	467
821	31
822	6
823	403
824	35
825	746
826	138
827	721
828	660
829	100
830	295
831	500
832	396
833	12
834	253
835	730
836	425
837	693
838	27
839	395
840	145
841	312
842	200
843	388
844	52
845	393
846	166
847	14
848	732
849	621
850	216
851	739
852	313
853	325
854	63
855	217
856	117
857	28
858	662
859	206
860	517
861	685
862	102
863	697
864	187
865	576
866	262
867	668
868	267
869	675
870	502
871	713
872	46
873	230
874	70
875	341
876	136
877	389
878	94
879	268
880	85
881	722
882	454
883	78
884	320
885	283
886	446
887	172
888	245
889	310
890	75
891	513
892	108
893	550
894	602
895	105
896	384
897	320
898	413
899	207
900	34
901	537
902	484
903	720
904	382
905	321
906	397
907	465
908	671
909	269
910	634
911	317
912	213
913	661
914	256
915	243
916	243
917	77
918	658
919	650
920	559
921	694
922	146
923	393
924	657
925	292
926	472
927	354
928	115
929	116
930	569
931	307
932	262
933	601
934	74
935	106
936	448
937	39
938	707
939	656
940	436
941	237
942	373
943	420
944	568
945	256
946	475
947	308
948	392
949	360
950	20
951	637
952	282
953	95
954	83
955	125
956	311
957	711
958	150
959	192
960	487
961	146
962	398
963	454
964	143
965	421
966	585
967	627
968	281
969	726
970	548
971	99
972	229
973	160
974	279
975	210
976	74
977	507
978	497
979	601
980	338
981	62
982	349
983	15
984	513
985	108
986	88
987	657
988	583
989	460
990	546
991	19
992	99
993	376
994	193
995	395
996	623
997	110
998	399
999	50
1000	161
1001	711
1002	666
1003	748
1004	179
1005	29
1006	676
1007	430
1008	415
1009	402
1010	218
1011	336
1012	84
1013	270
1014	453
1015	258
1016	90
1017	180
1018	447
1019	652
1020	688
1021	372
1022	734
1023	481
1024	568
1025	511
1026	668
1027	358
1028	702
1029	401
1030	734
1031	731
1032	39
1033	219
1034	227
1035	558
1036	465
1037	704
1038	559
1039	156
1040	709
1041	546
1042	517
1043	236
1044	241
1045	586
1046	15
1047	265
1048	234
1049	283
1050	265
1051	422
1052	659
1053	360
1054	378
1055	537
1056	178
1057	735
1058	544
1059	431
1060	348
1061	453
1062	501
1063	431
1064	117
1065	498
1066	104
1067	520
1068	33
1069	137
1070	680
1071	533
1072	552
1073	25
1074	273
1075	581
1076	51
1077	587
1078	89
1079	540
1080	557
1081	36
1082	605
1083	590
1084	5
1085	408
1086	295
1087	49
1088	254
1089	428
1090	416
1091	322
1092	152
1093	613
1094	147
1095	65
1096	199
1097	290
1098	79
1099	526
1100	725
1101	588
1102	586
1103	162
1104	270
1105	337
1106	456
1107	371
1108	619
1109	428
1110	186
1111	236
1112	59
1113	700
1114	439
1115	596
1116	329
1117	238
1118	387
1119	128
1120	574
1121	494
1122	45
1123	506
1124	47
1125	662
1126	621
1127	709
1128	538
1129	331
1130	735
1131	623
1132	68
1133	433
1134	433
1135	528
1136	744
1137	354
1138	332
1139	541
1140	441
1141	1
1142	332
1143	618
1144	221
1145	728
1146	471
1147	3
1148	719
1149	574
1150	628
1151	26
1152	170
1153	271
1154	643
1155	91
1156	622
1157	615
1158	695
1159	529
1160	480
1161	746
1162	385
1163	371
1164	246
1165	609
1166	357
1167	412
1168	80
1169	101
1170	260
1171	692
1172	238
1173	281
1174	718
1175	255
1176	648
1177	81
1178	224
1179	113
1180	193
1181	133
1182	600
1183	372
1184	284
1185	126
1186	148
1187	438
1188	578
1189	531
1190	663
1191	666
1192	122
1193	675
1194	330
1195	697
1196	406
1197	105
1198	182
1199	278
1200	674
1201	183
1202	155
1203	204
1204	45
1205	226
1206	101
1207	118
1208	152
1209	449
1210	594
1211	702
1212	736
1213	685
1214	483
1215	475
1216	477
1217	543
1218	254
1219	220
1220	411
1221	121
1222	302
1223	163
1224	145
1225	603
1226	138
1227	142
1228	674
1229	213
1230	703
1231	106
1232	544
1233	231
1234	48
1235	279
1236	156
1237	316
1238	591
1239	577
1240	331
1241	455
1242	444
1243	394
1244	649
1245	442
1246	50
1247	416
1248	218
1249	363
1250	70
1251	178
1252	126
1253	469
1254	321
1255	337
1256	17
1257	124
1258	44
1259	458
1260	652
1261	423
1262	701
1263	556
1264	698
1265	705
1266	228
1267	712
1268	231
1269	635
1270	551
1271	302
1272	514
1273	442
1274	61
1275	204
1276	348
1277	387
1278	462
1279	385
1280	347
1281	727
1282	252
1283	482
1284	375
1285	287
1286	515
1287	316
1288	633
1289	61
1290	183
1291	540
1292	460
1293	191
1294	629
1295	255
1296	370
1297	142
1298	615
1299	179
1300	531
1301	462
1302	48
1303	57
1304	705
1305	413
1306	590
1307	244
1308	53
1309	111
1310	312
1311	60
1312	366
1313	286
1314	736
1315	379
1316	728
1317	235
1318	608
1319	58
1320	747
1321	420
1322	19
1323	522
1324	585
1325	459
1326	635
1327	111
1328	186
1329	278
1330	656
1331	259
1332	603
1333	38
1334	140
1335	234
1336	582
1337	459
1338	429
1339	21
1340	400
1341	151
1342	229
1343	564
1344	617
1345	216
1346	737
1347	689
1348	211
1349	288
1350	401
1351	525
1352	429
1353	11
1354	380
1355	614
1356	438
1357	466
1358	78
1359	197
1360	425
1361	556
1362	327
1363	410
1364	190
1365	592
1366	358
1367	112
1368	346
1369	414
1370	112
1371	632
1372	326
1373	449
1374	404
1375	400
1376	584
1377	407
1378	606
1379	680
1380	162
1381	541
1382	613
1383	452
1384	706
1385	147
1386	143
1387	648
1388	641
1389	632
1390	318
1391	686
1392	200
1393	134
1394	116
1395	698
1396	134
1397	195
1398	362
1399	56
1400	366
1401	57
1402	505
1403	327
1404	565
1405	688
1406	572
1407	149
1408	33
1409	81
1410	617
1411	452
1412	192
1413	195
1414	41
1415	189
1416	542
1417	671
1418	65
1419	189
1420	212
1421	534
1422	467
1423	626
1424	639
1425	534
1426	695
1427	463
1428	237
1429	346
1430	508
1431	472
1432	554
1433	86
1434	686
1435	326
1436	196
1437	538
1438	548
1439	198
1440	502
1441	102
1442	287
1443	222
1444	508
1445	511
1446	466
1447	608
1448	259
1449	310
1450	489
1451	211
1452	542
1453	222
1454	129
1455	505
1456	293
1457	212
1458	235
1459	605
1460	591
1461	434
1462	44
1463	80
1464	169
1465	485
1466	201
1467	640
1468	375
1469	342
1470	97
1471	636
1472	602
1473	564
1474	224
1475	410
1476	169
1477	482
1478	135
1479	582
1480	636
1481	587
1482	135
1483	380
1484	485
1485	226
1486	444
1487	700
1488	207
1489	201
1490	250
1491	730
1492	532
1493	311
1494	532
1495	86
1496	706
1497	577
1498	233
1499	233
1500	197
