Class Times	10
Rooms	150
1	964
2	321
3	898
4	507
5	666
6	75
7	281
8	475
9	363
10	80
11	754
12	356
13	940
14	739
15	984
16	658
17	320
18	198
19	682
20	627
21	264
22	886
23	106
24	912
25	420
26	834
27	574
28	960
29	836
30	393
31	464
32	119
33	661
34	287
35	533
36	807
37	787
38	927
39	922
40	899
41	346
42	365
43	429
44	72
45	465
46	400
47	486
48	52
49	561
50	468
51	647
52	393
53	457
54	568
55	44
56	999
57	392
58	175
59	856
60	110
61	498
62	809
63	213
64	768
65	861
66	98
67	172
68	387
69	575
70	811
71	567
72	910
73	275
74	778
75	467
76	608
77	620
78	331
79	579
80	557
81	166
82	577
83	634
84	546
85	988
86	803
87	774
88	35
89	638
90	124
91	952
92	373
93	841
94	298
95	968
96	806
97	207
98	877
99	343
100	314
101	150
102	470
103	833
104	398
105	462
106	377
107	902
108	126
109	789
110	688
111	766
112	747
113	429
114	54
115	40
116	456
117	734
118	48
119	799
120	914
121	88
122	566
123	326
124	663
125	568
126	945
127	249
128	674
129	65
130	216
131	666
132	494
133	263
134	472
135	829
136	934
137	30
138	389
139	346
140	642
141	89
142	726
143	450
144	980
145	439
146	708
147	170
148	190
149	885
150	865
Classes	1500
Teachers	750
1	689
2	448
3	603
4	65
5	458
6	303
7	686
8	700
9	678
10	375
11	366
12	177
13	312
14	506
15	315
16	400
17	494
18	441
19	287
20	336
21	180
22	480
23	83
24	498
25	282
26	650
27	413
28	158
29	702
30	79
31	247
32	185
33	594
34	112
35	712
36	78
37	271
38	541
39	383
40	626
41	733
42	725
43	703
44	534
45	679
46	565
47	61
48	591
49	444
50	374
51	141
52	591
53	485
54	731
55	354
56	499
57	279
58	503
59	705
60	524
61	426
62	16
63	220
64	714
65	244
66	17
67	198
68	191
69	277
70	213
71	85
72	242
73	668
74	292
75	150
76	306
77	121
78	634
79	300
80	361
81	245
82	659
83	81
84	694
85	622
86	560
87	317
88	255
89	559
90	149
91	457
92	54
93	642
94	248
95	643
96	505
97	332
98	660
99	592
100	409
101	175
102	233
103	641
104	487
105	538
106	393
107	124
108	294
109	308
110	509
111	80
112	467
113	658
114	610
115	27
116	287
117	268
118	433
119	211
120	255
121	733
122	495
123	359
124	308
125	366
126	555
127	589
128	241
129	529
130	391
131	145
132	563
133	435
134	176
135	309
136	347
137	686
138	454
139	619
140	522
141	644
142	554
143	702
144	62
145	421
146	328
147	135
148	676
149	75
150	589
151	19
152	385
153	104
154	745
155	717
156	9
157	690
158	745
159	142
160	26
161	225
162	306
163	183
164	420
165	342
166	396
167	493
168	315
169	27
170	72
171	40
172	643
173	205
174	533
175	117
176	465
177	459
178	710
179	414
180	487
181	480
182	736
183	443
184	93
185	399
186	131
187	406
188	422
189	217
190	110
191	402
192	273
193	674
194	224
195	704
196	735
197	307
198	139
199	187
200	102
201	708
202	501
203	491
204	628
205	652
206	537
207	494
208	264
209	676
210	714
211	260
212	710
213	474
214	430
215	294
216	474
217	67
218	740
219	712
220	699
221	667
222	656
223	350
224	117
225	649
226	342
227	575
228	378
229	547
230	276
231	515
232	706
233	8
234	674
235	138
236	621
237	740
238	612
239	114
240	132
241	200
242	521
243	542
244	427
245	503
246	406
247	416
248	750
249	581
250	183
251	81
252	519
253	239
254	727
255	467
256	256
257	735
258	463
259	387
260	283
261	532
262	241
263	594
264	146
265	24
266	321
267	60
268	233
269	693
270	462
271	728
272	452
273	349
274	49
275	370
276	684
277	205
278	661
279	55
280	497
281	379
282	558
283	313
284	717
285	273
286	510
287	538
288	631
289	64
290	583
291	620
292	713
293	536
294	328
295	213
296	525
297	376
298	247
299	514
300	470
301	564
302	516
303	47
304	606
305	83
306	523
307	59
308	421
309	262
310	559
311	379
312	638
313	493
314	15
315	31
316	570
317	208
318	188
319	103
320	155
321	463
322	170
323	638
324	635
325	458
326	441
327	143
328	8
329	624
330	4
331	228
332	490
333	682
334	637
335	246
336	36
337	413
338	574
339	680
340	82
341	709
342	453
343	440
344	489
345	488
346	334
347	357
348	234
349	729
350	567
351	396
352	716
353	442
354	259
355	259
356	411
357	42
358	629
359	524
360	425
361	560
362	295
363	652
364	252
365	691
366	704
367	75
368	553
369	365
370	235
371	381
372	265
373	283
374	359
375	107
376	685
377	257
378	598
379	389
380	415
381	215
382	2
383	486
384	282
385	432
386	124
387	461
388	144
389	519
390	179
391	599
392	57
393	254
394	469
395	429
396	54
397	649
398	330
399	364
400	51
401	537
402	414
403	483
404	402
405	577
406	106
407	450
408	747
409	650
410	580
411	198
412	695
413	749
414	128
415	152
416	455
417	200
418	150
419	142
420	374
421	647
422	675
423	254
424	603
425	59
426	91
427	207
428	641
429	236
430	499
431	349
432	703
433	595
434	194
435	104
436	607
437	566
438	314
439	318
440	122
441	697
442	623
443	657
444	647
445	539
446	265
447	606
448	607
449	262
450	511
451	475
452	363
453	485
454	257
455	307
456	622
457	101
458	431
459	68
460	38
461	82
462	230
463	572
464	131
465	236
466	350
467	319
468	535
469	100
470	228
471	100
472	530
473	748
474	389
475	730
476	545
477	178
478	195
479	184
480	575
481	38
482	711
483	610
484	616
485	393
486	545
487	216
488	161
489	386
490	323
491	581
492	394
493	218
494	715
495	230
496	496
497	392
498	11
499	373
500	440
501	471
502	460
503	76
504	36
505	604
506	340
507	325
508	747
509	391
510	573
511	408
512	56
513	434
514	456
515	33
516	483
517	118
518	288
519	316
520	127
521	681
522	5
523	750
524	354
525	381
526	510
527	578
528	551
529	399
530	371
531	459
532	62
533	22
534	356
535	252
536	134
537	224
538	597
539	89
540	185
541	629
542	67
543	158
544	660
545	654
546	462
547	330
548	469
549	23
550	410
551	208
552	125
553	160
554	195
555	616
556	728
557	604
558	444
559	640
560	566
561	120
562	43
563	119
564	627
565	237
566	695
567	418
568	276
569	129
570	432
571	152
572	687
573	684
574	90
575	613
576	609
577	95
578	512
579	394
580	151
581	140
582	715
583	522
584	531
585	646
586	202
587	548
588	57
589	256
590	661
591	99
592	17
593	147
594	507
595	495
596	478
597	420
598	258
599	596
600	541
601	45
602	450
603	271
604	691
605	682
606	496
607	482
608	88
609	371
610	558
611	326
612	95
613	103
614	298
615	45
616	613
617	192
618	72
619	734
620	132
621	592
622	368
623	97
624	68
625	274
626	345
627	60
628	479
629	721
630	169
631	113
632	376
633	211
634	130
635	713
636	246
637	479
638	347
639	452
640	135
641	521
642	500
643	476
644	553
645	13
646	648
647	670
648	192
649	425
650	58
651	411
652	275
653	685
654	475
655	409
656	175
657	221
658	490
659	240
660	77
661	146
662	528
663	730
664	608
665	22
666	202
667	332
668	609
669	56
670	403
671	97
672	585
673	133
674	313
675	602
676	428
677	127
678	572
679	212
680	645
681	580
682	583
683	129
684	312
685	154
686	40
687	390
688	194
689	277
690	525
691	574
692	18
693	619
694	562
695	66
696	642
697	167
698	550
699	316
700	632
701	317
702	708
703	531
704	209
705	502
706	269
707	280
708	14
709	398
710	9
711	74
712	115
713	626
714	734
715	335
716	293
717	223
718	323
719	417
720	215
721	380
722	659
723	527
724	546
725	137
726	216
727	281
728	540
729	535
730	137
731	170
732	237
733	671
734	331
735	457
736	286
737	218
738	618
739	55
740	513
741	145
742	370
743	292
744	133
745	285
746	98
747	596
748	109
749	367
750	173
751	329
752	731
753	677
754	291
755	528
756	743
757	426
758	6
759	582
760	180
761	63
762	108
763	93
764	639
765	302
766	549
767	161
768	309
769	445
770	69
771	631
772	141
773	174
774	109
775	121
776	588
777	618
778	447
779	615
780	84
781	179
782	116
783	602
784	696
785	543
786	299
787	571
788	321
789	400
790	590
791	285
792	110
793	249
794	338
795	84
796	520
797	501
798	226
799	368
800	232
801	700
802	10
803	53
804	160
805	455
806	429
807	340
808	115
809	615
810	542
811	231
812	199
813	112
814	253
815	291
816	114
817	189
818	23
819	438
820	168
821	7
822	319
823	664
824	260
825	178
826	470
827	415
828	587
829	540
830	270
831	431
832	586
833	645
834	61
835	229
836	189
837	433
838	741
839	451
840	70
841	585
842	166
843	149
844	39
845	551
846	646
847	667
848	570
849	634
850	126
851	383
852	599
853	186
854	482
855	397
856	159
857	516
858	92
859	671
860	355
861	130
862	705
863	737
864	289
865	401
866	10
867	699
868	249
869	171
870	80
871	188
872	176
873	123
874	39
875	120
876	543
877	87
878	187
879	497
880	280
881	587
882	590
883	31
884	568
885	251
886	37
887	595
888	345
889	512
890	284
891	79
892	477
893	489
894	468
895	436
896	601
897	544
898	601
899	554
900	363
901	672
902	122
903	26
904	144
905	576
906	258
907	388
908	453
909	116
910	461
911	222
912	736
913	281
914	384
915	687
916	408
917	240
918	105
919	212
920	337
921	741
922	738
923	69
924	365
925	586
926	658
927	64
928	548
929	621
930	63
931	564
932	644
933	428
934	134
935	15
936	286
937	688
938	14
939	91
940	111
941	42
942	576
943	101
944	108
945	201
946	508
947	427
948	253
949	486
950	392
951	423
952	298
953	716
954	341
955	197
956	30
957	520
958	193
959	184
960	41
961	377
962	447
963	111
964	749
965	508
966	655
967	600
968	669
969	311
970	611
971	721
972	288
973	13
974	367
975	12
976	679
977	673
978	386
979	430
980	666
981	692
982	552
983	418
984	476
985	267
986	229
987	223
988	534
989	665
990	623
991	96
992	488
993	628
994	301
995	598
996	207
997	547
998	206
999	625
1000	154
1001	648
1002	264
1003	53
1004	98
1005	608
1006	171
1007	318
1008	492
1009	464
1010	303
1011	239
1012	419
1013	395
1014	435
1015	448
1016	387
1017	30
1018	196
1019	565
1020	743
1021	44
1022	385
1023	302
1024	34
1025	627
1026	732
1027	550
1028	636
1029	293
1030	201
1031	506
1032	419
1033	166
1034	209
1035	204
1036	471
1037	422
1038	284
1039	518
1040	278
1041	41
1042	232
1043	177
1044	301
1045	341
1046	71
1047	670
1048	552
1049	299
1050	460
1051	52
1052	147
1053	701
1054	513
1055	210
1056	617
1057	677
1058	105
1059	500
1060	278
1061	320
1062	351
1063	617
1064	692
1065	434
1066	491
1067	226
1068	355
1069	242
1070	1
1071	630
1072	123
1073	50
1074	563
1075	681
1076	34
1077	416
1078	397
1079	724
1080	706
1081	655
1082	65
1083	335
1084	478
1085	536
1086	326
1087	289
1088	404
1089	517
1090	339
1091	423
1092	640
1093	377
1094	468
1095	29
1096	263
1097	186
1098	630
1099	21
1100	329
1101	263
1102	245
1103	46
1104	504
1105	162
1106	269
1107	484
1108	11
1109	106
1110	464
1111	7
1112	234
1113	417
1114	203
1115	498
1116	270
1117	148
1118	94
1119	279
1120	748
1121	35
1122	672
1123	449
1124	511
1125	169
1126	87
1127	675
1128	204
1129	331
1130	96
1131	727
1132	20
1133	438
1134	403
1135	343
1136	193
1137	561
1138	380
1139	436
1140	689
1141	348
1142	593
1143	290
1144	582
1145	352
1146	320
1147	343
1148	250
1149	358
1150	139
1151	231
1152	52
1153	71
1154	546
1155	651
1156	742
1157	94
1158	28
1159	238
1160	696
1161	505
1162	372
1163	353
1164	155
1165	477
1166	369
1167	25
1168	600
1169	311
1170	668
1171	113
1172	73
1173	2
1174	611
1175	515
1176	327
1177	337
1178	732
1179	593
1180	324
1181	203
1182	12
1183	346
1184	588
1185	373
1186	466
1187	530
1188	412
1189	526
1190	47
1191	738
1192	605
1193	190
1194	77
1195	529
1196	102
1197	360
1198	555
1199	568
1200	51
1201	395
1202	737
1203	401
1204	360
1205	66
1206	742
1207	532
1208	639
1209	118
1210	119
1211	197
1212	352
1213	502
1214	6
1215	527
1216	143
1217	539
1218	338
1219	314
1220	225
1221	723
1222	466
1223	21
1224	325
1225	720
1226	382
1227	443
1228	43
1229	174
1230	107
1231	509
1232	364
1233	261
1234	99
1235	446
1236	412
1237	358
1238	584
1239	250
1240	688
1241	290
1242	673
1243	222
1244	173
1245	518
1246	151
1247	449
1248	451
1249	517
1250	382
1251	579
1252	267
1253	573
1254	136
1255	722
1256	327
1257	92
1258	322
1259	729
1260	157
1261	20
1262	159
1263	398
1264	567
1265	439
1266	484
1267	701
1268	723
1269	454
1270	172
1271	295
1272	720
1273	32
1274	504
1275	128
1276	85
1277	5
1278	722
1279	19
1280	372
1281	579
1282	725
1283	724
1284	544
1285	669
1286	324
1287	140
1288	76
1289	86
1290	719
1291	445
1292	664
1293	472
1294	261
1295	334
1296	58
1297	711
1298	571
1299	384
1300	70
1301	614
1302	369
1303	24
1304	556
1305	357
1306	624
1307	523
1308	656
1309	405
1310	680
1311	138
1312	296
1313	636
1314	456
1315	353
1316	172
1317	605
1318	86
1319	296
1320	48
1321	507
1322	346
1323	344
1324	44
1325	206
1326	709
1327	678
1328	251
1329	726
1330	562
1331	46
1332	718
1333	707
1334	243
1335	16
1336	268
1337	310
1338	404
1339	199
1340	266
1341	310
1342	181
1343	746
1344	533
1345	181
1346	344
1347	168
1348	220
1349	726
1350	625
1351	163
1352	90
1353	73
1354	136
1355	719
1356	153
1357	744
1358	191
1359	33
1360	300
1361	182
1362	336
1363	217
1364	339
1365	333
1366	274
1367	683
1368	666
1369	410
1370	28
1371	165
1372	746
1373	238
1374	407
1375	473
1376	514
1377	375
1378	165
1379	424
1380	693
1381	18
1382	244
1383	227
1384	210
1385	739
1386	662
1387	446
1388	29
1389	190
1390	348
1391	164
1392	196
1393	388
1394	663
1395	439
1396	182
1397	614
1398	214
1399	164
1400	378
1401	665
1402	663
1403	662
1404	162
1405	492
1406	322
1407	219
1408	1
1409	49
1410	243
1411	744
1412	361
1413	362
1414	407
1415	473
1416	167
1417	78
1418	50
1419	153
1420	707
1421	25
1422	304
1423	163
1424	694
1425	620
1426	362
1427	156
1428	718
1429	612
1430	304
1431	275
1432	597
1433	424
1434	653
1435	32
1436	637
1437	272
1438	272
1439	577
1440	148
1441	635
1442	248
1443	739
1444	390
1445	333
1446	351
1447	3
1448	653
1449	442
1450	88
1451	651
1452	74
1453	569
1454	156
1455	126
1456	35
1457	214
1458	356
1459	526
1460	227
1461	89
1462	569
1463	657
1464	557
1465	465
1466	698
1467	556
1468	683
1469	472
1470	305
1471	654
1472	125
1473	437
1474	698
1475	632
1476	297
1477	266
1478	690
1479	4
1480	578
1481	297
1482	157
1483	481
1484	305
1485	561
1486	3
1487	221
1488	584
1489	37
1490	557
1491	437
1492	219
1493	633
1494	697
1495	235
1496	48
1497	633
1498	549
1499	405
1500	481
