Class Times	10
Rooms	150
1	149
2	375
3	490
4	401
5	643
6	722
7	738
8	354
9	830
10	133
11	681
12	588
13	65
14	714
15	585
16	398
17	750
18	137
19	754
20	366
21	725
22	227
23	125
24	616
25	143
26	820
27	190
28	174
29	945
30	251
31	773
32	672
33	939
34	925
35	391
36	62
37	566
38	811
39	393
40	309
41	830
42	669
43	574
44	533
45	287
46	512
47	550
48	271
49	558
50	305
51	559
52	822
53	429
54	84
55	248
56	231
57	747
58	995
59	327
60	508
61	323
62	755
63	400
64	707
65	259
66	746
67	743
68	146
69	653
70	412
71	512
72	948
73	577
74	990
75	225
76	838
77	161
78	430
79	784
80	494
81	715
82	57
83	949
84	419
85	829
86	250
87	230
88	143
89	107
90	850
91	154
92	117
93	804
94	906
95	541
96	13
97	797
98	530
99	810
100	698
101	605
102	479
103	141
104	236
105	330
106	387
107	613
108	172
109	243
110	262
111	183
112	974
113	835
114	314
115	29
116	70
117	103
118	725
119	429
120	423
121	287
122	346
123	51
124	992
125	996
126	786
127	550
128	461
129	475
130	97
131	863
132	786
133	198
134	490
135	703
136	969
137	578
138	12
139	247
140	258
141	273
142	570
143	451
144	622
145	743
146	10
147	713
148	582
149	170
150	352
Classes	1500
Teachers	750
1	343
2	253
3	730
4	612
5	391
6	655
7	367
8	167
9	69
10	618
11	223
12	391
13	580
14	370
15	283
16	558
17	446
18	488
19	429
20	75
21	303
22	341
23	688
24	446
25	459
26	567
27	732
28	425
29	375
30	203
31	63
32	8
33	544
34	366
35	269
36	109
37	693
38	265
39	513
40	112
41	696
42	454
43	87
44	154
45	290
46	181
47	374
48	490
49	225
50	26
51	162
52	146
53	683
54	529
55	212
56	146
57	517
58	421
59	238
60	460
61	80
62	45
63	522
64	79
65	616
66	24
67	495
68	85
69	588
70	582
71	418
72	209
73	111
74	88
75	417
76	168
77	152
78	649
79	30
80	315
81	500
82	98
83	655
84	595
85	555
86	278
87	420
88	271
89	93
90	706
91	624
92	150
93	577
94	495
95	95
96	468
97	215
98	396
99	624
100	416
101	282
102	162
103	674
104	445
105	326
106	235
107	586
108	486
109	645
110	747
111	375
112	531
113	598
114	15
115	428
116	71
117	79
118	390
119	331
120	616
121	355
122	294
123	697
124	189
125	416
126	205
127	466
128	357
129	181
130	642
131	670
132	571
133	704
134	113
135	359
136	115
137	588
138	605
139	371
140	149
141	683
142	158
143	613
144	543
145	27
146	9
147	63
148	148
149	342
150	85
151	536
152	136
153	612
154	246
155	709
156	450
157	176
158	245
159	359
160	278
161	567
162	302
163	469
164	52
165	215
166	524
167	541
168	173
169	472
170	536
171	591
172	305
173	356
174	671
175	188
176	437
177	498
178	326
179	240
180	670
181	441
182	425
183	112
184	305
185	288
186	562
187	114
188	149
189	564
190	550
191	414
192	583
193	327
194	437
195	37
196	603
197	26
198	140
199	527
200	42
201	156
202	627
203	332
204	589
205	279
206	530
207	90
208	156
209	108
210	196
211	389
212	398
213	271
214	74
215	242
216	48
217	644
218	513
219	700
220	213
221	461
222	448
223	609
224	438
225	78
226	642
227	123
228	634
229	679
230	738
231	46
232	324
233	80
234	409
235	466
236	356
237	469
238	444
239	324
240	453
241	308
242	191
243	559
244	411
245	30
246	599
247	104
248	433
249	583
250	403
251	231
252	59
253	429
254	55
255	610
256	300
257	329
258	414
259	78
260	654
261	455
262	649
263	546
264	268
265	180
266	272
267	329
268	286
269	579
270	661
271	427
272	300
273	328
274	575
275	533
276	600
277	137
278	424
279	501
280	598
281	555
282	90
283	188
284	11
285	232
286	688
287	339
288	692
289	302
290	166
291	339
292	268
293	570
294	191
295	566
296	525
297	88
298	151
299	465
300	301
301	684
302	41
303	57
304	559
305	714
306	738
307	12
308	333
309	231
310	325
311	625
312	136
313	58
314	89
315	467
316	531
317	366
318	648
319	22
320	491
321	55
322	620
323	288
324	541
325	675
326	248
327	496
328	689
329	695
330	228
331	95
332	556
333	534
334	131
335	267
336	548
337	632
338	252
339	477
340	430
341	250
342	330
343	154
344	376
345	15
346	561
347	627
348	289
349	219
350	493
351	396
352	280
353	537
354	342
355	539
356	201
357	307
358	463
359	290
360	546
361	459
362	684
363	140
364	458
365	723
366	334
367	703
368	741
369	367
370	170
371	269
372	72
373	68
374	216
375	646
376	403
377	29
378	410
379	304
380	259
381	186
382	535
383	711
384	73
385	709
386	676
387	613
388	8
389	207
390	3
391	349
392	320
393	470
394	5
395	66
396	716
397	299
398	49
399	39
400	54
401	54
402	211
403	207
404	444
405	110
406	572
407	693
408	360
409	179
410	39
411	14
412	550
413	493
414	152
415	488
416	509
417	253
418	731
419	656
420	222
421	734
422	17
423	52
424	352
425	190
426	166
427	194
428	235
429	387
430	184
431	291
432	260
433	545
434	225
435	580
436	532
437	274
438	386
439	445
440	486
441	527
442	203
443	579
444	451
445	280
446	83
447	564
448	430
449	213
450	456
451	163
452	407
453	96
454	338
455	147
456	629
457	19
458	519
459	611
460	40
461	700
462	411
463	735
464	311
465	607
466	365
467	607
468	245
469	355
470	119
471	109
472	682
473	298
474	317
475	12
476	438
477	724
478	725
479	368
480	254
481	185
482	409
483	58
484	575
485	516
486	239
487	338
488	711
489	733
490	671
491	392
492	716
493	313
494	461
495	229
496	695
497	108
498	523
499	560
500	427
501	383
502	378
503	463
504	206
505	417
506	532
507	439
508	721
509	330
510	398
511	388
512	562
513	379
514	228
515	584
516	686
517	554
518	641
519	301
520	133
521	358
522	174
523	221
524	126
525	173
526	72
527	401
528	157
529	717
530	650
531	84
532	718
533	307
534	77
535	413
536	157
537	161
538	6
539	238
540	49
541	676
542	276
543	748
544	127
545	256
546	528
547	569
548	62
549	147
550	189
551	487
552	223
553	23
554	611
555	29
556	289
557	371
558	170
559	412
560	692
561	350
562	472
563	249
564	102
565	389
566	97
567	454
568	690
569	353
570	453
571	745
572	644
573	84
574	622
575	615
576	316
577	560
578	256
579	386
580	474
581	41
582	218
583	283
584	233
585	77
586	100
587	138
588	730
589	164
590	44
591	81
592	750
593	209
594	16
595	685
596	499
597	518
598	511
599	599
600	638
601	266
602	262
603	316
604	123
605	418
606	736
607	277
608	50
609	219
610	350
611	363
612	163
613	534
614	708
615	153
616	160
617	478
618	600
619	3
620	702
621	178
622	558
623	729
624	285
625	131
626	741
627	660
628	5
629	179
630	610
631	538
632	750
633	141
634	648
635	591
636	625
637	381
638	107
639	319
640	97
641	400
642	20
643	141
644	569
645	267
646	483
647	364
648	419
649	435
650	364
651	134
652	653
653	337
654	93
655	220
656	595
657	134
658	211
659	592
660	638
661	737
662	471
663	501
664	33
665	272
666	284
667	115
668	494
669	508
670	33
671	363
672	365
673	249
674	581
675	419
676	735
677	474
678	673
679	506
680	432
681	475
682	605
683	317
684	320
685	130
686	526
687	656
688	220
689	470
690	388
691	480
692	182
693	138
694	36
695	585
696	94
697	343
698	331
699	281
700	357
701	602
702	103
703	544
704	420
705	383
706	393
707	615
708	91
709	581
710	13
711	16
712	402
713	120
714	452
715	533
716	354
717	260
718	257
719	749
720	748
721	322
722	374
723	321
724	199
725	59
726	99
727	606
728	304
729	122
730	540
731	327
732	286
733	672
734	455
735	577
736	623
737	404
738	116
739	323
740	530
741	602
742	690
743	710
744	512
745	14
746	195
747	492
748	104
749	480
750	257
751	76
752	381
753	703
754	293
755	292
756	252
757	669
758	135
759	105
760	125
761	561
762	111
763	491
764	153
765	451
766	159
767	334
768	731
769	119
770	270
771	69
772	467
773	517
774	226
775	407
776	337
777	218
778	619
779	31
780	510
781	723
782	397
783	608
784	13
785	637
786	507
787	168
788	702
789	48
790	516
791	749
792	10
793	665
794	510
795	548
796	442
797	465
798	86
799	651
800	499
801	341
802	155
803	336
804	83
805	194
806	348
807	328
808	284
809	402
810	122
811	540
812	22
813	589
814	161
815	128
816	172
817	629
818	221
819	509
820	308
821	175
822	704
823	17
824	628
825	319
826	573
827	47
828	323
829	186
830	682
831	739
832	379
833	436
834	570
835	458
836	21
837	64
838	25
839	248
840	737
841	482
842	378
843	130
844	70
845	349
846	673
847	233
848	643
849	621
850	38
851	601
852	71
853	185
854	28
855	251
856	229
857	164
858	224
859	590
860	62
861	132
862	61
863	243
864	169
865	370
866	336
867	50
868	502
869	275
870	421
871	431
872	736
873	485
874	270
875	634
876	390
877	724
878	699
879	251
880	699
881	87
882	477
883	743
884	514
885	246
886	107
887	116
888	439
889	705
890	687
891	312
892	198
893	64
894	576
895	576
896	394
897	144
898	436
899	623
900	32
901	565
902	587
903	368
904	139
905	105
906	565
907	25
908	518
909	204
910	4
911	678
912	508
913	586
914	171
915	494
916	672
917	428
918	273
919	435
920	740
921	266
922	322
923	668
924	660
925	511
926	392
927	151
928	521
929	56
930	306
931	176
932	40
933	433
934	214
935	143
936	457
937	617
938	294
939	653
940	478
941	563
942	698
943	135
944	628
945	76
946	178
947	503
948	361
949	314
950	345
951	192
952	114
953	144
954	450
955	137
956	521
957	199
958	666
959	399
960	291
961	94
962	180
963	410
964	372
965	471
966	340
967	210
968	528
969	145
970	347
971	234
972	23
973	405
974	663
975	448
976	100
977	275
978	729
979	746
980	361
981	646
982	212
983	489
984	175
985	476
986	712
987	449
988	529
989	563
990	645
991	182
992	132
993	68
994	547
995	742
996	222
997	405
998	744
999	43
1000	121
1001	543
1002	263
1003	452
1004	103
1005	746
1006	202
1007	406
1008	549
1009	74
1010	198
1011	614
1012	314
1013	18
1014	193
1015	200
1016	524
1017	60
1018	535
1019	677
1020	434
1021	360
1022	512
1023	404
1024	687
1025	217
1026	205
1027	475
1028	385
1029	2
1030	718
1031	549
1032	27
1033	310
1034	632
1035	728
1036	489
1037	61
1038	554
1039	177
1040	117
1041	91
1042	661
1043	557
1044	226
1045	309
1046	594
1047	92
1048	261
1049	626
1050	635
1051	394
1052	192
1053	297
1054	681
1055	732
1056	158
1057	694
1058	279
1059	720
1060	243
1061	507
1062	321
1063	484
1064	195
1065	57
1066	441
1067	397
1068	351
1069	239
1070	155
1071	127
1072	353
1073	423
1074	733
1075	654
1076	537
1077	347
1078	572
1079	584
1080	596
1081	556
1082	462
1083	254
1084	697
1085	675
1086	412
1087	311
1088	293
1089	335
1090	457
1091	110
1092	35
1093	637
1094	265
1095	506
1096	351
1097	372
1098	66
1099	145
1100	282
1101	128
1102	240
1103	224
1104	473
1105	408
1106	734
1107	483
1108	476
1109	344
1110	393
1111	259
1112	32
1113	303
1114	523
1115	82
1116	28
1117	56
1118	713
1119	230
1120	384
1121	422
1122	6
1123	142
1124	484
1125	20
1126	273
1127	740
1128	481
1129	500
1130	96
1131	236
1132	44
1133	387
1134	680
1135	234
1136	440
1137	492
1138	332
1139	712
1140	601
1141	67
1142	680
1143	424
1144	706
1145	125
1146	473
1147	539
1148	620
1149	117
1150	285
1151	571
1152	126
1153	643
1154	522
1155	742
1156	592
1157	434
1158	664
1159	520
1160	498
1161	118
1162	45
1163	287
1164	617
1165	299
1166	422
1167	593
1168	633
1169	715
1170	150
1171	177
1172	2
1173	193
1174	719
1175	298
1176	255
1177	618
1178	31
1179	552
1180	664
1181	596
1182	705
1183	689
1184	713
1185	287
1186	662
1187	53
1188	340
1189	666
1190	37
1191	640
1192	557
1193	698
1194	606
1195	124
1196	745
1197	400
1198	255
1199	274
1200	292
1201	169
1202	590
1203	727
1204	82
1205	277
1206	73
1207	633
1208	99
1209	129
1210	449
1211	566
1212	460
1213	707
1214	247
1215	681
1216	9
1217	264
1218	129
1219	622
1220	502
1221	167
1222	139
1223	542
1224	545
1225	1
1226	98
1227	691
1228	721
1229	667
1230	526
1231	43
1232	726
1233	118
1234	663
1235	354
1236	720
1237	651
1238	159
1239	121
1240	89
1241	609
1242	36
1243	21
1244	24
1245	708
1246	551
1247	385
1248	210
1249	481
1250	497
1251	631
1252	42
1253	582
1254	262
1255	241
1256	490
1257	232
1258	519
1259	462
1260	431
1261	306
1262	86
1263	171
1264	520
1265	174
1266	503
1267	148
1268	685
1269	640
1270	377
1271	202
1272	81
1273	309
1274	710
1275	662
1276	722
1277	184
1278	587
1279	650
1280	200
1281	230
1282	53
1283	204
1284	415
1285	312
1286	551
1287	281
1288	547
1289	344
1290	636
1291	497
1292	206
1293	686
1294	296
1295	247
1296	295
1297	668
1298	35
1299	456
1300	568
1301	578
1302	333
1303	187
1304	423
1305	715
1306	106
1307	106
1308	432
1309	553
1310	725
1311	60
1312	694
1313	124
1314	442
1315	216
1316	659
1317	352
1318	568
1319	630
1320	504
1321	630
1322	172
1323	626
1324	652
1325	726
1326	183
1327	619
1328	92
1329	373
1330	348
1331	635
1332	659
1333	101
1334	362
1335	373
1336	585
1337	142
1338	669
1339	677
1340	727
1341	227
1342	160
1343	276
1344	604
1345	504
1346	658
1347	714
1348	679
1349	261
1350	487
1351	1
1352	542
1353	102
1354	346
1355	165
1356	399
1357	658
1358	696
1359	133
1360	65
1361	406
1362	384
1363	701
1364	38
1365	739
1366	11
1367	51
1368	614
1369	187
1370	263
1371	369
1372	691
1373	552
1374	227
1375	479
1376	593
1377	165
1378	250
1379	236
1380	636
1381	19
1382	678
1383	362
1384	346
1385	190
1386	315
1387	143
1388	604
1389	401
1390	345
1391	415
1392	67
1393	426
1394	217
1395	594
1396	639
1397	719
1398	717
1399	237
1400	525
1401	120
1402	479
1403	113
1404	18
1405	440
1406	70
1407	464
1408	258
1409	608
1410	4
1411	701
1412	241
1413	201
1414	514
1415	382
1416	46
1417	214
1418	667
1419	75
1420	505
1421	744
1422	7
1423	578
1424	358
1425	264
1426	377
1427	468
1428	747
1429	426
1430	652
1431	707
1432	674
1433	639
1434	515
1435	244
1436	369
1437	413
1438	722
1439	313
1440	447
1441	665
1442	51
1443	258
1444	647
1445	7
1446	237
1447	376
1448	574
1449	382
1450	244
1451	447
1452	296
1453	197
1454	325
1455	728
1456	574
1457	597
1458	380
1459	641
1460	482
1461	197
1462	603
1463	208
1464	515
1465	538
1466	496
1467	295
1468	318
1469	242
1470	335
1471	208
1472	505
1473	65
1474	196
1475	621
1476	183
1477	380
1478	573
1479	443
1480	657
1481	631
1482	443
1483	395
1484	597
1485	34
1486	318
1487	47
1488	485
1489	553
1490	297
1491	101
1492	657
1493	310
1494	464
1495	408
1496	395
1497	34
1498	647
1499	10
1500	743
