Class Times	8
Rooms	20
1	423
2	722
3	975
4	554
5	76
6	317
7	410
8	777
9	968
10	787
11	913
12	220
13	144
14	825
15	959
16	865
17	405
18	136
19	63
20	30
Classes	60
Teachers	30
1	7
2	7
3	18
4	30
5	2
6	25
7	1
8	30
9	11
10	9
11	4
12	18
13	13
14	1
15	8
16	25
17	8
18	20
19	2
20	26
21	22
22	27
23	19
24	26
25	22
26	24
27	6
28	14
29	13
30	10
31	14
32	23
33	27
34	12
35	28
36	17
37	29
38	5
39	24
40	15
41	28
42	17
43	4
44	12
45	11
46	9
47	21
48	15
49	6
50	21
51	3
52	19
53	16
54	20
55	29
56	3
57	5
58	23
59	10
60	16
