Class Times	8
Rooms	20
1	787
2	591
3	109
4	442
5	990
6	328
7	882
8	826
9	928
10	213
11	350
12	899
13	959
14	982
15	616
16	160
17	890
18	194
19	332
20	607
Classes	60
Teachers	30
1	16
2	6
3	27
4	14
5	17
6	17
7	8
8	11
9	27
10	2
11	6
12	21
13	13
14	19
15	18
16	5
17	10
18	24
19	5
20	13
21	21
22	7
23	8
24	9
25	29
26	7
27	15
28	23
29	28
30	22
31	24
32	29
33	2
34	12
35	10
36	18
37	16
38	23
39	22
40	11
41	26
42	19
43	1
44	15
45	25
46	28
47	3
48	3
49	30
50	20
51	14
52	4
53	9
54	25
55	12
56	4
57	20
58	1
59	26
60	30
