Class Times	8
Rooms	20
1	423
2	551
3	592
4	470
5	748
6	59
7	736
8	740
9	846
10	407
11	435
12	684
13	187
14	833
15	995
16	674
17	786
18	201
19	596
20	591
Classes	60
Teachers	30
1	11
2	28
3	8
4	19
5	5
6	25
7	30
8	7
9	28
10	27
11	22
12	16
13	16
14	25
15	2
16	2
17	8
18	17
19	1
20	7
21	24
22	30
23	9
24	24
25	27
26	14
27	23
28	23
29	4
30	11
31	4
32	17
33	21
34	22
35	13
36	18
37	19
38	15
39	20
40	6
41	14
42	20
43	9
44	13
45	18
46	10
47	10
48	26
49	1
50	29
51	3
52	12
53	21
54	3
55	15
56	6
57	12
58	29
59	5
60	26
