Class Times	8
Rooms	20
1	662
2	342
3	185
4	555
5	72
6	756
7	854
8	493
9	889
10	160
11	665
12	348
13	694
14	842
15	617
16	231
17	999
18	225
19	379
20	338
Classes	60
Teachers	30
1	1
2	10
3	26
4	13
5	18
6	12
7	25
8	16
9	30
10	6
11	12
12	23
13	1
14	22
15	21
16	22
17	30
18	9
19	6
20	27
21	7
22	26
23	3
24	13
25	27
26	15
27	28
28	21
29	14
30	8
31	10
32	16
33	14
34	25
35	7
36	15
37	19
38	2
39	24
40	9
41	19
42	29
43	17
44	4
45	11
46	2
47	4
48	20
49	20
50	23
51	18
52	24
53	3
54	11
55	29
56	28
57	5
58	8
59	5
60	17
