Class Times	8
Rooms	20
1	376
2	821
3	372
4	413
5	677
6	903
7	197
8	524
9	238
10	29
11	978
12	840
13	807
14	247
15	487
16	790
17	609
18	333
19	664
20	253
Classes	60
Teachers	30
1	19
2	7
3	29
4	8
5	10
6	21
7	30
8	23
9	13
10	13
11	2
12	15
13	9
14	27
15	19
16	1
17	11
18	7
19	8
20	6
21	4
22	2
23	30
24	26
25	18
26	26
27	21
28	20
29	16
30	11
31	24
32	25
33	14
34	4
35	5
36	22
37	12
38	10
39	20
40	3
41	9
42	18
43	14
44	22
45	27
46	6
47	28
48	25
49	23
50	3
51	16
52	15
53	29
54	5
55	17
56	1
57	24
58	12
59	17
60	28
