Class Times	10
Rooms	150
1	438
2	366
3	834
4	86
5	522
6	25
7	533
8	566
9	776
10	348
11	925
12	944
13	715
14	87
15	949
16	792
17	644
18	603
19	149
20	147
21	952
22	83
23	780
24	372
25	510
26	128
27	975
28	216
29	245
30	813
31	371
32	429
33	273
34	708
35	522
36	876
37	35
38	788
39	469
40	517
41	916
42	704
43	231
44	664
45	719
46	759
47	958
48	802
49	558
50	91
51	633
52	932
53	560
54	361
55	951
56	273
57	847
58	851
59	816
60	316
61	187
62	482
63	683
64	913
65	29
66	482
67	45
68	100
69	142
70	435
71	578
72	919
73	944
74	81
75	278
76	598
77	705
78	869
79	789
80	491
81	654
82	329
83	402
84	99
85	308
86	352
87	703
88	123
89	905
90	783
91	306
92	313
93	487
94	909
95	237
96	904
97	81
98	970
99	578
100	325
101	367
102	539
103	241
104	556
105	599
106	893
107	307
108	23
109	871
110	398
111	973
112	651
113	832
114	975
115	90
116	218
117	798
118	799
119	357
120	937
121	868
122	164
123	686
124	946
125	997
126	510
127	644
128	309
129	248
130	850
131	593
132	420
133	559
134	456
135	474
136	326
137	104
138	739
139	306
140	522
141	839
142	343
143	143
144	334
145	464
146	932
147	444
148	41
149	678
150	546
Classes	1400
Teachers	700
1	511
2	142
3	540
4	600
5	419
6	653
7	580
8	465
9	75
10	99
11	500
12	209
13	269
14	362
15	698
16	428
17	352
18	23
19	467
20	355
21	215
22	403
23	292
24	439
25	311
26	175
27	608
28	598
29	700
30	22
31	658
32	512
33	490
34	675
35	282
36	375
37	527
38	76
39	95
40	90
41	110
42	302
43	522
44	31
45	339
46	240
47	417
48	556
49	632
50	22
51	309
52	444
53	89
54	337
55	58
56	40
57	219
58	163
59	615
60	572
61	555
62	391
63	436
64	179
65	399
66	61
67	586
68	6
69	209
70	636
71	475
72	638
73	184
74	443
75	537
76	227
77	197
78	464
79	584
80	603
81	110
82	183
83	548
84	689
85	148
86	469
87	568
88	589
89	54
90	593
91	424
92	428
93	698
94	208
95	603
96	590
97	58
98	93
99	277
100	267
101	221
102	134
103	426
104	228
105	423
106	319
107	269
108	505
109	531
110	534
111	191
112	48
113	398
114	617
115	391
116	409
117	489
118	529
119	40
120	340
121	294
122	508
123	80
124	231
125	333
126	637
127	320
128	596
129	28
130	464
131	365
132	251
133	437
134	189
135	382
136	646
137	234
138	56
139	496
140	463
141	280
142	113
143	309
144	493
145	636
146	42
147	504
148	85
149	8
150	182
151	62
152	332
153	47
154	448
155	275
156	542
157	417
158	310
159	81
160	521
161	105
162	412
163	42
164	139
165	116
166	212
167	45
168	360
169	4
170	661
171	1
172	614
173	331
174	233
175	351
176	41
177	219
178	29
179	275
180	485
181	665
182	530
183	388
184	325
185	210
186	350
187	574
188	452
189	496
190	641
191	180
192	235
193	232
194	690
195	665
196	386
197	587
198	648
199	446
200	283
201	567
202	75
203	619
204	516
205	76
206	51
207	637
208	167
209	546
210	663
211	554
212	457
213	380
214	688
215	169
216	645
217	449
218	80
219	625
220	688
221	159
222	151
223	374
224	228
225	315
226	379
227	4
228	104
229	214
230	415
231	201
232	41
233	102
234	646
235	577
236	473
237	588
238	359
239	258
240	381
241	659
242	270
243	675
244	649
245	531
246	432
247	231
248	116
249	485
250	322
251	182
252	261
253	450
254	214
255	14
256	1
257	356
258	103
259	105
260	321
261	168
262	573
263	644
264	292
265	566
266	491
267	23
268	530
269	533
270	643
271	634
272	3
273	245
274	638
275	559
276	489
277	676
278	557
279	432
280	346
281	693
282	282
283	381
284	163
285	47
286	397
287	660
288	114
289	301
290	271
291	550
292	519
293	203
294	364
295	580
296	415
297	358
298	469
299	379
300	13
301	336
302	27
303	296
304	659
305	616
306	587
307	103
308	164
309	462
310	490
311	50
312	521
313	511
314	545
315	677
316	351
317	272
318	156
319	608
320	690
321	547
322	28
323	195
324	113
325	406
326	159
327	431
328	495
329	527
330	271
331	138
332	327
333	130
334	378
335	320
336	132
337	444
338	510
339	362
340	595
341	631
342	388
343	439
344	437
345	430
346	266
347	129
348	133
349	515
350	230
351	313
352	504
353	246
354	343
355	547
356	635
357	279
358	164
359	622
360	559
361	86
362	576
363	73
364	273
365	224
366	669
367	43
368	694
369	619
370	52
371	216
372	143
373	507
374	44
375	486
376	286
377	97
378	512
379	121
380	554
381	408
382	123
383	429
384	314
385	234
386	596
387	427
388	561
389	220
390	301
391	543
392	27
393	280
394	111
395	99
396	673
397	434
398	126
399	160
400	114
401	123
402	350
403	685
404	513
405	288
406	126
407	317
408	193
409	125
410	549
411	243
412	128
413	227
414	122
415	654
416	140
417	413
418	252
419	398
420	185
421	631
422	539
423	97
424	452
425	179
426	217
427	642
428	674
429	305
430	593
431	347
432	541
433	286
434	100
435	307
436	592
437	203
438	38
439	363
440	397
441	630
442	354
443	207
444	15
445	414
446	16
447	632
448	37
449	157
450	279
451	644
452	79
453	180
454	240
455	536
456	135
457	687
458	414
459	687
460	181
461	17
462	356
463	72
464	242
465	630
466	108
467	491
468	571
469	699
470	519
471	661
472	300
473	407
474	98
475	67
476	363
477	188
478	307
479	175
480	166
481	353
482	495
483	57
484	556
485	520
486	146
487	595
488	628
489	344
490	536
491	334
492	283
493	112
494	386
495	478
496	71
497	627
498	605
499	695
500	463
501	365
502	82
503	503
504	623
505	258
506	317
507	488
508	382
509	135
510	684
511	503
512	74
513	322
514	394
515	37
516	553
517	700
518	523
519	133
520	502
521	347
522	502
523	623
524	416
525	153
526	607
527	128
528	25
529	136
530	473
531	325
532	566
533	372
534	57
535	633
536	78
537	186
538	328
539	46
540	344
541	442
542	683
543	622
544	436
545	298
546	525
547	30
548	213
549	516
550	359
551	236
552	657
553	628
554	194
555	451
556	44
557	586
558	676
559	664
560	551
561	196
562	51
563	256
564	448
565	204
566	261
567	583
568	674
569	186
570	438
571	326
572	184
573	611
574	136
575	390
576	16
577	165
578	316
579	620
580	96
581	575
582	672
583	81
584	19
585	353
586	664
587	162
588	576
589	472
590	260
591	685
592	385
593	11
594	223
595	157
596	658
597	416
598	425
599	669
600	561
601	648
602	438
603	263
604	345
605	161
606	558
607	205
608	131
609	679
610	679
611	681
612	150
613	312
614	602
615	494
616	589
617	598
618	505
619	420
620	55
621	456
622	213
623	48
624	371
625	376
626	578
627	563
628	172
629	25
630	445
631	515
632	259
633	454
634	343
635	660
636	160
637	49
638	582
639	65
640	633
641	266
642	471
643	459
644	538
645	62
646	100
647	465
648	277
649	524
650	115
651	295
652	223
653	472
654	201
655	577
656	204
657	43
658	578
659	161
660	255
661	483
662	111
663	273
664	140
665	14
666	74
667	149
668	419
669	137
670	18
671	510
672	26
673	460
674	450
675	53
676	65
677	597
678	533
679	694
680	400
681	626
682	316
683	55
684	255
685	53
686	686
687	217
688	117
689	612
690	272
691	19
692	681
693	348
694	39
695	551
696	293
697	122
698	288
699	178
700	606
701	392
702	400
703	173
704	158
705	112
706	354
707	83
708	185
709	305
710	119
711	77
712	229
713	154
714	226
715	260
716	657
717	6
718	87
719	64
720	299
721	237
722	339
723	9
724	402
725	256
726	468
727	537
728	315
729	476
730	310
731	486
732	134
733	229
734	493
735	127
736	591
737	477
738	583
739	534
740	467
741	151
742	124
743	449
744	87
745	543
746	565
747	64
748	572
749	591
750	109
751	195
752	303
753	207
754	565
755	124
756	83
757	323
758	232
759	88
760	599
761	621
762	396
763	194
764	200
765	483
766	115
767	314
768	94
769	366
770	94
771	433
772	342
773	210
774	433
775	605
776	218
777	77
778	248
779	609
780	239
781	650
782	176
783	567
784	654
785	285
786	32
787	45
788	375
789	581
790	346
791	629
792	571
793	36
794	293
795	393
796	106
797	197
798	693
799	13
800	200
801	86
802	435
803	155
804	652
805	611
806	360
807	348
808	662
809	202
810	462
811	411
812	477
813	326
814	9
815	668
816	249
817	513
818	429
819	191
820	575
821	150
822	306
823	254
824	82
825	592
826	276
827	697
828	299
829	96
830	303
831	683
832	335
833	431
834	332
835	259
836	562
837	338
838	39
839	442
840	21
841	526
842	12
843	468
844	652
845	383
846	499
847	328
848	691
849	335
850	514
851	152
852	568
853	54
854	420
855	369
856	84
857	672
858	677
859	264
860	92
861	148
862	528
863	300
864	327
865	158
866	220
867	426
868	689
869	609
870	342
871	32
872	541
873	211
874	606
875	324
876	340
877	499
878	520
879	172
880	36
881	390
882	525
883	166
884	459
885	410
886	627
887	68
888	278
889	482
890	430
891	336
892	10
893	330
894	549
895	308
896	522
897	308
898	267
899	573
900	446
901	613
902	127
903	295
904	142
905	236
906	474
907	542
908	667
909	443
910	620
911	466
912	666
913	560
914	149
915	121
916	291
917	239
918	374
919	405
920	334
921	678
922	66
923	178
924	2
925	333
926	198
927	535
928	306
929	50
930	614
931	205
932	243
933	250
934	629
935	393
936	12
937	384
938	60
939	553
940	371
941	235
942	230
943	188
944	488
945	678
946	198
947	46
948	392
949	125
950	562
951	147
952	131
953	349
954	555
955	546
956	604
957	319
958	208
959	645
960	599
961	249
962	647
963	246
964	699
965	304
966	411
967	396
968	222
969	52
970	457
971	585
972	218
973	247
974	29
975	506
976	617
977	487
978	641
979	212
980	324
981	108
982	560
983	60
984	206
985	71
986	684
987	367
988	35
989	26
990	642
991	196
992	49
993	144
994	584
995	482
996	216
997	480
998	616
999	404
1000	697
1001	383
1002	104
1003	408
1004	93
1005	355
1006	548
1007	70
1008	656
1009	523
1010	413
1011	118
1012	563
1013	656
1014	600
1015	69
1016	529
1017	451
1018	550
1019	257
1020	394
1021	454
1022	474
1023	270
1024	470
1025	667
1026	484
1027	498
1028	427
1029	453
1030	302
1031	440
1032	238
1033	146
1034	492
1035	480
1036	107
1037	162
1038	287
1039	425
1040	508
1041	453
1042	78
1043	539
1044	193
1045	168
1046	221
1047	368
1048	590
1049	152
1050	558
1051	524
1052	399
1053	409
1054	171
1055	692
1056	494
1057	92
1058	612
1059	540
1060	650
1061	155
1062	337
1063	682
1064	173
1065	692
1066	120
1067	287
1068	376
1069	138
1070	341
1071	59
1072	147
1073	242
1074	289
1075	418
1076	297
1077	106
1078	38
1079	321
1080	569
1081	686
1082	458
1083	190
1084	276
1085	297
1086	91
1087	244
1088	298
1089	88
1090	670
1091	248
1092	423
1093	30
1094	538
1095	18
1096	129
1097	670
1098	211
1099	120
1100	579
1101	647
1102	601
1103	574
1104	264
1105	445
1106	145
1107	67
1108	441
1109	582
1110	378
1111	604
1112	466
1113	202
1114	199
1115	621
1116	369
1117	545
1118	662
1119	66
1120	528
1121	509
1122	281
1123	517
1124	2
1125	21
1126	435
1127	487
1128	304
1129	98
1130	132
1131	643
1132	624
1133	257
1134	174
1135	7
1136	345
1137	532
1138	3
1139	68
1140	274
1141	290
1142	569
1143	458
1144	624
1145	500
1146	107
1147	318
1148	395
1149	594
1150	663
1151	237
1152	696
1153	137
1154	251
1155	352
1156	366
1157	183
1158	518
1159	479
1160	557
1161	91
1162	117
1163	564
1164	253
1165	455
1166	640
1167	478
1168	156
1169	59
1170	357
1171	526
1172	278
1173	274
1174	407
1175	635
1176	85
1177	613
1178	544
1179	581
1180	424
1181	594
1182	224
1183	281
1184	341
1185	313
1186	401
1187	225
1188	153
1189	696
1190	102
1191	8
1192	154
1193	109
1194	651
1195	215
1196	634
1197	372
1198	69
1199	405
1200	673
1201	370
1202	497
1203	285
1204	373
1205	666
1206	653
1207	655
1208	72
1209	440
1210	244
1211	640
1212	535
1213	252
1214	268
1215	192
1216	434
1217	7
1218	177
1219	101
1220	254
1221	119
1222	330
1223	380
1224	61
1225	387
1226	384
1227	311
1228	455
1229	312
1230	691
1231	130
1232	460
1233	506
1234	268
1235	174
1236	475
1237	682
1238	484
1239	296
1240	610
1241	385
1242	318
1243	289
1244	412
1245	570
1246	601
1247	189
1248	626
1249	387
1250	610
1251	422
1252	421
1253	139
1254	145
1255	169
1256	24
1257	492
1258	56
1259	395
1260	17
1261	143
1262	509
1263	373
1264	265
1265	241
1266	406
1267	73
1268	649
1269	144
1270	357
1271	233
1272	323
1273	291
1274	192
1275	364
1276	265
1277	479
1278	141
1279	651
1280	206
1281	639
1282	402
1283	338
1284	422
1285	199
1286	294
1287	441
1288	389
1289	167
1290	20
1291	517
1292	241
1293	284
1294	118
1295	639
1296	615
1297	141
1298	367
1299	90
1300	602
1301	389
1302	89
1303	507
1304	5
1305	461
1306	447
1307	470
1308	418
1309	456
1310	497
1311	177
1312	250
1313	671
1314	597
1315	461
1316	668
1317	518
1318	579
1319	588
1320	570
1321	361
1322	70
1323	655
1324	247
1325	404
1326	84
1327	552
1328	190
1329	165
1330	349
1331	514
1332	24
1333	476
1334	401
1335	368
1336	226
1337	181
1338	225
1339	532
1340	564
1341	284
1342	481
1343	585
1344	498
1345	262
1346	403
1347	79
1348	329
1349	35
1350	263
1351	410
1352	262
1353	101
1354	176
1355	253
1356	238
1357	329
1358	331
1359	10
1360	680
1361	377
1362	170
1363	370
1364	63
1365	63
1366	421
1367	31
1368	245
1369	361
1370	447
1371	671
1372	290
1373	552
1374	618
1375	11
1376	481
1377	625
1378	222
1379	15
1380	618
1381	170
1382	187
1383	607
1384	34
1385	544
1386	5
1387	501
1388	695
1389	358
1390	680
1391	471
1392	187
1393	33
1394	171
1395	501
1396	34
1397	20
1398	33
1399	95
1400	377
