Class Times	10
Rooms	150
1	931
2	558
3	381
4	730
5	451
6	509
7	521
8	248
9	341
10	320
11	544
12	826
13	417
14	771
15	645
16	704
17	482
18	667
19	740
20	421
21	956
22	40
23	553
24	576
25	600
26	904
27	776
28	776
29	932
30	766
31	54
32	71
33	347
34	638
35	863
36	466
37	792
38	84
39	964
40	899
41	325
42	715
43	83
44	744
45	83
46	137
47	713
48	939
49	250
50	811
51	23
52	666
53	587
54	858
55	427
56	42
57	775
58	549
59	470
60	762
61	429
62	706
63	209
64	155
65	154
66	896
67	484
68	20
69	290
70	377
71	748
72	683
73	143
74	600
75	613
76	970
77	281
78	617
79	702
80	731
81	711
82	557
83	38
84	748
85	578
86	884
87	236
88	24
89	977
90	861
91	852
92	788
93	949
94	284
95	650
96	125
97	703
98	881
99	265
100	321
101	932
102	586
103	401
104	625
105	644
106	980
107	985
108	583
109	96
110	388
111	325
112	837
113	538
114	951
115	302
116	21
117	309
118	124
119	983
120	713
121	302
122	826
123	821
124	807
125	522
126	722
127	717
128	749
129	368
130	815
131	559
132	397
133	632
134	972
135	170
136	702
137	741
138	333
139	860
140	782
141	574
142	934
143	434
144	85
145	409
146	618
147	505
148	767
149	734
150	956
Classes	1400
Teachers	700
1	187
2	399
3	159
4	257
5	494
6	377
7	665
8	400
9	259
10	525
11	295
12	528
13	447
14	243
15	186
16	138
17	388
18	427
19	627
20	520
21	699
22	326
23	373
24	697
25	351
26	536
27	374
28	164
29	122
30	603
31	527
32	306
33	535
34	304
35	405
36	349
37	684
38	460
39	483
40	28
41	681
42	445
43	557
44	430
45	45
46	480
47	647
48	401
49	344
50	276
51	33
52	118
53	3
54	117
55	12
56	335
57	218
58	86
59	134
60	160
61	281
62	587
63	599
64	450
65	460
66	542
67	10
68	491
69	430
70	442
71	399
72	472
73	378
74	558
75	8
76	401
77	248
78	272
79	454
80	549
81	280
82	284
83	70
84	667
85	637
86	686
87	697
88	271
89	112
90	519
91	24
92	69
93	59
94	439
95	579
96	275
97	364
98	519
99	58
100	453
101	511
102	31
103	598
104	689
105	227
106	654
107	250
108	336
109	204
110	213
111	375
112	672
113	78
114	458
115	196
116	331
117	342
118	480
119	317
120	471
121	378
122	492
123	361
124	227
125	415
126	501
127	218
128	690
129	591
130	532
131	268
132	479
133	254
134	422
135	593
136	21
137	550
138	634
139	449
140	171
141	9
142	445
143	262
144	213
145	30
146	643
147	515
148	453
149	216
150	140
151	665
152	638
153	239
154	2
155	105
156	305
157	612
158	359
159	437
160	285
161	531
162	13
163	561
164	362
165	153
166	145
167	17
168	146
169	643
170	639
171	596
172	381
173	472
174	21
175	489
176	46
177	613
178	635
179	619
180	469
181	164
182	174
183	339
184	140
185	180
186	325
187	410
188	396
189	139
190	59
191	194
192	388
193	277
194	498
195	442
196	13
197	241
198	110
199	675
200	427
201	605
202	527
203	571
204	121
205	47
206	195
207	493
208	105
209	621
210	374
211	265
212	621
213	47
214	296
215	278
216	364
217	214
218	31
219	413
220	501
221	587
222	113
223	673
224	288
225	300
226	415
227	281
228	391
229	638
230	613
231	100
232	111
233	190
234	435
235	210
236	24
237	675
238	267
239	134
240	17
241	150
242	538
243	409
244	268
245	294
246	291
247	210
248	558
249	206
250	605
251	620
252	121
253	563
254	133
255	170
256	78
257	627
258	232
259	418
260	551
261	671
262	283
263	556
264	294
265	684
266	172
267	273
268	182
269	84
270	500
271	282
272	575
273	68
274	561
275	690
276	518
277	15
278	83
279	271
280	292
281	633
282	272
283	523
284	10
285	358
286	107
287	357
288	506
289	368
290	220
291	192
292	148
293	65
294	488
295	551
296	35
297	135
298	85
299	181
300	662
301	267
302	381
303	459
304	96
305	537
306	49
307	51
308	50
309	108
310	107
311	235
312	689
313	634
314	25
315	679
316	414
317	147
318	187
319	515
320	449
321	622
322	119
323	693
324	276
325	45
326	658
327	608
328	481
329	132
330	616
331	299
332	257
333	590
334	495
335	482
336	228
337	671
338	260
339	124
340	363
341	167
342	263
343	347
344	119
345	255
346	16
347	552
348	265
349	505
350	595
351	84
352	628
353	359
354	532
355	489
356	669
357	434
358	161
359	552
360	651
361	514
362	582
363	244
364	372
365	609
366	624
367	46
368	414
369	339
370	256
371	29
372	38
373	593
374	282
375	641
376	221
377	484
378	642
379	666
380	611
381	329
382	317
383	91
384	469
385	40
386	350
387	548
388	80
389	668
390	496
391	141
392	2
393	5
394	438
395	403
396	608
397	397
398	4
399	229
400	192
401	331
402	591
403	341
404	263
405	53
406	647
407	60
408	28
409	503
410	471
411	144
412	590
413	375
414	193
415	404
416	392
417	612
418	25
419	222
420	315
421	365
422	541
423	484
424	132
425	155
426	491
427	329
428	88
429	531
430	4
431	301
432	550
433	372
434	476
435	262
436	516
437	106
438	135
439	435
440	526
441	425
442	389
443	183
444	448
445	482
446	601
447	385
448	412
449	57
450	508
451	599
452	618
453	416
454	256
455	666
456	20
457	623
458	602
459	420
460	494
461	370
462	402
463	239
464	346
465	500
466	80
467	65
468	180
469	476
470	95
471	145
472	589
473	290
474	175
475	436
476	549
477	536
478	73
479	111
480	513
481	53
482	526
483	277
484	688
485	68
486	642
487	215
488	492
489	203
490	406
491	74
492	1
493	441
494	324
495	312
496	190
497	248
498	540
499	322
500	529
501	325
502	264
503	404
504	240
505	437
506	9
507	677
508	538
509	423
510	495
511	50
512	524
513	620
514	350
515	479
516	34
517	368
518	189
519	252
520	512
521	177
522	238
523	151
524	58
525	27
526	316
527	664
528	346
529	321
530	477
531	63
532	48
533	658
534	149
535	309
536	23
537	661
538	373
539	143
540	117
541	485
542	174
543	588
544	311
545	144
546	366
547	384
548	173
549	139
550	23
551	348
552	242
553	646
554	33
555	243
556	302
557	680
558	285
559	581
560	327
561	351
562	685
563	673
564	191
565	238
566	352
567	560
568	423
569	15
570	136
571	516
572	619
573	457
574	264
575	366
576	478
577	394
578	468
579	389
580	367
581	606
582	384
583	578
584	155
585	691
586	523
587	240
588	56
589	214
590	365
591	156
592	488
593	203
594	607
595	310
596	670
597	660
598	367
599	334
600	11
601	7
602	328
603	98
604	94
605	387
606	230
607	431
608	434
609	596
610	280
611	104
612	693
613	231
614	321
615	447
616	308
617	93
618	338
619	335
620	698
621	640
622	588
623	598
624	94
625	73
626	625
627	606
628	611
629	466
630	22
631	232
632	290
633	72
634	369
635	487
636	688
637	582
638	328
639	74
640	614
641	129
642	235
643	376
644	323
645	204
646	566
647	625
648	418
649	182
650	326
651	3
652	146
653	69
654	157
655	247
656	454
657	217
658	112
659	431
660	579
661	583
662	581
663	126
664	400
665	535
666	539
667	592
668	569
669	176
670	222
671	694
672	87
673	672
674	75
675	557
676	576
677	539
678	490
679	524
680	101
681	682
682	37
683	353
684	54
685	86
686	497
687	691
688	49
689	108
690	212
691	207
692	572
693	62
694	700
695	36
696	631
697	175
698	173
699	179
700	253
701	646
702	242
703	319
704	236
705	443
706	237
707	392
708	30
709	603
710	341
711	296
712	344
713	405
714	284
715	370
716	127
717	635
718	681
719	216
720	566
721	199
722	473
723	617
724	305
725	503
726	464
727	322
728	183
729	450
730	657
731	85
732	597
733	459
734	439
735	390
736	161
737	334
738	440
739	650
740	554
741	583
742	398
743	60
744	580
745	602
746	225
747	567
748	118
749	63
750	189
751	508
752	153
753	645
754	577
755	188
756	504
757	440
758	39
759	589
760	395
761	669
762	327
763	310
764	309
765	97
766	41
767	632
768	151
769	698
770	274
771	184
772	478
773	677
774	244
775	52
776	300
777	618
778	640
779	136
780	179
781	572
782	40
783	160
784	150
785	554
786	92
787	586
788	149
789	246
790	123
791	61
792	687
793	347
794	233
795	314
796	41
797	224
798	352
799	661
800	517
801	505
802	687
803	622
804	188
805	336
806	657
807	411
808	37
809	353
810	632
811	514
812	57
813	377
814	32
815	651
816	496
817	245
818	298
819	75
820	18
821	576
822	230
823	311
824	52
825	177
826	332
827	474
828	692
829	663
830	467
831	686
832	607
833	83
834	159
835	44
836	432
837	636
838	315
839	655
840	198
841	541
842	678
843	371
844	148
845	299
846	385
847	133
848	577
849	250
850	313
851	126
852	409
853	211
854	215
855	138
856	699
857	202
858	330
859	624
860	559
861	358
862	616
863	610
864	181
865	7
866	685
867	630
868	171
869	641
870	274
871	615
872	564
873	525
874	502
875	165
876	70
877	253
878	291
879	564
880	39
881	499
882	468
883	6
884	509
885	113
886	302
887	100
888	66
889	245
890	659
891	128
892	231
893	90
894	663
895	451
896	343
897	76
898	565
899	568
900	617
901	348
902	220
903	360
904	466
905	461
906	76
907	455
908	623
909	609
910	338
911	497
912	278
913	27
914	670
915	556
916	319
917	197
918	586
919	456
920	387
921	354
922	201
923	34
924	61
925	696
926	485
927	506
928	71
929	696
930	206
931	546
932	168
933	626
934	345
935	342
936	270
937	662
938	287
939	509
940	433
941	228
942	275
943	452
944	236
945	360
946	679
947	67
948	659
949	391
950	441
951	320
952	143
953	304
954	548
955	114
956	475
957	67
958	560
959	81
960	428
961	499
962	219
963	522
964	89
965	626
966	543
967	398
968	653
969	355
970	544
971	649
972	422
973	667
974	170
975	110
976	436
977	178
978	176
979	306
980	102
981	465
982	141
983	529
984	221
985	71
986	64
987	544
988	429
989	580
990	289
991	120
992	600
993	35
994	630
995	56
996	128
997	633
998	142
999	312
1000	470
1001	258
1002	650
1003	410
1004	700
1005	320
1006	355
1007	184
1008	510
1009	229
1010	683
1011	223
1012	152
1013	390
1014	361
1015	288
1016	567
1017	403
1018	147
1019	402
1020	694
1021	202
1022	122
1023	249
1024	649
1025	511
1026	226
1027	323
1028	477
1029	156
1030	301
1031	540
1032	287
1033	533
1034	54
1035	77
1036	668
1037	407
1038	286
1039	563
1040	29
1041	601
1042	382
1043	340
1044	462
1045	553
1046	88
1047	383
1048	343
1049	316
1050	199
1051	426
1052	473
1053	654
1054	19
1055	406
1056	18
1057	167
1058	98
1059	224
1060	115
1061	493
1062	408
1063	383
1064	433
1065	172
1066	396
1067	324
1068	237
1069	226
1070	645
1071	695
1072	130
1073	510
1074	426
1075	77
1076	137
1077	166
1078	92
1079	168
1080	102
1081	568
1082	185
1083	604
1084	394
1085	283
1086	457
1087	249
1088	38
1089	528
1090	259
1091	451
1092	369
1093	569
1094	692
1095	416
1096	43
1097	432
1098	254
1099	464
1100	51
1101	574
1102	521
1103	62
1104	292
1105	386
1106	233
1107	537
1108	664
1109	452
1110	463
1111	575
1112	584
1113	648
1114	255
1115	521
1116	209
1117	209
1118	72
1119	142
1120	498
1121	393
1122	261
1123	196
1124	286
1125	5
1126	455
1127	559
1128	443
1129	386
1130	438
1131	97
1132	428
1133	64
1134	340
1135	600
1136	131
1137	89
1138	333
1139	639
1140	246
1141	193
1142	676
1143	131
1144	463
1145	571
1146	269
1147	120
1148	379
1149	546
1150	518
1151	99
1152	637
1153	565
1154	660
1155	574
1156	674
1157	397
1158	308
1159	273
1160	349
1161	116
1162	379
1163	19
1164	682
1165	252
1166	106
1167	8
1168	333
1169	191
1170	534
1171	125
1172	553
1173	475
1174	234
1175	266
1176	483
1177	169
1178	130
1179	43
1180	420
1181	93
1182	421
1183	362
1184	522
1185	16
1186	507
1187	36
1188	382
1189	157
1190	555
1191	636
1192	22
1193	48
1194	412
1195	303
1196	421
1197	20
1198	502
1199	683
1200	614
1201	648
1202	318
1203	26
1204	597
1205	201
1206	194
1207	251
1208	114
1209	223
1210	125
1211	14
1212	594
1213	371
1214	678
1215	470
1216	116
1217	545
1218	219
1219	303
1220	456
1221	1
1222	269
1223	462
1224	211
1225	169
1226	332
1227	444
1228	330
1229	465
1230	6
1231	318
1232	363
1233	411
1234	96
1235	101
1236	444
1237	55
1238	407
1239	674
1240	298
1241	604
1242	158
1243	158
1244	165
1245	258
1246	293
1247	487
1248	467
1249	313
1250	543
1251	87
1252	429
1253	32
1254	289
1255	295
1256	55
1257	124
1258	99
1259	129
1260	629
1261	517
1262	293
1263	680
1264	208
1265	357
1266	109
1267	555
1268	393
1269	380
1270	461
1271	417
1272	695
1273	542
1274	217
1275	104
1276	247
1277	578
1278	380
1279	504
1280	44
1281	562
1282	513
1283	95
1284	652
1285	103
1286	354
1287	12
1288	91
1289	676
1290	547
1291	610
1292	652
1293	458
1294	197
1295	653
1296	152
1297	408
1298	474
1299	207
1300	154
1301	395
1302	356
1303	166
1304	314
1305	419
1306	345
1307	486
1308	297
1309	66
1310	307
1311	413
1312	186
1313	195
1314	82
1315	533
1316	446
1317	585
1318	644
1319	279
1320	81
1321	446
1322	198
1323	376
1324	573
1325	205
1326	307
1327	629
1328	14
1329	82
1330	644
1331	507
1332	163
1333	594
1334	270
1335	79
1336	585
1337	234
1338	185
1339	486
1340	512
1341	79
1342	424
1343	547
1344	162
1345	419
1346	297
1347	260
1348	481
1349	225
1350	200
1351	205
1352	90
1353	251
1354	212
1355	573
1356	448
1357	584
1358	615
1359	261
1360	520
1361	115
1362	123
1363	656
1364	162
1365	424
1366	655
1367	592
1368	26
1369	11
1370	595
1371	631
1372	656
1373	425
1374	178
1375	562
1376	545
1377	534
1378	154
1379	208
1380	356
1381	266
1382	200
1383	490
1384	42
1385	137
1386	530
1387	241
1388	628
1389	163
1390	103
1391	570
1392	42
1393	570
1394	337
1395	337
1396	417
1397	127
1398	109
1399	530
1400	279
