Class Times	10
Rooms	150
1	230
2	481
3	104
4	950
5	527
6	414
7	960
8	190
9	30
10	626
11	515
12	238
13	445
14	150
15	231
16	28
17	746
18	264
19	623
20	883
21	907
22	841
23	884
24	527
25	634
26	275
27	115
28	368
29	985
30	366
31	80
32	858
33	18
34	540
35	38
36	619
37	661
38	713
39	191
40	851
41	381
42	796
43	66
44	648
45	358
46	887
47	705
48	284
49	86
50	108
51	924
52	755
53	141
54	983
55	644
56	371
57	686
58	865
59	858
60	399
61	790
62	351
63	66
64	589
65	152
66	185
67	447
68	299
69	146
70	728
71	963
72	619
73	290
74	117
75	649
76	736
77	896
78	482
79	960
80	273
81	988
82	39
83	718
84	692
85	362
86	611
87	103
88	76
89	691
90	542
91	278
92	771
93	940
94	145
95	765
96	156
97	397
98	442
99	231
100	807
101	412
102	550
103	976
104	63
105	576
106	393
107	49
108	270
109	156
110	292
111	915
112	113
113	672
114	235
115	497
116	557
117	519
118	253
119	532
120	985
121	829
122	701
123	295
124	767
125	578
126	808
127	856
128	305
129	770
130	292
131	847
132	313
133	57
134	587
135	867
136	933
137	371
138	159
139	76
140	396
141	423
142	280
143	881
144	220
145	593
146	674
147	185
148	410
149	393
150	84
Classes	1400
Teachers	700
1	27
2	690
3	662
4	668
5	379
6	473
7	625
8	689
9	612
10	685
11	329
12	542
13	655
14	202
15	625
16	627
17	547
18	694
19	421
20	566
21	646
22	147
23	13
24	618
25	24
26	530
27	698
28	468
29	551
30	78
31	651
32	109
33	55
34	404
35	313
36	173
37	33
38	695
39	672
40	149
41	10
42	122
43	403
44	43
45	463
46	620
47	149
48	313
49	374
50	392
51	654
52	604
53	616
54	486
55	520
56	689
57	75
58	43
59	309
60	358
61	100
62	329
63	660
64	590
65	593
66	101
67	588
68	171
69	408
70	182
71	344
72	440
73	259
74	8
75	13
76	573
77	284
78	679
79	343
80	579
81	608
82	370
83	384
84	429
85	657
86	399
87	384
88	285
89	581
90	345
91	575
92	527
93	104
94	265
95	408
96	642
97	549
98	300
99	338
100	160
101	48
102	45
103	317
104	129
105	387
106	225
107	362
108	176
109	357
110	197
111	621
112	237
113	120
114	245
115	601
116	631
117	404
118	668
119	363
120	423
121	223
122	309
123	438
124	67
125	377
126	131
127	617
128	402
129	161
130	449
131	532
132	415
133	505
134	216
135	556
136	406
137	591
138	431
139	63
140	532
141	516
142	453
143	585
144	213
145	214
146	39
147	81
148	254
149	461
150	444
151	266
152	641
153	25
154	418
155	57
156	383
157	133
158	659
159	675
160	259
161	265
162	357
163	207
164	141
165	44
166	379
167	193
168	197
169	459
170	289
171	334
172	389
173	411
174	474
175	190
176	382
177	217
178	484
179	584
180	99
181	382
182	508
183	679
184	690
185	474
186	122
187	669
188	172
189	269
190	621
191	214
192	287
193	642
194	555
195	87
196	407
197	670
198	261
199	687
200	573
201	328
202	456
203	380
204	145
205	646
206	411
207	456
208	681
209	335
210	674
211	76
212	434
213	185
214	241
215	675
216	116
217	412
218	542
219	414
220	207
221	519
222	590
223	596
224	168
225	185
226	353
227	657
228	526
229	140
230	511
231	118
232	367
233	618
234	637
235	38
236	638
237	499
238	680
239	166
240	28
241	288
242	366
243	34
244	558
245	417
246	392
247	118
248	594
249	472
250	111
251	39
252	44
253	263
254	89
255	211
256	352
257	89
258	638
259	356
260	684
261	360
262	169
263	391
264	697
265	332
266	19
267	182
268	224
269	591
270	487
271	156
272	570
273	435
274	110
275	47
276	280
277	71
278	254
279	673
280	543
281	450
282	175
283	238
284	271
285	320
286	136
287	478
288	12
289	428
290	121
291	661
292	45
293	334
294	243
295	76
296	151
297	120
298	188
299	611
300	37
301	4
302	154
303	596
304	491
305	29
306	449
307	381
308	561
309	446
310	200
311	605
312	528
313	561
314	393
315	409
316	58
317	522
318	495
319	579
320	671
321	338
322	227
323	565
324	353
325	480
326	378
327	364
328	346
329	240
330	31
331	71
332	262
333	580
334	444
335	486
336	217
337	554
338	518
339	369
340	694
341	639
342	549
343	610
344	162
345	25
346	312
347	583
348	258
349	55
350	356
351	482
352	251
353	674
354	508
355	592
356	93
357	268
358	62
359	32
360	352
361	165
362	31
363	136
364	529
365	578
366	62
367	221
368	57
369	595
370	100
371	497
372	12
373	623
374	156
375	535
376	526
377	4
378	287
379	275
380	159
381	570
382	276
383	623
384	94
385	614
386	15
387	213
388	665
389	576
390	354
391	284
392	386
393	441
394	634
395	498
396	68
397	195
398	208
399	327
400	82
401	413
402	20
403	194
404	416
405	639
406	318
407	3
408	59
409	624
410	247
411	477
412	366
413	409
414	310
415	220
416	545
417	257
418	420
419	245
420	201
421	38
422	83
423	478
424	63
425	498
426	665
427	476
428	292
429	559
430	462
431	655
432	243
433	302
434	405
435	676
436	556
437	588
438	355
439	416
440	322
441	699
442	52
443	244
444	201
445	110
446	667
447	275
448	447
449	629
450	397
451	514
452	572
453	204
454	584
455	371
456	171
457	630
458	321
459	102
460	553
461	151
462	112
463	301
464	391
465	401
466	42
467	687
468	163
469	33
470	301
471	270
472	432
473	488
474	205
475	228
476	397
477	77
478	289
479	247
480	420
481	146
482	425
483	358
484	302
485	106
486	619
487	440
488	598
489	648
490	507
491	131
492	470
493	385
494	560
495	194
496	324
497	237
498	531
499	599
500	241
501	649
502	443
503	91
504	96
505	124
506	592
507	453
508	620
509	628
510	146
511	183
512	125
513	226
514	488
515	251
516	631
517	51
518	414
519	378
520	250
521	23
522	684
523	496
524	127
525	147
526	529
527	494
528	624
529	345
530	183
531	385
532	216
533	290
534	189
535	268
536	82
537	169
538	276
539	555
540	85
541	480
542	202
543	513
544	112
545	170
546	377
547	494
548	491
549	1
550	324
551	479
552	15
553	246
554	465
555	580
556	260
557	578
558	509
559	628
560	511
561	544
562	65
563	504
564	567
565	559
566	627
567	123
568	56
569	114
570	553
571	106
572	258
573	138
574	177
575	235
576	658
577	193
578	124
579	630
580	633
581	10
582	632
583	24
584	53
585	611
586	421
587	428
588	607
589	96
590	637
591	7
592	1
593	424
594	466
595	200
596	343
597	19
598	113
599	666
600	438
601	423
602	86
603	658
604	29
605	698
606	157
607	546
608	554
609	401
610	126
611	648
612	430
613	455
614	167
615	355
616	517
617	333
618	119
619	316
620	228
621	211
622	337
623	468
624	271
625	278
626	442
627	230
628	585
629	99
630	117
631	663
632	144
633	530
634	153
635	273
636	528
637	457
638	11
639	145
640	455
641	209
642	370
643	280
644	316
645	540
646	48
647	686
648	567
649	219
650	5
651	612
652	692
653	671
654	361
655	172
656	607
657	433
658	94
659	595
660	361
661	465
662	95
663	461
664	395
665	633
666	219
667	405
668	448
669	326
670	285
671	483
672	8
673	30
674	473
675	2
676	400
677	354
678	597
679	50
680	238
681	135
682	575
683	187
684	348
685	142
686	215
687	381
688	458
689	266
690	34
691	283
692	307
693	634
694	477
695	683
696	327
697	496
698	150
699	576
700	224
701	516
702	629
703	114
704	435
705	159
706	548
707	308
708	443
709	267
710	659
711	135
712	464
713	581
714	425
715	248
716	161
717	523
718	142
719	70
720	489
721	143
722	541
723	311
724	518
725	319
726	462
727	610
728	557
729	484
730	700
731	305
732	650
733	536
734	613
735	303
736	540
737	52
738	647
739	605
740	88
741	67
742	140
743	427
744	158
745	503
746	654
747	274
748	246
749	492
750	564
751	11
752	410
753	635
754	225
755	677
756	290
757	489
758	615
759	298
760	295
761	387
762	210
763	42
764	323
765	6
766	30
767	493
768	125
769	589
770	583
771	683
772	447
773	597
774	279
775	256
776	564
777	74
778	248
779	509
780	537
781	464
782	320
783	432
784	139
785	551
786	180
787	56
788	582
789	107
790	647
791	220
792	383
793	471
794	344
795	80
796	212
797	121
798	9
799	78
800	395
801	519
802	279
803	173
804	40
805	393
806	424
807	685
808	186
809	282
810	208
811	402
812	545
813	593
814	90
815	260
816	485
817	166
818	73
819	504
820	696
821	174
822	360
823	168
824	235
825	375
826	249
827	85
828	365
829	632
830	342
831	669
832	123
833	262
834	645
835	330
836	598
837	613
838	209
839	17
840	558
841	233
842	41
843	296
844	492
845	242
846	531
847	536
848	239
849	215
850	369
851	386
852	195
853	330
854	332
855	3
856	37
857	622
858	93
859	143
860	103
861	253
862	400
863	36
864	649
865	68
866	347
867	662
868	7
869	534
870	86
871	696
872	497
873	399
874	305
875	222
876	181
877	333
878	407
879	695
880	223
881	666
882	129
883	537
884	250
885	682
886	95
887	232
888	318
889	60
890	417
891	304
892	278
893	312
894	459
895	699
896	457
897	108
898	97
899	88
900	17
901	116
902	541
903	347
904	691
905	130
906	335
907	74
908	446
909	372
910	315
911	273
912	454
913	422
914	133
915	253
916	521
917	50
918	162
919	69
920	304
921	28
922	396
923	249
924	445
925	192
926	667
927	9
928	367
929	626
930	60
931	47
932	300
933	692
934	36
935	565
936	650
937	150
938	66
939	487
940	394
941	307
942	231
943	323
944	548
945	97
946	107
947	514
948	90
949	325
950	697
951	398
952	601
953	341
954	325
955	184
956	433
957	203
958	98
959	371
960	557
961	16
962	26
963	54
964	322
965	58
966	515
967	439
968	75
969	693
970	617
971	485
972	606
973	119
974	515
975	463
976	221
977	77
978	441
979	167
980	442
981	255
982	434
983	212
984	427
985	643
986	700
987	264
988	102
989	203
990	419
991	232
992	470
993	84
994	552
995	187
996	406
997	282
998	204
999	294
1000	104
1001	180
1002	445
1003	604
1004	429
1005	512
1006	170
1007	256
1008	283
1009	210
1010	5
1011	481
1012	341
1013	126
1014	109
1015	132
1016	568
1017	16
1018	244
1019	108
1020	616
1021	603
1022	415
1023	677
1024	460
1025	92
1026	388
1027	656
1028	46
1029	483
1030	218
1031	640
1032	615
1033	311
1034	388
1035	413
1036	66
1037	81
1038	349
1039	512
1040	18
1041	418
1042	502
1043	2
1044	368
1045	176
1046	73
1047	645
1048	460
1049	331
1050	49
1051	236
1052	682
1053	230
1054	22
1055	198
1056	403
1057	493
1058	41
1059	349
1060	326
1061	562
1062	98
1063	589
1064	635
1065	672
1066	419
1067	539
1068	452
1069	127
1070	299
1071	317
1072	40
1073	59
1074	661
1075	475
1076	582
1077	490
1078	448
1079	236
1080	577
1081	293
1082	602
1083	476
1084	292
1085	158
1086	451
1087	295
1088	294
1089	184
1090	517
1091	502
1092	299
1093	686
1094	339
1095	297
1096	164
1097	678
1098	157
1099	574
1100	376
1101	437
1102	51
1103	691
1104	571
1105	560
1106	543
1107	138
1108	191
1109	154
1110	563
1111	303
1112	336
1113	277
1114	664
1115	198
1116	308
1117	117
1118	430
1119	306
1120	189
1121	32
1122	139
1123	310
1124	130
1125	505
1126	105
1127	79
1128	574
1129	144
1130	673
1131	297
1132	288
1133	359
1134	277
1135	521
1136	602
1137	321
1138	380
1139	264
1140	155
1141	681
1142	640
1143	544
1144	660
1145	270
1146	155
1147	606
1148	179
1149	562
1150	206
1151	500
1152	263
1153	469
1154	87
1155	348
1156	566
1157	614
1158	18
1159	641
1160	233
1161	482
1162	350
1163	255
1164	396
1165	240
1166	128
1167	178
1168	179
1169	475
1170	153
1171	298
1172	609
1173	603
1174	296
1175	315
1176	46
1177	608
1178	644
1179	363
1180	653
1181	188
1182	577
1183	412
1184	274
1185	272
1186	79
1187	137
1188	165
1189	54
1190	450
1191	362
1192	281
1193	398
1194	500
1195	481
1196	132
1197	231
1198	148
1199	653
1200	261
1201	205
1202	678
1203	227
1204	359
1205	160
1206	128
1207	644
1208	552
1209	339
1210	23
1211	226
1212	636
1213	587
1214	365
1215	527
1216	84
1217	306
1218	547
1219	134
1220	490
1221	609
1222	663
1223	533
1224	346
1225	479
1226	6
1227	35
1228	337
1229	27
1230	101
1231	522
1232	546
1233	437
1234	693
1235	257
1236	134
1237	374
1238	178
1239	568
1240	452
1241	651
1242	291
1243	177
1244	141
1245	373
1246	372
1247	69
1248	410
1249	506
1250	523
1251	539
1252	472
1253	394
1254	466
1255	350
1256	293
1257	572
1258	70
1259	314
1260	626
1261	190
1262	252
1263	319
1264	22
1265	218
1266	426
1267	471
1268	364
1269	454
1270	336
1271	229
1272	20
1273	524
1274	436
1275	376
1276	328
1277	439
1278	291
1279	636
1280	499
1281	83
1282	622
1283	26
1284	351
1285	281
1286	436
1287	35
1288	340
1289	563
1290	340
1291	92
1292	503
1293	550
1294	426
1295	111
1296	53
1297	571
1298	342
1299	65
1300	390
1301	269
1302	533
1303	535
1304	368
1305	72
1306	80
1307	431
1308	587
1309	331
1310	538
1311	373
1312	49
1313	196
1314	206
1315	510
1316	520
1317	375
1318	152
1319	286
1320	390
1321	676
1322	239
1323	495
1324	569
1325	222
1326	594
1327	643
1328	652
1329	105
1330	469
1331	538
1332	181
1333	115
1334	507
1335	61
1336	199
1337	534
1338	163
1339	229
1340	680
1341	688
1342	525
1343	252
1344	600
1345	501
1346	175
1347	550
1348	586
1349	174
1350	137
1351	586
1352	91
1353	61
1354	458
1355	186
1356	664
1357	569
1358	234
1359	115
1360	422
1361	656
1362	599
1363	191
1364	152
1365	148
1366	652
1367	619
1368	199
1369	314
1370	14
1371	351
1372	467
1373	600
1374	524
1375	242
1376	389
1377	192
1378	103
1379	513
1380	113
1381	164
1382	64
1383	196
1384	467
1385	510
1386	21
1387	14
1388	64
1389	267
1390	670
1391	451
1392	272
1393	506
1394	501
1395	234
1396	286
1397	21
1398	72
1399	525
1400	688
