Class Times	10
Rooms	150
1	537
2	218
3	448
4	988
5	442
6	283
7	355
8	576
9	776
10	144
11	277
12	453
13	117
14	348
15	40
16	795
17	559
18	550
19	43
20	573
21	880
22	840
23	569
24	108
25	177
26	104
27	684
28	357
29	767
30	524
31	391
32	227
33	294
34	339
35	288
36	423
37	849
38	862
39	174
40	247
41	512
42	660
43	491
44	449
45	775
46	494
47	381
48	236
49	508
50	876
51	202
52	238
53	909
54	896
55	435
56	90
57	865
58	343
59	212
60	413
61	404
62	181
63	932
64	664
65	726
66	347
67	308
68	400
69	444
70	775
71	303
72	111
73	724
74	543
75	494
76	535
77	124
78	294
79	113
80	90
81	663
82	356
83	121
84	61
85	60
86	107
87	680
88	749
89	459
90	971
91	184
92	878
93	926
94	337
95	705
96	946
97	639
98	468
99	474
100	55
101	656
102	894
103	220
104	383
105	712
106	491
107	63
108	965
109	651
110	585
111	867
112	310
113	129
114	718
115	247
116	574
117	127
118	149
119	266
120	480
121	467
122	667
123	427
124	900
125	793
126	913
127	965
128	47
129	822
130	619
131	90
132	580
133	822
134	176
135	110
136	240
137	815
138	651
139	779
140	152
141	866
142	562
143	463
144	900
145	17
146	277
147	207
148	283
149	515
150	123
Classes	1400
Teachers	700
1	486
2	633
3	578
4	21
5	150
6	268
7	179
8	104
9	437
10	586
11	1
12	379
13	240
14	197
15	191
16	661
17	286
18	386
19	656
20	571
21	254
22	106
23	12
24	443
25	203
26	260
27	683
28	274
29	321
30	149
31	391
32	517
33	421
34	43
35	551
36	536
37	670
38	132
39	139
40	652
41	683
42	26
43	376
44	589
45	523
46	594
47	368
48	157
49	692
50	392
51	317
52	436
53	244
54	491
55	405
56	282
57	51
58	87
59	510
60	130
61	29
62	75
63	129
64	548
65	74
66	425
67	315
68	31
69	398
70	680
71	624
72	348
73	682
74	157
75	273
76	267
77	527
78	316
79	45
80	267
81	559
82	8
83	173
84	526
85	6
86	662
87	119
88	192
89	252
90	47
91	544
92	560
93	373
94	293
95	132
96	412
97	459
98	322
99	462
100	12
101	156
102	642
103	329
104	470
105	605
106	404
107	188
108	79
109	564
110	480
111	653
112	513
113	86
114	93
115	39
116	576
117	369
118	542
119	651
120	665
121	502
122	511
123	433
124	154
125	261
126	229
127	499
128	235
129	291
130	383
131	531
132	618
133	629
134	661
135	432
136	38
137	304
138	606
139	322
140	696
141	392
142	652
143	213
144	102
145	425
146	542
147	573
148	358
149	204
150	467
151	56
152	17
153	590
154	549
155	105
156	330
157	139
158	667
159	199
160	53
161	625
162	2
163	291
164	159
165	584
166	309
167	137
168	140
169	151
170	406
171	576
172	45
173	327
174	625
175	175
176	446
177	530
178	22
179	481
180	347
181	248
182	60
183	5
184	260
185	207
186	634
187	51
188	461
189	567
190	188
191	398
192	525
193	454
194	494
195	679
196	213
197	42
198	144
199	196
200	469
201	567
202	129
203	193
204	277
205	241
206	112
207	131
208	430
209	54
210	117
211	491
212	560
213	564
214	98
215	332
216	480
217	319
218	38
219	383
220	186
221	550
222	130
223	268
224	518
225	369
226	618
227	125
228	335
229	327
230	73
231	670
232	401
233	272
234	332
235	421
236	510
237	571
238	422
239	240
240	11
241	65
242	198
243	520
244	449
245	76
246	664
247	254
248	47
249	144
250	603
251	185
252	609
253	192
254	523
255	85
256	534
257	282
258	429
259	438
260	121
261	410
262	459
263	678
264	82
265	235
266	598
267	613
268	218
269	338
270	123
271	545
272	555
273	680
274	450
275	461
276	549
277	390
278	390
279	660
280	93
281	633
282	229
283	99
284	453
285	323
286	492
287	360
288	451
289	16
290	202
291	385
292	122
293	65
294	648
295	339
296	375
297	372
298	629
299	403
300	89
301	469
302	515
303	686
304	114
305	538
306	681
307	487
308	695
309	243
310	677
311	651
312	351
313	555
314	435
315	363
316	201
317	49
318	406
319	648
320	39
321	489
322	439
323	678
324	265
325	243
326	20
327	379
328	351
329	80
330	274
331	266
332	669
333	598
334	49
335	565
336	550
337	451
338	600
339	108
340	415
341	152
342	418
343	412
344	437
345	343
346	645
347	444
348	222
349	621
350	620
351	382
352	280
353	646
354	666
355	153
356	149
357	239
358	107
359	407
360	472
361	556
362	370
363	232
364	234
365	90
366	210
367	29
368	222
369	310
370	441
371	413
372	448
373	588
374	674
375	4
376	109
377	386
378	397
379	208
380	450
381	99
382	388
383	569
384	694
385	684
386	365
387	176
388	615
389	506
390	177
391	148
392	72
393	611
394	454
395	78
396	685
397	427
398	293
399	654
400	120
401	608
402	682
403	73
404	308
405	364
406	517
407	663
408	531
409	417
410	486
411	181
412	126
413	169
414	565
415	303
416	34
417	600
418	380
419	413
420	501
421	538
422	690
423	13
424	477
425	34
426	677
427	100
428	504
429	273
430	5
431	204
432	28
433	602
434	363
435	60
436	591
437	258
438	193
439	146
440	460
441	647
442	189
443	394
444	236
445	104
446	541
447	239
448	449
449	587
450	620
451	216
452	558
453	380
454	557
455	289
456	578
457	52
458	219
459	226
460	71
461	592
462	127
463	676
464	569
465	443
466	16
467	526
468	22
469	156
470	672
471	120
472	87
473	464
474	596
475	585
476	76
477	507
478	590
479	584
480	439
481	516
482	103
483	170
484	506
485	586
486	504
487	402
488	84
489	292
490	207
491	532
492	48
493	143
494	158
495	361
496	143
497	238
498	41
499	539
500	365
501	568
502	308
503	48
504	653
505	166
506	183
507	697
508	128
509	423
510	485
511	61
512	105
513	536
514	80
515	176
516	488
517	61
518	548
519	581
520	546
521	649
522	127
523	10
524	310
525	160
526	271
527	181
528	252
529	137
530	333
531	287
532	249
533	607
534	220
535	216
536	514
537	368
538	666
539	515
540	115
541	672
542	436
543	621
544	297
545	160
546	341
547	352
548	125
549	700
550	191
551	347
552	301
553	345
554	345
555	541
556	166
557	378
558	492
559	471
560	340
561	601
562	470
563	75
564	477
565	617
566	361
567	167
568	28
569	269
570	309
571	155
572	596
573	40
574	448
575	107
576	298
577	534
578	225
579	164
580	384
581	401
582	686
583	110
584	94
585	690
586	302
587	582
588	695
589	203
590	338
591	472
592	447
593	184
594	199
595	447
596	563
597	664
598	138
599	106
600	627
601	407
602	247
603	511
604	159
605	399
606	62
607	220
608	639
609	499
610	68
611	15
612	214
613	403
614	623
615	532
616	350
617	520
618	426
619	393
620	183
621	522
622	691
623	700
624	455
625	663
626	675
627	626
628	649
629	423
630	237
631	424
632	617
633	170
634	85
635	24
636	182
637	40
638	90
639	673
640	588
641	662
642	372
643	422
644	556
645	357
646	366
647	679
648	350
649	320
650	473
651	226
652	248
653	227
654	277
655	173
656	83
657	612
658	572
659	221
660	433
661	476
662	179
663	317
664	133
665	658
666	86
667	462
668	408
669	374
670	306
671	42
672	233
673	26
674	70
675	168
676	354
677	194
678	640
679	681
680	232
681	667
682	96
683	597
684	674
685	478
686	236
687	96
688	44
689	270
690	122
691	58
692	165
693	245
694	18
695	644
696	3
697	644
698	497
699	306
700	140
701	246
702	259
703	290
704	92
705	473
706	197
707	394
708	334
709	311
710	376
711	299
712	610
713	3
714	529
715	384
716	343
717	182
718	225
719	196
720	315
721	689
722	32
723	507
724	215
725	325
726	56
727	215
728	174
729	228
730	283
731	59
732	275
733	385
734	123
735	453
736	209
737	373
738	318
739	305
740	689
741	605
742	214
743	231
744	295
745	553
746	116
747	468
748	141
749	645
750	409
751	417
752	466
753	606
754	290
755	72
756	396
757	528
758	637
759	545
760	278
761	18
762	688
763	634
764	24
765	95
766	11
767	698
768	276
769	218
770	570
771	328
772	628
773	82
774	537
775	269
776	430
777	494
778	88
779	249
780	168
781	607
782	563
783	202
784	546
785	200
786	554
787	263
788	429
789	353
790	187
791	297
792	474
793	108
794	543
795	180
796	238
797	592
798	37
799	587
800	561
801	632
802	463
803	360
804	265
805	126
806	234
807	255
808	493
809	654
810	500
811	593
812	444
813	190
814	441
815	286
816	281
817	697
818	411
819	62
820	110
821	409
822	52
823	528
824	580
825	341
826	312
827	552
828	59
829	295
830	375
831	418
832	577
833	84
834	190
835	467
836	333
837	428
838	573
839	163
840	424
841	237
842	298
843	118
844	500
845	287
846	311
847	471
848	44
849	171
850	276
851	109
852	2
853	152
854	602
855	174
856	318
857	353
858	432
859	352
860	362
861	316
862	604
863	357
864	78
865	650
866	572
867	591
868	552
869	219
870	272
871	326
872	684
873	257
874	478
875	547
876	466
877	321
878	460
879	58
880	465
881	659
882	539
883	147
884	9
885	410
886	292
887	69
888	4
889	585
890	300
891	445
892	657
893	37
894	518
895	305
896	696
897	323
898	502
899	362
900	529
901	636
902	623
903	68
904	301
905	19
906	346
907	289
908	339
909	527
910	595
911	540
912	508
913	259
914	101
915	493
916	370
917	250
918	658
919	162
920	355
921	631
922	374
923	198
924	346
925	366
926	497
927	263
928	121
929	673
930	288
931	355
932	613
933	530
934	221
935	67
936	643
937	557
938	416
939	693
940	113
941	442
942	456
943	371
944	155
945	647
946	575
947	288
948	389
949	114
950	336
951	335
952	77
953	165
954	446
955	171
956	63
957	599
958	154
959	699
960	611
961	46
962	63
963	612
964	325
965	23
966	257
967	440
968	402
969	8
970	582
971	299
972	145
973	635
974	328
975	21
976	463
977	521
978	393
979	638
980	501
981	180
982	615
983	270
984	626
985	465
986	284
987	187
988	41
989	614
990	685
991	31
992	668
993	631
994	476
995	614
996	261
997	94
998	498
999	635
1000	69
1001	103
1002	71
1003	481
1004	281
1005	395
1006	455
1007	251
1008	224
1009	227
1010	639
1011	70
1012	456
1013	641
1014	20
1015	23
1016	89
1017	692
1018	83
1019	646
1020	597
1021	246
1022	643
1023	209
1024	699
1025	640
1026	378
1027	50
1028	694
1029	484
1030	50
1031	201
1032	46
1033	247
1034	67
1035	79
1036	312
1037	488
1038	354
1039	266
1040	650
1041	609
1042	6
1043	675
1044	558
1045	577
1046	344
1047	77
1048	184
1049	693
1050	371
1051	627
1052	280
1053	326
1054	57
1055	427
1056	91
1057	457
1058	508
1059	9
1060	161
1061	233
1062	688
1063	148
1064	594
1065	624
1066	81
1067	119
1068	503
1069	496
1070	278
1071	195
1072	395
1073	337
1074	300
1075	111
1076	579
1077	595
1078	522
1079	158
1080	135
1081	258
1082	275
1083	521
1084	603
1085	133
1086	431
1087	175
1088	224
1089	15
1090	95
1091	601
1092	616
1093	271
1094	294
1095	185
1096	479
1097	482
1098	622
1099	253
1100	642
1101	320
1102	230
1103	250
1104	17
1105	464
1106	638
1107	636
1108	408
1109	151
1110	381
1111	416
1112	112
1113	489
1114	134
1115	575
1116	537
1117	514
1118	687
1119	161
1120	669
1121	91
1122	206
1123	210
1124	589
1125	150
1126	513
1127	415
1128	668
1129	319
1130	698
1131	610
1132	255
1133	543
1134	131
1135	599
1136	691
1137	482
1138	391
1139	262
1140	340
1141	622
1142	296
1143	583
1144	404
1145	244
1146	285
1147	135
1148	118
1149	251
1150	147
1151	245
1152	208
1153	420
1154	570
1155	525
1156	551
1157	55
1158	562
1159	64
1160	117
1161	655
1162	660
1163	568
1164	426
1165	205
1166	264
1167	655
1168	128
1169	487
1170	483
1171	561
1172	574
1173	162
1174	206
1175	580
1176	566
1177	284
1178	414
1179	195
1180	364
1181	88
1182	172
1183	124
1184	452
1185	435
1186	57
1187	262
1188	367
1189	302
1190	178
1191	145
1192	535
1193	74
1194	512
1195	164
1196	498
1197	396
1198	519
1199	632
1200	136
1201	43
1202	294
1203	381
1204	540
1205	479
1206	483
1207	628
1208	428
1209	230
1210	189
1211	676
1212	554
1213	81
1214	399
1215	553
1216	342
1217	358
1218	228
1219	337
1220	64
1221	566
1222	141
1223	414
1224	163
1225	581
1226	231
1227	177
1228	331
1229	535
1230	33
1231	167
1232	169
1233	438
1234	434
1235	66
1236	54
1237	671
1238	509
1239	509
1240	519
1241	671
1242	419
1243	136
1244	495
1245	516
1246	32
1247	359
1248	583
1249	172
1250	27
1251	544
1252	324
1253	442
1254	242
1255	637
1256	27
1257	405
1258	53
1259	474
1260	100
1261	411
1262	574
1263	329
1264	178
1265	342
1266	211
1267	619
1268	13
1269	138
1270	608
1271	7
1272	205
1273	495
1274	604
1275	397
1276	7
1277	304
1278	547
1279	387
1280	468
1281	313
1282	490
1283	285
1284	349
1285	659
1286	619
1287	377
1288	92
1289	400
1290	377
1291	36
1292	431
1293	324
1294	253
1295	420
1296	344
1297	296
1298	142
1299	334
1300	116
1301	389
1302	283
1303	484
1304	387
1305	279
1306	458
1307	55
1308	242
1309	336
1310	10
1311	359
1312	457
1313	124
1314	452
1315	562
1316	194
1317	30
1318	657
1319	458
1320	212
1321	485
1322	256
1323	115
1324	524
1325	186
1326	503
1327	533
1328	212
1329	25
1330	146
1331	307
1332	559
1333	593
1334	440
1335	14
1336	313
1337	641
1338	419
1339	97
1340	279
1341	200
1342	505
1343	211
1344	101
1345	656
1346	490
1347	142
1348	307
1349	303
1350	97
1351	330
1352	434
1353	512
1354	102
1355	630
1356	1
1357	505
1358	382
1359	256
1360	33
1361	687
1362	400
1363	630
1364	496
1365	367
1366	66
1367	533
1368	111
1369	264
1370	25
1371	153
1372	331
1373	35
1374	36
1375	223
1376	30
1377	356
1378	134
1379	388
1380	665
1381	217
1382	524
1383	349
1384	475
1385	579
1386	445
1387	314
1388	223
1389	241
1390	616
1391	14
1392	348
1393	217
1394	35
1395	356
1396	314
1397	113
1398	98
1399	475
1400	19
