Class Times	10
Rooms	150
1	877
2	438
3	643
4	172
5	132
6	675
7	539
8	10
9	786
10	307
11	254
12	973
13	255
14	454
15	60
16	554
17	582
18	376
19	143
20	802
21	287
22	345
23	826
24	640
25	950
26	333
27	844
28	159
29	786
30	893
31	567
32	602
33	990
34	487
35	689
36	871
37	490
38	641
39	80
40	985
41	150
42	27
43	872
44	101
45	680
46	290
47	961
48	215
49	760
50	819
51	818
52	857
53	295
54	223
55	961
56	428
57	349
58	891
59	470
60	339
61	841
62	28
63	316
64	703
65	599
66	62
67	30
68	327
69	632
70	20
71	547
72	365
73	774
74	622
75	845
76	908
77	477
78	806
79	995
80	275
81	749
82	95
83	234
84	973
85	267
86	750
87	546
88	810
89	378
90	448
91	372
92	521
93	385
94	650
95	374
96	140
97	393
98	524
99	157
100	618
101	807
102	596
103	125
104	350
105	189
106	24
107	300
108	214
109	271
110	845
111	319
112	254
113	176
114	200
115	981
116	786
117	442
118	682
119	843
120	306
121	404
122	979
123	358
124	505
125	597
126	810
127	152
128	549
129	315
130	195
131	166
132	183
133	408
134	511
135	929
136	364
137	181
138	812
139	424
140	179
141	917
142	827
143	475
144	964
145	920
146	949
147	128
148	135
149	903
150	403
Classes	1400
Teachers	700
1	668
2	637
3	313
4	486
5	645
6	71
7	514
8	67
9	646
10	547
11	341
12	310
13	208
14	539
15	39
16	365
17	434
18	551
19	256
20	351
21	545
22	642
23	208
24	456
25	620
26	690
27	477
28	352
29	543
30	447
31	643
32	121
33	223
34	206
35	70
36	81
37	673
38	237
39	649
40	8
41	447
42	507
43	652
44	547
45	243
46	566
47	588
48	220
49	347
50	427
51	65
52	474
53	10
54	310
55	526
56	458
57	374
58	23
59	301
60	683
61	623
62	623
63	413
64	401
65	91
66	694
67	34
68	349
69	80
70	193
71	655
72	459
73	90
74	277
75	351
76	147
77	217
78	303
79	31
80	128
81	554
82	257
83	153
84	504
85	346
86	348
87	557
88	85
89	271
90	608
91	347
92	534
93	335
94	389
95	264
96	413
97	67
98	169
99	542
100	672
101	230
102	19
103	277
104	145
105	265
106	534
107	459
108	376
109	620
110	621
111	20
112	484
113	386
114	686
115	228
116	362
117	272
118	591
119	618
120	62
121	113
122	428
123	652
124	669
125	75
126	645
127	655
128	44
129	649
130	619
131	54
132	295
133	694
134	516
135	178
136	535
137	314
138	21
139	177
140	473
141	461
142	530
143	443
144	640
145	571
146	471
147	460
148	314
149	68
150	323
151	256
152	565
153	352
154	186
155	699
156	390
157	501
158	36
159	4
160	66
161	415
162	63
163	530
164	577
165	66
166	581
167	154
168	51
169	227
170	676
171	456
172	5
173	580
174	484
175	211
176	136
177	275
178	503
179	341
180	47
181	193
182	207
183	479
184	166
185	309
186	327
187	514
188	73
189	201
190	615
191	407
192	586
193	127
194	532
195	438
196	258
197	370
198	386
199	45
200	107
201	381
202	189
203	14
204	393
205	465
206	676
207	537
208	308
209	587
210	438
211	525
212	494
213	366
214	446
215	134
216	414
217	573
218	616
219	408
220	76
221	553
222	582
223	165
224	382
225	539
226	507
227	617
228	571
229	60
230	367
231	367
232	38
233	487
234	643
235	205
236	134
237	83
238	350
239	494
240	567
241	412
242	118
243	525
244	176
245	585
246	400
247	331
248	491
249	258
250	650
251	8
252	416
253	401
254	203
255	165
256	385
257	597
258	322
259	432
260	557
261	29
262	77
263	397
264	180
265	19
266	106
267	96
268	444
269	489
270	537
271	335
272	90
273	176
274	247
275	281
276	631
277	670
278	113
279	146
280	166
281	389
282	538
283	183
284	196
285	276
286	451
287	689
288	34
289	210
290	337
291	79
292	450
293	196
294	72
295	21
296	293
297	167
298	517
299	501
300	236
301	559
302	437
303	312
304	125
305	71
306	281
307	588
308	697
309	568
310	295
311	54
312	599
313	684
314	101
315	215
316	180
317	491
318	431
319	667
320	209
321	279
322	688
323	416
324	612
325	152
326	283
327	627
328	489
329	25
330	241
331	339
332	405
333	69
334	334
335	660
336	417
337	202
338	668
339	84
340	118
341	64
342	598
343	686
344	650
345	439
346	618
347	380
348	279
349	488
350	205
351	316
352	559
353	466
354	611
355	695
356	521
357	464
358	562
359	409
360	430
361	415
362	665
363	131
364	665
365	260
366	546
367	334
368	356
369	392
370	135
371	20
372	14
373	370
374	79
375	186
376	139
377	18
378	671
379	174
380	586
381	321
382	260
383	380
384	505
385	22
386	664
387	306
388	301
389	653
390	307
391	558
392	496
393	38
394	290
395	131
396	658
397	55
398	210
399	349
400	500
401	528
402	417
403	468
404	137
405	311
406	532
407	305
408	377
409	133
410	319
411	284
412	372
413	107
414	358
415	527
416	291
417	313
418	128
419	9
420	170
421	448
422	7
423	548
424	318
425	427
426	374
427	363
428	613
429	485
430	410
431	267
432	642
433	116
434	123
435	162
436	679
437	439
438	357
439	424
440	307
441	241
442	127
443	375
444	395
445	211
446	498
447	153
448	99
449	546
450	578
451	255
452	272
453	606
454	348
455	5
456	498
457	591
458	540
459	286
460	669
461	497
462	445
463	141
464	285
465	688
466	183
467	568
468	144
469	646
470	44
471	250
472	423
473	218
474	656
475	51
476	551
477	414
478	309
479	458
480	536
481	520
482	3
483	689
484	354
485	570
486	167
487	362
488	353
489	513
490	664
491	409
492	612
493	92
494	110
495	216
496	541
497	531
498	544
499	209
500	399
501	690
502	226
503	261
504	74
505	625
506	89
507	55
508	431
509	485
510	408
511	137
512	36
513	233
514	526
515	575
516	434
517	358
518	27
519	585
520	312
521	65
522	400
523	201
524	163
525	325
526	624
527	7
528	402
529	682
530	508
531	94
532	406
533	315
534	237
535	337
536	580
537	398
538	372
539	297
540	454
541	674
542	377
543	454
544	303
545	543
546	680
547	261
548	490
549	670
550	399
551	41
552	171
553	658
554	552
555	64
556	88
557	379
558	77
559	391
560	638
561	22
562	515
563	678
564	311
565	465
566	432
567	584
568	252
569	692
570	554
571	291
572	502
573	199
574	276
575	424
576	267
577	361
578	435
579	226
580	654
581	278
582	290
583	132
584	468
585	245
586	450
587	443
588	26
589	567
590	627
591	60
592	595
593	510
594	614
595	187
596	558
597	89
598	490
599	108
600	269
601	109
602	632
603	626
604	495
605	308
606	315
607	461
608	282
609	681
610	598
611	125
612	245
613	604
614	531
615	300
616	306
617	78
618	200
619	613
620	405
621	428
622	204
623	569
624	221
625	181
626	93
627	203
628	361
629	681
630	120
631	592
632	296
633	678
634	466
635	630
636	564
637	298
638	610
639	269
640	570
641	195
642	280
643	679
644	574
645	91
646	673
647	223
648	192
649	418
650	227
651	596
652	324
653	294
654	682
655	170
656	1
657	139
658	28
659	565
660	271
661	566
662	402
663	544
664	572
665	82
666	388
667	687
668	179
669	83
670	354
671	56
672	329
673	99
674	639
675	222
676	50
677	57
678	120
679	231
680	411
681	58
682	52
683	212
684	97
685	463
686	122
687	88
688	601
689	9
690	610
691	195
692	156
693	98
694	473
695	666
696	637
697	87
698	621
699	342
700	359
701	177
702	174
703	46
704	225
705	282
706	287
707	696
708	469
709	28
710	509
711	365
712	446
713	338
714	214
715	574
716	425
717	213
718	508
719	363
720	509
721	190
722	325
723	695
724	357
725	433
726	122
727	98
728	520
729	82
730	155
731	542
732	252
733	182
734	297
735	684
736	397
737	75
738	161
739	632
740	6
741	199
742	190
743	17
744	163
745	393
746	289
747	53
748	619
749	197
750	16
751	155
752	12
753	350
754	605
755	342
756	462
757	234
758	653
759	152
760	573
761	600
762	319
763	70
764	218
765	633
766	231
767	112
768	215
769	273
770	411
771	86
772	202
773	265
774	477
775	330
776	278
777	154
778	239
779	345
780	76
781	273
782	548
783	550
784	583
785	513
786	523
787	502
788	148
789	407
790	699
791	497
792	326
793	480
794	600
795	667
796	435
797	452
798	469
799	492
800	524
801	536
802	480
803	486
804	560
805	478
806	615
807	692
808	562
809	72
810	251
811	289
812	420
813	242
814	339
815	151
816	479
817	602
818	320
819	685
820	423
821	104
822	441
823	625
824	129
825	518
826	164
827	182
828	452
829	616
830	33
831	660
832	141
833	506
834	242
835	133
836	264
837	419
838	101
839	35
840	100
841	504
842	674
843	606
844	451
845	576
846	582
847	369
848	93
849	607
850	589
851	192
852	527
853	540
854	228
855	594
856	471
857	213
858	666
859	522
860	249
861	505
862	298
863	476
864	410
865	418
866	41
867	287
868	212
869	151
870	487
871	229
872	304
873	373
874	320
875	106
876	80
877	366
878	52
879	216
880	224
881	677
882	62
883	95
884	27
885	624
886	188
887	545
888	481
889	698
890	680
891	387
892	579
893	552
894	86
895	640
896	344
897	449
898	587
899	219
900	474
901	168
902	317
903	512
904	662
905	149
906	11
907	124
908	662
909	23
910	32
911	111
912	549
913	343
914	560
915	49
916	162
917	333
918	422
919	150
920	74
921	123
922	638
923	392
924	383
925	142
926	56
927	440
928	419
929	230
930	572
931	321
932	601
933	68
934	333
935	359
936	150
937	578
938	492
939	254
940	53
941	145
942	247
943	429
944	538
945	384
946	412
947	426
948	634
949	49
950	25
951	206
952	57
953	453
954	395
955	499
956	4
957	46
958	581
959	576
960	529
961	97
962	30
963	636
964	124
965	219
966	140
967	332
968	605
969	257
970	300
971	553
972	33
973	685
974	87
975	483
976	104
977	294
978	37
979	173
980	369
981	512
982	239
983	304
984	160
985	336
986	147
987	550
988	324
989	132
990	144
991	175
992	204
993	345
994	464
995	375
996	663
997	371
998	126
999	426
1000	700
1001	687
1002	481
1003	254
1004	114
1005	360
1006	499
1007	671
1008	244
1009	18
1010	617
1011	102
1012	302
1013	421
1014	138
1015	628
1016	672
1017	250
1018	589
1019	631
1020	630
1021	224
1022	6
1023	404
1024	604
1025	596
1026	422
1027	179
1028	31
1029	511
1030	360
1031	129
1032	111
1033	317
1034	636
1035	517
1036	593
1037	533
1038	181
1039	318
1040	577
1041	332
1042	59
1043	43
1044	590
1045	117
1046	524
1047	135
1048	356
1049	259
1050	609
1051	142
1052	47
1053	390
1054	599
1055	58
1056	391
1057	482
1058	379
1059	535
1060	633
1061	629
1062	229
1063	569
1064	467
1065	26
1066	635
1067	197
1068	15
1069	475
1070	609
1071	92
1072	280
1073	675
1074	462
1075	381
1076	17
1077	657
1078	116
1079	647
1080	338
1081	103
1082	607
1083	519
1084	214
1085	518
1086	95
1087	10
1088	173
1089	59
1090	519
1091	232
1092	194
1093	161
1094	404
1095	336
1096	243
1097	425
1098	160
1099	184
1100	149
1101	470
1102	327
1103	654
1104	449
1105	634
1106	698
1107	661
1108	663
1109	2
1110	385
1111	697
1112	103
1113	575
1114	353
1115	43
1116	420
1117	110
1118	657
1119	403
1120	262
1121	328
1122	340
1123	102
1124	286
1125	433
1126	368
1127	262
1128	248
1129	472
1130	384
1131	510
1132	263
1133	266
1134	579
1135	84
1136	647
1137	40
1138	403
1139	293
1140	85
1141	648
1142	115
1143	394
1144	207
1145	3
1146	493
1147	323
1148	436
1149	42
1150	288
1151	340
1152	470
1153	305
1154	683
1155	584
1156	495
1157	157
1158	13
1159	244
1160	675
1161	343
1162	493
1163	651
1164	78
1165	594
1166	590
1167	394
1168	200
1169	69
1170	482
1171	442
1172	467
1173	185
1174	437
1175	641
1176	266
1177	516
1178	283
1179	371
1180	140
1181	109
1182	12
1183	629
1184	285
1185	50
1186	13
1187	24
1188	35
1189	677
1190	603
1191	441
1192	628
1193	644
1194	220
1195	529
1196	96
1197	114
1198	611
1199	268
1200	157
1201	184
1202	235
1203	549
1204	496
1205	15
1206	346
1207	455
1208	659
1209	661
1210	522
1211	255
1212	515
1213	421
1214	156
1215	63
1216	45
1217	121
1218	429
1219	143
1220	248
1221	263
1222	30
1223	270
1224	148
1225	292
1226	299
1227	274
1228	398
1229	39
1230	355
1231	436
1232	11
1233	159
1234	444
1235	564
1236	284
1237	253
1238	172
1239	130
1240	331
1241	259
1242	37
1243	169
1244	472
1245	696
1246	460
1247	648
1248	119
1249	187
1250	378
1251	232
1252	602
1253	126
1254	316
1255	521
1256	2
1257	168
1258	511
1259	555
1260	253
1261	382
1262	603
1263	328
1264	221
1265	217
1266	42
1267	81
1268	595
1269	115
1270	164
1271	225
1272	396
1273	430
1274	364
1275	326
1276	275
1277	561
1278	455
1279	299
1280	533
1281	175
1282	105
1283	130
1284	270
1285	368
1286	48
1287	235
1288	475
1289	355
1290	240
1291	457
1292	593
1293	639
1294	700
1295	440
1296	117
1297	146
1298	233
1299	344
1300	330
1301	622
1302	659
1303	238
1304	641
1305	500
1306	61
1307	234
1308	503
1309	61
1310	406
1311	364
1312	457
1313	29
1314	373
1315	691
1316	292
1317	583
1318	73
1319	597
1320	159
1321	656
1322	556
1323	592
1324	246
1325	32
1326	445
1327	691
1328	1
1329	614
1330	483
1331	541
1332	626
1333	178
1334	16
1335	288
1336	644
1337	246
1338	523
1339	476
1340	608
1341	488
1342	105
1343	442
1344	172
1345	100
1346	222
1347	322
1348	528
1349	651
1350	48
1351	251
1352	453
1353	158
1354	194
1355	188
1356	296
1357	561
1358	463
1359	94
1360	238
1361	108
1362	240
1363	119
1364	198
1365	376
1366	143
1367	635
1368	388
1369	274
1370	478
1371	40
1372	158
1373	555
1374	383
1375	622
1376	136
1377	378
1378	448
1379	138
1380	24
1381	387
1382	198
1383	112
1384	191
1385	185
1386	171
1387	302
1388	236
1389	329
1390	556
1391	693
1392	396
1393	189
1394	191
1395	249
1396	268
1397	693
1398	563
1399	506
1400	563
