Class Times	8
Rooms	100
1	586
2	452
3	372
4	860
5	666
6	30
7	295
8	295
9	148
10	859
11	330
12	824
13	323
14	550
15	455
16	528
17	168
18	140
19	785
20	897
21	640
22	595
23	578
24	133
25	721
26	395
27	485
28	394
29	376
30	428
31	398
32	702
33	994
34	438
35	663
36	972
37	38
38	270
39	805
40	720
41	402
42	720
43	244
44	756
45	227
46	982
47	383
48	24
49	795
50	426
51	664
52	501
53	138
54	581
55	963
56	52
57	923
58	601
59	290
60	948
61	412
62	181
63	880
64	891
65	119
66	107
67	636
68	956
69	769
70	550
71	993
72	978
73	803
74	993
75	367
76	241
77	660
78	182
79	39
80	236
81	305
82	499
83	570
84	480
85	240
86	653
87	598
88	380
89	292
90	991
91	810
92	788
93	705
94	900
95	760
96	93
97	423
98	648
99	454
100	268
Classes	100
Teachers	50
1	42
2	50
3	25
4	26
5	13
6	8
7	42
8	44
9	4
10	25
11	44
12	14
13	32
14	24
15	38
16	5
17	16
18	45
19	39
20	38
21	28
22	28
23	23
24	23
25	31
26	22
27	3
28	2
29	4
30	12
31	27
32	37
33	45
34	13
35	40
36	15
37	10
38	11
39	27
40	26
41	37
42	6
43	40
44	50
45	6
46	17
47	14
48	17
49	5
50	21
51	36
52	32
53	31
54	19
55	33
56	11
57	36
58	47
59	43
60	46
61	19
62	8
63	22
64	29
65	9
66	1
67	12
68	24
69	49
70	34
71	46
72	3
73	43
74	9
75	47
76	10
77	29
78	49
79	34
80	48
81	7
82	2
83	21
84	35
85	18
86	16
87	35
88	48
89	33
90	39
91	7
92	15
93	30
94	20
95	30
96	18
97	1
98	20
99	41
100	41
