Class Times	8
Rooms	100
1	44
2	581
3	148
4	379
5	588
6	145
7	758
8	243
9	945
10	425
11	399
12	177
13	874
14	318
15	575
16	164
17	445
18	363
19	188
20	875
21	303
22	551
23	346
24	798
25	358
26	366
27	691
28	827
29	277
30	194
31	945
32	223
33	283
34	23
35	179
36	810
37	87
38	578
39	348
40	308
41	639
42	527
43	373
44	224
45	268
46	417
47	449
48	15
49	119
50	92
51	874
52	626
53	438
54	161
55	368
56	573
57	501
58	567
59	272
60	726
61	727
62	176
63	487
64	770
65	118
66	225
67	393
68	297
69	224
70	683
71	678
72	98
73	280
74	154
75	558
76	56
77	670
78	487
79	983
80	623
81	250
82	517
83	380
84	140
85	817
86	267
87	294
88	347
89	190
90	118
91	540
92	139
93	298
94	978
95	765
96	478
97	447
98	754
99	152
100	512
Classes	100
Teachers	50
1	48
2	5
3	23
4	25
5	22
6	3
7	9
8	30
9	2
10	31
11	43
12	25
13	45
14	35
15	6
16	11
17	6
18	40
19	20
20	20
21	4
22	35
23	18
24	29
25	10
26	13
27	9
28	3
29	44
30	40
31	16
32	34
33	41
34	24
35	14
36	41
37	22
38	21
39	21
40	18
41	49
42	4
43	30
44	8
45	45
46	5
47	13
48	1
49	34
50	46
51	11
52	8
53	44
54	46
55	31
56	16
57	43
58	1
59	24
60	42
61	48
62	42
63	28
64	36
65	23
66	50
67	26
68	37
69	2
70	19
71	47
72	10
73	39
74	12
75	28
76	32
77	47
78	37
79	29
80	39
81	15
82	49
83	19
84	17
85	33
86	38
87	32
88	12
89	7
90	14
91	26
92	33
93	38
94	17
95	7
96	15
97	27
98	50
99	36
100	27
