Class Times	8
Rooms	100
1	63
2	815
3	363
4	252
5	73
6	455
7	685
8	483
9	60
10	945
11	402
12	112
13	949
14	915
15	77
16	252
17	656
18	989
19	681
20	307
21	933
22	325
23	839
24	760
25	690
26	548
27	977
28	301
29	469
30	667
31	483
32	708
33	355
34	15
35	160
36	523
37	562
38	787
39	823
40	810
41	35
42	186
43	145
44	711
45	82
46	929
47	629
48	852
49	729
50	496
51	143
52	892
53	661
54	628
55	766
56	938
57	214
58	791
59	811
60	987
61	584
62	583
63	495
64	42
65	876
66	400
67	894
68	684
69	784
70	593
71	107
72	678
73	50
74	172
75	959
76	462
77	514
78	483
79	314
80	657
81	847
82	570
83	77
84	486
85	731
86	909
87	869
88	349
89	505
90	348
91	624
92	304
93	439
94	486
95	223
96	343
97	75
98	259
99	26
100	174
Classes	100
Teachers	50
1	31
2	47
3	25
4	1
5	5
6	24
7	34
8	12
9	13
10	21
11	42
12	32
13	44
14	32
15	27
16	27
17	26
18	35
19	37
20	35
21	47
22	18
23	20
24	31
25	5
26	6
27	12
28	40
29	28
30	37
31	2
32	48
33	25
34	17
35	8
36	14
37	28
38	10
39	15
40	3
41	48
42	45
43	49
44	10
45	7
46	11
47	8
48	41
49	17
50	33
51	2
52	19
53	14
54	16
55	44
56	29
57	16
58	45
59	33
60	41
61	34
62	49
63	1
64	39
65	40
66	21
67	3
68	7
69	23
70	6
71	9
72	30
73	22
74	24
75	46
76	9
77	20
78	26
79	13
80	19
81	22
82	30
83	46
84	38
85	11
86	50
87	23
88	42
89	15
90	18
91	43
92	50
93	36
94	29
95	36
96	43
97	39
98	4
99	38
100	4
