Class Times	8
Rooms	100
1	623
2	649
3	591
4	752
5	383
6	43
7	965
8	687
9	471
10	603
11	133
12	429
13	43
14	804
15	388
16	607
17	655
18	494
19	216
20	938
21	221
22	655
23	541
24	861
25	380
26	83
27	619
28	329
29	920
30	981
31	284
32	511
33	598
34	580
35	19
36	478
37	157
38	670
39	482
40	471
41	371
42	942
43	614
44	558
45	549
46	674
47	165
48	24
49	506
50	461
51	817
52	827
53	457
54	684
55	984
56	260
57	694
58	681
59	577
60	837
61	622
62	535
63	598
64	614
65	160
66	416
67	918
68	625
69	872
70	388
71	62
72	273
73	370
74	403
75	430
76	835
77	110
78	693
79	797
80	291
81	256
82	801
83	295
84	460
85	812
86	789
87	540
88	174
89	402
90	18
91	354
92	88
93	284
94	508
95	984
96	446
97	591
98	296
99	683
100	592
Classes	100
Teachers	50
1	7
2	33
3	33
4	47
5	47
6	41
7	15
8	20
9	40
10	15
11	37
12	18
13	17
14	8
15	4
16	18
17	30
18	37
19	42
20	2
21	43
22	16
23	40
24	13
25	44
26	30
27	9
28	45
29	49
30	10
31	14
32	6
33	8
34	36
35	13
36	22
37	48
38	48
39	7
40	38
41	34
42	46
43	31
44	50
45	21
46	20
47	29
48	43
49	9
50	12
51	24
52	45
53	22
54	42
55	21
56	50
57	4
58	41
59	3
60	17
61	1
62	29
63	19
64	16
65	28
66	24
67	36
68	10
69	38
70	34
71	25
72	32
73	12
74	14
75	32
76	44
77	49
78	23
79	26
80	3
81	25
82	28
83	27
84	1
85	5
86	5
87	6
88	31
89	11
90	39
91	19
92	35
93	27
94	11
95	46
96	39
97	35
98	23
99	2
100	26
