Class Times	8
Rooms	100
1	700
2	846
3	627
4	834
5	216
6	90
7	369
8	276
9	428
10	646
11	938
12	342
13	105
14	771
15	450
16	623
17	181
18	239
19	986
20	523
21	633
22	324
23	687
24	919
25	395
26	49
27	434
28	901
29	277
30	988
31	298
32	41
33	56
34	39
35	72
36	96
37	961
38	367
39	624
40	724
41	987
42	807
43	308
44	598
45	916
46	419
47	253
48	175
49	849
50	339
51	881
52	345
53	66
54	890
55	659
56	734
57	684
58	230
59	540
60	743
61	354
62	697
63	26
64	996
65	373
66	308
67	132
68	103
69	359
70	314
71	336
72	976
73	362
74	175
75	886
76	111
77	361
78	229
79	326
80	302
81	114
82	757
83	603
84	264
85	291
86	255
87	544
88	32
89	811
90	522
91	930
92	49
93	524
94	134
95	529
96	809
97	691
98	655
99	590
100	760
Classes	100
Teachers	50
1	18
2	11
3	16
4	47
5	7
6	1
7	43
8	11
9	26
10	14
11	12
12	48
13	21
14	32
15	27
16	39
17	7
18	38
19	24
20	37
21	40
22	48
23	33
24	47
25	3
26	3
27	15
28	1
29	41
30	16
31	2
32	36
33	17
34	35
35	9
36	15
37	20
38	32
39	35
40	46
41	19
42	24
43	45
44	25
45	17
46	40
47	46
48	28
49	2
50	5
51	30
52	23
53	41
54	50
55	25
56	19
57	39
58	36
59	45
60	6
61	13
62	10
63	29
64	42
65	20
66	30
67	43
68	44
69	26
70	42
71	12
72	34
73	49
74	4
75	9
76	50
77	18
78	34
79	38
80	49
81	27
82	31
83	6
84	22
85	44
86	31
87	4
88	23
89	33
90	22
91	13
92	29
93	5
94	28
95	14
96	10
97	37
98	21
99	8
100	8
