Class Times	8
Rooms	20
1	346
2	118
3	779
4	585
5	681
6	657
7	152
8	268
9	915
10	64
11	200
12	523
13	273
14	332
15	161
16	550
17	494
18	114
19	284
20	57
Classes	100
Teachers	50
1	42
2	38
3	27
4	10
5	24
6	1
7	30
8	30
9	40
10	3
11	18
12	8
13	31
14	10
15	31
16	43
17	7
18	2
19	47
20	13
21	3
22	21
23	6
24	21
25	15
26	7
27	19
28	46
29	46
30	50
31	41
32	1
33	39
34	49
35	28
36	17
37	23
38	32
39	47
40	20
41	33
42	34
43	20
44	34
45	16
46	28
47	13
48	19
49	22
50	39
51	27
52	4
53	45
54	22
55	50
56	42
57	38
58	35
59	43
60	24
61	8
62	35
63	17
64	4
65	2
66	5
67	37
68	9
69	33
70	15
71	36
72	6
73	12
74	16
75	11
76	37
77	9
78	14
79	49
80	26
81	5
82	45
83	29
84	48
85	48
86	36
87	41
88	11
89	29
90	32
91	23
92	40
93	44
94	25
95	18
96	25
97	12
98	44
99	14
100	26
