Class Times	8
Rooms	20
1	692
2	497
3	142
4	596
5	963
6	649
7	15
8	275
9	733
10	599
11	710
12	39
13	94
14	518
15	295
16	314
17	171
18	635
19	563
20	830
Classes	100
Teachers	50
1	43
2	22
3	3
4	34
5	32
6	22
7	4
8	5
9	21
10	2
11	25
12	41
13	34
14	48
15	7
16	17
17	19
18	12
19	1
20	26
21	26
22	43
23	20
24	46
25	15
26	50
27	37
28	33
29	7
30	1
31	23
32	44
33	16
34	40
35	23
36	16
37	25
38	44
39	19
40	46
41	47
42	5
43	37
44	14
45	28
46	2
47	45
48	15
49	28
50	18
51	30
52	9
53	24
54	49
55	21
56	50
57	35
58	17
59	9
60	4
61	36
62	11
63	42
64	24
65	45
66	40
67	11
68	36
69	30
70	32
71	10
72	27
73	6
74	8
75	39
76	33
77	39
78	38
79	18
80	10
81	12
82	49
83	41
84	38
85	48
86	47
87	31
88	42
89	6
90	20
91	31
92	8
93	13
94	13
95	27
96	35
97	3
98	14
99	29
100	29
