Class Times	8
Rooms	20
1	483
2	971
3	131
4	326
5	773
6	692
7	346
8	53
9	254
10	560
11	490
12	658
13	90
14	114
15	123
16	175
17	590
18	961
19	762
20	295
Classes	100
Teachers	50
1	23
2	42
3	31
4	50
5	3
6	43
7	2
8	30
9	11
10	40
11	25
12	32
13	28
14	16
15	23
16	37
17	46
18	22
19	31
20	43
21	30
22	25
23	24
24	2
25	34
26	17
27	42
28	35
29	1
30	4
31	16
32	20
33	21
34	28
35	34
36	24
37	49
38	15
39	10
40	1
41	36
42	5
43	15
44	49
45	21
46	44
47	41
48	10
49	20
50	32
51	8
52	40
53	41
54	38
55	17
56	6
57	12
58	6
59	29
60	36
61	38
62	48
63	3
64	12
65	35
66	45
67	45
68	22
69	48
70	47
71	39
72	9
73	13
74	13
75	26
76	29
77	11
78	7
79	47
80	9
81	26
82	27
83	46
84	37
85	27
86	5
87	50
88	39
89	18
90	14
91	14
92	18
93	19
94	8
95	19
96	7
97	33
98	44
99	33
100	4
