Class Times	8
Rooms	20
1	290
2	733
3	249
4	368
5	198
6	971
7	716
8	995
9	757
10	661
11	261
12	939
13	310
14	67
15	71
16	563
17	495
18	768
19	120
20	809
Classes	100
Teachers	50
1	42
2	48
3	43
4	41
5	5
6	29
7	26
8	17
9	43
10	19
11	1
12	15
13	14
14	2
15	3
16	18
17	22
18	25
19	50
20	27
21	31
22	20
23	48
24	18
25	44
26	16
27	6
28	30
29	4
30	42
31	10
32	23
33	50
34	36
35	46
36	26
37	3
38	44
39	12
40	23
41	32
42	25
43	41
44	15
45	13
46	17
47	24
48	31
49	12
50	16
51	27
52	2
53	30
54	22
55	4
56	11
57	9
58	20
59	14
60	33
61	21
62	38
63	45
64	5
65	36
66	37
67	7
68	13
69	47
70	21
71	29
72	49
73	9
74	40
75	19
76	7
77	38
78	10
79	46
80	35
81	33
82	8
83	8
84	6
85	35
86	49
87	45
88	47
89	40
90	28
91	1
92	32
93	39
94	34
95	11
96	28
97	34
98	37
99	39
100	24
