Class Times	8
Rooms	20
1	604
2	663
3	81
4	68
5	385
6	221
7	64
8	114
9	590
10	373
11	281
12	879
13	616
14	177
15	408
16	348
17	280
18	443
19	600
20	527
Classes	100
Teachers	50
1	40
2	50
3	44
4	18
5	13
6	20
7	13
8	22
9	12
10	15
11	41
12	33
13	16
14	11
15	33
16	44
17	50
18	43
19	26
20	27
21	36
22	31
23	20
24	29
25	27
26	28
27	35
28	19
29	37
30	7
31	22
32	25
33	6
34	39
35	15
36	35
37	23
38	17
39	21
40	48
41	31
42	30
43	28
44	32
45	40
46	9
47	29
48	24
49	10
50	26
51	19
52	18
53	24
54	11
55	9
56	30
57	10
58	1
59	37
60	34
61	1
62	42
63	43
64	36
65	16
66	39
67	25
68	14
69	42
70	5
71	5
72	2
73	2
74	47
75	38
76	48
77	7
78	47
79	12
80	49
81	21
82	46
83	4
84	14
85	3
86	6
87	38
88	4
89	17
90	49
91	41
92	8
93	8
94	3
95	45
96	34
97	46
98	23
99	45
100	32
