Students	5000
1	69 65 1 42
2	1 38 75 41
3	31 40 26 27
4	10 24 34 6
5	63 14 11 46
6	27 84 17 90
7	30 5 87 3
8	76 22 5 6
9	82 57 12 2
10	7 98 66 60
11	42 41 50 98
12	47 51 60 98
13	78 96 94 14
14	30 95 90 96
15	46 23 41 56
16	25 70 55 19
17	54 63 75 45
18	22 6 59 2
19	57 24 62 100
20	74 24 35 42
21	55 44 58 47
22	76 43 97 67
23	44 84 66 40
24	81 65 98 8
25	34 23 74 61
26	70 35 36 3
27	56 24 39 32
28	36 45 43 13
29	36 19 64 53
30	33 83 60 62
31	60 24 12 53
32	63 88 7 34
33	23 34 78 86
34	70 79 25 90
35	13 22 63 65
36	83 1 44 55
37	52 41 59 81
38	81 21 28 75
39	2 40 97 60
40	1 97 42 78
41	71 88 100 21
42	6 38 46 12
43	42 90 40 47
44	60 63 37 19
45	54 21 51 81
46	97 33 24 45
47	21 78 86 51
48	82 11 75 96
49	9 14 96 90
50	18 64 17 39
51	76 4 78 33
52	88 92 91 78
53	69 57 38 2
54	56 37 33 64
55	21 67 85 84
56	28 66 24 76
57	82 12 49 14
58	53 99 94 17
59	70 57 45 38
60	35 25 43 50
61	53 17 14 71
62	27 19 51 13
63	23 6 58 9
64	84 94 52 12
65	60 87 68 4
66	70 41 86 100
67	81 98 9 36
68	25 89 41 4
69	48 19 53 87
70	99 11 4 6
71	49 17 79 73
72	19 8 17 28
73	15 46 79 41
74	15 52 30 49
75	84 96 48 79
76	43 19 3 25
77	13 37 38 63
78	51 31 37 16
79	62 33 21 80
80	64 45 9 80
81	20 87 24 52
82	69 51 72 97
83	49 38 81 80
84	62 98 6 69
85	19 68 20 58
86	90 59 54 9
87	77 30 45 33
88	17 30 40 62
89	88 43 1 89
90	64 30 87 86
91	27 88 15 50
92	54 58 79 41
93	10 45 78 26
94	34 9 54 92
95	60 53 46 69
96	92 84 37 63
97	1 68 57 40
98	98 52 16 20
99	77 57 65 52
100	54 26 80 63
101	49 21 79 84
102	96 89 75 91
103	2 64 84 100
104	60 33 2 88
105	59 26 95 28
106	59 5 53 13
107	95 41 13 48
108	35 52 41 97
109	47 33 39 2
110	41 9 19 50
111	38 24 75 39
112	81 42 49 57
113	75 95 82 69
114	79 62 13 65
115	18 40 8 55
116	52 95 43 5
117	47 82 88 20
118	48 54 20 29
119	83 54 64 70
120	23 71 87 22
121	77 56 75 7
122	87 97 85 90
123	37 49 33 87
124	6 11 37 84
125	87 47 77 6
126	65 16 46 1
127	15 80 81 7
128	91 64 98 20
129	17 98 10 16
130	83 88 45 71
131	27 100 54 30
132	62 81 99 37
133	16 24 61 57
134	27 53 51 31
135	91 4 86 19
136	22 18 3 95
137	31 6 80 92
138	67 63 38 94
139	99 19 77 92
140	50 51 85 62
141	29 41 57 98
142	97 32 89 16
143	32 100 79 25
144	5 29 69 89
145	42 11 22 14
146	43 18 71 25
147	27 30 5 95
148	46 38 94 72
149	14 78 73 56
150	5 46 17 87
151	99 42 24 18
152	96 9 59 91
153	34 55 11 9
154	92 19 44 66
155	17 78 82 40
156	29 61 10 86
157	54 4 36 14
158	12 28 57 48
159	78 86 73 16
160	85 27 14 90
161	69 76 49 28
162	6 47 53 8
163	65 19 63 25
164	8 96 61 1
165	64 31 36 62
166	52 20 84 78
167	25 9 49 88
168	37 44 59 72
169	70 83 75 20
170	48 54 62 50
171	91 47 20 66
172	89 41 17 60
173	84 33 6 93
174	72 100 99 23
175	36 81 54 67
176	23 62 32 63
177	19 9 30 84
178	73 75 25 33
179	18 49 94 84
180	32 18 22 11
181	21 49 65 39
182	49 16 20 61
183	97 93 94 36
184	79 41 86 9
185	85 51 99 14
186	38 90 88 59
187	10 7 57 93
188	57 59 90 5
189	70 99 5 86
190	25 1 35 41
191	26 58 93 71
192	69 7 8 28
193	2 58 35 62
194	94 85 33 46
195	4 26 64 41
196	40 49 65 18
197	70 7 63 36
198	69 58 85 31
199	77 25 11 18
200	58 66 34 87
201	35 71 21 74
202	3 18 94 43
203	88 98 46 92
204	42 3 8 35
205	37 1 54 41
206	21 65 92 89
207	29 43 3 71
208	88 33 62 31
209	48 25 50 91
210	98 91 90 59
211	47 75 36 34
212	88 32 12 62
213	52 75 16 86
214	63 84 78 62
215	89 69 20 55
216	25 43 10 72
217	79 32 21 37
218	36 61 94 4
219	78 80 33 4
220	81 78 60 68
221	63 2 37 96
222	69 2 1 70
223	77 49 16 46
224	100 79 59 41
225	44 58 88 92
226	41 82 37 50
227	47 4 91 56
228	38 95 79 93
229	35 38 82 43
230	81 17 8 85
231	4 37 54 73
232	78 51 47 87
233	14 23 87 44
234	52 3 45 35
235	63 77 17 41
236	14 79 46 74
237	81 64 12 11
238	78 56 63 91
239	56 49 7 63
240	77 35 7 87
241	68 52 7 3
242	79 33 9 53
243	40 45 61 68
244	19 20 90 100
245	19 16 51 40
246	61 8 9 48
247	4 92 88 52
248	88 43 76 80
249	70 99 86 89
250	81 24 42 78
251	42 95 92 46
252	39 13 14 76
253	1 57 23 91
254	81 45 4 1
255	50 83 60 33
256	70 55 7 36
257	39 57 34 40
258	58 92 56 1
259	68 96 69 100
260	96 68 12 42
261	29 92 85 52
262	13 14 49 3
263	69 75 11 81
264	82 3 97 19
265	30 93 76 11
266	45 71 12 66
267	66 40 27 87
268	84 24 12 100
269	63 11 33 17
270	50 82 18 100
271	28 34 16 30
272	10 15 67 18
273	24 61 90 21
274	47 100 78 14
275	17 40 25 30
276	98 65 42 94
277	78 6 43 65
278	75 51 36 88
279	54 13 64 78
280	63 78 49 3
281	44 2 92 83
282	68 82 25 18
283	54 62 85 81
284	59 79 18 1
285	40 24 48 92
286	39 53 12 75
287	73 78 43 26
288	97 39 53 91
289	30 9 69 18
290	46 22 79 56
291	74 7 85 13
292	93 90 48 65
293	74 15 44 41
294	80 45 4 74
295	52 63 72 47
296	22 37 16 43
297	33 62 56 41
298	14 39 56 26
299	23 29 26 65
300	91 90 33 20
301	83 14 50 3
302	28 5 93 97
303	12 62 24 13
304	9 91 37 66
305	69 91 80 89
306	25 94 73 33
307	61 54 81 70
308	40 6 57 55
309	95 38 81 49
310	13 96 20 23
311	66 88 57 49
312	88 34 78 6
313	14 87 10 28
314	46 80 67 100
315	56 43 71 95
316	48 84 27 46
317	85 74 61 21
318	38 83 70 76
319	62 30 24 86
320	17 20 37 18
321	15 20 41 57
322	90 33 50 43
323	70 44 10 52
324	78 1 86 27
325	83 78 24 93
326	44 18 64 78
327	28 6 45 16
328	87 48 24 92
329	27 78 76 95
330	18 92 33 17
331	91 14 3 47
332	81 100 78 29
333	89 66 68 52
334	46 9 74 75
335	38 17 88 46
336	60 76 45 69
337	16 73 22 95
338	93 82 88 3
339	34 9 86 70
340	35 68 17 15
341	14 55 16 85
342	7 62 75 53
343	62 48 95 68
344	81 94 56 70
345	38 54 43 40
346	90 13 12 57
347	68 72 47 2
348	75 16 33 97
349	97 40 96 50
350	10 2 94 55
351	75 3 1 41
352	87 62 19 33
353	72 97 57 21
354	68 49 60 51
355	4 78 92 21
356	62 5 27 90
357	58 26 14 8
358	13 16 99 90
359	4 47 64 3
360	5 77 41 89
361	81 1 30 34
362	95 13 93 82
363	71 4 39 79
364	51 23 64 24
365	57 86 23 5
366	3 46 47 1
367	18 64 88 98
368	2 34 6 60
369	82 100 52 95
370	54 21 63 22
371	5 100 30 36
372	96 57 92 85
373	97 3 89 55
374	89 42 38 64
375	21 79 73 45
376	56 37 29 75
377	80 31 41 18
378	46 89 49 22
379	57 7 74 40
380	92 12 91 55
381	91 93 94 34
382	51 58 91 10
383	38 56 27 29
384	33 24 16 2
385	30 77 74 90
386	55 54 34 53
387	99 35 62 82
388	65 64 15 27
389	85 31 46 90
390	99 78 25 42
391	78 99 39 1
392	29 89 37 59
393	2 15 98 72
394	41 91 86 15
395	38 70 12 85
396	83 71 26 27
397	17 57 48 6
398	68 86 74 62
399	22 45 32 54
400	1 17 69 30
401	8 77 95 5
402	31 93 59 39
403	60 67 87 63
404	5 82 11 70
405	9 88 44 70
406	88 30 43 82
407	21 23 29 85
408	18 84 89 12
409	30 98 68 25
410	8 34 90 4
411	54 79 46 35
412	89 45 9 6
413	89 16 33 50
414	75 2 84 94
415	37 18 72 98
416	62 9 11 74
417	85 99 11 70
418	67 41 89 35
419	32 66 91 28
420	47 41 25 70
421	31 51 58 21
422	66 19 41 2
423	76 8 95 37
424	40 56 87 31
425	8 13 72 39
426	15 25 87 16
427	67 22 79 86
428	9 12 22 20
429	57 96 26 79
430	35 68 3 28
431	70 54 89 88
432	68 55 64 16
433	6 77 90 24
434	83 2 74 70
435	62 47 100 89
436	3 33 26 48
437	47 56 83 95
438	32 20 13 71
439	35 14 85 79
440	32 72 33 98
441	29 80 63 32
442	62 36 6 59
443	95 81 3 10
444	21 6 94 61
445	18 13 1 34
446	2 71 59 100
447	31 36 43 85
448	61 50 77 24
449	47 15 62 46
450	12 73 19 15
451	16 74 77 15
452	39 65 29 54
453	95 36 46 64
454	46 81 13 30
455	39 22 1 9
456	36 30 91 8
457	99 67 59 83
458	54 89 47 22
459	11 9 69 81
460	24 65 58 86
461	69 45 42 24
462	5 40 54 49
463	66 50 52 98
464	67 55 75 70
465	10 66 100 25
466	33 35 65 32
467	27 51 76 79
468	26 76 77 7
469	62 71 86 70
470	42 44 48 63
471	23 77 8 21
472	26 23 8 32
473	35 1 46 5
474	36 67 44 45
475	73 19 1 30
476	57 82 72 33
477	89 27 25 59
478	25 53 91 75
479	65 54 36 61
480	85 100 14 22
481	69 18 95 63
482	55 98 6 51
483	9 3 89 13
484	55 33 41 29
485	88 46 49 63
486	81 46 36 4
487	28 76 26 16
488	55 27 79 43
489	55 47 19 93
490	15 81 67 72
491	26 1 83 49
492	39 33 19 31
493	50 53 76 56
494	99 80 15 32
495	82 69 17 99
496	40 10 77 91
497	80 52 85 72
498	19 56 14 35
499	98 1 66 35
500	38 61 5 21
501	83 72 25 43
502	9 59 100 24
503	98 60 6 33
504	57 15 28 21
505	64 19 40 45
506	29 8 76 23
507	57 91 34 75
508	67 83 39 47
509	90 75 45 89
510	21 28 71 46
511	12 83 33 47
512	77 57 6 92
513	66 91 35 2
514	39 99 32 22
515	7 48 72 67
516	12 93 100 70
517	48 50 10 2
518	64 27 72 67
519	12 28 79 50
520	46 24 61 99
521	30 96 76 37
522	17 49 96 92
523	18 58 82 7
524	83 97 89 48
525	70 60 67 98
526	23 35 31 37
527	85 86 79 2
528	35 83 90 69
529	94 38 39 32
530	98 93 27 83
531	11 83 57 14
532	48 3 54 66
533	7 37 73 45
534	70 92 18 93
535	97 84 23 69
536	47 43 8 90
537	32 66 7 24
538	17 12 72 65
539	6 14 68 86
540	32 49 52 99
541	40 16 20 60
542	26 11 90 31
543	64 41 49 52
544	95 24 98 27
545	90 47 32 78
546	6 81 32 1
547	57 74 16 96
548	1 26 58 37
549	84 79 85 53
550	43 18 44 7
551	62 83 20 1
552	26 86 27 39
553	59 1 21 58
554	70 96 80 91
555	99 78 86 74
556	64 54 71 39
557	31 46 4 95
558	5 80 38 90
559	3 41 58 55
560	1 78 56 95
561	12 91 27 83
562	99 67 9 77
563	8 54 72 69
564	25 95 97 2
565	98 35 96 100
566	74 79 53 61
567	10 60 56 51
568	15 70 75 33
569	67 9 100 65
570	2 64 61 76
571	12 2 92 33
572	74 35 95 25
573	64 95 82 34
574	80 54 9 38
575	11 79 88 93
576	16 87 35 42
577	95 57 31 46
578	14 80 10 68
579	19 16 75 52
580	77 48 32 46
581	21 84 62 48
582	67 82 58 29
583	48 95 26 20
584	81 23 60 14
585	53 28 98 95
586	28 37 11 56
587	100 50 69 60
588	46 9 57 19
589	25 39 35 94
590	36 11 65 74
591	82 73 96 11
592	33 83 20 16
593	55 14 71 76
594	52 96 100 63
595	85 62 79 97
596	1 85 67 52
597	74 63 43 11
598	18 92 93 37
599	15 25 10 24
600	25 77 10 21
601	62 79 24 94
602	59 30 44 100
603	74 64 28 99
604	20 89 23 5
605	30 2 92 62
606	49 39 54 59
607	26 88 87 56
608	16 48 97 26
609	67 34 6 68
610	26 50 35 6
611	80 35 25 21
612	26 29 65 96
613	49 50 79 87
614	63 20 88 9
615	25 60 71 16
616	57 78 91 7
617	25 69 23 89
618	99 51 26 40
619	67 6 90 4
620	98 34 82 32
621	2 1 49 68
622	75 1 3 6
623	61 58 9 77
624	72 42 60 49
625	62 23 9 90
626	57 22 49 89
627	34 92 78 47
628	53 61 9 7
629	86 6 67 29
630	58 72 59 51
631	41 98 43 35
632	95 67 86 79
633	16 46 53 88
634	25 68 84 24
635	13 67 79 1
636	19 100 81 33
637	92 25 19 78
638	43 60 4 38
639	94 64 78 16
640	10 83 71 65
641	33 89 91 37
642	49 74 13 86
643	34 3 98 39
644	24 4 44 83
645	44 20 19 23
646	46 92 51 44
647	1 60 74 42
648	75 48 88 77
649	86 92 35 59
650	57 45 27 19
651	75 41 88 79
652	8 48 67 17
653	57 10 48 25
654	87 58 96 47
655	76 39 24 36
656	90 3 53 26
657	91 88 56 84
658	39 17 73 38
659	82 16 61 64
660	27 86 71 52
661	45 77 100 43
662	18 44 71 84
663	73 87 39 67
664	10 17 74 51
665	28 84 33 61
666	19 1 72 82
667	92 2 63 14
668	38 57 77 62
669	70 26 67 31
670	83 61 81 36
671	28 63 62 66
672	64 48 97 39
673	49 34 37 24
674	54 14 24 36
675	56 98 100 69
676	79 15 80 60
677	31 85 87 60
678	87 13 81 42
679	78 1 17 44
680	10 96 19 37
681	70 29 64 35
682	80 52 71 2
683	68 1 35 57
684	13 68 95 98
685	83 49 82 43
686	34 47 33 96
687	4 14 65 81
688	78 93 87 5
689	9 57 82 46
690	60 66 67 80
691	39 9 4 56
692	81 85 34 39
693	2 23 19 1
694	93 18 14 71
695	56 63 93 22
696	46 86 56 61
697	15 87 27 37
698	76 97 22 1
699	87 15 96 11
700	10 53 39 86
701	4 60 36 29
702	47 100 24 12
703	29 1 35 99
704	59 46 76 33
705	17 11 80 15
706	2 54 65 67
707	24 63 2 43
708	55 30 8 7
709	63 40 46 93
710	92 31 6 43
711	39 77 26 36
712	47 69 52 85
713	74 13 45 98
714	37 16 58 87
715	94 11 90 10
716	75 88 76 24
717	41 100 7 35
718	4 86 33 25
719	27 100 41 25
720	30 83 45 9
721	4 83 76 36
722	43 45 98 73
723	9 30 13 89
724	33 41 44 2
725	11 82 14 66
726	32 60 13 22
727	29 93 28 80
728	51 90 63 77
729	77 98 74 88
730	29 35 2 12
731	85 51 20 54
732	90 23 60 62
733	88 9 72 56
734	11 58 100 99
735	92 75 63 5
736	68 82 23 51
737	75 72 85 15
738	13 90 58 57
739	76 23 54 72
740	1 58 78 95
741	61 87 52 88
742	98 82 70 38
743	4 49 93 91
744	22 63 44 52
745	91 85 12 81
746	6 87 28 77
747	21 8 57 29
748	2 79 20 78
749	86 49 4 23
750	45 77 35 39
751	11 72 52 37
752	34 2 78 53
753	81 3 12 36
754	28 91 12 21
755	90 17 94 19
756	26 22 82 99
757	47 91 42 3
758	67 88 77 65
759	2 6 57 9
760	89 100 57 33
761	94 54 40 57
762	83 59 5 55
763	73 97 83 88
764	28 58 86 51
765	17 86 13 43
766	87 38 80 82
767	56 57 45 97
768	68 77 7 39
769	24 93 96 99
770	40 9 88 22
771	52 34 2 16
772	78 68 28 66
773	64 22 85 63
774	10 93 37 47
775	4 52 99 26
776	68 66 93 97
777	38 15 26 16
778	65 85 91 67
779	7 9 96 69
780	76 55 69 28
781	62 7 22 2
782	81 45 48 83
783	50 94 14 67
784	71 39 24 41
785	25 73 23 91
786	61 82 3 79
787	17 69 59 80
788	33 3 26 20
789	42 99 75 77
790	71 83 87 4
791	100 58 48 96
792	97 28 85 88
793	19 31 79 27
794	65 70 57 7
795	89 58 30 100
796	63 67 5 45
797	52 10 58 22
798	41 91 78 32
799	60 65 19 53
800	7 84 35 25
801	51 26 44 55
802	47 74 91 73
803	54 44 80 55
804	20 28 91 55
805	27 46 75 41
806	14 18 59 37
807	97 91 55 31
808	35 52 67 70
809	31 1 62 52
810	38 68 21 69
811	9 24 52 20
812	16 63 38 10
813	56 39 82 72
814	21 100 9 96
815	89 8 26 56
816	33 75 52 24
817	70 16 37 97
818	90 27 54 40
819	73 1 43 53
820	64 57 13 47
821	100 47 31 16
822	98 99 93 20
823	67 56 96 83
824	98 66 85 43
825	90 73 72 14
826	16 1 73 10
827	54 22 29 9
828	38 92 72 4
829	10 75 20 47
830	11 18 27 20
831	98 9 61 25
832	60 53 55 4
833	68 83 3 57
834	20 35 79 69
835	70 44 97 49
836	61 43 18 42
837	29 77 16 40
838	53 9 96 95
839	94 40 49 89
840	82 95 12 35
841	13 53 79 6
842	71 1 47 66
843	48 58 78 91
844	8 30 66 99
845	41 34 61 74
846	30 67 93 5
847	82 38 4 75
848	52 31 60 96
849	67 26 98 23
850	32 40 31 53
851	26 33 3 64
852	46 39 20 37
853	14 22 60 9
854	8 54 78 32
855	94 27 66 43
856	17 98 44 4
857	21 62 6 24
858	80 61 84 11
859	64 26 6 17
860	65 54 39 47
861	19 2 28 91
862	88 35 89 22
863	2 55 84 24
864	71 51 5 36
865	69 84 70 15
866	49 69 97 56
867	66 93 59 49
868	10 16 24 52
869	42 63 28 30
870	38 60 22 42
871	67 55 4 10
872	73 54 1 87
873	13 99 23 75
874	16 61 93 25
875	9 40 10 49
876	73 98 34 30
877	66 37 28 35
878	79 39 45 18
879	10 32 83 13
880	13 32 69 79
881	1 26 64 47
882	25 4 97 72
883	99 55 29 27
884	96 38 62 77
885	65 49 30 27
886	62 58 70 76
887	68 48 55 22
888	94 28 42 76
889	52 38 68 95
890	62 74 16 2
891	91 49 54 100
892	100 87 41 84
893	47 86 89 83
894	42 95 74 63
895	42 14 56 49
896	49 24 27 48
897	9 81 6 64
898	10 11 75 52
899	68 5 64 36
900	77 1 73 75
901	5 20 45 31
902	21 56 57 67
903	2 32 95 49
904	49 13 36 96
905	56 98 46 15
906	34 36 63 56
907	28 9 66 80
908	4 27 54 50
909	57 31 48 83
910	38 30 25 82
911	93 51 32 69
912	16 82 43 11
913	90 72 67 76
914	40 26 50 77
915	25 40 56 73
916	69 34 2 26
917	99 6 35 7
918	38 17 44 97
919	45 40 12 65
920	40 36 56 99
921	88 42 15 50
922	60 12 72 1
923	3 59 88 100
924	61 55 96 99
925	65 66 28 83
926	9 81 23 80
927	56 53 4 79
928	86 64 4 32
929	95 60 58 63
930	66 93 37 45
931	48 39 72 68
932	98 5 99 57
933	30 75 97 55
934	48 80 32 11
935	87 26 32 63
936	82 24 52 14
937	1 92 89 63
938	88 31 55 75
939	89 54 10 8
940	16 25 44 78
941	18 13 84 14
942	50 96 66 100
943	84 49 53 93
944	44 13 59 70
945	1 64 32 3
946	10 62 39 64
947	77 21 36 70
948	24 100 29 73
949	35 83 57 51
950	5 49 22 20
951	81 56 80 68
952	20 83 48 44
953	59 2 70 57
954	58 51 96 38
955	50 48 73 18
956	58 77 47 99
957	8 34 93 14
958	39 92 100 12
959	66 91 68 25
960	90 75 59 21
961	32 49 15 38
962	14 17 40 15
963	42 91 76 22
964	9 38 46 41
965	78 15 89 98
966	12 34 78 52
967	11 64 87 9
968	49 36 40 28
969	98 42 48 6
970	8 68 31 55
971	60 36 13 100
972	71 67 32 1
973	87 73 22 75
974	35 26 20 64
975	61 97 83 43
976	83 53 71 31
977	29 44 88 94
978	33 25 2 32
979	4 66 38 30
980	32 96 14 57
981	81 24 86 17
982	85 6 59 43
983	82 81 43 62
984	95 45 43 49
985	5 20 62 65
986	70 21 37 96
987	96 91 31 90
988	19 84 6 61
989	98 79 82 69
990	25 8 56 66
991	42 9 60 69
992	66 55 72 17
993	34 54 27 26
994	22 69 2 71
995	87 32 70 95
996	89 98 3 56
997	96 79 73 55
998	46 77 34 2
999	20 31 16 44
1000	50 66 78 96
1001	94 63 58 4
1002	7 54 31 39
1003	52 55 61 91
1004	42 49 24 84
1005	28 41 90 58
1006	26 3 77 61
1007	84 43 83 58
1008	83 15 95 54
1009	27 91 46 97
1010	50 44 85 33
1011	92 3 18 97
1012	69 83 62 47
1013	38 5 87 27
1014	65 69 43 80
1015	11 63 71 29
1016	14 73 26 33
1017	63 75 25 27
1018	8 13 5 32
1019	47 91 2 80
1020	96 60 10 59
1021	16 23 61 56
1022	5 10 9 83
1023	44 3 64 40
1024	25 67 100 71
1025	94 46 77 39
1026	98 71 56 99
1027	24 8 13 11
1028	8 7 43 57
1029	96 87 75 65
1030	66 54 33 60
1031	3 46 93 34
1032	18 72 24 29
1033	63 31 8 17
1034	52 6 14 41
1035	32 66 25 39
1036	18 79 40 84
1037	49 26 72 12
1038	76 46 88 63
1039	73 34 94 46
1040	86 65 13 22
1041	21 46 86 37
1042	75 23 50 59
1043	100 4 18 52
1044	91 78 65 50
1045	99 60 84 23
1046	45 59 88 15
1047	13 42 93 8
1048	45 16 89 81
1049	94 84 24 15
1050	78 28 63 21
1051	3 67 65 68
1052	43 72 12 22
1053	68 3 56 75
1054	72 43 11 8
1055	79 7 36 58
1056	9 78 54 6
1057	40 30 22 87
1058	18 39 40 22
1059	34 62 19 86
1060	10 14 69 49
1061	16 56 13 60
1062	36 35 83 38
1063	76 57 29 51
1064	46 37 28 66
1065	66 56 67 10
1066	84 33 7 29
1067	95 77 32 85
1068	42 55 21 38
1069	58 25 51 89
1070	79 72 84 5
1071	29 38 27 50
1072	71 60 25 17
1073	25 8 32 62
1074	5 36 93 7
1075	6 52 18 89
1076	7 23 85 71
1077	63 82 65 59
1078	23 25 81 45
1079	33 45 14 37
1080	16 15 7 19
1081	32 43 12 55
1082	89 52 92 48
1083	25 47 97 21
1084	93 44 69 22
1085	100 51 81 79
1086	25 67 66 84
1087	27 71 48 17
1088	96 8 80 4
1089	82 37 63 83
1090	79 25 76 73
1091	84 49 23 32
1092	40 11 55 39
1093	39 87 86 1
1094	82 70 55 99
1095	45 96 27 36
1096	55 2 79 31
1097	47 35 33 79
1098	81 69 36 99
1099	31 10 8 67
1100	10 16 86 46
1101	58 56 76 66
1102	97 43 94 68
1103	73 43 89 64
1104	72 37 1 99
1105	22 36 99 69
1106	66 73 30 18
1107	84 100 28 45
1108	14 12 17 93
1109	65 64 2 40
1110	41 39 53 69
1111	53 78 94 91
1112	92 58 63 97
1113	76 7 1 27
1114	61 79 3 70
1115	96 55 74 69
1116	49 40 83 100
1117	2 26 72 18
1118	56 74 97 18
1119	40 9 5 42
1120	86 68 9 48
1121	5 35 59 24
1122	67 42 85 6
1123	70 21 85 6
1124	44 4 66 6
1125	65 1 63 53
1126	87 13 11 29
1127	94 74 65 62
1128	64 28 91 16
1129	89 28 36 15
1130	86 81 22 9
1131	5 76 1 26
1132	80 66 72 76
1133	51 3 75 22
1134	40 10 58 97
1135	28 81 56 25
1136	95 21 5 64
1137	51 91 16 11
1138	94 96 29 23
1139	59 71 58 56
1140	57 63 93 36
1141	35 38 37 41
1142	93 35 74 70
1143	27 81 53 93
1144	89 94 48 16
1145	10 93 37 12
1146	92 44 26 56
1147	34 96 52 15
1148	62 64 70 52
1149	52 81 37 12
1150	93 59 53 85
1151	50 17 52 37
1152	97 91 77 98
1153	61 31 59 30
1154	11 43 68 64
1155	59 12 19 60
1156	32 57 42 22
1157	39 75 43 15
1158	99 93 73 45
1159	84 87 99 3
1160	80 90 75 35
1161	19 16 83 2
1162	94 63 33 28
1163	11 51 7 6
1164	82 50 62 9
1165	96 20 61 15
1166	97 88 90 32
1167	83 98 28 23
1168	43 50 76 59
1169	76 96 14 93
1170	61 65 87 50
1171	30 1 43 74
1172	54 15 50 25
1173	74 38 64 14
1174	43 78 68 5
1175	65 88 57 36
1176	59 60 87 64
1177	60 43 19 9
1178	41 82 68 66
1179	70 22 17 93
1180	11 41 60 20
1181	24 98 25 87
1182	25 1 19 51
1183	10 61 21 37
1184	86 1 71 97
1185	55 80 29 98
1186	59 75 44 62
1187	5 68 4 52
1188	84 68 74 94
1189	90 66 2 4
1190	10 30 68 85
1191	58 80 90 86
1192	68 2 39 99
1193	36 90 18 7
1194	74 93 21 51
1195	41 60 86 48
1196	67 77 92 70
1197	62 2 44 100
1198	71 76 11 25
1199	14 49 6 40
1200	37 86 38 40
1201	21 83 64 30
1202	33 68 7 74
1203	20 44 4 78
1204	4 24 94 85
1205	90 6 7 3
1206	49 38 55 23
1207	21 90 9 12
1208	66 32 34 77
1209	9 44 64 60
1210	78 33 23 46
1211	10 48 60 47
1212	27 32 77 53
1213	39 96 8 12
1214	33 78 66 34
1215	76 62 46 79
1216	50 78 90 77
1217	60 80 72 83
1218	25 81 57 92
1219	1 52 30 71
1220	32 59 76 85
1221	82 76 88 55
1222	13 39 96 20
1223	64 58 40 11
1224	62 39 80 40
1225	70 20 73 6
1226	5 80 4 56
1227	60 8 75 16
1228	7 23 8 50
1229	93 67 34 78
1230	81 7 50 6
1231	78 98 62 77
1232	30 69 56 19
1233	66 88 23 28
1234	55 14 85 91
1235	86 97 42 62
1236	52 90 92 25
1237	31 73 52 46
1238	3 94 66 68
1239	18 87 23 1
1240	20 35 59 97
1241	30 72 39 93
1242	67 4 22 66
1243	15 73 67 6
1244	48 26 69 47
1245	33 52 13 26
1246	85 63 26 17
1247	7 61 90 45
1248	16 76 80 64
1249	47 26 15 55
1250	3 97 23 90
1251	27 54 87 37
1252	55 63 91 12
1253	96 1 51 11
1254	2 75 57 47
1255	44 91 47 14
1256	75 79 50 3
1257	92 50 27 83
1258	19 73 71 45
1259	61 89 46 78
1260	48 43 28 72
1261	52 45 37 76
1262	15 20 9 93
1263	78 31 34 100
1264	45 85 89 35
1265	54 77 27 80
1266	28 24 25 88
1267	58 28 33 94
1268	53 99 62 86
1269	12 55 78 16
1270	53 51 60 63
1271	24 97 93 54
1272	24 23 36 38
1273	29 93 5 47
1274	54 51 93 15
1275	78 97 65 69
1276	51 35 11 42
1277	6 14 93 68
1278	69 21 72 25
1279	53 60 38 72
1280	79 12 91 14
1281	79 69 96 89
1282	66 30 45 82
1283	51 81 92 45
1284	44 18 53 69
1285	40 66 30 2
1286	49 20 32 87
1287	53 20 24 11
1288	91 67 83 25
1289	41 35 69 93
1290	19 23 62 52
1291	68 14 99 27
1292	78 36 56 54
1293	9 11 48 38
1294	65 75 97 92
1295	17 45 78 38
1296	76 1 75 15
1297	24 76 57 50
1298	28 74 95 38
1299	66 91 7 12
1300	67 76 38 93
1301	9 74 99 86
1302	72 90 9 94
1303	85 91 15 3
1304	33 22 2 84
1305	89 52 90 29
1306	32 95 8 76
1307	26 34 91 13
1308	59 64 51 90
1309	86 52 17 93
1310	44 13 85 93
1311	74 56 26 99
1312	30 38 44 5
1313	8 56 59 82
1314	17 75 50 27
1315	19 93 49 47
1316	43 28 18 17
1317	20 98 48 2
1318	56 36 82 59
1319	6 29 73 57
1320	44 16 33 1
1321	19 80 78 72
1322	93 27 59 58
1323	100 76 3 73
1324	6 66 52 26
1325	50 3 46 82
1326	38 74 79 14
1327	38 75 23 51
1328	22 14 13 98
1329	80 33 31 40
1330	95 49 60 44
1331	82 53 89 65
1332	58 17 3 7
1333	15 31 43 38
1334	23 56 57 59
1335	27 66 25 64
1336	12 9 98 34
1337	40 21 64 41
1338	64 84 49 19
1339	65 59 34 9
1340	82 88 55 30
1341	19 43 52 82
1342	38 94 96 54
1343	62 67 90 76
1344	87 81 36 2
1345	88 49 19 13
1346	82 35 70 97
1347	37 35 56 97
1348	39 58 16 30
1349	23 19 18 13
1350	91 82 33 30
1351	20 88 4 31
1352	29 91 39 40
1353	50 1 96 52
1354	11 55 57 60
1355	83 19 85 2
1356	5 64 30 61
1357	40 70 75 65
1358	62 30 64 40
1359	2 48 74 84
1360	17 95 30 1
1361	17 19 66 35
1362	32 93 9 67
1363	92 59 54 11
1364	54 56 83 57
1365	47 63 14 41
1366	85 98 76 36
1367	38 21 42 85
1368	96 29 26 78
1369	80 42 40 28
1370	77 28 7 99
1371	92 72 9 55
1372	92 58 49 14
1373	74 32 54 33
1374	36 12 63 60
1375	19 79 54 32
1376	71 89 66 2
1377	76 22 87 93
1378	50 76 36 77
1379	72 13 69 10
1380	8 45 14 42
1381	5 24 54 49
1382	65 32 8 33
1383	73 26 44 71
1384	24 50 53 22
1385	70 26 74 18
1386	12 55 33 13
1387	97 73 72 40
1388	29 21 87 2
1389	15 52 35 24
1390	6 100 34 77
1391	39 26 79 9
1392	42 47 71 64
1393	92 56 91 97
1394	78 99 70 96
1395	97 4 17 87
1396	93 21 61 60
1397	47 95 4 94
1398	51 38 90 56
1399	91 50 34 67
1400	23 80 46 37
1401	14 97 58 71
1402	77 56 93 74
1403	40 16 80 25
1404	21 43 94 82
1405	33 16 92 82
1406	95 77 62 57
1407	33 98 83 51
1408	51 96 90 61
1409	48 74 60 100
1410	2 61 30 21
1411	92 5 2 58
1412	71 8 59 94
1413	9 51 12 77
1414	69 78 36 64
1415	41 89 80 56
1416	11 19 72 70
1417	76 20 14 82
1418	41 1 7 64
1419	81 47 89 48
1420	33 91 66 35
1421	19 56 29 66
1422	51 39 80 29
1423	36 54 53 19
1424	99 42 17 11
1425	66 65 42 45
1426	15 65 17 95
1427	40 70 97 62
1428	88 84 8 26
1429	25 82 21 23
1430	6 47 82 8
1431	23 94 92 52
1432	80 55 54 34
1433	98 54 79 3
1434	94 56 84 27
1435	27 55 6 2
1436	60 81 68 59
1437	80 49 63 9
1438	75 39 45 72
1439	19 78 33 85
1440	48 11 40 55
1441	12 71 57 40
1442	37 73 23 10
1443	73 92 38 71
1444	81 87 25 41
1445	64 74 33 66
1446	77 92 35 43
1447	22 96 84 8
1448	61 1 100 94
1449	13 88 95 68
1450	88 89 71 60
1451	81 1 11 71
1452	32 64 47 3
1453	91 72 47 70
1454	3 50 36 60
1455	39 33 52 48
1456	100 7 87 63
1457	92 56 89 44
1458	98 41 44 48
1459	53 79 20 88
1460	36 75 41 20
1461	80 95 21 100
1462	45 12 89 41
1463	84 38 21 34
1464	62 100 1 28
1465	27 90 2 45
1466	91 56 40 93
1467	45 99 10 14
1468	82 51 76 75
1469	3 36 72 70
1470	54 32 21 47
1471	61 4 89 7
1472	65 49 89 59
1473	5 69 21 17
1474	78 9 22 38
1475	33 97 32 88
1476	65 64 73 20
1477	45 56 15 60
1478	30 38 31 39
1479	3 11 25 51
1480	23 81 51 54
1481	91 95 83 28
1482	68 11 86 45
1483	4 68 65 34
1484	45 60 11 49
1485	11 29 86 50
1486	52 58 28 51
1487	32 7 59 2
1488	69 41 10 47
1489	83 42 16 45
1490	10 78 12 50
1491	63 43 72 31
1492	56 70 95 12
1493	55 41 42 7
1494	2 25 50 92
1495	5 3 26 22
1496	29 13 84 65
1497	24 33 80 65
1498	87 59 26 23
1499	83 39 18 62
1500	86 55 43 48
1501	6 49 41 15
1502	77 4 35 90
1503	47 28 83 31
1504	30 55 61 77
1505	40 33 99 38
1506	46 72 64 39
1507	81 69 47 29
1508	64 13 33 75
1509	43 27 62 19
1510	35 36 98 63
1511	70 58 55 24
1512	30 66 50 9
1513	2 77 69 52
1514	45 30 19 77
1515	52 76 21 20
1516	17 25 56 13
1517	64 15 14 90
1518	24 94 77 2
1519	56 81 21 76
1520	26 59 92 54
1521	44 13 36 90
1522	58 21 27 29
1523	87 42 40 92
1524	84 23 28 30
1525	97 51 11 31
1526	66 76 43 9
1527	12 25 10 23
1528	35 65 29 25
1529	42 54 77 34
1530	49 77 80 71
1531	43 54 96 78
1532	52 57 16 97
1533	31 82 68 2
1534	36 43 27 87
1535	30 80 99 19
1536	48 27 4 54
1537	3 80 48 23
1538	67 83 21 7
1539	45 2 79 72
1540	4 37 43 62
1541	19 65 13 16
1542	55 67 31 54
1543	24 73 31 21
1544	84 62 67 80
1545	100 78 49 2
1546	41 11 23 78
1547	70 94 20 18
1548	91 85 97 94
1549	79 3 46 18
1550	84 12 65 7
1551	9 90 10 18
1552	91 23 55 67
1553	45 1 31 96
1554	76 54 8 59
1555	56 68 8 46
1556	74 46 67 31
1557	73 4 41 50
1558	8 87 40 44
1559	98 97 89 23
1560	54 25 14 12
1561	37 84 97 58
1562	77 81 67 89
1563	89 48 28 53
1564	12 35 89 99
1565	6 68 32 46
1566	64 32 41 51
1567	21 5 18 10
1568	58 20 42 97
1569	54 53 84 55
1570	83 44 77 33
1571	72 50 7 16
1572	53 66 11 59
1573	94 22 96 100
1574	28 18 59 87
1575	16 17 3 74
1576	30 51 55 8
1577	81 91 29 90
1578	2 41 22 43
1579	2 95 75 86
1580	38 18 9 40
1581	6 7 27 61
1582	9 99 32 88
1583	64 69 55 33
1584	91 31 29 53
1585	99 34 74 52
1586	93 79 42 20
1587	73 50 60 57
1588	37 30 71 7
1589	56 61 72 63
1590	73 74 34 91
1591	67 86 70 41
1592	26 25 94 49
1593	1 76 35 44
1594	31 47 83 38
1595	24 92 100 30
1596	13 27 68 35
1597	42 83 12 15
1598	24 46 65 72
1599	31 39 93 69
1600	75 35 18 23
1601	5 87 49 39
1602	99 78 77 79
1603	5 32 21 42
1604	36 31 12 92
1605	77 36 42 4
1606	21 39 98 35
1607	9 70 99 60
1608	38 99 17 87
1609	24 7 91 88
1610	61 4 64 93
1611	12 38 64 21
1612	71 92 61 1
1613	68 31 71 10
1614	69 38 19 78
1615	36 42 62 64
1616	28 84 25 89
1617	32 64 80 95
1618	55 65 62 88
1619	32 53 3 24
1620	49 91 8 39
1621	19 30 67 85
1622	37 63 20 35
1623	83 75 53 49
1624	84 24 12 99
1625	91 87 78 54
1626	72 17 31 23
1627	39 58 81 12
1628	99 55 58 74
1629	44 91 87 82
1630	100 18 14 49
1631	15 69 67 87
1632	1 52 23 32
1633	21 55 15 31
1634	32 11 42 27
1635	13 52 100 74
1636	2 27 10 85
1637	25 81 46 73
1638	32 64 73 23
1639	39 89 82 49
1640	14 25 37 29
1641	96 26 74 49
1642	64 23 5 44
1643	97 72 1 85
1644	59 21 24 97
1645	26 3 93 94
1646	13 70 24 15
1647	8 13 43 22
1648	95 8 78 49
1649	100 31 69 14
1650	82 91 4 35
1651	28 5 15 32
1652	36 69 88 51
1653	51 61 10 22
1654	92 60 99 42
1655	74 21 50 8
1656	99 14 50 10
1657	63 84 58 27
1658	84 21 46 52
1659	33 88 31 69
1660	61 30 91 88
1661	88 52 9 94
1662	44 11 93 86
1663	76 63 52 24
1664	41 65 2 16
1665	57 62 18 92
1666	99 21 82 96
1667	14 84 61 18
1668	42 88 9 86
1669	49 57 85 11
1670	76 83 22 100
1671	89 30 39 84
1672	65 72 71 2
1673	67 14 35 6
1674	56 33 17 90
1675	78 88 83 42
1676	49 21 68 66
1677	56 18 96 83
1678	62 37 40 90
1679	43 65 37 35
1680	17 11 67 41
1681	11 100 9 91
1682	28 43 85 93
1683	5 17 32 28
1684	20 7 88 11
1685	93 51 87 98
1686	32 31 77 82
1687	44 55 93 30
1688	84 24 31 37
1689	23 51 79 68
1690	28 37 17 87
1691	70 23 21 93
1692	86 45 68 37
1693	51 54 10 27
1694	83 56 73 16
1695	84 95 62 52
1696	36 96 65 49
1697	95 76 57 1
1698	44 62 60 85
1699	78 66 50 92
1700	11 23 92 57
1701	61 63 66 35
1702	69 54 86 8
1703	20 61 93 46
1704	42 41 26 29
1705	19 8 76 90
1706	100 96 35 36
1707	57 36 35 89
1708	66 12 40 52
1709	65 29 19 75
1710	38 88 46 49
1711	18 88 23 66
1712	81 74 48 87
1713	46 15 40 11
1714	78 2 43 52
1715	74 8 76 17
1716	68 35 76 64
1717	6 3 30 16
1718	42 46 91 77
1719	69 26 1 98
1720	81 71 79 51
1721	74 8 97 59
1722	43 59 15 66
1723	37 99 44 60
1724	43 7 26 74
1725	63 52 14 38
1726	99 22 39 12
1727	12 27 78 55
1728	19 43 52 6
1729	49 97 6 48
1730	38 10 50 68
1731	27 83 25 65
1732	65 13 34 95
1733	44 28 41 51
1734	28 97 61 60
1735	8 26 69 78
1736	98 26 57 37
1737	33 69 59 67
1738	98 49 71 66
1739	28 37 6 81
1740	78 93 86 36
1741	53 70 83 74
1742	94 88 48 16
1743	29 48 75 27
1744	54 33 45 79
1745	61 64 50 4
1746	46 9 1 23
1747	83 40 33 13
1748	49 61 89 71
1749	64 66 5 51
1750	44 58 64 32
1751	86 10 45 19
1752	38 3 2 56
1753	3 59 14 98
1754	36 20 29 96
1755	95 60 88 26
1756	21 35 19 54
1757	52 78 34 65
1758	84 41 3 75
1759	84 57 98 81
1760	9 76 6 12
1761	27 70 35 13
1762	22 50 21 65
1763	40 35 99 34
1764	79 86 100 54
1765	79 7 56 51
1766	13 36 38 20
1767	46 58 31 63
1768	94 78 92 51
1769	8 99 69 33
1770	35 45 42 7
1771	96 14 43 84
1772	9 22 29 16
1773	30 79 2 91
1774	92 54 44 55
1775	64 97 69 83
1776	70 42 34 65
1777	3 23 53 68
1778	25 69 13 38
1779	39 40 28 89
1780	85 40 39 45
1781	64 86 38 55
1782	10 92 72 9
1783	6 54 5 2
1784	15 98 92 11
1785	37 5 10 25
1786	1 96 69 14
1787	63 46 53 98
1788	92 16 48 42
1789	14 95 4 3
1790	39 21 84 71
1791	90 10 47 34
1792	10 19 93 36
1793	98 42 91 11
1794	19 93 38 75
1795	36 80 24 25
1796	10 7 14 61
1797	29 44 83 1
1798	8 42 66 54
1799	19 35 49 18
1800	62 7 78 80
1801	48 39 79 32
1802	64 39 69 97
1803	32 58 45 18
1804	77 59 12 98
1805	16 48 62 60
1806	69 54 20 12
1807	82 93 36 25
1808	71 17 36 32
1809	51 62 64 61
1810	81 79 86 77
1811	69 59 34 88
1812	65 83 3 27
1813	13 63 65 42
1814	14 31 97 38
1815	51 20 35 4
1816	2 60 38 76
1817	45 52 82 6
1818	15 24 50 95
1819	67 4 96 36
1820	80 69 74 66
1821	97 15 12 79
1822	31 69 20 86
1823	37 19 68 23
1824	80 89 63 74
1825	20 48 96 43
1826	84 32 90 31
1827	27 42 26 95
1828	96 29 28 98
1829	13 96 69 65
1830	77 65 84 31
1831	84 76 70 43
1832	46 89 39 90
1833	22 33 1 55
1834	45 83 16 67
1835	41 81 74 69
1836	82 76 86 14
1837	32 45 5 39
1838	11 3 28 5
1839	88 62 76 3
1840	70 68 44 90
1841	28 63 9 35
1842	92 96 68 82
1843	73 34 50 82
1844	8 58 72 19
1845	38 30 75 44
1846	85 11 46 21
1847	52 57 36 44
1848	58 47 81 12
1849	77 46 43 86
1850	40 2 25 53
1851	7 99 9 92
1852	77 9 100 71
1853	59 21 96 33
1854	54 70 42 52
1855	73 95 74 36
1856	84 65 8 17
1857	68 34 74 26
1858	25 70 20 86
1859	78 17 98 23
1860	36 8 4 83
1861	26 77 12 62
1862	77 24 39 92
1863	92 19 24 70
1864	82 38 45 36
1865	42 1 30 77
1866	58 13 16 15
1867	78 47 20 18
1868	50 22 63 60
1869	80 6 11 84
1870	55 2 47 26
1871	75 47 58 80
1872	91 70 96 22
1873	37 42 100 23
1874	54 82 46 6
1875	61 9 100 8
1876	36 97 6 15
1877	76 87 11 35
1878	52 51 63 6
1879	3 9 97 60
1880	51 71 34 23
1881	45 1 83 96
1882	73 47 81 9
1883	8 1 45 86
1884	5 2 30 9
1885	45 69 91 74
1886	22 92 21 38
1887	67 33 19 96
1888	81 4 66 31
1889	7 82 24 61
1890	37 10 31 79
1891	69 17 85 1
1892	38 83 52 77
1893	96 34 95 3
1894	72 6 26 73
1895	18 43 20 14
1896	5 66 30 80
1897	1 96 100 93
1898	52 30 84 50
1899	35 25 38 82
1900	28 20 45 15
1901	100 36 48 28
1902	34 77 27 12
1903	37 26 82 57
1904	7 5 47 63
1905	78 36 16 14
1906	36 59 88 20
1907	47 77 78 32
1908	94 21 68 97
1909	26 12 66 51
1910	77 91 6 33
1911	41 78 11 18
1912	90 34 98 5
1913	53 73 19 99
1914	23 21 54 35
1915	34 1 3 83
1916	55 63 77 14
1917	8 23 85 48
1918	81 68 17 8
1919	30 6 80 93
1920	52 69 22 63
1921	45 3 37 28
1922	20 13 2 44
1923	75 63 24 7
1924	96 59 75 51
1925	68 72 79 71
1926	52 72 44 17
1927	65 34 31 67
1928	69 43 22 57
1929	91 24 95 76
1930	1 98 5 91
1931	50 74 79 26
1932	8 5 28 3
1933	69 98 66 31
1934	58 17 50 82
1935	2 37 49 100
1936	38 78 6 1
1937	42 90 32 86
1938	29 84 79 18
1939	67 29 75 98
1940	24 82 68 69
1941	26 37 25 43
1942	99 94 81 7
1943	45 60 50 9
1944	28 59 71 76
1945	71 45 29 77
1946	56 100 84 88
1947	4 73 90 22
1948	17 13 90 3
1949	17 40 53 73
1950	92 55 77 72
1951	31 74 17 63
1952	27 48 23 85
1953	55 24 86 42
1954	60 7 87 96
1955	97 38 74 24
1956	55 9 11 95
1957	10 78 11 29
1958	55 2 68 61
1959	17 9 34 74
1960	29 35 95 70
1961	35 67 16 13
1962	12 48 85 92
1963	12 32 41 56
1964	92 51 26 25
1965	48 41 74 43
1966	51 23 6 90
1967	3 91 40 50
1968	9 55 45 41
1969	40 83 63 54
1970	89 52 26 64
1971	80 40 13 19
1972	63 60 73 12
1973	27 28 63 16
1974	74 98 51 27
1975	46 2 26 6
1976	95 8 24 65
1977	17 40 11 72
1978	40 73 97 90
1979	92 98 2 51
1980	23 59 51 7
1981	43 93 20 41
1982	38 88 68 90
1983	3 60 79 100
1984	78 98 27 63
1985	51 19 48 21
1986	83 28 32 42
1987	78 14 49 43
1988	12 1 97 72
1989	92 19 21 13
1990	89 40 83 86
1991	1 33 68 94
1992	70 8 84 75
1993	36 69 30 54
1994	84 61 17 62
1995	69 65 78 75
1996	69 28 87 29
1997	70 86 58 31
1998	87 10 54 93
1999	89 83 5 59
2000	26 47 50 99
2001	76 47 41 43
2002	3 57 54 18
2003	1 95 4 89
2004	83 6 80 76
2005	66 55 41 56
2006	88 15 75 69
2007	23 53 29 30
2008	94 7 84 6
2009	28 35 10 1
2010	85 74 98 52
2011	81 38 24 12
2012	74 68 55 29
2013	29 19 76 10
2014	26 47 34 83
2015	68 100 83 89
2016	44 32 38 69
2017	37 65 85 99
2018	41 19 56 86
2019	49 1 28 96
2020	13 29 21 97
2021	95 83 33 15
2022	51 66 97 78
2023	82 33 72 14
2024	16 15 54 60
2025	11 32 8 19
2026	68 93 34 18
2027	49 94 44 66
2028	54 63 12 70
2029	57 16 15 8
2030	76 11 32 39
2031	72 14 75 29
2032	32 74 40 81
2033	79 44 42 98
2034	8 46 42 79
2035	22 97 53 59
2036	72 95 39 15
2037	53 41 64 22
2038	9 16 46 3
2039	13 37 96 27
2040	2 55 49 97
2041	4 7 16 12
2042	5 56 10 27
2043	25 67 29 65
2044	53 18 73 90
2045	58 12 66 25
2046	12 21 95 36
2047	76 44 17 18
2048	87 55 41 5
2049	62 55 100 11
2050	14 42 43 30
2051	77 28 47 66
2052	26 100 14 16
2053	16 45 84 50
2054	87 50 3 95
2055	54 88 74 35
2056	55 100 38 44
2057	42 49 56 87
2058	56 23 81 36
2059	43 67 68 32
2060	59 10 36 87
2061	73 11 19 74
2062	2 92 17 47
2063	95 93 20 54
2064	94 10 30 20
2065	37 29 46 43
2066	45 8 33 57
2067	100 63 58 30
2068	31 63 43 48
2069	81 89 72 40
2070	6 81 78 71
2071	68 22 3 91
2072	91 53 44 25
2073	22 35 79 27
2074	4 12 95 71
2075	19 13 72 29
2076	94 38 10 93
2077	24 81 71 32
2078	41 26 74 17
2079	32 24 62 86
2080	88 70 66 46
2081	33 55 88 41
2082	86 27 11 35
2083	67 84 88 19
2084	75 69 50 60
2085	45 95 38 36
2086	54 12 85 78
2087	59 91 56 31
2088	64 46 19 49
2089	69 29 39 37
2090	33 24 44 95
2091	66 62 82 68
2092	88 34 99 30
2093	18 4 2 12
2094	21 35 51 1
2095	41 5 3 84
2096	53 34 9 43
2097	63 9 35 67
2098	80 31 68 91
2099	18 44 83 19
2100	25 95 37 83
2101	72 51 29 25
2102	90 52 94 36
2103	26 95 99 14
2104	17 47 73 10
2105	41 35 21 75
2106	88 58 22 68
2107	31 79 96 95
2108	69 97 64 80
2109	11 85 87 58
2110	60 81 2 26
2111	31 81 49 68
2112	51 56 35 26
2113	81 82 71 34
2114	94 19 23 8
2115	23 37 55 14
2116	39 97 45 49
2117	6 21 4 74
2118	68 99 72 49
2119	10 63 36 27
2120	10 94 43 93
2121	90 55 14 19
2122	3 79 45 55
2123	36 39 67 4
2124	68 46 27 66
2125	85 97 63 27
2126	86 6 41 4
2127	63 79 82 100
2128	73 10 33 89
2129	32 61 27 4
2130	59 54 10 36
2131	10 71 21 81
2132	10 68 53 59
2133	18 88 51 96
2134	85 24 6 63
2135	35 59 23 39
2136	67 35 85 57
2137	6 65 46 91
2138	82 100 95 51
2139	74 89 15 32
2140	11 15 23 22
2141	93 29 66 85
2142	93 34 94 56
2143	64 60 76 94
2144	10 55 58 49
2145	60 66 51 27
2146	43 98 56 81
2147	5 62 66 26
2148	70 5 56 43
2149	9 93 76 40
2150	5 33 20 57
2151	7 89 73 34
2152	100 75 99 55
2153	64 81 76 19
2154	47 80 84 10
2155	38 36 34 83
2156	97 15 1 62
2157	6 41 43 63
2158	26 29 73 17
2159	30 96 33 58
2160	52 8 12 42
2161	60 70 100 27
2162	75 68 39 25
2163	35 87 67 97
2164	81 35 92 27
2165	23 70 8 57
2166	3 76 82 5
2167	81 100 85 83
2168	70 79 21 23
2169	7 86 69 22
2170	25 79 87 72
2171	52 56 29 19
2172	1 7 97 27
2173	38 16 28 69
2174	68 82 5 94
2175	14 34 46 80
2176	36 13 3 20
2177	3 83 72 27
2178	17 30 63 39
2179	71 45 86 2
2180	67 32 72 10
2181	66 31 76 97
2182	55 11 23 73
2183	8 48 11 49
2184	92 5 88 26
2185	49 59 52 56
2186	92 79 76 82
2187	97 10 42 5
2188	8 42 82 61
2189	81 60 64 10
2190	10 93 46 80
2191	100 37 64 36
2192	72 6 16 40
2193	74 73 93 15
2194	93 3 37 12
2195	42 50 74 41
2196	67 17 86 79
2197	58 100 23 66
2198	7 82 26 60
2199	81 36 68 77
2200	59 46 52 34
2201	28 41 76 24
2202	94 84 63 88
2203	86 69 6 93
2204	91 66 65 61
2205	40 65 75 45
2206	85 71 32 15
2207	86 25 10 62
2208	75 69 28 59
2209	95 33 66 99
2210	17 100 9 93
2211	89 66 69 52
2212	54 23 2 27
2213	69 60 66 56
2214	88 82 27 63
2215	72 87 45 28
2216	92 94 79 82
2217	87 62 70 23
2218	50 43 77 60
2219	49 11 20 4
2220	83 78 45 89
2221	19 68 47 10
2222	31 100 22 70
2223	100 81 55 69
2224	40 66 16 64
2225	90 100 83 36
2226	53 7 23 10
2227	2 27 26 68
2228	80 4 66 17
2229	23 97 35 22
2230	66 77 49 100
2231	18 97 34 55
2232	25 49 71 92
2233	25 94 75 44
2234	5 91 59 66
2235	18 3 70 84
2236	41 67 3 57
2237	44 12 64 14
2238	57 40 64 90
2239	94 12 20 30
2240	21 16 65 60
2241	65 4 17 88
2242	93 71 2 73
2243	20 74 23 50
2244	56 100 55 45
2245	5 62 22 46
2246	5 27 97 99
2247	59 82 34 33
2248	75 100 87 13
2249	12 80 36 78
2250	44 6 79 3
2251	15 75 58 100
2252	41 24 13 60
2253	3 25 73 68
2254	53 79 85 86
2255	93 68 35 46
2256	32 9 28 85
2257	73 54 76 52
2258	36 62 24 98
2259	40 17 43 35
2260	84 67 52 40
2261	97 83 43 98
2262	57 60 74 10
2263	27 56 39 53
2264	78 52 92 71
2265	25 71 78 48
2266	24 68 87 3
2267	82 21 87 25
2268	59 80 49 98
2269	21 100 81 20
2270	32 43 1 31
2271	70 45 47 98
2272	61 21 89 2
2273	41 48 66 84
2274	81 60 20 42
2275	93 22 7 82
2276	6 28 59 43
2277	65 67 85 16
2278	12 3 59 50
2279	29 31 99 69
2280	49 80 9 7
2281	77 54 40 53
2282	47 54 89 22
2283	70 8 25 20
2284	68 35 40 9
2285	79 15 7 51
2286	36 2 70 64
2287	32 100 18 42
2288	57 39 91 26
2289	55 51 10 57
2290	86 21 39 85
2291	90 13 94 75
2292	87 99 75 4
2293	95 43 56 33
2294	16 89 48 69
2295	83 65 77 55
2296	30 80 67 56
2297	64 53 9 78
2298	48 93 37 65
2299	43 10 53 73
2300	89 91 66 5
2301	87 49 38 85
2302	64 77 75 93
2303	72 20 85 82
2304	42 12 21 92
2305	27 25 10 67
2306	95 51 86 66
2307	47 77 29 61
2308	43 45 54 47
2309	28 4 35 43
2310	14 28 91 65
2311	35 17 5 94
2312	16 82 19 75
2313	16 29 79 37
2314	52 14 68 54
2315	96 87 100 7
2316	69 40 75 22
2317	71 61 44 28
2318	15 45 18 35
2319	77 19 45 71
2320	79 26 21 36
2321	84 8 59 82
2322	30 68 29 47
2323	45 67 27 89
2324	4 99 14 95
2325	56 80 10 23
2326	23 89 78 68
2327	68 26 77 63
2328	85 36 5 40
2329	9 7 31 71
2330	7 3 10 13
2331	34 8 23 47
2332	33 51 36 72
2333	9 84 70 12
2334	31 81 67 42
2335	81 47 44 76
2336	21 97 74 9
2337	51 36 10 44
2338	48 45 81 41
2339	6 73 62 22
2340	94 7 4 18
2341	82 93 38 96
2342	36 57 40 28
2343	47 88 68 56
2344	83 71 39 16
2345	9 86 59 15
2346	27 15 85 17
2347	67 90 14 45
2348	52 94 30 38
2349	17 22 91 82
2350	36 17 22 42
2351	60 72 8 16
2352	60 65 4 25
2353	79 3 96 87
2354	75 42 54 45
2355	39 85 6 89
2356	40 72 97 9
2357	24 80 31 82
2358	4 37 48 28
2359	52 96 79 31
2360	82 30 27 42
2361	52 63 27 88
2362	60 11 17 84
2363	7 29 63 62
2364	48 21 56 67
2365	1 68 39 22
2366	28 91 39 14
2367	24 56 67 25
2368	45 34 29 86
2369	92 27 53 55
2370	2 67 44 43
2371	59 7 91 29
2372	8 56 83 49
2373	45 97 76 90
2374	60 81 69 22
2375	98 68 14 42
2376	62 40 64 22
2377	82 1 9 81
2378	93 46 63 28
2379	40 59 3 55
2380	86 68 5 51
2381	2 65 19 35
2382	99 1 56 6
2383	13 18 63 11
2384	85 77 26 31
2385	58 100 86 41
2386	97 61 2 93
2387	1 14 98 99
2388	30 72 56 41
2389	95 22 52 8
2390	34 81 46 84
2391	38 68 30 59
2392	11 83 91 86
2393	75 18 82 43
2394	26 21 81 48
2395	12 76 88 2
2396	79 39 6 65
2397	39 94 31 84
2398	99 100 1 87
2399	77 49 56 16
2400	31 45 23 57
2401	76 96 14 100
2402	100 39 54 1
2403	52 76 40 34
2404	96 2 67 53
2405	23 60 80 65
2406	32 97 33 67
2407	69 31 50 60
2408	71 87 32 97
2409	57 19 51 20
2410	84 29 40 28
2411	29 83 21 78
2412	30 87 90 64
2413	83 51 96 18
2414	44 80 65 50
2415	39 79 61 45
2416	36 95 99 53
2417	16 2 3 21
2418	24 95 35 7
2419	19 50 80 33
2420	32 81 31 67
2421	37 84 24 10
2422	100 52 25 91
2423	70 23 96 57
2424	84 93 94 43
2425	82 94 92 61
2426	78 29 79 86
2427	81 12 8 91
2428	63 15 28 29
2429	53 46 14 19
2430	76 27 35 50
2431	91 25 45 31
2432	25 95 9 81
2433	33 34 87 55
2434	3 34 36 31
2435	90 13 48 39
2436	39 78 53 86
2437	12 51 71 86
2438	49 93 94 38
2439	89 85 80 84
2440	20 41 54 64
2441	1 25 57 61
2442	43 87 93 68
2443	27 47 80 81
2444	14 16 17 75
2445	95 62 41 78
2446	58 17 48 14
2447	96 19 98 89
2448	38 4 23 55
2449	2 25 3 23
2450	91 27 57 12
2451	2 97 61 37
2452	50 16 96 49
2453	90 55 41 94
2454	77 64 47 45
2455	55 10 90 4
2456	46 99 51 26
2457	96 98 95 6
2458	29 92 93 72
2459	18 5 78 93
2460	60 15 74 51
2461	97 34 96 42
2462	66 59 19 61
2463	84 23 47 1
2464	93 81 92 76
2465	71 29 95 18
2466	50 27 69 9
2467	6 85 77 87
2468	15 68 71 81
2469	41 24 51 48
2470	90 47 74 4
2471	93 89 27 55
2472	38 64 28 6
2473	31 21 54 38
2474	88 67 89 62
2475	39 37 76 12
2476	20 64 96 34
2477	44 21 66 43
2478	73 23 76 70
2479	79 61 11 92
2480	9 62 42 20
2481	37 65 59 19
2482	9 7 45 65
2483	45 22 98 73
2484	46 100 22 48
2485	18 35 56 24
2486	31 87 75 14
2487	70 83 96 73
2488	29 72 92 68
2489	98 35 65 1
2490	92 30 9 77
2491	1 58 87 71
2492	48 93 18 96
2493	28 22 71 16
2494	65 49 9 100
2495	15 25 100 29
2496	87 40 6 86
2497	45 81 56 38
2498	29 84 15 48
2499	26 98 6 4
2500	39 75 99 45
2501	3 74 30 59
2502	98 74 63 77
2503	91 92 64 4
2504	67 15 43 66
2505	45 39 30 97
2506	20 39 24 93
2507	71 19 20 89
2508	77 100 22 71
2509	69 59 2 6
2510	70 84 43 29
2511	5 31 8 83
2512	27 61 24 88
2513	23 16 1 56
2514	60 23 34 29
2515	87 77 52 16
2516	24 4 63 85
2517	36 6 40 66
2518	43 58 30 93
2519	19 92 38 97
2520	53 72 8 5
2521	19 90 58 57
2522	100 30 7 28
2523	59 49 37 71
2524	95 94 55 78
2525	17 25 47 8
2526	78 67 85 81
2527	3 22 89 35
2528	83 28 79 76
2529	13 61 34 78
2530	63 39 2 49
2531	57 47 3 9
2532	11 49 45 27
2533	95 78 6 37
2534	83 7 78 98
2535	6 15 99 92
2536	34 63 18 53
2537	2 9 15 78
2538	78 9 7 15
2539	38 17 80 27
2540	45 15 39 61
2541	52 77 53 87
2542	70 96 16 92
2543	72 52 8 30
2544	27 100 60 61
2545	65 60 32 35
2546	68 96 71 65
2547	42 29 22 36
2548	52 67 30 55
2549	28 59 97 32
2550	87 52 96 68
2551	100 10 99 60
2552	89 22 53 73
2553	16 94 18 96
2554	87 29 10 60
2555	68 69 79 9
2556	79 52 77 70
2557	92 54 36 73
2558	35 73 90 85
2559	30 69 51 35
2560	85 68 40 14
2561	4 29 11 5
2562	71 51 26 31
2563	90 1 9 74
2564	3 60 34 4
2565	20 8 2 91
2566	90 53 18 70
2567	25 69 99 3
2568	42 20 54 80
2569	89 5 83 56
2570	15 48 74 25
2571	100 89 64 18
2572	41 8 3 29
2573	91 94 64 2
2574	48 16 12 68
2575	74 21 95 46
2576	85 44 3 96
2577	26 1 55 69
2578	68 40 42 8
2579	48 88 60 69
2580	19 5 49 33
2581	63 15 83 40
2582	58 36 22 9
2583	5 88 35 67
2584	66 67 91 19
2585	82 55 74 44
2586	97 96 78 67
2587	94 6 54 34
2588	81 5 18 41
2589	25 58 39 24
2590	17 14 48 50
2591	7 18 93 62
2592	83 37 31 76
2593	81 31 49 78
2594	31 74 61 69
2595	97 84 67 47
2596	48 76 63 30
2597	43 70 48 75
2598	91 24 59 72
2599	2 55 4 48
2600	52 17 23 80
2601	60 20 94 29
2602	41 59 44 40
2603	35 68 19 57
2604	5 59 8 69
2605	27 89 24 66
2606	83 52 24 92
2607	6 1 26 87
2608	63 82 50 8
2609	69 89 17 97
2610	13 38 14 18
2611	8 37 77 11
2612	39 64 4 59
2613	97 69 77 24
2614	13 56 41 42
2615	33 11 8 65
2616	50 74 94 72
2617	87 11 1 8
2618	10 77 44 85
2619	31 14 25 81
2620	1 78 77 18
2621	36 1 11 84
2622	48 88 94 95
2623	98 81 64 30
2624	75 45 99 9
2625	59 1 70 10
2626	10 1 68 37
2627	63 5 9 78
2628	76 23 45 28
2629	47 65 94 63
2630	10 21 27 90
2631	28 39 51 91
2632	56 42 12 90
2633	13 94 39 42
2634	37 82 21 72
2635	56 71 13 43
2636	18 58 53 12
2637	79 27 33 29
2638	1 29 94 99
2639	24 8 98 12
2640	72 40 71 78
2641	82 87 71 16
2642	43 24 66 53
2643	88 85 9 63
2644	92 72 69 97
2645	11 50 91 9
2646	93 81 31 97
2647	19 80 52 64
2648	1 10 71 11
2649	95 9 10 61
2650	82 76 74 92
2651	17 30 44 71
2652	74 31 86 9
2653	12 36 85 89
2654	53 83 10 73
2655	97 47 62 83
2656	46 50 69 29
2657	80 70 20 91
2658	28 23 1 8
2659	20 89 7 67
2660	59 7 95 63
2661	52 87 41 54
2662	19 36 1 43
2663	7 51 86 74
2664	88 32 75 19
2665	34 31 6 92
2666	14 18 4 50
2667	60 19 27 28
2668	56 55 72 90
2669	4 32 19 44
2670	26 10 30 96
2671	36 28 29 21
2672	82 22 4 52
2673	40 65 86 35
2674	20 77 76 10
2675	32 21 95 41
2676	53 12 91 63
2677	1 39 28 22
2678	19 54 72 45
2679	82 60 19 79
2680	42 34 63 61
2681	48 77 4 75
2682	6 50 49 24
2683	82 74 17 89
2684	66 53 11 46
2685	84 31 3 89
2686	59 93 41 72
2687	92 21 66 1
2688	20 30 15 94
2689	32 92 83 49
2690	67 41 9 1
2691	33 55 99 12
2692	29 59 37 20
2693	24 74 57 52
2694	67 8 38 27
2695	55 85 73 65
2696	19 83 50 29
2697	59 16 39 79
2698	31 15 77 96
2699	14 65 60 24
2700	84 42 61 64
2701	41 71 85 5
2702	73 92 30 42
2703	34 38 12 45
2704	64 12 53 28
2705	76 36 18 16
2706	90 72 32 71
2707	78 48 13 20
2708	27 68 96 46
2709	61 8 35 72
2710	46 38 97 49
2711	39 74 36 32
2712	96 67 20 89
2713	3 84 49 16
2714	63 24 6 22
2715	25 52 51 78
2716	94 41 32 75
2717	37 35 6 50
2718	87 78 67 16
2719	8 92 59 26
2720	83 51 18 36
2721	33 19 84 3
2722	30 43 78 81
2723	52 7 41 15
2724	17 24 92 88
2725	23 19 56 67
2726	18 8 68 83
2727	45 13 62 22
2728	42 1 48 71
2729	81 11 89 37
2730	98 55 92 57
2731	53 54 16 44
2732	39 30 31 16
2733	62 21 20 77
2734	43 60 89 67
2735	27 20 89 3
2736	50 68 62 90
2737	85 5 100 38
2738	69 95 87 56
2739	88 48 85 82
2740	32 17 93 34
2741	65 69 76 23
2742	64 35 24 63
2743	88 86 43 15
2744	51 57 4 95
2745	63 18 59 39
2746	68 40 64 15
2747	38 41 75 47
2748	14 34 96 100
2749	44 82 66 64
2750	57 75 13 88
2751	36 43 59 85
2752	76 14 25 91
2753	74 25 6 59
2754	81 74 1 64
2755	52 83 49 28
2756	21 9 26 76
2757	12 67 14 2
2758	34 42 99 71
2759	44 17 34 48
2760	7 85 80 32
2761	61 22 87 27
2762	28 53 10 52
2763	75 29 32 20
2764	46 16 97 69
2765	98 34 64 51
2766	10 40 47 56
2767	74 26 91 35
2768	39 35 33 80
2769	31 91 16 34
2770	15 71 17 36
2771	83 69 24 64
2772	34 22 38 96
2773	24 98 95 62
2774	97 85 69 10
2775	52 93 4 28
2776	86 65 35 2
2777	40 9 41 11
2778	68 96 77 47
2779	49 38 81 9
2780	67 81 65 62
2781	73 34 25 16
2782	17 62 77 18
2783	76 12 81 5
2784	73 14 49 7
2785	62 21 15 86
2786	76 68 21 47
2787	84 85 51 65
2788	18 15 94 91
2789	90 37 8 53
2790	98 21 89 45
2791	86 31 64 97
2792	80 38 91 13
2793	86 84 15 35
2794	69 68 3 76
2795	19 32 37 41
2796	50 32 63 86
2797	31 14 36 98
2798	3 51 9 20
2799	71 32 52 73
2800	68 2 8 39
2801	48 41 14 43
2802	14 82 64 39
2803	81 86 2 15
2804	98 86 46 53
2805	1 50 15 69
2806	100 99 75 3
2807	92 54 49 62
2808	41 28 80 48
2809	83 12 43 61
2810	4 98 10 80
2811	41 3 70 35
2812	66 40 47 29
2813	58 54 5 42
2814	93 32 16 62
2815	14 23 17 44
2816	81 21 24 37
2817	68 99 49 87
2818	37 30 47 11
2819	32 5 93 99
2820	84 66 26 9
2821	52 90 17 57
2822	60 25 52 57
2823	35 74 57 2
2824	19 60 26 84
2825	72 9 86 79
2826	22 94 63 16
2827	76 77 50 37
2828	82 36 48 1
2829	18 2 91 59
2830	64 27 58 65
2831	80 35 13 58
2832	41 5 12 46
2833	17 68 37 71
2834	66 97 15 39
2835	81 10 82 49
2836	2 78 94 72
2837	21 53 66 94
2838	36 13 8 37
2839	63 84 38 80
2840	75 34 45 42
2841	4 99 3 73
2842	23 37 7 48
2843	93 75 46 1
2844	20 50 59 74
2845	78 32 90 12
2846	23 77 50 40
2847	46 19 3 45
2848	84 3 61 93
2849	30 82 70 40
2850	23 85 11 78
2851	43 91 76 46
2852	99 62 7 27
2853	81 3 98 2
2854	43 97 51 53
2855	68 24 57 56
2856	10 72 39 87
2857	13 36 85 87
2858	28 44 40 33
2859	99 91 13 96
2860	22 17 76 12
2861	92 28 11 26
2862	91 59 50 77
2863	92 43 20 66
2864	87 19 58 61
2865	19 37 74 42
2866	69 89 61 58
2867	72 98 31 1
2868	60 84 40 12
2869	74 89 43 85
2870	98 7 57 17
2871	21 78 44 25
2872	8 55 70 95
2873	43 34 52 96
2874	84 94 88 65
2875	75 98 40 22
2876	62 44 58 46
2877	51 17 58 23
2878	94 44 28 77
2879	5 97 53 21
2880	83 78 71 37
2881	72 69 62 10
2882	5 17 47 74
2883	24 42 18 96
2884	67 97 1 30
2885	95 2 66 81
2886	70 15 54 75
2887	92 25 40 63
2888	25 48 55 86
2889	46 69 11 45
2890	38 9 84 43
2891	41 93 87 59
2892	23 53 58 6
2893	14 13 84 29
2894	53 33 58 66
2895	96 87 43 65
2896	53 95 34 64
2897	27 90 23 68
2898	44 51 98 39
2899	29 83 51 59
2900	61 14 74 94
2901	90 49 74 9
2902	24 72 12 49
2903	4 85 95 99
2904	68 54 95 63
2905	86 4 18 36
2906	26 5 69 96
2907	19 96 33 80
2908	3 90 39 46
2909	100 91 89 68
2910	55 70 4 24
2911	63 70 39 93
2912	75 68 38 39
2913	36 13 67 45
2914	53 82 73 8
2915	28 91 30 62
2916	69 76 52 10
2917	60 26 86 34
2918	25 71 73 9
2919	58 3 88 14
2920	99 45 64 69
2921	21 4 1 67
2922	84 53 83 87
2923	84 97 83 44
2924	44 50 23 100
2925	3 78 28 92
2926	37 86 45 15
2927	32 99 79 55
2928	76 29 36 91
2929	65 97 8 43
2930	23 17 16 95
2931	48 90 43 49
2932	90 10 87 95
2933	71 51 36 29
2934	61 48 80 100
2935	41 55 70 59
2936	10 37 86 65
2937	29 37 76 66
2938	66 7 54 60
2939	100 54 7 55
2940	60 54 59 100
2941	33 72 22 45
2942	67 10 60 11
2943	43 15 96 69
2944	72 55 22 67
2945	3 37 34 65
2946	66 13 6 78
2947	89 100 72 42
2948	49 72 5 77
2949	60 9 5 69
2950	50 35 3 12
2951	47 11 18 84
2952	14 69 74 81
2953	54 73 1 69
2954	27 52 48 1
2955	57 46 78 17
2956	35 85 16 48
2957	60 13 18 50
2958	78 85 3 21
2959	23 40 7 10
2960	36 57 58 87
2961	37 50 60 97
2962	43 30 46 73
2963	51 5 72 67
2964	67 34 17 33
2965	75 90 17 3
2966	43 58 4 27
2967	71 65 70 59
2968	83 14 49 61
2969	33 51 7 5
2970	44 95 68 36
2971	2 13 46 70
2972	62 97 6 42
2973	77 19 23 14
2974	74 16 6 66
2975	9 16 82 78
2976	3 24 54 75
2977	54 76 38 53
2978	77 79 55 20
2979	23 100 20 43
2980	39 51 29 99
2981	40 78 24 68
2982	60 65 47 26
2983	51 81 22 96
2984	35 59 8 14
2985	39 48 60 62
2986	48 9 7 19
2987	16 39 61 20
2988	89 46 80 90
2989	18 95 85 25
2990	78 49 20 88
2991	47 96 73 90
2992	49 10 57 62
2993	10 16 87 69
2994	78 50 43 83
2995	46 34 35 43
2996	95 29 7 77
2997	97 56 27 82
2998	89 47 13 81
2999	97 77 85 27
3000	72 49 65 85
3001	15 42 99 10
3002	48 57 13 9
3003	41 21 52 7
3004	100 62 73 63
3005	41 88 17 4
3006	58 73 64 60
3007	55 37 63 77
3008	86 28 50 68
3009	90 18 74 58
3010	42 76 88 92
3011	70 18 15 60
3012	87 7 34 23
3013	38 46 59 96
3014	90 98 12 57
3015	71 57 61 88
3016	63 82 93 49
3017	71 55 80 19
3018	78 30 97 33
3019	88 67 91 39
3020	80 45 78 6
3021	15 51 27 26
3022	44 66 12 80
3023	46 87 27 5
3024	93 91 76 99
3025	78 95 54 53
3026	19 84 28 49
3027	20 89 7 33
3028	4 79 89 57
3029	24 25 94 46
3030	98 74 93 77
3031	91 56 78 71
3032	3 72 62 37
3033	88 87 77 13
3034	56 73 38 93
3035	69 47 75 23
3036	99 11 90 86
3037	83 40 37 13
3038	38 48 98 97
3039	86 18 15 37
3040	13 77 35 70
3041	98 4 74 51
3042	35 40 59 80
3043	6 85 55 74
3044	26 20 44 13
3045	18 9 15 95
3046	89 23 53 70
3047	8 31 41 63
3048	99 81 14 97
3049	39 38 64 72
3050	31 84 27 98
3051	11 71 100 91
3052	84 47 34 19
3053	64 54 7 65
3054	11 7 20 25
3055	65 93 100 20
3056	1 28 26 88
3057	50 13 62 44
3058	69 5 7 41
3059	31 91 4 25
3060	68 13 73 21
3061	78 11 79 36
3062	70 31 25 32
3063	18 24 35 44
3064	98 16 92 26
3065	93 51 71 19
3066	35 81 72 79
3067	44 49 50 88
3068	20 1 69 91
3069	40 8 87 42
3070	14 31 86 38
3071	95 53 77 85
3072	60 88 46 90
3073	47 77 92 88
3074	53 20 29 11
3075	55 93 88 32
3076	92 3 46 25
3077	29 95 84 96
3078	1 19 87 65
3079	18 33 42 62
3080	2 44 100 41
3081	83 49 33 25
3082	76 55 92 21
3083	92 70 69 27
3084	5 52 48 72
3085	50 86 21 99
3086	93 64 98 69
3087	50 52 14 25
3088	35 91 53 58
3089	30 70 93 73
3090	29 28 86 84
3091	32 81 61 76
3092	66 97 71 9
3093	36 6 7 57
3094	17 66 76 35
3095	40 26 82 13
3096	71 67 91 13
3097	11 61 48 3
3098	28 87 46 45
3099	20 30 39 46
3100	40 98 24 7
3101	58 80 20 31
3102	25 49 14 22
3103	72 39 79 52
3104	29 31 24 30
3105	95 10 21 77
3106	9 1 68 20
3107	97 14 50 38
3108	10 5 80 81
3109	63 87 18 72
3110	54 63 97 66
3111	38 95 10 17
3112	16 41 6 8
3113	12 3 5 28
3114	12 50 52 6
3115	94 11 95 71
3116	48 27 28 41
3117	15 19 59 89
3118	22 97 76 43
3119	24 29 52 45
3120	65 24 79 23
3121	49 81 9 20
3122	34 30 82 16
3123	26 7 60 54
3124	37 58 86 3
3125	73 37 70 95
3126	30 94 99 8
3127	88 74 72 66
3128	27 37 65 79
3129	9 95 29 43
3130	94 85 15 4
3131	57 79 93 48
3132	60 7 75 10
3133	28 83 88 12
3134	80 91 96 90
3135	51 34 46 16
3136	13 98 64 100
3137	76 45 37 39
3138	84 78 36 4
3139	81 37 71 40
3140	93 20 31 75
3141	68 61 93 37
3142	13 78 10 79
3143	16 46 52 27
3144	8 80 84 63
3145	49 30 59 26
3146	35 69 30 46
3147	47 28 86 34
3148	66 28 96 11
3149	7 43 80 60
3150	34 22 81 97
3151	36 93 12 88
3152	39 5 92 56
3153	80 72 76 82
3154	69 91 94 62
3155	12 22 40 72
3156	12 20 88 61
3157	29 36 86 80
3158	55 38 83 62
3159	62 87 40 16
3160	17 100 32 48
3161	29 31 36 5
3162	38 62 49 61
3163	84 90 91 11
3164	12 68 18 39
3165	44 1 70 77
3166	13 69 11 39
3167	84 98 30 35
3168	55 99 27 74
3169	42 6 100 1
3170	28 68 64 72
3171	49 35 94 10
3172	80 64 37 98
3173	33 97 39 93
3174	67 64 4 15
3175	45 65 51 14
3176	40 98 37 12
3177	82 79 93 31
3178	18 53 62 70
3179	12 1 75 18
3180	85 29 48 97
3181	83 10 100 29
3182	80 21 58 88
3183	99 7 34 22
3184	94 3 88 46
3185	19 30 16 15
3186	62 6 5 13
3187	91 29 51 44
3188	13 99 51 76
3189	76 88 40 85
3190	63 88 5 86
3191	46 16 68 66
3192	62 20 14 15
3193	62 36 18 16
3194	63 15 96 31
3195	49 92 30 24
3196	62 67 83 45
3197	70 17 32 11
3198	4 28 85 3
3199	8 77 78 22
3200	51 25 70 98
3201	53 84 20 98
3202	3 64 45 97
3203	10 80 93 63
3204	62 86 21 27
3205	7 65 19 54
3206	78 99 66 11
3207	50 36 51 63
3208	75 46 41 9
3209	41 1 65 30
3210	88 64 62 46
3211	40 47 55 61
3212	10 12 47 75
3213	33 52 76 74
3214	22 38 85 84
3215	90 57 16 13
3216	49 89 67 22
3217	82 41 69 99
3218	20 13 4 44
3219	33 46 44 61
3220	32 24 53 94
3221	52 93 61 7
3222	79 49 31 89
3223	42 81 80 86
3224	29 36 79 31
3225	63 37 81 44
3226	67 10 70 76
3227	89 73 97 30
3228	14 38 64 21
3229	79 72 89 80
3230	74 33 34 4
3231	64 30 60 94
3232	41 45 36 67
3233	27 42 16 25
3234	64 71 94 23
3235	84 54 95 61
3236	95 51 67 84
3237	59 71 74 79
3238	81 42 16 45
3239	20 62 4 12
3240	29 43 23 20
3241	31 39 76 24
3242	50 54 3 61
3243	61 70 19 56
3244	81 32 75 73
3245	93 80 8 25
3246	98 5 25 95
3247	74 19 25 22
3248	40 59 53 78
3249	1 55 95 66
3250	63 25 45 99
3251	14 93 71 47
3252	96 28 24 2
3253	65 79 45 46
3254	90 39 41 23
3255	9 91 4 39
3256	89 6 55 4
3257	64 15 79 99
3258	18 49 9 66
3259	83 78 51 4
3260	23 10 50 75
3261	25 81 8 85
3262	99 48 7 69
3263	79 17 65 60
3264	55 9 81 86
3265	86 46 84 61
3266	16 59 10 53
3267	16 39 84 100
3268	95 66 33 16
3269	26 97 37 47
3270	21 34 54 88
3271	47 13 25 18
3272	57 66 58 51
3273	29 12 38 88
3274	82 4 60 32
3275	44 70 55 85
3276	12 33 14 55
3277	50 24 14 27
3278	14 21 33 30
3279	37 13 46 52
3280	66 26 78 90
3281	82 29 89 31
3282	64 82 80 9
3283	92 28 45 87
3284	51 69 17 92
3285	12 49 52 9
3286	95 41 5 31
3287	17 13 44 3
3288	20 8 99 81
3289	13 45 14 75
3290	22 16 97 96
3291	50 75 33 56
3292	56 81 99 67
3293	52 2 15 25
3294	47 75 88 4
3295	99 83 77 20
3296	13 32 17 67
3297	90 46 74 81
3298	85 99 82 26
3299	31 11 27 15
3300	59 16 67 70
3301	69 23 48 52
3302	32 43 83 57
3303	91 100 13 75
3304	48 44 8 90
3305	20 27 11 29
3306	69 97 26 90
3307	37 100 60 68
3308	71 53 26 75
3309	19 85 54 79
3310	90 48 12 61
3311	97 37 35 61
3312	77 73 18 30
3313	93 86 66 96
3314	58 49 52 88
3315	84 11 12 19
3316	85 41 7 1
3317	29 65 28 48
3318	50 13 4 8
3319	99 46 12 75
3320	7 44 19 11
3321	59 69 26 55
3322	78 61 40 63
3323	16 7 79 22
3324	6 98 44 90
3325	73 40 3 50
3326	33 57 60 56
3327	38 56 68 52
3328	90 37 43 8
3329	5 28 15 4
3330	15 81 79 70
3331	92 95 70 45
3332	27 49 4 17
3333	86 48 17 49
3334	81 55 76 7
3335	19 12 95 53
3336	16 4 96 81
3337	58 19 31 25
3338	28 92 11 64
3339	25 9 78 37
3340	78 98 14 30
3341	39 31 18 75
3342	91 38 26 67
3343	13 70 33 89
3344	62 41 78 28
3345	17 91 24 53
3346	62 98 4 86
3347	69 18 64 14
3348	80 41 64 37
3349	18 9 91 5
3350	48 39 92 15
3351	76 73 4 46
3352	8 40 66 14
3353	68 51 37 57
3354	37 17 97 69
3355	66 91 26 50
3356	28 12 34 85
3357	57 63 55 7
3358	33 68 97 48
3359	61 73 62 10
3360	93 34 33 62
3361	52 34 81 6
3362	82 72 46 70
3363	34 43 20 15
3364	36 82 12 22
3365	45 64 29 92
3366	2 76 60 61
3367	8 58 91 85
3368	62 19 86 47
3369	17 46 100 76
3370	78 18 3 69
3371	70 97 71 19
3372	94 67 66 93
3373	48 85 3 36
3374	99 12 21 26
3375	65 20 48 27
3376	52 1 88 24
3377	8 62 42 43
3378	69 91 89 6
3379	25 40 5 94
3380	84 27 11 100
3381	44 71 14 32
3382	77 76 19 97
3383	24 64 55 57
3384	35 7 29 38
3385	66 46 14 20
3386	58 15 90 76
3387	14 83 46 57
3388	19 21 76 15
3389	40 74 93 83
3390	63 78 38 17
3391	32 68 96 44
3392	78 43 24 71
3393	11 54 62 19
3394	1 69 80 36
3395	1 55 92 35
3396	47 97 64 65
3397	23 99 51 92
3398	94 59 73 9
3399	18 94 100 47
3400	37 86 1 15
3401	63 13 80 57
3402	98 81 96 89
3403	35 21 20 61
3404	28 53 83 94
3405	50 65 49 16
3406	63 73 36 98
3407	89 1 42 46
3408	36 16 62 8
3409	36 41 20 53
3410	10 71 13 1
3411	40 17 44 92
3412	40 32 86 38
3413	30 57 88 8
3414	9 60 86 51
3415	72 70 90 19
3416	7 51 23 6
3417	69 52 31 4
3418	43 35 23 89
3419	29 66 25 76
3420	86 58 23 61
3421	83 59 28 75
3422	32 26 62 99
3423	1 36 30 50
3424	42 5 8 66
3425	62 18 85 63
3426	35 44 19 98
3427	4 14 69 1
3428	96 100 93 18
3429	99 14 82 35
3430	8 89 60 82
3431	79 50 100 23
3432	64 32 89 87
3433	8 54 9 42
3434	5 76 17 44
3435	2 47 73 97
3436	59 39 96 14
3437	16 97 40 22
3438	40 45 5 55
3439	9 11 96 23
3440	5 36 73 75
3441	55 69 27 51
3442	43 93 85 59
3443	13 91 2 36
3444	67 34 96 49
3445	85 46 4 18
3446	69 59 80 95
3447	95 77 7 17
3448	6 58 91 5
3449	1 57 35 13
3450	95 38 65 46
3451	98 48 96 54
3452	69 3 91 24
3453	5 64 34 35
3454	18 4 84 48
3455	92 1 28 64
3456	56 77 26 37
3457	88 33 45 61
3458	61 39 88 55
3459	35 13 5 83
3460	93 69 11 10
3461	98 54 60 67
3462	19 38 91 64
3463	9 30 8 76
3464	44 37 89 57
3465	98 100 37 75
3466	21 69 98 52
3467	51 89 62 76
3468	20 35 88 54
3469	87 49 19 10
3470	87 74 91 79
3471	86 1 39 43
3472	1 59 13 12
3473	52 42 30 74
3474	67 83 1 5
3475	57 55 89 34
3476	43 4 52 54
3477	41 60 62 24
3478	62 39 94 93
3479	4 85 48 99
3480	45 40 84 36
3481	65 83 26 92
3482	24 63 18 26
3483	14 83 45 24
3484	47 57 69 93
3485	46 65 4 35
3486	86 81 79 58
3487	20 11 91 62
3488	3 56 46 13
3489	53 47 28 21
3490	91 97 73 61
3491	11 41 1 49
3492	61 38 40 45
3493	90 15 7 32
3494	87 18 19 76
3495	19 48 46 41
3496	46 50 40 17
3497	94 32 57 14
3498	53 50 76 98
3499	19 78 96 29
3500	23 6 82 16
3501	25 45 97 100
3502	52 63 53 73
3503	51 32 85 21
3504	37 55 33 72
3505	83 99 25 7
3506	4 28 92 16
3507	34 40 43 16
3508	48 57 59 65
3509	77 34 5 70
3510	24 20 76 79
3511	39 92 31 38
3512	12 17 72 16
3513	85 18 21 66
3514	54 18 41 92
3515	75 10 98 88
3516	76 26 83 20
3517	59 75 93 74
3518	72 91 11 63
3519	56 48 91 66
3520	37 42 92 31
3521	36 34 21 64
3522	61 24 28 88
3523	28 20 85 68
3524	28 99 50 94
3525	43 51 77 7
3526	48 6 72 79
3527	42 99 9 16
3528	89 26 91 84
3529	58 16 67 5
3530	30 34 20 89
3531	95 78 63 22
3532	57 16 42 96
3533	50 11 95 21
3534	79 93 23 3
3535	100 11 25 38
3536	84 3 42 5
3537	74 54 4 97
3538	30 42 99 52
3539	51 33 65 91
3540	73 76 36 80
3541	71 96 22 34
3542	43 55 65 16
3543	73 7 84 42
3544	33 71 67 59
3545	93 78 32 79
3546	25 2 98 97
3547	39 28 11 37
3548	8 26 30 50
3549	96 70 9 58
3550	96 98 26 64
3551	49 89 91 6
3552	40 26 24 77
3553	18 68 30 10
3554	57 64 49 70
3555	32 31 71 24
3556	71 97 5 29
3557	46 41 80 61
3558	67 82 74 66
3559	38 30 89 98
3560	11 94 20 42
3561	34 100 32 56
3562	86 58 75 51
3563	83 94 12 4
3564	32 15 78 68
3565	77 35 12 65
3566	51 40 8 70
3567	76 6 11 14
3568	53 1 25 48
3569	81 65 33 80
3570	33 88 27 52
3571	11 60 91 30
3572	35 89 91 98
3573	13 43 83 100
3574	57 81 47 42
3575	58 30 54 26
3576	4 15 48 66
3577	52 28 57 96
3578	28 15 6 72
3579	24 48 26 78
3580	12 58 7 14
3581	93 68 12 79
3582	87 55 63 38
3583	46 88 32 41
3584	66 12 23 97
3585	13 26 42 31
3586	13 59 87 72
3587	66 76 56 73
3588	20 76 42 24
3589	50 40 56 7
3590	75 90 21 34
3591	94 37 27 22
3592	69 72 43 67
3593	44 96 61 2
3594	59 34 9 86
3595	48 38 33 85
3596	42 96 84 9
3597	45 92 93 28
3598	66 100 18 90
3599	89 34 53 5
3600	20 62 91 78
3601	49 28 79 91
3602	90 95 30 38
3603	90 68 100 60
3604	2 6 78 91
3605	23 86 98 87
3606	42 2 16 60
3607	1 53 68 84
3608	36 94 32 96
3609	46 87 66 31
3610	98 93 70 27
3611	18 38 72 91
3612	51 82 63 47
3613	93 97 26 46
3614	50 46 66 78
3615	84 95 32 34
3616	37 67 63 89
3617	97 94 91 47
3618	87 80 68 34
3619	6 38 24 10
3620	51 15 12 49
3621	87 34 15 78
3622	24 41 70 52
3623	53 5 64 73
3624	62 40 34 87
3625	36 22 69 56
3626	55 21 93 66
3627	14 61 26 12
3628	50 56 21 26
3629	100 96 50 17
3630	41 53 58 94
3631	48 32 90 64
3632	56 39 29 1
3633	59 75 23 19
3634	21 69 66 23
3635	70 31 58 26
3636	14 13 25 61
3637	37 42 45 51
3638	75 79 36 5
3639	12 13 62 31
3640	75 51 4 84
3641	74 35 29 89
3642	19 26 27 15
3643	100 86 13 95
3644	91 59 88 52
3645	8 58 2 15
3646	3 23 69 11
3647	37 34 69 11
3648	90 36 50 92
3649	17 56 98 31
3650	65 87 13 68
3651	85 90 69 22
3652	93 92 89 45
3653	28 13 9 84
3654	95 97 15 48
3655	66 55 74 14
3656	79 19 32 42
3657	54 20 3 97
3658	67 28 91 5
3659	44 13 28 93
3660	18 41 1 14
3661	11 81 29 32
3662	80 25 53 11
3663	100 95 20 56
3664	23 50 53 94
3665	14 83 11 18
3666	3 39 6 81
3667	30 16 9 57
3668	14 76 62 89
3669	72 73 52 61
3670	80 60 23 91
3671	14 66 15 93
3672	31 44 42 59
3673	66 8 60 17
3674	84 83 65 11
3675	22 33 21 66
3676	1 19 54 37
3677	32 84 52 45
3678	71 95 6 82
3679	45 62 93 16
3680	46 73 1 11
3681	34 78 83 15
3682	28 60 40 56
3683	9 35 44 15
3684	40 35 71 57
3685	4 87 49 60
3686	70 35 45 48
3687	68 42 5 4
3688	80 69 66 38
3689	44 58 70 57
3690	26 36 84 95
3691	55 53 13 71
3692	23 24 16 27
3693	70 54 81 13
3694	14 15 9 64
3695	10 80 81 56
3696	52 89 84 94
3697	30 54 66 19
3698	9 52 36 2
3699	42 70 61 97
3700	17 68 65 46
3701	38 11 86 76
3702	87 89 98 71
3703	81 95 27 36
3704	25 53 58 33
3705	50 88 63 46
3706	98 75 86 94
3707	45 69 87 41
3708	92 15 24 77
3709	66 81 38 78
3710	7 99 60 45
3711	44 21 93 24
3712	37 67 26 9
3713	92 89 76 75
3714	70 63 7 88
3715	37 4 47 48
3716	65 29 87 84
3717	24 64 84 88
3718	43 30 69 3
3719	50 54 24 79
3720	61 7 38 90
3721	80 27 43 14
3722	59 44 81 100
3723	73 5 79 17
3724	47 72 29 43
3725	62 24 36 61
3726	86 15 88 60
3727	25 5 31 24
3728	52 69 27 5
3729	37 17 91 90
3730	16 14 91 6
3731	7 1 45 41
3732	48 80 3 59
3733	54 53 74 73
3734	78 29 33 9
3735	61 69 75 67
3736	58 49 100 26
3737	69 41 87 6
3738	65 66 27 64
3739	6 15 25 35
3740	39 10 32 21
3741	14 38 80 73
3742	11 94 99 33
3743	90 48 6 86
3744	8 43 59 41
3745	26 61 48 64
3746	69 41 9 66
3747	96 75 29 86
3748	49 89 40 17
3749	74 91 49 59
3750	28 9 39 80
3751	71 58 1 70
3752	13 90 93 39
3753	75 65 6 31
3754	83 67 100 55
3755	66 88 7 5
3756	50 67 25 69
3757	21 72 38 28
3758	64 60 18 30
3759	71 68 21 93
3760	54 42 59 34
3761	71 5 32 10
3762	90 42 98 75
3763	3 36 93 47
3764	90 6 88 39
3765	59 21 13 75
3766	40 15 73 75
3767	44 41 76 95
3768	94 22 25 59
3769	29 87 16 53
3770	18 90 87 10
3771	64 56 37 87
3772	93 70 5 67
3773	8 49 34 63
3774	54 8 48 79
3775	66 51 46 72
3776	98 67 1 82
3777	67 76 55 38
3778	39 79 31 100
3779	38 17 85 69
3780	55 79 53 5
3781	1 18 87 81
3782	9 41 29 90
3783	75 34 64 79
3784	75 22 69 77
3785	69 86 8 48
3786	99 13 48 51
3787	68 8 39 56
3788	41 86 96 5
3789	89 84 1 76
3790	36 39 52 87
3791	69 73 50 31
3792	70 88 45 11
3793	65 50 72 44
3794	37 96 80 41
3795	80 2 22 10
3796	51 50 29 84
3797	97 35 69 92
3798	61 27 40 3
3799	36 8 22 38
3800	42 58 77 21
3801	4 3 76 49
3802	74 55 48 39
3803	41 78 13 58
3804	36 11 20 42
3805	35 46 37 79
3806	60 33 85 18
3807	63 40 3 28
3808	4 6 67 41
3809	72 82 18 36
3810	98 15 99 13
3811	20 58 96 51
3812	54 80 19 24
3813	37 49 52 50
3814	36 86 3 63
3815	100 12 52 66
3816	98 60 18 19
3817	49 50 8 31
3818	68 87 38 98
3819	9 42 6 33
3820	21 11 64 40
3821	39 1 57 5
3822	83 61 9 11
3823	54 78 40 2
3824	78 90 55 64
3825	37 79 55 71
3826	34 10 92 71
3827	93 9 34 94
3828	44 16 23 64
3829	71 80 76 52
3830	69 40 85 99
3831	9 58 44 61
3832	91 43 82 85
3833	60 14 50 68
3834	93 10 24 49
3835	82 70 74 71
3836	85 96 71 74
3837	12 100 55 79
3838	43 2 63 82
3839	29 49 66 25
3840	17 45 79 8
3841	18 72 10 35
3842	53 67 5 96
3843	57 98 51 50
3844	77 46 32 83
3845	92 12 39 87
3846	80 73 87 56
3847	70 4 58 91
3848	21 45 5 71
3849	38 39 29 49
3850	64 19 29 54
3851	88 93 74 45
3852	18 7 35 22
3853	50 90 86 92
3854	82 99 41 36
3855	19 57 88 89
3856	80 50 8 13
3857	32 75 93 14
3858	34 49 99 20
3859	76 25 69 68
3860	68 14 69 73
3861	17 39 89 87
3862	58 55 53 90
3863	86 51 20 12
3864	22 55 33 39
3865	30 27 75 41
3866	92 70 7 46
3867	9 64 98 63
3868	98 7 28 52
3869	30 8 94 90
3870	34 55 45 17
3871	71 2 89 29
3872	13 49 74 100
3873	55 90 42 20
3874	63 21 89 73
3875	74 33 83 4
3876	36 68 81 57
3877	38 41 2 4
3878	9 65 21 89
3879	49 26 74 10
3880	73 22 31 92
3881	72 93 21 1
3882	96 12 11 36
3883	58 27 90 57
3884	27 22 62 30
3885	51 3 61 49
3886	99 16 27 56
3887	59 34 30 41
3888	88 92 96 1
3889	85 90 83 80
3890	84 56 18 82
3891	45 80 40 54
3892	75 23 82 87
3893	44 11 10 100
3894	50 82 54 33
3895	22 54 8 20
3896	42 25 4 58
3897	80 34 44 19
3898	33 76 12 25
3899	100 7 57 76
3900	20 8 44 63
3901	37 30 66 33
3902	16 64 74 81
3903	80 49 38 65
3904	24 97 58 14
3905	40 72 7 43
3906	35 36 69 40
3907	99 27 31 71
3908	95 70 80 62
3909	21 31 9 59
3910	85 34 79 43
3911	84 43 64 40
3912	95 98 51 49
3913	48 42 51 83
3914	22 49 41 42
3915	75 89 51 70
3916	56 68 59 51
3917	7 83 82 54
3918	31 10 96 65
3919	55 24 73 87
3920	81 13 94 43
3921	89 7 21 56
3922	22 77 27 51
3923	1 45 24 78
3924	88 68 84 67
3925	95 19 70 57
3926	74 75 84 78
3927	39 32 48 77
3928	65 73 72 7
3929	29 57 93 55
3930	13 78 39 77
3931	11 93 13 12
3932	36 94 54 78
3933	54 49 51 69
3934	88 22 57 41
3935	67 89 1 99
3936	45 98 2 4
3937	79 88 94 6
3938	95 90 48 65
3939	27 4 24 82
3940	41 17 71 2
3941	98 46 24 49
3942	80 45 40 67
3943	7 61 93 6
3944	22 11 36 33
3945	23 36 25 89
3946	88 77 21 55
3947	61 96 66 12
3948	53 22 43 67
3949	21 77 96 47
3950	46 14 60 44
3951	65 96 30 3
3952	67 96 10 73
3953	13 54 14 42
3954	19 6 58 66
3955	28 100 27 92
3956	14 91 9 7
3957	89 97 7 26
3958	69 35 53 19
3959	26 70 81 58
3960	81 19 82 2
3961	46 99 31 98
3962	48 44 58 53
3963	62 25 70 43
3964	100 27 63 3
3965	81 19 42 85
3966	71 74 39 73
3967	28 92 89 64
3968	88 49 45 96
3969	69 86 17 11
3970	31 65 59 56
3971	47 4 95 67
3972	36 73 3 96
3973	61 68 32 85
3974	81 3 41 60
3975	99 50 69 61
3976	45 78 88 30
3977	97 50 98 25
3978	50 32 53 5
3979	16 22 73 13
3980	45 96 21 97
3981	74 95 20 36
3982	66 18 90 6
3983	50 76 96 84
3984	24 21 26 57
3985	71 18 57 88
3986	77 96 40 18
3987	10 1 61 60
3988	80 2 70 46
3989	94 88 75 47
3990	22 97 49 70
3991	62 47 27 22
3992	99 80 31 7
3993	28 90 91 95
3994	13 79 27 42
3995	38 69 18 63
3996	3 63 19 24
3997	22 17 96 75
3998	46 88 28 82
3999	66 64 39 5
4000	19 81 100 28
4001	88 4 51 34
4002	12 8 53 76
4003	71 17 77 60
4004	51 96 62 66
4005	22 68 81 79
4006	49 21 58 41
4007	62 77 68 76
4008	10 44 64 24
4009	46 55 78 83
4010	2 6 15 46
4011	12 41 11 64
4012	6 16 71 47
4013	75 17 52 63
4014	31 36 8 37
4015	60 29 78 3
4016	46 82 74 17
4017	8 60 37 62
4018	74 76 63 85
4019	82 68 54 63
4020	81 67 64 32
4021	4 36 27 92
4022	43 78 61 6
4023	65 38 32 53
4024	57 40 58 46
4025	71 68 15 77
4026	73 74 9 47
4027	36 70 11 56
4028	36 46 2 73
4029	15 5 59 63
4030	42 91 39 45
4031	98 31 45 94
4032	87 85 100 80
4033	44 67 76 41
4034	27 22 57 84
4035	70 37 62 25
4036	56 23 38 12
4037	96 27 48 28
4038	90 32 73 29
4039	42 80 46 97
4040	83 87 10 20
4041	55 28 6 94
4042	80 89 73 4
4043	90 54 41 81
4044	8 83 65 91
4045	78 33 88 17
4046	1 35 27 33
4047	4 28 38 58
4048	88 38 21 13
4049	29 72 37 3
4050	46 35 73 34
4051	94 37 62 29
4052	49 29 95 7
4053	16 5 4 69
4054	55 52 8 73
4055	8 72 86 93
4056	74 47 13 94
4057	35 57 18 21
4058	50 81 95 93
4059	80 13 98 35
4060	47 92 79 51
4061	35 86 49 67
4062	9 71 95 37
4063	44 28 57 42
4064	32 51 81 88
4065	63 59 90 39
4066	46 59 84 40
4067	45 2 30 72
4068	82 25 81 52
4069	92 2 29 42
4070	10 41 86 90
4071	97 67 81 10
4072	82 77 84 48
4073	16 88 41 60
4074	22 61 100 41
4075	44 24 57 72
4076	28 84 3 13
4077	73 57 39 71
4078	30 92 14 70
4079	55 45 51 91
4080	65 94 72 62
4081	27 71 19 99
4082	93 86 47 8
4083	32 49 36 58
4084	57 36 47 83
4085	56 95 58 83
4086	44 57 27 50
4087	55 70 43 92
4088	95 50 71 76
4089	40 32 3 48
4090	74 84 49 15
4091	1 53 36 62
4092	38 16 24 32
4093	74 61 98 33
4094	41 85 2 12
4095	45 86 37 4
4096	59 26 65 37
4097	60 77 66 87
4098	12 82 96 83
4099	62 34 77 5
4100	96 5 34 90
4101	60 71 5 85
4102	1 5 89 72
4103	91 64 79 53
4104	97 67 39 10
4105	26 36 87 22
4106	87 26 7 21
4107	48 75 85 61
4108	11 88 98 2
4109	87 82 92 47
4110	91 59 74 76
4111	81 83 24 55
4112	35 15 52 81
4113	55 43 94 63
4114	83 39 93 73
4115	87 32 99 41
4116	85 34 20 5
4117	69 17 73 30
4118	4 35 7 86
4119	82 34 10 17
4120	90 48 92 98
4121	86 64 55 59
4122	77 37 72 56
4123	44 2 46 86
4124	66 6 46 7
4125	46 79 52 22
4126	80 32 11 30
4127	15 98 56 85
4128	12 13 49 79
4129	72 83 20 92
4130	71 25 55 21
4131	91 66 6 83
4132	62 2 57 82
4133	8 76 90 71
4134	75 72 97 41
4135	16 95 23 87
4136	38 39 27 34
4137	67 28 19 53
4138	48 40 54 26
4139	79 68 95 37
4140	77 89 66 19
4141	25 7 83 97
4142	15 23 6 18
4143	56 73 69 13
4144	88 75 79 15
4145	16 49 2 46
4146	44 31 28 27
4147	31 39 19 88
4148	47 89 20 78
4149	24 89 69 70
4150	80 41 7 87
4151	27 44 73 32
4152	11 35 8 75
4153	97 94 2 8
4154	50 76 29 28
4155	61 71 41 56
4156	100 62 27 95
4157	100 38 71 81
4158	97 85 4 98
4159	49 16 84 18
4160	54 36 100 70
4161	57 91 26 3
4162	20 3 97 42
4163	70 58 98 16
4164	13 12 65 34
4165	17 49 72 96
4166	13 61 58 9
4167	34 78 7 1
4168	34 82 35 22
4169	19 60 36 11
4170	69 65 19 49
4171	38 97 32 57
4172	75 23 66 29
4173	21 1 3 10
4174	50 77 11 81
4175	85 66 30 8
4176	88 1 22 29
4177	74 70 48 76
4178	28 90 30 51
4179	45 85 93 9
4180	64 78 8 26
4181	26 59 16 83
4182	94 4 88 46
4183	63 77 62 49
4184	55 64 5 25
4185	53 30 80 66
4186	68 12 64 45
4187	92 10 75 76
4188	79 16 2 33
4189	56 29 65 55
4190	82 78 89 87
4191	85 37 93 43
4192	52 32 15 10
4193	70 35 53 56
4194	53 48 44 39
4195	13 7 15 76
4196	71 67 32 81
4197	73 60 16 69
4198	8 78 12 55
4199	75 84 55 7
4200	33 9 76 88
4201	91 2 33 54
4202	61 19 24 92
4203	33 88 89 71
4204	79 80 70 30
4205	31 6 41 89
4206	28 56 58 67
4207	27 69 96 23
4208	21 5 100 53
4209	38 43 16 9
4210	50 36 68 29
4211	24 42 48 3
4212	67 57 88 34
4213	54 76 97 93
4214	27 96 2 62
4215	72 17 38 35
4216	66 84 55 91
4217	38 20 13 2
4218	33 89 18 43
4219	74 1 43 31
4220	18 69 21 36
4221	17 14 63 91
4222	79 3 58 29
4223	1 83 16 46
4224	3 78 87 13
4225	19 2 16 97
4226	25 39 94 99
4227	70 24 16 59
4228	20 38 46 60
4229	21 30 48 22
4230	77 31 99 43
4231	43 86 16 85
4232	80 33 37 29
4233	4 64 49 66
4234	86 34 47 29
4235	79 28 91 8
4236	2 66 46 24
4237	94 72 42 55
4238	10 67 35 3
4239	8 89 83 27
4240	11 8 57 26
4241	15 92 1 21
4242	77 16 58 65
4243	61 22 58 38
4244	51 65 32 59
4245	36 98 23 84
4246	7 41 12 9
4247	46 9 93 89
4248	6 26 43 99
4249	18 84 87 45
4250	84 82 83 8
4251	90 68 76 10
4252	38 41 13 52
4253	87 76 14 27
4254	25 65 38 55
4255	10 17 7 67
4256	23 71 97 96
4257	84 4 12 71
4258	29 37 89 12
4259	43 59 98 38
4260	86 68 82 80
4261	44 58 37 89
4262	28 25 98 23
4263	35 2 30 34
4264	61 34 26 23
4265	66 38 85 93
4266	17 97 53 80
4267	79 88 73 68
4268	3 76 18 22
4269	33 19 82 98
4270	96 53 50 59
4271	9 95 31 73
4272	19 85 83 66
4273	22 13 64 54
4274	50 1 53 6
4275	83 26 46 47
4276	59 74 86 9
4277	71 67 88 42
4278	40 5 51 2
4279	35 15 100 90
4280	57 35 11 17
4281	95 19 78 51
4282	95 9 60 50
4283	26 88 37 54
4284	31 69 68 34
4285	85 80 78 16
4286	48 46 53 88
4287	23 36 1 70
4288	20 42 88 33
4289	25 55 65 97
4290	77 15 79 37
4291	51 9 70 100
4292	3 81 86 31
4293	38 95 36 25
4294	88 43 11 10
4295	52 13 46 38
4296	10 11 1 73
4297	26 50 3 91
4298	92 75 91 95
4299	91 92 94 67
4300	95 99 61 73
4301	50 39 90 71
4302	88 21 57 15
4303	83 86 45 66
4304	86 16 55 14
4305	9 37 55 20
4306	43 95 21 71
4307	42 82 89 21
4308	12 64 79 11
4309	92 16 42 41
4310	41 15 35 74
4311	85 86 27 43
4312	19 76 60 40
4313	10 94 9 63
4314	79 76 12 86
4315	77 95 81 23
4316	29 99 91 78
4317	37 75 79 43
4318	30 39 84 20
4319	85 47 88 9
4320	21 29 10 19
4321	71 4 87 99
4322	76 26 77 80
4323	79 8 30 59
4324	98 17 97 26
4325	47 46 70 40
4326	87 67 23 19
4327	23 37 21 34
4328	91 55 11 51
4329	34 9 78 24
4330	64 69 23 75
4331	5 99 46 49
4332	35 36 88 100
4333	96 84 20 59
4334	66 51 91 9
4335	50 63 9 53
4336	72 88 44 4
4337	46 86 71 2
4338	42 84 27 6
4339	1 2 85 53
4340	43 23 52 48
4341	91 44 33 8
4342	82 41 9 86
4343	90 47 23 20
4344	73 98 54 53
4345	8 17 66 67
4346	73 92 24 16
4347	18 74 48 6
4348	56 43 33 49
4349	45 46 12 21
4350	14 91 89 54
4351	13 67 45 8
4352	58 47 25 52
4353	42 30 33 94
4354	44 22 37 94
4355	73 26 28 74
4356	23 79 92 46
4357	8 37 14 34
4358	31 91 5 69
4359	53 56 72 96
4360	25 89 53 46
4361	42 60 76 56
4362	75 20 15 41
4363	26 16 15 4
4364	3 79 29 84
4365	37 58 32 6
4366	8 45 13 44
4367	49 59 60 97
4368	38 19 95 67
4369	35 13 10 26
4370	90 55 10 40
4371	34 85 70 99
4372	46 93 96 51
4373	25 80 49 9
4374	4 86 37 100
4375	57 69 5 22
4376	6 51 33 66
4377	79 71 84 44
4378	36 4 60 77
4379	28 94 12 24
4380	89 15 70 65
4381	49 15 22 7
4382	1 76 49 80
4383	43 95 56 79
4384	3 99 8 88
4385	19 90 63 26
4386	32 73 8 11
4387	14 22 17 72
4388	45 40 99 58
4389	32 100 81 83
4390	99 64 17 55
4391	58 17 82 37
4392	5 37 78 62
4393	22 33 10 89
4394	73 92 34 30
4395	65 76 29 36
4396	56 40 100 11
4397	84 11 66 64
4398	12 83 56 31
4399	10 88 22 86
4400	74 4 23 7
4401	81 12 47 93
4402	51 52 11 96
4403	53 92 54 89
4404	1 98 72 28
4405	6 37 81 50
4406	8 45 20 49
4407	82 51 48 69
4408	3 38 92 72
4409	25 49 85 39
4410	16 73 92 41
4411	81 46 1 99
4412	39 100 89 55
4413	93 20 6 80
4414	72 51 64 70
4415	73 95 90 16
4416	20 4 95 87
4417	91 8 24 72
4418	58 5 90 12
4419	53 49 24 46
4420	31 33 22 14
4421	33 16 47 23
4422	79 86 90 50
4423	77 34 10 82
4424	40 34 44 88
4425	89 4 88 35
4426	12 47 87 11
4427	81 90 92 74
4428	57 92 59 31
4429	61 84 6 52
4430	34 86 23 51
4431	37 11 90 100
4432	94 14 53 71
4433	56 47 64 51
4434	31 32 44 87
4435	80 79 21 47
4436	98 60 14 94
4437	33 1 79 86
4438	66 61 67 49
4439	23 38 16 75
4440	97 41 99 35
4441	13 62 95 70
4442	23 45 11 29
4443	82 13 52 33
4444	51 47 40 89
4445	8 33 89 75
4446	4 91 84 99
4447	28 44 24 7
4448	83 19 69 49
4449	3 68 82 81
4450	98 60 76 4
4451	76 78 43 49
4452	22 44 29 73
4453	12 13 16 25
4454	94 3 87 12
4455	7 67 73 3
4456	22 84 69 89
4457	94 58 1 27
4458	28 10 66 41
4459	66 8 75 78
4460	32 27 55 6
4461	55 71 80 89
4462	6 34 41 40
4463	10 22 97 100
4464	94 47 93 62
4465	50 7 17 66
4466	85 2 29 73
4467	28 82 88 19
4468	3 53 26 29
4469	93 83 31 87
4470	9 95 26 52
4471	48 2 12 78
4472	8 74 57 58
4473	41 61 20 56
4474	39 65 19 89
4475	12 25 80 89
4476	24 12 98 51
4477	87 92 55 84
4478	5 33 53 85
4479	77 94 34 57
4480	83 58 65 71
4481	10 5 45 19
4482	92 54 58 73
4483	71 85 37 62
4484	61 47 56 31
4485	42 43 83 69
4486	24 83 23 79
4487	26 33 72 84
4488	41 3 80 56
4489	86 38 43 1
4490	54 55 65 49
4491	84 46 28 9
4492	1 36 85 88
4493	5 59 68 29
4494	50 76 14 54
4495	38 88 85 44
4496	47 56 58 43
4497	92 32 25 52
4498	40 1 89 77
4499	63 48 31 11
4500	92 26 19 24
4501	66 88 73 14
4502	15 73 25 34
4503	95 69 12 66
4504	18 88 27 90
4505	78 18 67 72
4506	16 75 28 46
4507	49 10 35 12
4508	24 45 56 47
4509	33 80 67 8
4510	74 14 38 97
4511	91 1 59 47
4512	89 48 70 98
4513	38 29 68 24
4514	97 1 79 60
4515	34 15 25 21
4516	14 63 94 76
4517	37 77 98 78
4518	20 44 90 62
4519	12 97 53 67
4520	9 34 38 20
4521	68 37 43 70
4522	99 17 87 62
4523	82 67 41 69
4524	93 98 19 39
4525	67 44 4 74
4526	4 26 72 36
4527	67 48 58 19
4528	13 70 39 28
4529	18 64 11 27
4530	12 19 37 17
4531	46 18 38 31
4532	7 50 21 24
4533	91 44 2 16
4534	13 82 96 19
4535	37 93 19 60
4536	76 47 54 74
4537	6 77 9 19
4538	9 70 94 82
4539	56 42 79 77
4540	10 73 95 28
4541	45 2 41 39
4542	68 26 76 39
4543	100 14 4 74
4544	75 30 82 33
4545	73 2 37 15
4546	25 42 17 35
4547	88 76 52 79
4548	98 89 99 45
4549	72 24 54 84
4550	3 1 62 31
4551	35 89 11 45
4552	93 86 98 23
4553	81 15 45 85
4554	32 83 31 12
4555	30 88 15 69
4556	26 82 58 33
4557	48 85 44 46
4558	90 6 83 93
4559	47 81 100 95
4560	85 77 3 47
4561	7 77 69 91
4562	31 77 11 4
4563	27 32 42 20
4564	39 64 2 82
4565	23 98 93 28
4566	24 87 93 42
4567	31 75 35 55
4568	82 3 66 2
4569	44 32 67 38
4570	12 32 53 17
4571	76 40 18 95
4572	34 10 56 14
4573	26 15 7 70
4574	18 36 74 45
4575	42 74 87 18
4576	70 90 95 49
4577	86 66 92 20
4578	73 80 58 65
4579	38 44 67 95
4580	35 2 31 22
4581	43 10 35 29
4582	51 75 14 11
4583	56 88 1 63
4584	97 27 36 18
4585	15 53 34 16
4586	80 72 52 95
4587	80 6 87 83
4588	5 82 70 19
4589	35 59 20 52
4590	82 60 20 3
4591	96 95 23 89
4592	84 2 56 55
4593	40 43 83 49
4594	34 35 58 66
4595	27 49 44 1
4596	52 84 36 62
4597	31 10 49 43
4598	32 62 77 21
4599	69 20 5 30
4600	80 98 90 51
4601	30 56 15 2
4602	100 44 4 71
4603	61 88 70 85
4604	21 77 2 58
4605	66 28 43 97
4606	56 49 51 80
4607	100 37 58 82
4608	45 74 3 18
4609	19 26 13 96
4610	32 15 68 71
4611	60 26 66 98
4612	47 66 90 26
4613	87 49 63 20
4614	28 51 24 20
4615	65 82 37 39
4616	35 17 51 92
4617	77 20 36 75
4618	9 50 95 66
4619	15 24 45 85
4620	43 68 56 51
4621	11 20 47 56
4622	79 67 55 99
4623	88 33 21 93
4624	48 18 6 36
4625	18 33 1 100
4626	35 30 29 53
4627	78 39 76 58
4628	44 92 99 75
4629	72 63 19 61
4630	54 87 96 8
4631	64 79 11 85
4632	5 32 11 57
4633	69 100 67 10
4634	77 64 65 46
4635	38 92 20 85
4636	73 98 4 33
4637	28 73 62 71
4638	42 38 93 27
4639	38 40 57 97
4640	15 1 91 21
4641	40 36 49 3
4642	1 48 92 35
4643	91 24 74 78
4644	5 60 85 40
4645	26 2 53 16
4646	14 6 53 11
4647	16 84 100 78
4648	88 44 38 5
4649	58 10 81 90
4650	41 11 28 90
4651	73 81 100 80
4652	49 21 40 35
4653	88 12 67 8
4654	14 39 60 82
4655	63 37 47 22
4656	78 61 25 94
4657	48 20 50 59
4658	53 1 38 81
4659	100 71 56 16
4660	42 38 66 5
4661	42 87 31 6
4662	38 52 84 90
4663	65 66 54 89
4664	33 61 35 17
4665	15 12 52 37
4666	4 90 88 14
4667	6 48 64 21
4668	19 43 30 75
4669	18 16 9 59
4670	89 93 39 61
4671	39 13 46 16
4672	42 58 82 56
4673	65 37 55 73
4674	54 65 4 75
4675	89 58 31 95
4676	46 84 51 93
4677	42 57 43 100
4678	33 27 54 10
4679	41 53 45 95
4680	25 17 75 34
4681	94 38 39 85
4682	94 41 84 40
4683	38 42 43 92
4684	52 16 75 7
4685	86 58 1 77
4686	34 28 89 54
4687	52 59 86 91
4688	63 90 42 26
4689	47 32 65 21
4690	39 71 83 97
4691	98 39 46 83
4692	72 49 6 85
4693	71 20 31 54
4694	90 100 50 65
4695	78 81 98 9
4696	19 67 95 66
4697	26 37 33 22
4698	47 58 53 16
4699	83 33 59 21
4700	28 79 88 24
4701	70 41 67 56
4702	34 16 47 76
4703	66 69 62 78
4704	26 66 10 89
4705	89 87 24 51
4706	56 10 13 36
4707	99 1 23 16
4708	85 92 3 81
4709	97 43 12 34
4710	81 69 6 61
4711	95 92 94 90
4712	15 71 55 10
4713	15 29 95 66
4714	85 6 12 33
4715	64 83 93 29
4716	60 15 95 80
4717	51 95 80 21
4718	24 48 26 67
4719	30 90 31 5
4720	61 92 2 95
4721	22 91 85 69
4722	2 55 63 56
4723	33 43 11 23
4724	61 42 2 90
4725	27 71 29 23
4726	98 70 26 76
4727	93 12 88 38
4728	93 90 24 52
4729	66 73 40 70
4730	10 63 45 21
4731	55 34 68 11
4732	9 49 3 83
4733	59 25 3 31
4734	39 66 85 3
4735	90 81 39 45
4736	30 28 18 13
4737	64 100 65 90
4738	14 91 17 98
4739	30 17 37 38
4740	99 12 51 61
4741	47 20 70 27
4742	74 12 60 45
4743	58 27 36 20
4744	63 60 15 16
4745	10 93 71 34
4746	10 66 38 12
4747	78 95 62 49
4748	93 19 63 66
4749	70 87 26 93
4750	98 29 74 49
4751	44 40 35 4
4752	86 13 8 33
4753	85 80 61 21
4754	45 26 25 98
4755	80 59 15 49
4756	13 15 79 39
4757	76 79 59 13
4758	63 6 53 39
4759	39 87 51 80
4760	32 95 49 21
4761	5 34 74 61
4762	72 18 93 96
4763	84 55 14 33
4764	70 65 2 77
4765	22 45 44 48
4766	80 33 22 16
4767	72 56 70 5
4768	27 95 59 11
4769	16 58 13 62
4770	18 22 84 96
4771	49 14 97 50
4772	10 90 58 15
4773	16 72 15 55
4774	14 2 59 50
4775	23 95 38 92
4776	95 75 84 61
4777	44 51 15 5
4778	99 69 32 92
4779	74 28 65 26
4780	67 7 76 19
4781	7 59 92 57
4782	63 66 76 6
4783	44 58 6 78
4784	36 21 79 80
4785	73 94 23 6
4786	7 40 55 54
4787	40 53 22 83
4788	95 3 10 18
4789	83 43 99 46
4790	92 14 11 21
4791	22 39 5 94
4792	25 11 86 67
4793	29 13 75 21
4794	12 18 2 62
4795	24 48 68 84
4796	77 15 30 4
4797	23 54 79 19
4798	12 49 66 39
4799	52 39 59 51
4800	22 15 40 29
4801	47 64 86 2
4802	84 83 5 81
4803	35 90 85 29
4804	94 14 56 10
4805	29 55 94 21
4806	42 32 4 15
4807	92 15 54 52
4808	3 45 66 62
4809	30 56 57 54
4810	4 82 31 22
4811	96 19 42 35
4812	43 14 44 100
4813	81 37 66 53
4814	6 54 65 11
4815	66 19 82 1
4816	14 62 94 47
4817	99 84 52 96
4818	6 76 52 11
4819	11 18 94 39
4820	85 83 55 81
4821	99 4 15 1
4822	14 16 32 91
4823	65 37 59 47
4824	79 83 10 74
4825	58 74 25 50
4826	21 96 11 73
4827	100 54 66 83
4828	59 30 91 52
4829	15 54 91 33
4830	53 10 88 70
4831	9 12 44 41
4832	70 71 22 100
4833	68 16 39 99
4834	27 50 17 58
4835	20 35 53 9
4836	62 88 30 93
4837	3 34 38 15
4838	11 15 65 68
4839	79 18 10 71
4840	91 53 72 19
4841	72 82 25 22
4842	38 28 97 52
4843	1 69 64 50
4844	83 89 53 81
4845	40 37 39 4
4846	24 48 45 20
4847	54 1 16 20
4848	27 84 19 93
4849	82 73 93 100
4850	71 25 20 19
4851	42 55 50 52
4852	67 11 51 39
4853	81 52 23 82
4854	6 82 71 74
4855	96 35 3 68
4856	22 41 90 8
4857	62 2 72 65
4858	18 7 94 28
4859	20 48 31 66
4860	66 44 38 51
4861	40 77 61 62
4862	92 70 63 32
4863	89 69 71 44
4864	31 2 1 22
4865	67 37 87 79
4866	86 3 50 59
4867	79 81 91 43
4868	34 98 56 96
4869	13 10 21 29
4870	82 3 57 7
4871	43 83 88 30
4872	34 79 81 17
4873	99 12 97 48
4874	66 56 81 1
4875	41 90 30 95
4876	58 65 75 67
4877	46 71 59 43
4878	88 90 14 44
4879	36 33 63 85
4880	74 56 79 9
4881	67 42 70 25
4882	63 13 28 60
4883	68 76 56 71
4884	24 2 78 82
4885	51 7 96 55
4886	10 67 55 62
4887	32 54 26 30
4888	37 100 46 10
4889	19 47 74 16
4890	32 98 30 42
4891	7 14 60 47
4892	57 81 7 16
4893	85 1 67 39
4894	4 54 41 93
4895	3 47 77 58
4896	42 50 83 56
4897	3 12 22 100
4898	57 78 6 39
4899	90 93 48 53
4900	46 60 69 49
4901	95 50 71 29
4902	33 47 20 18
4903	99 56 89 15
4904	34 55 77 86
4905	7 94 56 74
4906	64 18 71 52
4907	76 74 75 94
4908	11 6 93 86
4909	8 92 46 86
4910	48 85 18 8
4911	68 35 84 99
4912	49 3 100 52
4913	63 7 64 19
4914	99 91 69 92
4915	87 10 74 34
4916	13 95 91 78
4917	76 45 62 28
4918	96 94 49 41
4919	3 97 64 79
4920	48 4 73 31
4921	73 68 80 65
4922	23 75 71 67
4923	40 83 84 12
4924	39 77 88 12
4925	63 76 10 80
4926	42 31 55 50
4927	88 13 63 68
4928	11 51 41 83
4929	68 47 35 72
4930	43 31 29 85
4931	84 81 58 67
4932	95 99 93 8
4933	78 65 90 39
4934	98 80 87 48
4935	52 28 68 54
4936	78 85 37 21
4937	89 73 96 61
4938	23 98 61 55
4939	96 73 63 44
4940	61 68 45 5
4941	92 77 24 79
4942	9 59 16 19
4943	66 91 76 74
4944	36 12 51 84
4945	24 40 71 26
4946	15 38 94 46
4947	99 100 32 36
4948	27 88 54 62
4949	19 69 86 3
4950	48 27 43 34
4951	34 37 1 47
4952	65 46 50 72
4953	99 60 49 9
4954	83 50 46 91
4955	28 65 44 35
4956	24 31 92 28
4957	2 83 85 78
4958	15 40 22 57
4959	73 55 27 76
4960	37 53 36 85
4961	9 80 82 98
4962	54 83 9 25
4963	3 54 19 16
4964	72 39 3 63
4965	38 96 34 37
4966	50 98 73 32
4967	28 41 36 35
4968	25 85 92 53
4969	1 93 64 6
4970	31 82 55 47
4971	73 48 75 4
4972	8 93 92 89
4973	75 91 65 31
4974	72 52 12 1
4975	87 34 26 48
4976	91 8 16 89
4977	27 100 45 71
4978	90 78 93 62
4979	78 76 83 44
4980	37 59 5 1
4981	76 37 2 12
4982	95 71 3 18
4983	15 66 90 35
4984	39 100 43 60
4985	46 20 91 82
4986	51 49 72 86
4987	40 11 6 28
4988	29 35 88 42
4989	16 57 12 71
4990	44 31 97 95
4991	51 49 15 73
4992	76 13 21 86
4993	31 13 27 80
4994	56 84 71 94
4995	25 38 53 97
4996	12 65 59 21
4997	38 84 32 62
4998	88 34 15 18
4999	83 13 16 12
5000	41 79 1 69
