Students	5000
1	68 51 19 13
2	5 67 71 98
3	31 70 23 55
4	83 19 64 24
5	61 35 21 38
6	71 79 75 89
7	55 45 92 86
8	6 57 5 1
9	47 1 55 97
10	76 39 100 48
11	83 21 13 5
12	93 88 18 19
13	54 1 29 24
14	17 75 61 70
15	76 56 81 59
16	37 35 19 16
17	22 50 66 7
18	52 88 35 82
19	63 82 84 97
20	57 39 41 16
21	7 11 80 51
22	87 49 32 89
23	20 83 73 98
24	30 68 31 98
25	100 12 48 69
26	54 10 3 87
27	20 43 75 27
28	4 78 83 38
29	61 9 90 39
30	12 67 44 48
31	4 78 96 31
32	11 75 33 31
33	94 58 4 82
34	37 20 43 100
35	93 75 58 88
36	15 100 40 16
37	18 63 86 41
38	4 49 97 20
39	97 48 12 83
40	43 58 31 69
41	94 57 33 82
42	86 77 53 37
43	65 4 41 52
44	72 98 25 93
45	63 48 42 47
46	78 77 10 23
47	71 93 36 84
48	18 4 98 17
49	21 41 46 49
50	54 88 28 66
51	22 84 11 21
52	71 97 72 21
53	96 87 22 86
54	21 22 27 90
55	2 55 41 60
56	12 95 24 45
57	40 43 41 72
58	80 34 98 5
59	61 49 86 7
60	28 25 43 82
61	76 60 71 28
62	6 44 94 4
63	84 37 13 78
64	47 16 92 48
65	38 62 63 36
66	52 35 69 20
67	80 48 19 16
68	67 87 6 74
69	3 82 14 86
70	61 58 79 73
71	20 56 50 66
72	52 9 91 97
73	39 34 6 10
74	23 84 92 93
75	17 96 75 61
76	89 34 27 1
77	7 100 61 21
78	15 66 21 77
79	43 86 42 11
80	100 61 88 68
81	67 75 8 74
82	22 47 55 89
83	57 40 17 22
84	88 4 64 5
85	25 59 18 56
86	100 24 18 60
87	19 20 82 44
88	43 58 76 14
89	37 57 80 87
90	55 58 63 85
91	77 40 28 37
92	4 85 9 1
93	34 53 23 64
94	31 10 19 29
95	77 92 8 34
96	3 26 43 18
97	77 92 28 83
98	52 22 29 63
99	76 50 31 53
100	19 88 31 42
101	28 67 66 14
102	81 53 22 97
103	90 100 64 27
104	57 51 84 45
105	90 23 19 7
106	9 28 41 63
107	98 2 35 97
108	72 74 86 59
109	8 72 32 31
110	34 42 15 6
111	82 57 69 91
112	54 44 80 88
113	62 91 44 35
114	95 63 99 3
115	65 43 60 68
116	53 55 45 88
117	56 79 61 89
118	85 1 45 15
119	34 49 21 62
120	92 88 80 53
121	68 6 75 73
122	29 75 78 31
123	3 57 67 50
124	35 67 22 77
125	90 31 29 44
126	99 69 79 58
127	90 78 12 59
128	39 71 76 61
129	96 100 93 18
130	32 87 100 74
131	16 36 78 58
132	8 35 23 81
133	2 34 96 31
134	35 51 56 44
135	53 58 39 8
136	76 35 64 98
137	72 25 77 11
138	82 45 25 15
139	89 74 63 38
140	13 22 6 84
141	34 99 27 44
142	91 90 98 64
143	32 28 15 47
144	82 77 43 35
145	9 60 83 16
146	18 61 27 2
147	39 31 23 53
148	60 5 65 94
149	55 25 21 87
150	48 7 85 52
151	4 97 36 48
152	27 77 31 94
153	42 28 20 44
154	8 70 56 48
155	65 36 15 38
156	91 24 20 10
157	72 28 7 40
158	11 67 8 32
159	55 71 33 43
160	10 99 6 52
161	74 32 1 18
162	4 67 70 16
163	63 49 6 97
164	50 39 74 93
165	21 9 83 35
166	23 5 55 24
167	94 95 69 14
168	85 24 33 18
169	67 75 25 60
170	26 69 57 52
171	31 25 88 48
172	21 42 32 92
173	11 13 25 19
174	33 48 72 9
175	39 70 71 14
176	38 33 56 27
177	18 73 16 87
178	43 91 7 87
179	88 97 25 5
180	50 41 98 55
181	81 30 32 70
182	99 12 19 74
183	59 44 66 19
184	30 12 63 7
185	76 30 52 73
186	38 9 97 58
187	43 93 13 92
188	54 2 81 43
189	11 24 28 7
190	74 14 56 57
191	25 44 11 30
192	33 48 91 37
193	59 18 84 75
194	88 93 2 70
195	93 53 23 54
196	37 9 46 1
197	33 83 20 59
198	88 74 100 49
199	13 12 82 57
200	71 76 68 29
201	11 66 40 83
202	21 77 81 25
203	13 76 43 21
204	37 1 43 75
205	48 89 29 99
206	78 72 46 66
207	86 74 19 83
208	48 22 11 35
209	84 81 25 51
210	53 72 49 95
211	56 25 11 64
212	34 62 96 41
213	26 75 70 77
214	95 65 89 62
215	54 64 59 3
216	73 53 69 10
217	8 85 97 40
218	1 33 70 13
219	29 44 19 15
220	61 56 47 62
221	2 69 61 96
222	94 16 7 55
223	18 37 69 22
224	16 91 23 67
225	49 25 20 37
226	89 34 91 40
227	19 85 91 95
228	24 98 66 48
229	14 79 26 81
230	52 74 40 66
231	39 90 62 71
232	81 76 18 39
233	6 59 23 75
234	54 95 49 92
235	12 9 46 70
236	65 83 49 91
237	49 66 16 10
238	2 91 41 16
239	92 84 88 19
240	42 6 50 49
241	27 87 62 35
242	93 53 61 66
243	99 59 67 70
244	20 84 44 19
245	98 76 10 59
246	72 24 9 85
247	78 74 45 39
248	86 77 26 56
249	37 85 14 80
250	40 94 93 55
251	25 86 9 93
252	47 98 66 57
253	42 85 96 40
254	4 91 71 49
255	77 91 56 82
256	59 28 44 91
257	14 5 6 34
258	7 33 49 57
259	41 77 94 42
260	88 72 21 22
261	15 39 89 34
262	77 40 82 78
263	89 45 10 83
264	52 34 36 76
265	50 49 48 45
266	47 20 70 31
267	69 8 32 18
268	34 51 96 10
269	32 72 26 30
270	97 20 56 15
271	51 13 54 41
272	38 19 55 86
273	9 84 31 40
274	92 82 52 90
275	11 75 36 18
276	45 32 95 96
277	67 48 53 63
278	7 66 25 82
279	57 60 13 44
280	36 76 8 13
281	45 90 76 96
282	28 90 48 63
283	76 13 73 81
284	77 76 79 65
285	92 25 85 73
286	85 71 70 81
287	50 63 85 37
288	91 83 7 79
289	52 3 48 32
290	58 56 76 11
291	46 88 54 26
292	48 57 18 11
293	30 98 74 15
294	77 62 57 92
295	40 1 60 85
296	76 7 71 20
297	75 88 42 63
298	82 89 92 2
299	84 69 71 55
300	40 1 59 47
301	3 54 8 69
302	2 48 59 22
303	55 72 5 64
304	93 4 84 98
305	33 82 87 17
306	40 37 69 76
307	42 26 40 72
308	94 39 22 60
309	97 79 74 67
310	5 96 68 46
311	91 93 2 63
312	11 27 87 54
313	72 96 16 70
314	38 21 92 97
315	23 77 3 60
316	35 31 34 69
317	13 72 60 2
318	63 59 89 71
319	45 14 11 62
320	87 13 78 55
321	60 18 25 50
322	67 13 34 19
323	21 20 62 54
324	93 50 13 49
325	73 8 59 81
326	80 23 79 77
327	90 41 49 42
328	51 5 53 61
329	1 49 7 82
330	7 18 46 22
331	28 21 59 92
332	23 32 35 58
333	100 44 81 66
334	49 36 34 51
335	93 98 28 99
336	23 56 53 11
337	50 81 11 49
338	3 68 17 66
339	44 1 78 61
340	21 96 32 92
341	26 71 22 75
342	63 80 17 87
343	16 15 98 88
344	65 69 82 83
345	84 17 92 74
346	66 34 42 31
347	90 68 70 13
348	10 50 9 24
349	60 37 42 99
350	1 41 81 79
351	73 36 59 50
352	16 85 68 40
353	50 91 5 85
354	12 72 2 16
355	7 35 94 28
356	51 80 100 60
357	58 66 84 28
358	14 35 94 2
359	2 4 62 11
360	32 17 7 98
361	71 32 9 13
362	69 41 25 97
363	2 85 40 59
364	70 95 2 81
365	43 41 63 21
366	38 36 48 71
367	75 99 42 70
368	85 67 61 55
369	38 90 40 60
370	31 67 18 43
371	27 51 58 34
372	80 57 72 17
373	98 91 47 73
374	16 76 93 5
375	79 37 2 94
376	5 79 45 66
377	50 19 64 14
378	70 77 38 49
379	81 15 23 95
380	43 89 42 69
381	68 51 36 11
382	63 36 59 87
383	28 74 14 66
384	83 52 26 90
385	25 95 34 45
386	25 61 26 36
387	7 26 45 62
388	84 2 56 9
389	40 71 50 14
390	32 90 72 15
391	3 67 100 73
392	35 13 67 52
393	89 16 72 69
394	3 7 64 65
395	29 18 82 63
396	64 28 100 4
397	17 6 78 27
398	12 46 6 96
399	58 37 39 98
400	58 5 93 53
401	6 15 45 16
402	39 58 92 20
403	89 40 100 90
404	88 77 45 24
405	54 66 42 97
406	19 38 35 27
407	49 99 43 50
408	51 36 94 77
409	87 42 79 61
410	74 54 49 4
411	31 86 29 30
412	89 90 88 75
413	5 51 15 10
414	22 18 26 28
415	91 61 3 24
416	45 43 65 32
417	72 52 64 2
418	88 81 1 77
419	38 75 12 37
420	26 7 13 25
421	30 60 51 66
422	99 19 10 69
423	57 53 71 70
424	25 72 85 57
425	67 28 70 23
426	49 63 58 52
427	8 22 27 29
428	40 12 82 15
429	20 49 29 2
430	55 29 53 48
431	87 86 31 61
432	42 51 78 80
433	16 67 79 93
434	29 98 1 90
435	79 100 93 9
436	37 28 87 30
437	66 65 44 98
438	35 82 66 18
439	25 24 36 77
440	55 24 94 41
441	2 29 13 99
442	37 47 63 88
443	98 17 60 59
444	90 71 99 78
445	61 99 37 93
446	5 57 24 83
447	29 58 43 3
448	49 73 32 48
449	71 68 43 16
450	100 74 59 19
451	78 93 63 57
452	38 19 44 92
453	93 97 30 23
454	21 82 60 70
455	73 17 60 36
456	26 52 76 22
457	44 26 55 82
458	75 8 35 77
459	91 88 5 97
460	18 19 98 75
461	8 83 55 6
462	82 39 59 14
463	33 31 48 80
464	60 54 50 34
465	72 4 93 99
466	68 32 11 1
467	19 27 32 66
468	39 60 22 58
469	62 47 22 82
470	17 75 24 69
471	99 9 94 80
472	49 95 53 100
473	43 55 1 14
474	59 31 54 27
475	61 100 85 15
476	46 85 13 28
477	87 15 48 40
478	75 67 95 84
479	68 86 76 7
480	14 13 75 99
481	45 83 63 92
482	32 85 80 60
483	86 97 60 61
484	59 9 80 36
485	46 39 80 92
486	39 46 27 85
487	17 37 18 67
488	73 16 76 14
489	27 47 40 87
490	1 66 74 4
491	62 68 71 51
492	45 83 50 1
493	84 65 5 23
494	41 11 68 38
495	44 31 80 28
496	75 44 89 82
497	74 70 25 6
498	20 17 59 50
499	24 81 75 42
500	48 63 82 39
501	27 54 70 7
502	10 48 18 51
503	23 37 18 75
504	95 17 64 31
505	37 36 50 20
506	20 65 17 4
507	11 81 64 26
508	55 65 30 35
509	21 72 58 96
510	15 40 91 60
511	36 94 22 9
512	15 46 35 9
513	50 9 8 95
514	3 92 66 43
515	72 51 40 81
516	69 68 51 7
517	75 83 99 95
518	8 65 61 32
519	63 82 73 56
520	53 44 64 31
521	37 39 88 16
522	77 59 18 22
523	59 60 28 45
524	57 45 78 49
525	86 70 95 79
526	58 8 10 25
527	44 97 41 90
528	79 29 63 37
529	88 80 68 4
530	88 85 71 94
531	57 56 79 39
532	93 95 20 63
533	6 74 38 83
534	49 41 14 51
535	38 23 24 31
536	70 87 96 41
537	68 29 4 81
538	52 79 19 64
539	57 73 35 2
540	95 40 47 59
541	14 38 96 28
542	52 12 71 80
543	56 7 96 40
544	22 13 46 15
545	58 19 48 2
546	55 19 38 15
547	77 11 5 41
548	25 38 33 59
549	38 51 46 100
550	88 97 1 70
551	36 44 75 38
552	37 90 34 40
553	47 75 32 50
554	34 69 73 28
555	63 84 46 12
556	90 73 7 3
557	65 73 28 59
558	1 93 25 36
559	67 21 6 88
560	41 88 76 34
561	63 39 77 29
562	54 37 63 14
563	90 1 84 36
564	48 51 47 36
565	28 43 31 11
566	13 2 5 19
567	98 21 43 94
568	84 51 47 89
569	57 77 95 51
570	5 65 29 46
571	62 79 9 44
572	93 25 46 43
573	89 53 10 51
574	25 37 33 63
575	63 83 4 19
576	21 25 24 84
577	66 6 20 96
578	91 85 4 8
579	45 61 37 43
580	79 48 63 12
581	83 94 69 85
582	72 11 81 68
583	19 73 96 68
584	60 59 15 52
585	3 26 70 52
586	53 68 31 97
587	37 26 49 61
588	4 16 24 28
589	12 11 68 32
590	77 34 81 37
591	89 98 78 90
592	99 63 47 92
593	61 8 41 94
594	77 50 44 100
595	51 19 40 74
596	40 56 37 4
597	28 21 98 71
598	35 11 59 75
599	1 56 15 54
600	4 85 71 47
601	68 12 57 97
602	85 46 16 6
603	74 14 37 29
604	16 37 67 4
605	93 54 5 88
606	64 7 40 100
607	90 46 37 87
608	77 64 13 41
609	8 67 89 80
610	2 3 13 60
611	89 76 83 52
612	57 5 7 19
613	48 26 12 39
614	61 46 97 52
615	70 53 91 98
616	27 37 9 71
617	100 26 59 43
618	77 82 13 47
619	75 78 45 33
620	99 72 8 5
621	29 33 26 65
622	6 2 5 85
623	13 56 72 21
624	13 1 50 29
625	42 26 67 98
626	24 9 49 43
627	93 33 81 15
628	47 37 82 15
629	82 48 59 52
630	70 47 60 56
631	45 97 94 16
632	40 4 1 42
633	7 35 2 27
634	100 99 11 57
635	42 21 83 47
636	66 14 63 21
637	87 50 84 24
638	23 38 52 33
639	58 69 71 4
640	42 40 92 78
641	62 54 48 86
642	92 45 71 20
643	17 38 45 85
644	38 72 27 30
645	57 59 21 96
646	30 74 59 93
647	2 9 51 69
648	87 49 13 65
649	53 88 69 65
650	27 88 51 60
651	5 17 97 57
652	15 35 53 49
653	48 7 87 41
654	10 7 77 91
655	4 80 33 93
656	27 72 1 84
657	7 92 23 52
658	78 83 3 1
659	61 69 70 62
660	70 85 73 65
661	78 25 91 62
662	13 57 89 98
663	44 71 99 26
664	89 31 48 62
665	63 92 72 7
666	46 31 21 76
667	34 90 37 39
668	12 20 32 53
669	46 1 7 98
670	87 55 81 11
671	47 71 87 98
672	58 73 83 11
673	46 24 29 72
674	32 47 13 72
675	82 59 54 70
676	69 13 21 12
677	83 2 88 7
678	80 90 76 92
679	45 94 32 27
680	28 82 35 90
681	28 54 3 79
682	57 99 34 4
683	33 75 37 76
684	29 74 36 59
685	63 58 94 88
686	2 57 43 84
687	11 77 14 84
688	66 94 64 75
689	89 85 35 86
690	85 48 17 97
691	62 30 35 51
692	22 86 75 62
693	25 13 1 37
694	76 13 74 96
695	87 36 62 35
696	15 31 21 5
697	14 78 58 3
698	85 33 80 53
699	32 94 36 30
700	27 36 26 90
701	72 10 4 74
702	12 17 45 41
703	99 83 39 61
704	77 49 17 34
705	96 61 17 30
706	1 38 36 50
707	29 14 18 44
708	90 75 92 51
709	54 25 59 17
710	98 77 21 62
711	5 28 43 41
712	24 20 100 37
713	83 61 34 24
714	35 40 90 87
715	78 45 25 5
716	13 36 38 40
717	39 30 21 56
718	12 97 7 11
719	20 17 97 25
720	66 96 77 54
721	98 13 54 56
722	21 7 94 35
723	95 24 43 90
724	9 55 56 81
725	47 93 91 2
726	42 67 76 37
727	58 13 18 25
728	95 79 2 70
729	44 15 2 46
730	74 61 11 22
731	21 41 68 34
732	45 79 60 1
733	65 22 23 70
734	6 79 24 98
735	80 74 94 53
736	16 85 35 44
737	35 90 92 72
738	45 65 32 89
739	74 91 61 27
740	60 18 89 4
741	42 76 10 30
742	49 47 90 69
743	71 84 59 19
744	54 35 49 46
745	15 85 47 64
746	13 93 40 24
747	58 77 29 45
748	16 3 50 9
749	16 95 56 68
750	34 27 73 93
751	4 95 35 30
752	5 25 8 78
753	65 98 20 19
754	64 71 46 33
755	37 77 12 100
756	65 31 94 72
757	13 53 24 91
758	43 30 21 2
759	43 16 20 53
760	90 18 73 45
761	27 47 65 20
762	53 100 91 64
763	85 65 82 71
764	81 85 13 32
765	44 29 12 52
766	89 29 60 99
767	48 91 68 45
768	11 69 79 32
769	54 88 90 62
770	78 80 88 10
771	64 3 93 59
772	61 31 27 33
773	35 46 1 32
774	45 65 96 85
775	77 73 13 84
776	30 53 59 100
777	27 42 56 1
778	60 80 83 2
779	9 79 68 14
780	47 24 22 41
781	55 42 63 16
782	93 5 54 19
783	8 44 63 95
784	6 46 71 39
785	75 10 60 1
786	12 48 78 55
787	44 67 32 37
788	3 22 17 11
789	42 71 94 74
790	53 7 40 29
791	53 6 1 18
792	76 74 63 14
793	100 30 68 48
794	1 14 12 30
795	83 33 52 99
796	47 64 21 31
797	3 65 74 98
798	83 89 99 55
799	94 23 51 65
800	63 44 25 33
801	2 34 13 79
802	1 88 86 90
803	63 83 33 55
804	33 59 48 3
805	52 72 41 3
806	16 17 26 78
807	54 37 34 96
808	43 81 45 49
809	49 60 19 12
810	9 91 2 54
811	32 10 26 75
812	52 44 65 93
813	21 95 62 72
814	13 15 19 54
815	90 68 78 14
816	32 69 22 47
817	13 7 89 12
818	52 13 58 12
819	81 21 27 71
820	25 23 88 95
821	82 9 12 59
822	95 76 96 65
823	94 12 24 16
824	82 29 57 17
825	31 41 84 43
826	75 45 27 41
827	34 29 89 92
828	60 55 8 75
829	20 37 82 17
830	73 52 78 81
831	5 45 57 20
832	13 63 87 95
833	5 2 83 60
834	9 17 47 75
835	39 66 16 61
836	1 65 81 21
837	76 73 43 42
838	68 39 86 51
839	79 76 55 3
840	54 11 4 84
841	43 68 28 46
842	38 52 12 87
843	16 14 49 25
844	80 56 27 31
845	39 91 35 59
846	17 20 8 57
847	91 74 32 77
848	18 21 35 96
849	97 7 82 98
850	3 99 1 39
851	8 64 16 63
852	76 15 60 6
853	87 85 72 62
854	40 75 42 55
855	16 85 71 43
856	4 58 78 65
857	7 18 48 57
858	82 89 80 8
859	12 79 74 20
860	93 1 45 89
861	24 70 27 53
862	16 21 98 8
863	16 39 59 21
864	92 36 21 7
865	1 100 74 8
866	94 65 60 10
867	15 70 44 91
868	100 87 15 99
869	6 82 59 38
870	24 39 89 49
871	54 40 87 46
872	85 70 40 75
873	99 100 81 91
874	7 31 26 61
875	46 88 82 83
876	27 37 49 95
877	94 92 58 83
878	11 77 29 53
879	70 26 7 51
880	96 36 16 66
881	46 18 54 36
882	87 49 100 42
883	41 2 98 47
884	30 66 17 68
885	43 50 94 81
886	29 87 39 6
887	86 71 14 79
888	87 58 34 86
889	76 90 73 94
890	37 91 80 92
891	61 99 53 15
892	71 76 62 64
893	53 59 93 67
894	22 30 4 55
895	63 3 48 17
896	64 94 57 61
897	18 42 89 43
898	5 98 55 66
899	47 32 14 83
900	98 28 99 2
901	36 57 8 91
902	29 55 31 95
903	22 6 42 38
904	43 58 88 49
905	15 79 48 18
906	76 35 27 52
907	71 17 61 20
908	17 30 54 8
909	97 80 2 79
910	13 46 76 18
911	39 42 58 18
912	83 42 11 65
913	54 38 62 8
914	49 23 35 50
915	50 68 53 48
916	100 25 20 53
917	26 63 69 39
918	59 27 4 7
919	93 94 75 98
920	77 37 17 14
921	3 57 66 90
922	72 23 39 68
923	48 57 76 62
924	85 14 45 58
925	47 84 67 36
926	41 93 2 43
927	68 85 7 45
928	55 42 90 75
929	14 67 72 49
930	92 99 22 36
931	94 53 9 96
932	93 19 55 21
933	91 73 9 24
934	54 80 95 36
935	39 92 99 60
936	83 75 13 36
937	39 53 47 16
938	71 80 92 87
939	77 89 36 41
940	8 64 17 48
941	26 67 62 41
942	61 57 94 85
943	81 65 99 76
944	66 86 17 53
945	60 96 70 51
946	16 4 49 39
947	65 78 30 21
948	21 46 74 18
949	79 96 66 25
950	98 69 37 34
951	56 71 61 2
952	29 7 15 50
953	7 79 21 36
954	1 12 37 41
955	56 76 34 8
956	18 57 99 43
957	77 1 22 39
958	48 18 80 79
959	29 1 68 53
960	3 10 41 67
961	43 38 10 11
962	85 79 48 97
963	81 13 66 4
964	19 85 78 98
965	45 58 1 99
966	32 35 5 77
967	2 3 81 52
968	21 87 31 62
969	24 23 47 64
970	37 70 80 69
971	50 68 8 13
972	36 99 44 11
973	21 48 37 59
974	76 21 68 72
975	10 61 30 4
976	97 7 86 73
977	13 90 25 12
978	68 16 40 50
979	99 27 57 18
980	20 66 30 62
981	88 51 64 7
982	66 82 59 91
983	46 61 33 56
984	13 25 97 8
985	7 53 38 13
986	93 95 62 97
987	75 55 95 11
988	29 43 20 83
989	99 23 27 17
990	3 50 73 76
991	50 75 18 37
992	51 34 3 27
993	60 81 98 27
994	12 51 39 59
995	78 82 91 23
996	78 25 90 96
997	57 24 53 66
998	49 76 13 63
999	71 78 5 62
1000	60 2 68 82
1001	54 30 44 80
1002	97 46 22 88
1003	99 68 46 86
1004	78 86 74 71
1005	12 44 38 14
1006	45 11 94 88
1007	3 33 32 2
1008	88 70 63 55
1009	33 14 17 39
1010	58 37 93 47
1011	78 17 61 65
1012	95 73 97 48
1013	83 15 34 37
1014	38 84 50 17
1015	4 81 38 20
1016	57 98 25 63
1017	64 43 53 36
1018	19 63 96 8
1019	96 55 98 70
1020	67 31 6 24
1021	47 60 32 46
1022	90 35 14 53
1023	46 52 86 89
1024	13 63 15 59
1025	23 72 12 70
1026	87 28 19 82
1027	45 21 71 73
1028	88 41 10 3
1029	8 84 99 45
1030	11 55 67 19
1031	13 27 11 91
1032	85 15 76 28
1033	25 31 63 88
1034	58 76 88 54
1035	54 24 42 100
1036	77 36 93 21
1037	63 59 62 75
1038	14 76 5 47
1039	46 92 95 67
1040	32 78 52 86
1041	12 36 46 72
1042	24 40 62 50
1043	19 30 99 1
1044	23 2 12 62
1045	70 22 64 78
1046	77 57 88 55
1047	73 48 15 98
1048	48 87 80 91
1049	40 11 92 57
1050	56 89 72 13
1051	22 90 24 69
1052	55 75 56 65
1053	87 30 43 65
1054	34 79 15 63
1055	100 74 58 64
1056	42 72 44 13
1057	71 39 93 41
1058	88 99 78 39
1059	48 35 53 87
1060	58 16 30 70
1061	77 45 92 9
1062	86 71 21 12
1063	84 56 10 15
1064	13 30 16 15
1065	10 6 42 79
1066	28 50 60 5
1067	65 60 98 4
1068	26 8 74 89
1069	70 27 87 39
1070	9 92 88 54
1071	34 58 81 5
1072	49 45 34 67
1073	54 89 47 97
1074	61 78 40 71
1075	15 80 79 14
1076	53 9 70 1
1077	69 1 74 42
1078	39 5 23 34
1079	21 11 68 23
1080	39 29 95 78
1081	21 15 25 30
1082	17 99 73 18
1083	8 4 74 40
1084	23 46 36 76
1085	67 49 83 85
1086	83 29 100 41
1087	90 18 55 82
1088	31 41 38 15
1089	36 27 22 56
1090	79 59 84 25
1091	21 91 64 2
1092	23 42 1 86
1093	56 71 77 79
1094	6 43 29 38
1095	54 65 100 82
1096	65 51 74 59
1097	83 16 94 75
1098	66 100 23 92
1099	17 57 63 70
1100	35 45 68 39
1101	13 56 57 72
1102	54 70 57 42
1103	60 50 67 31
1104	73 16 26 4
1105	77 89 45 69
1106	41 95 36 69
1107	99 93 9 21
1108	56 68 99 28
1109	41 70 13 88
1110	97 1 28 76
1111	6 81 5 70
1112	48 22 12 36
1113	59 56 41 39
1114	48 74 19 71
1115	24 18 30 11
1116	61 40 72 42
1117	57 4 42 46
1118	49 9 97 64
1119	44 49 62 22
1120	43 77 78 54
1121	28 66 24 48
1122	21 8 58 12
1123	37 80 8 28
1124	92 67 31 72
1125	45 24 50 82
1126	8 76 68 77
1127	16 14 67 26
1128	90 64 22 2
1129	25 26 57 81
1130	36 43 26 100
1131	90 94 41 56
1132	29 26 74 14
1133	59 90 26 91
1134	70 95 92 98
1135	60 56 23 40
1136	99 96 65 70
1137	13 88 54 55
1138	39 75 64 4
1139	55 86 31 76
1140	2 5 3 86
1141	55 100 4 86
1142	37 76 39 89
1143	53 29 59 86
1144	67 95 71 50
1145	97 59 24 63
1146	3 59 86 78
1147	44 46 61 19
1148	71 15 12 59
1149	82 85 54 92
1150	58 66 70 35
1151	8 32 73 3
1152	81 78 15 91
1153	58 30 32 29
1154	55 70 47 28
1155	65 84 91 77
1156	4 26 47 42
1157	41 68 3 61
1158	22 25 76 95
1159	53 79 62 23
1160	38 36 30 11
1161	71 80 21 83
1162	72 1 85 77
1163	97 24 15 60
1164	8 62 55 23
1165	1 78 47 46
1166	24 17 32 86
1167	80 31 40 75
1168	46 52 31 51
1169	75 65 88 87
1170	56 26 21 29
1171	28 87 33 38
1172	80 4 85 89
1173	27 48 61 65
1174	3 98 90 74
1175	31 28 61 51
1176	93 13 80 38
1177	9 71 18 33
1178	32 5 1 48
1179	9 41 18 49
1180	53 50 94 24
1181	94 10 5 13
1182	79 62 27 23
1183	68 94 87 63
1184	9 68 76 51
1185	28 30 44 36
1186	39 47 77 82
1187	38 31 69 75
1188	48 17 88 91
1189	27 19 89 88
1190	83 70 34 45
1191	78 48 37 77
1192	21 70 89 30
1193	75 98 70 27
1194	42 46 50 51
1195	81 16 29 41
1196	19 71 7 66
1197	39 72 66 57
1198	72 58 74 51
1199	70 88 57 47
1200	48 25 69 75
1201	44 71 19 16
1202	85 31 24 7
1203	47 76 72 83
1204	72 87 15 88
1205	56 3 74 67
1206	11 42 27 10
1207	84 77 71 50
1208	19 92 95 23
1209	56 70 69 66
1210	9 68 4 59
1211	8 55 56 16
1212	72 84 46 22
1213	6 22 83 36
1214	76 61 48 55
1215	21 65 73 68
1216	74 58 22 78
1217	84 69 41 70
1218	23 19 31 63
1219	5 100 48 52
1220	96 57 30 58
1221	46 20 29 78
1222	31 37 2 49
1223	95 71 82 12
1224	90 80 37 31
1225	75 73 22 88
1226	34 16 96 11
1227	82 50 18 3
1228	85 90 4 2
1229	19 94 47 51
1230	80 41 19 89
1231	57 96 23 75
1232	13 31 78 42
1233	87 82 21 26
1234	82 21 29 74
1235	36 83 62 86
1236	60 22 74 42
1237	84 64 4 24
1238	45 58 61 8
1239	91 74 2 33
1240	23 11 46 2
1241	47 24 45 58
1242	8 22 72 38
1243	69 100 40 97
1244	25 26 65 90
1245	47 33 40 35
1246	38 90 47 82
1247	7 77 19 68
1248	82 93 90 11
1249	91 89 26 96
1250	48 41 23 37
1251	74 86 17 57
1252	57 36 81 3
1253	37 41 19 43
1254	81 44 19 48
1255	71 35 74 82
1256	93 61 48 21
1257	28 40 70 16
1258	100 87 92 14
1259	78 85 29 70
1260	70 24 78 84
1261	25 64 10 63
1262	30 95 41 51
1263	67 25 9 2
1264	96 29 89 66
1265	68 27 76 23
1266	4 20 77 83
1267	17 14 13 79
1268	33 79 77 100
1269	13 66 41 21
1270	57 46 78 52
1271	54 53 46 61
1272	91 97 28 71
1273	29 51 63 58
1274	45 100 66 49
1275	29 61 17 7
1276	11 9 21 46
1277	66 21 85 84
1278	19 32 49 20
1279	31 86 35 44
1280	72 36 21 77
1281	35 24 19 89
1282	72 27 96 2
1283	41 9 47 36
1284	81 87 48 34
1285	76 79 2 26
1286	56 46 31 99
1287	83 88 94 41
1288	33 73 99 35
1289	84 14 36 17
1290	22 73 13 56
1291	15 43 97 94
1292	35 39 49 67
1293	57 25 63 69
1294	21 76 59 18
1295	32 75 79 33
1296	62 42 26 95
1297	35 30 39 62
1298	84 63 60 29
1299	26 75 96 40
1300	56 64 17 53
1301	37 18 35 40
1302	11 80 18 3
1303	69 46 41 21
1304	9 85 79 23
1305	80 13 23 49
1306	29 28 93 66
1307	99 18 51 87
1308	59 52 40 100
1309	23 77 58 3
1310	82 85 57 64
1311	78 83 58 75
1312	79 50 46 37
1313	2 82 11 90
1314	83 68 77 91
1315	46 75 6 91
1316	84 43 31 77
1317	10 71 12 35
1318	34 32 82 33
1319	55 23 63 9
1320	25 45 46 23
1321	64 14 26 9
1322	46 60 50 81
1323	38 32 97 67
1324	99 58 42 7
1325	36 85 28 55
1326	23 28 56 38
1327	87 56 9 34
1328	12 32 4 47
1329	43 63 13 76
1330	46 39 100 19
1331	37 54 44 85
1332	77 38 4 47
1333	4 29 91 74
1334	44 52 23 54
1335	42 53 52 71
1336	69 91 32 70
1337	58 70 98 54
1338	94 78 53 28
1339	20 19 30 54
1340	24 62 82 15
1341	37 5 33 72
1342	78 58 83 7
1343	8 82 25 24
1344	59 5 19 29
1345	55 23 92 46
1346	79 17 71 84
1347	96 45 38 27
1348	56 100 87 80
1349	37 75 76 100
1350	97 64 77 15
1351	90 34 75 71
1352	67 95 42 86
1353	30 88 3 81
1354	5 70 92 100
1355	26 39 22 3
1356	10 99 22 71
1357	44 72 50 89
1358	89 49 27 46
1359	41 64 50 61
1360	69 53 71 76
1361	14 36 98 17
1362	44 31 51 19
1363	56 98 68 43
1364	26 87 1 71
1365	5 53 64 2
1366	87 10 55 51
1367	60 89 57 80
1368	34 56 39 74
1369	24 38 95 37
1370	53 62 6 21
1371	78 79 37 33
1372	62 83 12 77
1373	31 65 44 62
1374	70 7 39 42
1375	22 79 45 49
1376	47 70 2 86
1377	90 33 100 27
1378	3 94 95 82
1379	59 85 10 97
1380	70 45 35 36
1381	58 55 25 72
1382	88 90 21 74
1383	17 100 40 95
1384	33 48 35 98
1385	81 100 76 36
1386	59 33 10 14
1387	30 41 52 27
1388	26 22 16 59
1389	18 19 2 91
1390	73 54 41 77
1391	42 17 53 16
1392	86 23 77 93
1393	21 49 95 13
1394	67 92 25 59
1395	27 63 7 60
1396	66 47 68 31
1397	50 66 10 44
1398	23 88 26 81
1399	68 92 37 74
1400	52 41 26 9
1401	62 19 84 68
1402	16 69 62 25
1403	41 21 26 58
1404	58 39 38 78
1405	55 18 4 37
1406	15 31 95 74
1407	91 76 37 53
1408	45 23 11 91
1409	42 95 80 24
1410	52 47 85 9
1411	44 20 74 54
1412	96 66 60 10
1413	33 91 31 77
1414	42 63 50 76
1415	94 70 38 97
1416	67 29 56 66
1417	51 46 88 15
1418	43 60 62 29
1419	46 79 63 32
1420	85 88 87 95
1421	1 79 64 74
1422	95 89 73 22
1423	21 7 38 53
1424	52 36 27 23
1425	87 11 55 3
1426	44 11 52 79
1427	43 19 38 2
1428	76 16 60 39
1429	47 65 78 79
1430	99 75 98 64
1431	62 24 64 96
1432	1 99 52 79
1433	26 79 54 14
1434	87 88 49 3
1435	18 92 91 67
1436	35 65 74 58
1437	8 17 100 63
1438	61 65 3 51
1439	75 66 39 65
1440	100 86 38 53
1441	37 22 48 43
1442	80 64 30 65
1443	30 43 88 4
1444	39 67 97 16
1445	92 11 96 95
1446	50 22 67 64
1447	60 25 28 55
1448	71 6 80 55
1449	47 4 57 69
1450	13 98 79 78
1451	59 21 17 67
1452	48 24 32 33
1453	95 20 29 60
1454	99 79 51 83
1455	77 87 35 15
1456	93 40 74 64
1457	52 7 51 29
1458	66 100 36 41
1459	40 12 79 27
1460	13 16 24 19
1461	23 39 28 40
1462	92 56 42 36
1463	79 70 58 44
1464	47 36 59 5
1465	37 71 85 91
1466	28 95 59 83
1467	48 56 13 3
1468	28 13 76 90
1469	20 21 95 48
1470	33 90 14 30
1471	37 60 68 58
1472	28 26 97 9
1473	58 12 4 17
1474	35 99 84 82
1475	7 63 91 88
1476	6 23 31 43
1477	89 51 6 100
1478	78 25 27 1
1479	55 49 56 95
1480	54 84 78 25
1481	24 46 57 98
1482	4 80 24 28
1483	100 41 22 82
1484	16 71 27 13
1485	32 60 61 2
1486	18 85 100 90
1487	12 80 19 82
1488	14 94 45 81
1489	95 45 88 58
1490	91 86 65 23
1491	7 46 39 1
1492	84 66 85 91
1493	51 78 74 3
1494	92 28 23 76
1495	45 13 7 35
1496	34 1 83 33
1497	91 97 69 32
1498	95 86 65 24
1499	86 59 19 61
1500	75 20 43 32
1501	88 90 37 43
1502	47 49 12 16
1503	83 89 14 78
1504	12 7 91 39
1505	27 41 87 7
1506	66 22 71 16
1507	88 15 47 62
1508	68 59 60 91
1509	73 77 29 13
1510	44 21 42 88
1511	26 72 98 84
1512	33 51 89 7
1513	31 93 33 14
1514	71 14 48 92
1515	90 10 95 72
1516	40 33 71 37
1517	75 24 21 34
1518	66 55 68 24
1519	64 12 93 63
1520	22 90 81 88
1521	15 21 77 2
1522	89 81 15 49
1523	23 43 83 61
1524	1 19 95 2
1525	76 2 68 69
1526	26 23 9 58
1527	34 76 28 94
1528	80 99 71 76
1529	14 92 2 64
1530	54 28 43 32
1531	6 58 76 11
1532	60 65 48 20
1533	3 63 18 78
1534	91 3 88 6
1535	65 57 58 50
1536	33 79 37 25
1537	94 53 98 69
1538	17 92 16 61
1539	38 71 60 49
1540	61 38 99 54
1541	58 34 77 40
1542	33 38 56 81
1543	1 80 57 3
1544	96 4 18 57
1545	93 21 1 16
1546	99 38 82 27
1547	67 48 43 54
1548	34 91 74 8
1549	16 29 96 100
1550	22 16 32 61
1551	39 61 45 72
1552	99 64 31 91
1553	65 83 25 82
1554	45 44 66 64
1555	97 7 23 85
1556	78 60 40 94
1557	92 100 94 51
1558	29 31 84 78
1559	47 88 63 6
1560	35 34 33 87
1561	69 36 82 22
1562	91 67 47 7
1563	74 53 91 33
1564	19 28 47 20
1565	92 68 62 54
1566	53 24 12 52
1567	65 49 22 21
1568	81 24 96 27
1569	100 57 40 80
1570	77 87 62 39
1571	77 88 72 63
1572	53 37 12 21
1573	49 19 84 59
1574	74 40 36 12
1575	59 95 92 82
1576	61 73 49 84
1577	75 70 19 95
1578	89 47 46 34
1579	46 47 33 48
1580	25 37 100 92
1581	69 93 42 26
1582	69 1 50 2
1583	99 58 82 88
1584	49 88 78 90
1585	53 56 7 16
1586	35 89 100 67
1587	62 94 19 11
1588	79 37 54 12
1589	72 100 95 23
1590	35 78 87 56
1591	97 61 52 51
1592	32 13 79 90
1593	76 86 79 39
1594	30 60 40 50
1595	96 82 79 61
1596	40 68 88 61
1597	9 95 47 33
1598	22 54 73 76
1599	29 38 52 74
1600	24 91 35 13
1601	51 71 95 73
1602	5 90 27 2
1603	32 3 61 89
1604	9 77 66 61
1605	95 75 13 84
1606	6 28 73 74
1607	59 81 24 88
1608	50 93 85 45
1609	82 45 39 85
1610	59 56 53 72
1611	45 92 78 68
1612	97 74 34 82
1613	70 91 42 92
1614	99 59 6 44
1615	29 81 56 74
1616	7 73 89 92
1617	92 77 88 87
1618	33 37 61 24
1619	29 28 79 47
1620	15 60 17 97
1621	94 83 87 44
1622	60 1 96 11
1623	27 37 35 72
1624	9 13 1 57
1625	41 8 45 77
1626	13 88 52 71
1627	46 81 64 100
1628	80 40 77 79
1629	53 99 83 6
1630	22 46 73 98
1631	15 44 77 87
1632	92 7 33 82
1633	30 89 52 8
1634	18 71 34 84
1635	38 49 8 20
1636	84 98 63 1
1637	81 38 48 14
1638	5 89 58 98
1639	53 54 12 10
1640	35 52 46 17
1641	70 4 25 67
1642	27 48 41 16
1643	44 37 67 41
1644	54 17 88 73
1645	25 28 42 90
1646	49 24 40 4
1647	84 7 56 12
1648	46 56 27 12
1649	3 98 28 7
1650	63 19 50 99
1651	100 6 62 41
1652	5 90 48 27
1653	40 19 96 57
1654	3 80 89 22
1655	23 44 22 75
1656	42 90 76 72
1657	67 11 52 70
1658	36 85 31 73
1659	18 35 4 10
1660	41 58 43 100
1661	21 36 43 78
1662	12 45 58 48
1663	80 33 37 51
1664	90 19 85 81
1665	69 71 54 65
1666	48 7 23 3
1667	40 63 42 1
1668	2 93 9 10
1669	19 29 27 63
1670	65 94 1 64
1671	60 45 66 44
1672	56 54 37 47
1673	16 75 10 29
1674	22 66 39 4
1675	7 91 27 47
1676	6 10 22 100
1677	30 95 58 93
1678	1 89 42 47
1679	32 20 4 89
1680	51 68 7 37
1681	65 15 30 45
1682	51 35 36 54
1683	3 31 40 95
1684	49 59 74 76
1685	52 72 64 96
1686	95 62 10 9
1687	62 16 43 29
1688	26 33 97 18
1689	20 96 37 47
1690	40 38 22 18
1691	96 13 1 77
1692	13 66 95 2
1693	35 45 19 32
1694	66 7 23 69
1695	66 35 43 38
1696	3 22 52 89
1697	62 1 83 42
1698	78 29 36 33
1699	12 4 15 68
1700	24 67 59 30
1701	96 33 41 24
1702	36 17 82 5
1703	33 98 60 80
1704	68 33 77 55
1705	56 61 19 20
1706	8 64 61 95
1707	18 87 4 85
1708	7 77 37 90
1709	42 1 69 97
1710	9 40 10 44
1711	67 97 96 15
1712	3 77 30 1
1713	97 67 4 76
1714	23 92 10 9
1715	38 55 68 79
1716	91 62 39 5
1717	39 45 98 63
1718	12 80 3 37
1719	97 85 89 31
1720	82 83 28 12
1721	29 89 75 28
1722	63 32 47 45
1723	68 63 40 61
1724	22 46 92 78
1725	4 93 5 12
1726	43 5 27 55
1727	6 55 34 32
1728	2 79 18 88
1729	3 32 45 40
1730	37 77 81 53
1731	36 91 65 21
1732	15 13 21 96
1733	37 91 27 58
1734	96 15 26 84
1735	34 52 46 82
1736	77 64 100 10
1737	6 68 45 41
1738	84 91 88 51
1739	71 73 83 16
1740	52 58 8 71
1741	9 36 72 78
1742	7 79 44 91
1743	76 44 98 90
1744	36 5 50 56
1745	31 34 75 16
1746	82 31 87 3
1747	25 84 57 11
1748	97 49 22 73
1749	15 56 91 12
1750	4 58 93 48
1751	15 92 91 46
1752	39 19 72 5
1753	47 31 80 83
1754	75 58 64 50
1755	61 92 19 30
1756	100 1 73 56
1757	85 81 6 34
1758	81 45 61 41
1759	72 48 60 52
1760	39 63 26 75
1761	28 70 26 65
1762	47 52 56 85
1763	93 90 14 11
1764	21 10 42 70
1765	44 13 62 49
1766	54 78 49 19
1767	71 31 94 18
1768	25 46 43 74
1769	33 62 56 26
1770	65 20 68 92
1771	53 68 88 93
1772	62 38 5 75
1773	71 78 49 94
1774	21 87 45 46
1775	55 69 21 39
1776	73 58 42 76
1777	84 42 93 96
1778	5 45 35 44
1779	51 77 6 48
1780	8 62 79 13
1781	96 69 93 53
1782	53 72 38 58
1783	49 92 100 21
1784	44 98 29 57
1785	86 46 76 73
1786	91 9 100 87
1787	38 11 8 75
1788	39 84 34 12
1789	74 85 14 21
1790	93 3 53 83
1791	1 23 31 71
1792	70 37 83 20
1793	1 16 7 36
1794	78 30 98 11
1795	91 47 22 19
1796	12 36 96 16
1797	56 74 27 73
1798	14 16 39 96
1799	77 49 84 60
1800	26 8 6 17
1801	72 17 81 35
1802	5 53 47 78
1803	47 69 41 37
1804	96 71 9 14
1805	25 69 19 17
1806	47 13 40 1
1807	46 43 38 47
1808	9 62 13 1
1809	71 21 45 15
1810	85 93 75 28
1811	31 97 20 62
1812	85 16 58 44
1813	100 59 20 93
1814	20 63 12 78
1815	85 50 32 59
1816	43 32 53 76
1817	88 98 52 60
1818	25 30 43 57
1819	83 84 30 95
1820	47 77 37 64
1821	41 48 14 54
1822	79 75 78 24
1823	41 73 17 63
1824	59 20 35 62
1825	64 95 16 24
1826	7 27 28 58
1827	80 23 85 52
1828	76 49 50 99
1829	45 26 53 73
1830	61 34 71 51
1831	63 5 42 33
1832	11 25 86 73
1833	83 13 14 10
1834	65 34 90 44
1835	64 45 24 85
1836	61 31 36 85
1837	99 71 57 40
1838	52 65 13 75
1839	29 44 8 72
1840	7 87 63 46
1841	47 88 26 94
1842	61 55 88 39
1843	12 54 35 19
1844	67 94 43 27
1845	27 93 6 94
1846	18 68 21 26
1847	95 76 99 30
1848	54 23 2 75
1849	35 11 96 18
1850	83 81 2 79
1851	1 15 9 5
1852	49 55 27 85
1853	89 44 52 31
1854	14 11 59 99
1855	11 5 9 76
1856	14 56 93 19
1857	45 15 87 88
1858	97 82 87 41
1859	96 64 62 80
1860	56 78 80 66
1861	65 75 47 12
1862	26 20 9 25
1863	76 19 6 38
1864	72 96 60 55
1865	13 4 55 43
1866	85 23 53 49
1867	89 17 29 76
1868	51 24 35 61
1869	69 55 23 20
1870	84 27 87 95
1871	57 82 65 53
1872	83 44 86 52
1873	26 83 62 22
1874	92 39 37 18
1875	68 19 76 69
1876	75 14 92 24
1877	52 100 12 35
1878	41 30 92 86
1879	56 12 74 44
1880	9 39 78 55
1881	69 52 34 80
1882	28 45 83 97
1883	92 56 34 50
1884	41 99 91 58
1885	100 58 96 32
1886	81 53 40 51
1887	22 56 67 18
1888	5 98 70 34
1889	8 52 80 37
1890	74 16 89 35
1891	61 16 10 67
1892	40 49 78 51
1893	6 84 75 46
1894	71 10 86 44
1895	7 6 93 24
1896	74 63 22 64
1897	86 4 21 40
1898	82 52 54 90
1899	52 36 94 24
1900	44 38 53 100
1901	77 21 79 81
1902	22 48 42 44
1903	51 37 87 11
1904	17 29 32 48
1905	15 7 40 12
1906	15 87 43 35
1907	1 89 2 77
1908	43 78 49 65
1909	42 14 60 88
1910	48 67 6 45
1911	16 66 44 50
1912	56 88 73 54
1913	34 38 84 63
1914	45 83 60 66
1915	86 78 80 83
1916	84 85 77 22
1917	45 24 95 41
1918	9 84 27 10
1919	77 39 69 11
1920	83 98 94 62
1921	57 66 45 74
1922	11 73 90 27
1923	3 4 82 90
1924	55 97 57 12
1925	85 95 40 79
1926	46 19 25 47
1927	40 82 74 18
1928	27 62 75 63
1929	23 37 40 21
1930	13 15 50 25
1931	8 32 38 89
1932	92 83 39 65
1933	75 20 85 91
1934	40 29 13 48
1935	41 39 85 51
1936	61 10 68 65
1937	76 72 82 20
1938	40 14 94 80
1939	46 41 97 65
1940	54 33 73 64
1941	70 17 79 27
1942	58 10 77 84
1943	14 71 41 70
1944	93 24 25 52
1945	44 70 31 99
1946	78 59 6 70
1947	46 9 20 80
1948	55 27 95 6
1949	91 13 24 16
1950	19 39 62 85
1951	77 52 68 49
1952	61 33 97 83
1953	35 39 77 78
1954	58 70 33 92
1955	84 65 69 44
1956	52 72 76 33
1957	71 91 37 73
1958	6 80 97 65
1959	39 59 80 89
1960	36 2 68 77
1961	77 20 36 81
1962	37 66 56 44
1963	37 86 33 25
1964	95 17 84 100
1965	65 53 7 57
1966	96 75 44 62
1967	55 84 27 57
1968	49 24 82 2
1969	91 64 13 82
1970	80 1 18 69
1971	70 19 59 62
1972	81 78 43 10
1973	25 65 71 11
1974	88 4 14 28
1975	95 42 68 39
1976	86 78 14 92
1977	3 25 64 83
1978	50 48 29 44
1979	95 28 19 70
1980	55 79 48 18
1981	38 49 66 20
1982	69 42 22 2
1983	66 10 36 71
1984	12 37 73 60
1985	84 11 80 79
1986	8 65 61 96
1987	60 26 38 67
1988	63 99 31 35
1989	88 1 38 30
1990	19 50 84 96
1991	69 30 7 29
1992	76 7 61 50
1993	30 55 3 53
1994	51 55 100 93
1995	31 13 17 76
1996	31 47 11 36
1997	51 75 73 79
1998	12 30 13 86
1999	75 61 5 64
2000	66 22 56 81
2001	83 97 61 14
2002	47 46 73 42
2003	61 75 14 26
2004	89 32 2 74
2005	33 4 73 49
2006	17 50 44 95
2007	15 75 14 4
2008	10 45 97 14
2009	35 93 4 5
2010	34 10 31 88
2011	35 82 43 18
2012	93 3 90 50
2013	34 54 41 47
2014	78 91 68 83
2015	72 25 79 11
2016	64 88 67 23
2017	1 38 71 77
2018	96 62 67 36
2019	46 13 70 96
2020	19 37 91 57
2021	86 77 56 81
2022	57 81 47 28
2023	10 98 76 88
2024	85 52 45 75
2025	61 29 85 69
2026	40 80 6 49
2027	65 38 84 62
2028	37 60 86 18
2029	86 98 60 43
2030	64 85 18 27
2031	62 75 55 35
2032	60 75 90 77
2033	86 49 37 21
2034	21 27 13 36
2035	44 65 94 32
2036	51 29 96 25
2037	68 7 93 89
2038	11 7 82 54
2039	79 32 65 88
2040	81 40 73 5
2041	1 83 13 71
2042	91 18 30 15
2043	15 93 34 4
2044	94 44 27 92
2045	8 54 28 50
2046	79 3 35 27
2047	100 64 34 30
2048	98 76 2 34
2049	40 91 69 79
2050	17 61 56 100
2051	46 34 23 18
2052	36 31 63 15
2053	57 44 51 1
2054	66 57 22 82
2055	52 39 73 14
2056	31 57 94 91
2057	58 29 47 30
2058	18 11 29 21
2059	37 86 68 75
2060	31 28 46 72
2061	1 100 8 72
2062	79 14 76 48
2063	39 88 75 94
2064	14 92 12 52
2065	87 47 38 80
2066	74 40 6 70
2067	1 39 42 34
2068	12 63 27 75
2069	95 73 74 53
2070	57 90 79 1
2071	30 5 33 8
2072	75 9 29 96
2073	31 14 6 35
2074	59 71 99 91
2075	8 7 12 63
2076	69 56 26 91
2077	15 23 31 74
2078	81 2 92 13
2079	85 34 24 37
2080	89 99 43 100
2081	5 38 58 40
2082	13 5 80 23
2083	82 5 47 17
2084	31 12 61 34
2085	55 88 78 22
2086	64 7 12 86
2087	61 3 12 54
2088	74 70 52 42
2089	14 75 42 3
2090	84 47 72 24
2091	71 59 99 12
2092	65 79 6 8
2093	14 50 57 62
2094	99 97 57 21
2095	73 51 38 61
2096	99 82 17 13
2097	38 67 59 44
2098	32 77 54 15
2099	79 19 43 56
2100	2 55 9 86
2101	81 66 57 48
2102	4 17 85 62
2103	32 28 58 90
2104	38 31 25 16
2105	59 83 26 98
2106	28 35 58 45
2107	80 12 51 49
2108	100 5 37 76
2109	77 62 18 48
2110	79 7 4 8
2111	81 26 91 73
2112	1 75 94 56
2113	50 34 62 80
2114	87 16 42 59
2115	33 41 35 27
2116	46 90 76 55
2117	61 56 14 77
2118	75 5 26 55
2119	38 1 41 53
2120	19 2 75 100
2121	29 78 22 16
2122	13 75 19 81
2123	87 5 12 40
2124	55 1 69 71
2125	63 27 68 13
2126	66 71 77 57
2127	37 42 9 10
2128	79 74 35 98
2129	4 64 50 11
2130	25 14 38 91
2131	38 63 65 76
2132	28 88 22 11
2133	39 85 44 65
2134	47 43 69 97
2135	36 59 14 84
2136	99 46 71 26
2137	27 10 92 14
2138	57 73 98 36
2139	94 54 13 74
2140	4 84 46 94
2141	26 35 3 7
2142	66 79 90 14
2143	58 59 41 1
2144	26 50 21 41
2145	41 32 55 36
2146	68 80 87 61
2147	34 82 88 4
2148	45 6 78 90
2149	2 75 42 100
2150	88 15 58 42
2151	43 1 82 65
2152	16 3 66 17
2153	48 62 6 25
2154	98 71 66 45
2155	34 71 19 30
2156	47 34 7 4
2157	33 94 52 8
2158	2 17 92 40
2159	37 22 67 73
2160	56 96 75 41
2161	94 14 79 48
2162	54 95 13 3
2163	52 41 19 25
2164	2 63 51 81
2165	75 2 24 22
2166	64 98 89 56
2167	37 83 67 62
2168	45 62 51 73
2169	3 49 92 23
2170	52 22 36 54
2171	97 99 68 40
2172	83 9 24 72
2173	96 56 95 38
2174	81 16 91 36
2175	10 19 56 95
2176	15 52 85 79
2177	60 76 68 53
2178	50 92 42 4
2179	29 67 65 69
2180	6 32 58 11
2181	41 73 93 72
2182	26 9 46 100
2183	43 45 71 42
2184	67 91 100 59
2185	43 62 40 55
2186	47 54 9 52
2187	47 85 45 73
2188	42 55 15 25
2189	85 38 89 10
2190	70 47 56 11
2191	23 98 49 5
2192	98 85 13 76
2193	96 97 89 46
2194	29 96 36 26
2195	89 58 87 37
2196	65 53 98 11
2197	73 94 100 4
2198	72 95 86 19
2199	18 53 28 60
2200	3 79 84 19
2201	63 66 41 19
2202	32 34 25 45
2203	48 59 49 82
2204	98 34 85 39
2205	65 17 33 8
2206	93 44 62 74
2207	92 13 94 26
2208	62 51 82 75
2209	62 79 4 52
2210	35 37 67 55
2211	5 84 35 37
2212	34 57 47 87
2213	7 51 21 39
2214	21 31 28 19
2215	34 82 1 55
2216	61 80 97 44
2217	86 57 13 69
2218	2 28 85 39
2219	41 61 58 38
2220	20 36 91 17
2221	18 2 55 63
2222	49 57 10 47
2223	19 39 11 49
2224	62 9 32 39
2225	70 69 37 87
2226	28 96 91 62
2227	64 63 65 6
2228	35 82 12 18
2229	20 46 72 95
2230	4 70 42 53
2231	71 33 36 64
2232	27 22 31 56
2233	12 74 60 97
2234	98 22 70 81
2235	59 47 83 31
2236	77 62 96 35
2237	24 44 9 1
2238	55 42 23 27
2239	57 91 36 14
2240	80 26 89 44
2241	45 13 37 49
2242	23 34 37 47
2243	9 69 56 36
2244	63 36 38 40
2245	50 96 94 68
2246	25 7 11 26
2247	95 25 71 33
2248	44 89 79 70
2249	91 73 30 60
2250	25 64 81 76
2251	60 12 8 56
2252	53 98 43 25
2253	82 26 72 25
2254	4 88 21 57
2255	29 12 98 71
2256	50 93 19 28
2257	43 40 38 78
2258	52 67 44 32
2259	62 75 6 46
2260	20 95 21 59
2261	5 67 76 87
2262	77 54 2 68
2263	95 86 68 5
2264	55 1 6 35
2265	10 26 85 18
2266	17 68 61 27
2267	32 7 37 42
2268	28 92 91 36
2269	36 44 29 69
2270	74 40 90 99
2271	20 2 85 33
2272	32 45 93 92
2273	27 38 99 5
2274	98 32 55 52
2275	97 7 11 68
2276	4 75 80 31
2277	30 89 94 50
2278	7 89 16 54
2279	93 54 5 75
2280	44 65 30 3
2281	79 36 80 20
2282	68 86 85 83
2283	98 18 44 57
2284	98 3 29 77
2285	14 98 29 69
2286	90 51 85 77
2287	96 1 52 21
2288	100 59 43 1
2289	71 82 67 26
2290	52 84 65 85
2291	52 99 15 87
2292	93 2 75 57
2293	10 76 28 97
2294	1 39 28 23
2295	70 27 66 74
2296	35 13 14 15
2297	41 94 76 32
2298	52 94 74 84
2299	16 93 63 83
2300	87 83 2 67
2301	33 2 72 62
2302	14 2 4 36
2303	2 29 57 25
2304	32 63 87 71
2305	44 68 47 48
2306	68 17 5 99
2307	80 94 69 73
2308	93 29 23 10
2309	16 47 28 94
2310	16 4 98 49
2311	44 67 91 77
2312	44 56 90 32
2313	21 18 59 12
2314	58 47 59 89
2315	63 60 59 19
2316	38 89 28 32
2317	53 26 49 24
2318	9 74 43 33
2319	77 35 72 97
2320	10 91 57 19
2321	79 10 94 96
2322	35 86 74 91
2323	71 24 26 9
2324	58 94 18 48
2325	66 55 51 46
2326	64 83 23 87
2327	29 81 10 100
2328	55 33 95 44
2329	71 30 96 79
2330	78 94 90 16
2331	7 31 40 20
2332	81 42 87 30
2333	94 11 22 62
2334	22 93 23 82
2335	99 41 74 21
2336	50 20 46 21
2337	33 1 78 11
2338	97 32 50 93
2339	99 33 48 88
2340	91 20 98 61
2341	95 2 44 57
2342	26 43 19 92
2343	59 2 100 66
2344	10 8 26 4
2345	56 99 90 28
2346	14 78 45 43
2347	16 17 3 53
2348	23 89 60 69
2349	57 53 75 50
2350	31 99 40 20
2351	36 10 100 54
2352	56 8 14 25
2353	100 24 66 61
2354	85 32 57 56
2355	82 90 22 18
2356	46 73 78 81
2357	74 62 14 84
2358	82 38 64 51
2359	26 39 36 9
2360	84 47 25 85
2361	7 49 80 10
2362	80 81 61 45
2363	45 60 35 79
2364	86 13 19 62
2365	53 65 21 89
2366	76 91 77 6
2367	81 3 98 44
2368	95 19 22 45
2369	46 19 82 20
2370	99 45 22 52
2371	78 55 29 34
2372	71 73 74 28
2373	88 85 20 76
2374	21 37 42 87
2375	43 72 20 60
2376	60 39 51 14
2377	58 86 49 15
2378	83 79 44 16
2379	66 39 3 90
2380	71 29 97 74
2381	63 58 35 24
2382	9 12 37 4
2383	34 77 30 27
2384	53 99 21 37
2385	93 2 47 25
2386	85 80 3 96
2387	22 92 40 93
2388	94 13 70 21
2389	22 79 7 47
2390	30 27 65 66
2391	48 34 90 70
2392	64 95 24 51
2393	47 76 25 98
2394	60 76 54 26
2395	18 58 13 71
2396	65 85 74 84
2397	37 98 19 57
2398	25 38 6 9
2399	59 33 32 95
2400	87 7 38 75
2401	19 2 54 66
2402	97 44 46 26
2403	32 29 98 22
2404	81 14 22 2
2405	21 70 10 20
2406	97 65 27 80
2407	12 53 18 17
2408	52 66 24 60
2409	68 34 65 61
2410	40 27 58 88
2411	33 65 72 30
2412	8 4 67 97
2413	20 48 35 4
2414	32 98 9 1
2415	4 39 33 75
2416	59 47 40 37
2417	44 91 80 88
2418	58 78 36 57
2419	73 40 8 32
2420	34 52 67 56
2421	88 67 87 38
2422	97 91 33 87
2423	98 23 34 25
2424	72 42 28 97
2425	36 5 9 70
2426	37 6 50 76
2427	4 53 56 100
2428	59 50 47 38
2429	59 54 97 42
2430	51 94 35 82
2431	87 39 19 93
2432	32 26 86 57
2433	5 22 36 48
2434	66 33 3 94
2435	15 66 6 31
2436	44 27 23 70
2437	55 72 13 63
2438	9 86 25 64
2439	30 83 52 91
2440	11 43 22 82
2441	85 74 33 89
2442	31 35 74 58
2443	41 62 99 88
2444	85 81 67 6
2445	5 82 76 92
2446	27 35 53 66
2447	26 41 43 44
2448	78 93 75 26
2449	48 36 39 75
2450	84 5 53 100
2451	27 7 9 88
2452	84 22 34 7
2453	95 14 66 80
2454	17 90 21 41
2455	97 32 81 39
2456	4 44 68 59
2457	55 94 16 33
2458	61 29 91 28
2459	69 19 41 68
2460	62 64 30 90
2461	38 78 90 50
2462	6 99 83 15
2463	89 27 4 26
2464	86 78 24 23
2465	10 95 75 40
2466	80 91 98 49
2467	17 10 43 4
2468	47 97 24 20
2469	23 18 97 43
2470	57 7 61 50
2471	35 5 79 40
2472	80 48 22 71
2473	29 47 78 9
2474	25 88 46 36
2475	19 91 74 10
2476	2 56 54 24
2477	59 30 33 70
2478	83 98 48 47
2479	6 72 5 42
2480	65 2 90 86
2481	48 71 95 92
2482	88 5 3 25
2483	71 77 46 21
2484	74 15 66 65
2485	73 52 15 89
2486	22 49 63 26
2487	38 19 47 95
2488	89 18 77 26
2489	5 38 56 10
2490	12 5 22 48
2491	99 50 28 38
2492	51 97 58 70
2493	77 79 65 87
2494	54 75 6 23
2495	54 86 6 13
2496	95 77 74 85
2497	80 21 85 69
2498	19 67 73 14
2499	73 96 53 49
2500	78 50 90 52
2501	20 49 45 4
2502	75 7 30 80
2503	54 45 71 18
2504	85 10 20 76
2505	32 58 56 50
2506	20 100 91 31
2507	49 14 23 99
2508	74 60 31 17
2509	84 14 61 96
2510	83 22 17 18
2511	99 65 22 38
2512	4 43 74 83
2513	57 61 53 43
2514	87 34 74 50
2515	30 96 89 59
2516	5 39 13 35
2517	76 89 8 9
2518	79 6 80 24
2519	92 48 53 15
2520	79 44 3 62
2521	47 90 9 28
2522	40 83 65 92
2523	28 97 27 44
2524	46 49 73 59
2525	100 43 60 70
2526	80 53 13 54
2527	77 75 68 89
2528	54 30 46 33
2529	68 5 55 25
2530	11 41 70 42
2531	38 92 52 39
2532	36 95 40 5
2533	57 25 77 19
2534	52 13 30 66
2535	91 81 72 97
2536	72 27 96 81
2537	98 46 65 13
2538	41 52 17 27
2539	64 20 12 67
2540	24 66 12 78
2541	10 40 52 50
2542	68 51 62 55
2543	2 52 17 64
2544	15 12 55 31
2545	68 56 32 8
2546	98 73 76 57
2547	77 44 79 75
2548	44 98 81 64
2549	76 58 59 83
2550	23 32 85 83
2551	35 65 99 6
2552	64 59 2 13
2553	24 42 32 12
2554	78 16 75 83
2555	70 40 58 78
2556	46 12 59 26
2557	9 20 88 94
2558	22 87 21 62
2559	91 2 99 34
2560	95 29 32 20
2561	57 71 47 12
2562	13 15 84 72
2563	12 92 19 37
2564	48 20 60 57
2565	80 75 23 57
2566	95 92 5 72
2567	56 48 66 100
2568	94 30 22 33
2569	97 87 21 30
2570	99 73 36 49
2571	5 20 9 18
2572	27 11 48 77
2573	57 47 93 9
2574	44 78 4 64
2575	5 10 40 68
2576	94 87 53 13
2577	16 86 38 51
2578	70 72 59 32
2579	61 21 89 75
2580	38 16 15 66
2581	3 88 93 21
2582	71 76 39 11
2583	26 66 42 94
2584	22 92 51 81
2585	10 34 92 3
2586	90 66 18 87
2587	23 2 99 87
2588	26 30 19 7
2589	88 96 40 80
2590	43 47 67 68
2591	73 88 99 3
2592	90 65 55 30
2593	52 76 46 14
2594	2 33 29 56
2595	56 5 45 94
2596	97 5 60 38
2597	94 79 8 7
2598	22 72 39 70
2599	26 66 84 30
2600	86 99 16 5
2601	12 72 11 59
2602	29 38 96 37
2603	55 62 32 82
2604	56 6 94 30
2605	90 42 28 23
2606	9 83 84 8
2607	32 65 6 66
2608	59 86 95 19
2609	43 21 9 62
2610	48 34 66 77
2611	94 66 6 60
2612	1 34 21 90
2613	18 17 63 94
2614	50 21 33 92
2615	88 75 58 81
2616	99 28 96 89
2617	9 73 40 29
2618	35 42 94 65
2619	57 38 49 36
2620	88 23 16 63
2621	44 39 80 29
2622	79 57 62 36
2623	78 55 2 4
2624	85 7 17 45
2625	28 68 50 64
2626	96 50 28 15
2627	82 94 10 51
2628	85 68 48 71
2629	85 37 41 40
2630	25 97 1 69
2631	82 8 83 6
2632	81 32 49 90
2633	16 82 21 17
2634	75 86 16 17
2635	35 63 23 90
2636	60 62 7 52
2637	18 88 48 45
2638	72 8 30 85
2639	22 72 17 76
2640	8 16 53 45
2641	29 93 49 47
2642	81 13 16 97
2643	70 18 80 75
2644	30 15 27 64
2645	99 29 90 11
2646	77 30 56 91
2647	79 48 1 93
2648	53 69 73 19
2649	24 9 87 56
2650	10 44 60 99
2651	5 36 29 26
2652	34 50 74 75
2653	14 63 96 35
2654	93 84 14 32
2655	61 43 36 2
2656	26 93 97 86
2657	79 38 40 28
2658	74 41 54 6
2659	49 92 21 14
2660	40 97 67 58
2661	8 46 48 47
2662	25 15 7 38
2663	37 60 95 4
2664	67 8 30 24
2665	72 9 65 7
2666	31 6 97 64
2667	75 14 28 25
2668	68 28 59 35
2669	20 2 5 75
2670	76 25 82 6
2671	62 39 6 81
2672	64 51 15 22
2673	7 94 25 26
2674	80 6 64 99
2675	72 65 15 76
2676	31 86 24 64
2677	27 55 12 8
2678	14 44 42 12
2679	80 63 3 69
2680	30 26 32 6
2681	68 11 37 9
2682	23 57 98 93
2683	22 26 48 74
2684	48 94 70 50
2685	10 91 4 95
2686	75 1 24 31
2687	97 72 61 85
2688	56 62 34 100
2689	40 10 7 30
2690	69 64 33 49
2691	34 87 71 18
2692	86 44 30 23
2693	96 79 77 35
2694	60 29 61 91
2695	55 67 43 28
2696	15 69 9 95
2697	93 68 45 71
2698	76 8 94 41
2699	17 81 83 76
2700	68 47 7 75
2701	14 57 31 84
2702	55 47 50 72
2703	18 33 94 5
2704	91 8 67 42
2705	7 24 5 95
2706	39 22 14 3
2707	46 45 58 3
2708	67 96 79 49
2709	24 98 7 77
2710	76 54 71 68
2711	47 99 22 87
2712	96 89 36 50
2713	32 97 53 99
2714	93 39 32 82
2715	76 47 12 90
2716	62 85 48 76
2717	42 92 97 32
2718	69 13 43 22
2719	88 25 40 100
2720	1 84 72 86
2721	67 7 47 71
2722	100 31 67 43
2723	88 35 79 20
2724	25 33 66 56
2725	34 51 67 48
2726	3 89 70 74
2727	13 3 8 96
2728	14 9 61 29
2729	98 10 99 73
2730	87 75 81 50
2731	13 83 96 24
2732	42 77 17 62
2733	91 79 31 24
2734	80 52 60 51
2735	15 41 42 13
2736	49 24 77 28
2737	28 15 64 2
2738	4 82 99 59
2739	58 49 56 98
2740	22 91 99 100
2741	19 66 22 20
2742	68 78 88 58
2743	75 80 88 89
2744	22 79 64 45
2745	86 54 36 48
2746	6 32 47 26
2747	36 93 66 60
2748	73 94 36 37
2749	99 72 73 44
2750	11 80 68 76
2751	76 56 17 60
2752	29 19 93 64
2753	51 35 76 8
2754	25 47 98 8
2755	34 13 26 35
2756	99 46 2 82
2757	61 97 52 73
2758	77 6 48 76
2759	87 95 88 41
2760	80 1 64 99
2761	40 11 58 28
2762	5 2 11 49
2763	84 44 35 1
2764	28 98 3 24
2765	64 12 9 99
2766	29 84 49 83
2767	24 1 49 97
2768	99 18 8 68
2769	11 29 99 79
2770	89 36 100 10
2771	54 65 24 4
2772	76 36 45 63
2773	18 48 65 16
2774	17 39 80 74
2775	100 42 35 26
2776	8 74 11 45
2777	37 60 34 43
2778	88 57 95 53
2779	4 68 41 97
2780	82 6 48 59
2781	18 28 87 76
2782	56 97 87 41
2783	2 15 24 17
2784	82 32 47 76
2785	57 13 95 52
2786	86 41 20 16
2787	85 18 32 88
2788	4 77 24 2
2789	42 1 44 36
2790	2 16 75 29
2791	21 30 69 56
2792	55 14 78 30
2793	14 86 78 65
2794	85 32 90 83
2795	97 36 13 44
2796	17 100 69 47
2797	21 6 35 54
2798	22 35 98 31
2799	26 88 28 94
2800	51 2 32 47
2801	96 28 57 68
2802	74 85 95 51
2803	30 42 61 99
2804	96 38 84 56
2805	82 38 85 73
2806	72 57 63 34
2807	74 29 82 1
2808	49 84 19 71
2809	14 53 46 85
2810	72 29 9 95
2811	50 4 2 7
2812	81 11 58 35
2813	56 74 15 38
2814	27 83 8 96
2815	11 25 52 47
2816	67 14 94 77
2817	16 3 92 9
2818	19 43 42 86
2819	98 94 8 99
2820	84 1 56 29
2821	69 20 47 18
2822	1 54 14 82
2823	50 16 14 89
2824	91 88 99 4
2825	65 83 78 23
2826	50 37 94 23
2827	23 26 14 85
2828	72 24 66 63
2829	7 62 89 10
2830	5 93 81 96
2831	64 79 40 65
2832	41 23 66 15
2833	18 44 13 30
2834	29 11 3 34
2835	37 65 14 94
2836	41 20 80 60
2837	76 91 30 75
2838	53 92 1 65
2839	77 42 22 64
2840	36 29 73 60
2841	41 84 54 27
2842	52 11 86 78
2843	59 51 33 70
2844	43 54 2 100
2845	35 75 10 97
2846	32 16 47 75
2847	61 14 1 97
2848	4 72 58 74
2849	64 49 50 16
2850	36 71 92 76
2851	22 18 89 91
2852	79 72 52 64
2853	90 60 51 10
2854	30 33 56 42
2855	19 59 74 79
2856	76 6 52 59
2857	19 22 77 98
2858	6 22 10 79
2859	46 2 84 47
2860	38 5 12 83
2861	42 58 8 95
2862	16 42 34 50
2863	54 62 87 76
2864	75 67 100 59
2865	78 37 21 14
2866	39 40 23 22
2867	92 63 55 16
2868	61 62 80 14
2869	30 54 72 81
2870	75 57 7 10
2871	89 75 61 77
2872	91 14 47 99
2873	87 99 77 30
2874	83 22 53 69
2875	68 24 49 71
2876	3 52 77 99
2877	83 89 59 39
2878	14 63 43 30
2879	66 63 70 99
2880	78 58 14 45
2881	9 58 41 47
2882	31 82 30 14
2883	86 79 55 14
2884	13 44 74 54
2885	2 14 84 86
2886	38 5 46 63
2887	12 73 85 88
2888	74 20 82 43
2889	90 37 17 85
2890	63 40 28 59
2891	36 79 60 44
2892	9 59 15 39
2893	72 47 9 97
2894	18 58 85 30
2895	75 6 78 55
2896	26 60 10 29
2897	9 68 84 5
2898	55 41 17 59
2899	74 32 82 39
2900	2 44 93 8
2901	58 59 48 95
2902	55 74 61 77
2903	2 49 79 92
2904	1 45 17 11
2905	70 64 22 60
2906	45 97 15 84
2907	97 69 26 60
2908	61 69 32 12
2909	71 3 54 59
2910	39 58 19 47
2911	3 48 97 64
2912	97 11 28 55
2913	22 28 43 80
2914	88 69 33 17
2915	45 53 21 74
2916	45 35 21 42
2917	47 44 96 81
2918	50 18 93 42
2919	84 37 16 62
2920	73 42 45 52
2921	3 98 41 92
2922	33 37 18 1
2923	8 76 45 78
2924	28 95 64 60
2925	39 74 63 90
2926	91 46 3 15
2927	43 85 1 44
2928	7 66 20 75
2929	54 57 43 2
2930	74 4 27 91
2931	81 27 84 42
2932	58 14 94 20
2933	64 45 17 76
2934	43 55 41 6
2935	68 63 20 53
2936	60 31 29 18
2937	17 37 81 31
2938	28 35 42 45
2939	3 24 43 68
2940	38 6 44 73
2941	46 8 7 91
2942	69 78 22 41
2943	27 95 43 78
2944	99 82 45 37
2945	30 64 56 42
2946	80 63 69 91
2947	20 46 43 13
2948	8 22 13 20
2949	96 28 90 77
2950	19 54 48 33
2951	21 43 57 96
2952	34 8 18 74
2953	3 4 28 24
2954	55 38 82 23
2955	37 30 63 17
2956	44 22 87 58
2957	81 22 1 61
2958	77 81 34 36
2959	34 71 52 54
2960	9 6 41 84
2961	5 54 86 68
2962	59 34 41 82
2963	84 73 83 98
2964	58 85 56 65
2965	44 64 40 76
2966	8 63 49 12
2967	41 52 24 39
2968	7 2 36 46
2969	11 24 55 98
2970	39 97 65 61
2971	69 95 65 55
2972	22 10 86 80
2973	99 12 9 64
2974	54 8 18 42
2975	18 46 48 76
2976	16 96 23 73
2977	76 72 82 96
2978	28 64 84 94
2979	61 5 27 35
2980	81 60 85 22
2981	84 7 58 87
2982	24 32 37 51
2983	4 20 72 23
2984	99 61 100 6
2985	65 27 49 76
2986	94 10 22 74
2987	47 29 67 9
2988	98 91 30 12
2989	94 88 85 28
2990	31 16 51 82
2991	65 49 76 94
2992	29 66 17 14
2993	8 67 79 63
2994	79 72 86 51
2995	18 48 75 8
2996	91 21 81 22
2997	56 87 49 3
2998	30 56 48 83
2999	22 44 58 73
3000	32 58 57 71
3001	11 80 62 47
3002	1 74 60 38
3003	91 95 78 94
3004	89 57 30 3
3005	34 31 56 1
3006	77 7 37 65
3007	76 77 63 87
3008	59 8 40 93
3009	85 69 28 12
3010	87 84 29 34
3011	33 76 85 10
3012	55 3 9 76
3013	40 6 74 28
3014	41 72 9 39
3015	22 24 21 44
3016	29 49 34 82
3017	39 96 46 84
3018	16 55 18 72
3019	61 69 40 100
3020	88 16 15 29
3021	97 78 73 26
3022	7 78 43 20
3023	97 66 30 90
3024	42 18 91 31
3025	89 92 90 5
3026	96 36 58 40
3027	22 81 49 94
3028	68 12 71 51
3029	7 14 70 98
3030	93 60 48 22
3031	94 53 35 29
3032	4 16 96 29
3033	2 4 18 53
3034	55 92 15 37
3035	9 71 77 31
3036	73 93 6 90
3037	61 19 27 20
3038	69 75 57 36
3039	53 30 11 39
3040	36 93 51 26
3041	85 75 20 95
3042	62 68 50 23
3043	67 66 42 46
3044	27 38 33 1
3045	67 47 83 25
3046	70 1 78 32
3047	18 52 46 73
3048	50 11 96 86
3049	7 88 42 64
3050	53 68 4 76
3051	27 24 91 4
3052	47 70 1 6
3053	9 61 24 45
3054	25 91 56 88
3055	31 17 22 69
3056	39 15 67 87
3057	52 93 2 17
3058	85 78 97 82
3059	77 90 16 69
3060	99 38 86 21
3061	50 11 56 100
3062	61 38 23 82
3063	70 64 65 75
3064	5 89 62 69
3065	45 81 39 72
3066	24 85 4 90
3067	98 47 26 66
3068	50 64 96 82
3069	58 31 14 50
3070	85 7 52 5
3071	16 87 14 90
3072	80 97 69 28
3073	42 39 31 94
3074	96 92 20 80
3075	3 93 1 84
3076	41 78 61 73
3077	90 16 26 49
3078	2 35 57 68
3079	5 14 52 83
3080	55 14 25 39
3081	8 98 79 92
3082	15 74 67 26
3083	39 68 11 99
3084	47 6 9 34
3085	66 56 62 58
3086	18 25 59 48
3087	20 69 14 44
3088	3 16 76 54
3089	59 61 64 55
3090	14 20 73 51
3091	30 76 89 48
3092	21 53 77 61
3093	56 80 70 4
3094	70 57 33 54
3095	50 73 79 84
3096	96 82 85 25
3097	36 80 34 52
3098	39 25 53 3
3099	12 63 91 88
3100	47 50 81 59
3101	5 69 75 46
3102	41 64 93 42
3103	58 11 64 65
3104	68 87 45 95
3105	63 11 77 74
3106	49 67 57 29
3107	2 93 97 96
3108	73 6 20 86
3109	70 73 85 98
3110	8 34 62 49
3111	22 24 93 91
3112	69 31 28 13
3113	16 12 17 48
3114	75 40 31 76
3115	61 74 6 63
3116	59 17 53 2
3117	98 44 46 74
3118	77 83 79 78
3119	88 87 10 74
3120	41 46 21 85
3121	30 95 77 86
3122	72 32 79 96
3123	86 80 26 95
3124	79 94 10 41
3125	3 100 30 32
3126	9 8 3 40
3127	99 13 90 82
3128	5 57 65 55
3129	19 77 69 14
3130	90 62 85 50
3131	58 70 94 50
3132	61 88 91 45
3133	60 19 21 15
3134	14 32 19 27
3135	55 58 9 56
3136	96 63 73 62
3137	55 46 79 88
3138	80 59 31 45
3139	91 12 73 81
3140	4 47 40 27
3141	14 56 74 7
3142	20 55 45 64
3143	6 70 21 64
3144	64 83 82 19
3145	45 27 92 100
3146	29 31 58 87
3147	18 35 47 8
3148	30 10 86 15
3149	72 45 14 96
3150	23 49 25 90
3151	54 94 51 12
3152	18 98 48 47
3153	41 35 36 65
3154	8 89 90 42
3155	42 27 90 58
3156	76 93 89 61
3157	2 45 70 14
3158	5 10 15 29
3159	97 74 84 7
3160	83 78 81 47
3161	15 62 23 14
3162	62 33 97 80
3163	91 85 69 67
3164	32 25 73 31
3165	64 52 16 98
3166	5 8 71 54
3167	2 62 94 97
3168	36 55 50 8
3169	55 73 5 27
3170	53 73 79 9
3171	82 87 72 1
3172	81 96 82 94
3173	10 21 18 75
3174	27 83 25 75
3175	41 6 25 84
3176	13 64 35 27
3177	65 50 48 20
3178	76 5 56 60
3179	64 79 40 18
3180	43 56 3 78
3181	81 96 55 12
3182	35 50 18 4
3183	92 54 78 24
3184	62 63 65 55
3185	6 18 97 48
3186	83 46 50 61
3187	89 31 68 15
3188	61 32 2 97
3189	62 21 13 81
3190	13 48 59 69
3191	76 35 32 41
3192	20 60 21 82
3193	91 67 15 56
3194	88 65 86 51
3195	41 44 53 7
3196	81 93 13 33
3197	42 32 97 63
3198	13 65 64 58
3199	73 33 52 58
3200	36 50 95 38
3201	29 37 19 52
3202	55 86 1 81
3203	65 87 86 15
3204	45 53 89 67
3205	94 68 18 87
3206	7 98 96 57
3207	48 98 22 69
3208	28 62 83 70
3209	2 47 26 62
3210	6 66 67 2
3211	6 62 28 86
3212	64 96 72 19
3213	97 24 25 26
3214	29 85 22 26
3215	1 2 86 98
3216	59 54 35 8
3217	78 17 66 47
3218	72 80 44 87
3219	19 49 32 82
3220	71 9 77 18
3221	91 25 38 67
3222	86 94 73 45
3223	86 58 90 64
3224	41 96 77 92
3225	30 79 28 18
3226	65 50 78 67
3227	43 61 15 59
3228	4 52 89 70
3229	13 61 36 1
3230	41 44 42 11
3231	18 25 22 65
3232	41 57 27 30
3233	34 81 80 75
3234	86 4 53 43
3235	85 58 13 78
3236	45 33 35 81
3237	72 79 27 24
3238	10 61 82 56
3239	77 38 31 12
3240	37 86 42 32
3241	81 38 56 27
3242	58 45 54 18
3243	3 56 37 79
3244	11 36 81 45
3245	27 25 57 77
3246	52 21 41 37
3247	60 6 62 31
3248	77 32 57 11
3249	17 90 14 24
3250	75 76 48 72
3251	51 43 29 58
3252	1 92 44 58
3253	65 63 1 7
3254	88 92 63 46
3255	74 33 47 58
3256	15 31 21 79
3257	72 40 2 89
3258	91 41 8 55
3259	72 50 75 87
3260	68 41 100 95
3261	1 32 33 91
3262	82 74 47 33
3263	75 36 45 62
3264	47 46 67 12
3265	30 6 80 77
3266	53 35 20 31
3267	9 38 25 32
3268	98 68 6 91
3269	70 82 46 56
3270	49 97 42 43
3271	7 70 64 49
3272	50 53 92 26
3273	44 100 39 55
3274	31 23 35 12
3275	93 4 90 6
3276	99 69 28 46
3277	69 66 44 96
3278	85 66 58 17
3279	49 15 62 74
3280	66 40 84 63
3281	58 11 26 29
3282	100 61 57 32
3283	19 60 39 87
3284	26 22 92 57
3285	95 40 76 4
3286	11 51 23 52
3287	88 30 37 76
3288	99 5 78 77
3289	68 8 82 98
3290	2 37 46 65
3291	83 97 15 41
3292	39 37 30 3
3293	27 70 74 2
3294	65 19 6 36
3295	91 22 40 66
3296	40 16 90 99
3297	59 79 57 84
3298	31 97 100 82
3299	85 31 58 15
3300	46 78 38 9
3301	9 75 66 13
3302	53 94 72 63
3303	27 9 13 7
3304	94 2 91 39
3305	90 40 61 30
3306	37 18 86 13
3307	23 12 21 59
3308	25 60 5 79
3309	52 93 21 59
3310	56 34 31 72
3311	27 20 2 44
3312	4 12 48 54
3313	79 38 36 2
3314	56 80 47 7
3315	92 84 74 44
3316	5 84 18 40
3317	46 14 50 93
3318	71 8 11 23
3319	97 23 60 81
3320	7 53 12 62
3321	80 88 69 40
3322	6 71 64 11
3323	100 60 85 81
3324	78 36 44 34
3325	70 47 91 50
3326	7 71 61 69
3327	97 93 49 15
3328	68 86 59 18
3329	81 45 24 64
3330	5 98 61 76
3331	44 78 79 50
3332	5 15 8 56
3333	90 36 55 88
3334	18 8 7 6
3335	23 22 58 9
3336	92 58 33 12
3337	12 63 4 96
3338	81 43 9 13
3339	18 63 57 97
3340	51 33 22 53
3341	45 88 63 22
3342	69 62 4 67
3343	39 70 75 91
3344	77 82 35 60
3345	27 68 81 49
3346	10 29 2 44
3347	29 5 69 49
3348	61 80 3 36
3349	76 85 81 40
3350	80 72 79 95
3351	19 73 58 52
3352	90 25 98 49
3353	13 72 28 30
3354	37 84 7 46
3355	34 4 7 87
3356	32 91 40 60
3357	6 35 56 55
3358	20 76 81 38
3359	44 77 24 99
3360	42 14 31 70
3361	55 5 15 64
3362	30 20 75 64
3363	12 32 60 37
3364	61 1 90 23
3365	74 95 13 17
3366	75 42 67 28
3367	69 18 77 16
3368	18 40 26 85
3369	60 19 85 86
3370	35 68 48 29
3371	19 80 57 63
3372	96 92 35 17
3373	74 31 50 54
3374	59 39 43 15
3375	2 36 72 94
3376	31 41 23 71
3377	29 91 56 41
3378	77 50 44 65
3379	51 20 41 47
3380	76 39 80 71
3381	71 12 64 91
3382	66 48 45 7
3383	12 34 59 95
3384	92 73 12 94
3385	24 82 34 31
3386	70 17 97 73
3387	50 75 8 72
3388	53 82 27 62
3389	6 5 63 58
3390	42 23 62 7
3391	69 1 76 18
3392	88 30 29 94
3393	27 9 22 66
3394	18 17 14 33
3395	94 50 92 60
3396	80 89 65 13
3397	96 78 46 91
3398	57 28 89 71
3399	46 57 67 51
3400	57 1 80 27
3401	9 11 38 6
3402	93 51 36 25
3403	50 90 40 63
3404	57 10 14 24
3405	83 12 95 72
3406	79 96 16 76
3407	49 16 92 10
3408	5 55 36 63
3409	97 29 28 58
3410	31 10 65 53
3411	32 63 41 67
3412	5 30 11 10
3413	12 2 26 91
3414	37 71 76 48
3415	78 2 37 86
3416	97 70 75 33
3417	82 30 87 7
3418	76 58 33 31
3419	75 5 4 26
3420	48 7 90 93
3421	33 78 49 63
3422	89 74 25 93
3423	47 49 82 48
3424	21 23 39 41
3425	69 60 36 94
3426	77 65 10 27
3427	75 16 26 67
3428	54 61 23 97
3429	19 62 86 67
3430	51 6 46 71
3431	90 99 78 86
3432	13 11 38 70
3433	73 37 75 5
3434	37 92 9 27
3435	63 9 82 12
3436	10 11 83 32
3437	49 94 60 88
3438	2 19 30 75
3439	91 49 48 44
3440	30 23 29 74
3441	56 6 11 7
3442	99 3 64 19
3443	22 85 86 38
3444	84 53 78 16
3445	75 36 9 58
3446	70 33 9 7
3447	71 78 34 61
3448	79 100 75 3
3449	29 21 56 98
3450	5 78 15 47
3451	2 4 75 76
3452	95 45 82 10
3453	69 57 47 9
3454	90 52 44 80
3455	76 44 60 38
3456	5 93 83 84
3457	83 63 30 29
3458	57 13 10 2
3459	25 23 84 6
3460	82 77 71 63
3461	11 24 99 79
3462	43 79 90 93
3463	85 7 48 41
3464	18 79 41 19
3465	91 46 9 30
3466	77 35 7 8
3467	61 86 70 35
3468	68 98 22 90
3469	4 83 56 81
3470	51 23 19 56
3471	40 68 60 26
3472	85 74 100 88
3473	30 68 71 43
3474	78 4 54 60
3475	21 53 67 46
3476	16 21 68 28
3477	14 1 90 96
3478	46 19 77 48
3479	77 53 25 38
3480	92 63 65 88
3481	73 69 11 35
3482	19 77 62 27
3483	18 92 79 1
3484	7 62 53 5
3485	46 59 83 78
3486	22 28 47 44
3487	86 31 95 97
3488	22 65 74 33
3489	74 65 4 64
3490	28 52 51 50
3491	5 29 65 64
3492	38 2 43 83
3493	82 10 63 55
3494	10 82 18 65
3495	55 3 26 2
3496	57 39 89 28
3497	65 62 78 42
3498	92 57 71 17
3499	89 97 72 11
3500	59 69 38 94
3501	58 74 8 66
3502	7 26 43 73
3503	20 76 81 72
3504	91 74 60 14
3505	73 84 66 17
3506	38 68 70 7
3507	51 4 93 60
3508	10 31 36 27
3509	71 1 4 28
3510	73 91 59 70
3511	5 7 31 12
3512	9 67 12 48
3513	14 2 46 30
3514	61 18 37 93
3515	78 91 79 89
3516	48 39 7 29
3517	23 72 13 49
3518	35 27 50 48
3519	14 78 37 56
3520	52 8 26 43
3521	41 48 99 62
3522	26 54 20 48
3523	99 60 70 8
3524	59 25 78 69
3525	27 41 66 89
3526	96 26 9 74
3527	36 1 83 67
3528	70 34 48 45
3529	58 49 5 95
3530	54 89 12 61
3531	99 50 73 88
3532	85 23 60 5
3533	35 96 82 47
3534	22 45 66 51
3535	93 2 32 4
3536	34 99 85 51
3537	17 23 90 92
3538	3 45 21 43
3539	99 78 22 77
3540	22 89 92 16
3541	34 11 56 8
3542	6 62 84 14
3543	80 77 24 5
3544	97 95 59 69
3545	78 31 87 17
3546	50 84 69 45
3547	84 29 13 18
3548	87 14 95 19
3549	20 42 25 28
3550	24 34 51 77
3551	43 90 19 77
3552	59 9 96 87
3553	43 64 57 65
3554	37 18 30 93
3555	53 75 70 43
3556	9 77 94 13
3557	14 88 29 85
3558	16 49 86 78
3559	16 29 54 88
3560	48 34 70 79
3561	61 67 57 79
3562	65 27 59 46
3563	97 91 43 23
3564	48 99 4 78
3565	24 56 32 2
3566	91 61 58 52
3567	13 37 85 80
3568	14 52 67 10
3569	76 42 93 86
3570	47 40 26 68
3571	83 8 98 80
3572	51 18 43 71
3573	67 9 73 86
3574	28 53 41 40
3575	79 69 60 3
3576	13 3 87 34
3577	68 90 71 72
3578	99 22 52 83
3579	33 20 75 14
3580	92 3 86 82
3581	40 47 57 21
3582	80 3 30 79
3583	49 2 58 28
3584	80 20 96 45
3585	67 53 60 55
3586	73 44 58 85
3587	76 2 95 13
3588	82 8 39 93
3589	100 14 54 61
3590	37 56 30 14
3591	61 33 55 75
3592	56 25 43 45
3593	2 34 35 50
3594	12 1 51 93
3595	81 12 42 33
3596	84 6 64 34
3597	51 68 17 60
3598	73 15 8 49
3599	71 72 35 48
3600	36 28 86 42
3601	53 5 40 26
3602	41 87 71 83
3603	78 73 96 39
3604	78 43 4 63
3605	67 45 73 41
3606	42 24 79 85
3607	67 40 39 71
3608	57 47 63 72
3609	79 61 9 21
3610	22 77 99 95
3611	53 14 29 56
3612	31 33 45 66
3613	66 78 11 51
3614	95 100 79 37
3615	15 90 43 85
3616	12 62 78 25
3617	47 46 92 67
3618	10 23 25 18
3619	53 73 27 44
3620	63 38 2 71
3621	20 46 82 40
3622	96 78 69 2
3623	58 71 43 96
3624	77 28 76 18
3625	10 75 36 66
3626	34 74 44 36
3627	43 93 4 12
3628	34 11 16 100
3629	85 67 94 16
3630	78 51 41 80
3631	57 73 87 65
3632	94 99 9 82
3633	92 30 98 18
3634	8 81 11 63
3635	32 39 42 24
3636	90 30 34 3
3637	68 96 11 69
3638	83 22 57 81
3639	43 57 56 9
3640	97 77 40 73
3641	83 69 91 47
3642	94 2 8 22
3643	11 85 92 1
3644	6 10 27 85
3645	48 42 96 95
3646	26 94 47 27
3647	19 74 16 17
3648	23 89 52 90
3649	51 28 60 81
3650	23 89 58 64
3651	6 72 17 77
3652	88 4 96 76
3653	60 46 19 78
3654	6 60 11 7
3655	48 58 82 42
3656	30 46 18 69
3657	9 22 98 2
3658	47 65 87 27
3659	69 19 84 73
3660	62 39 46 71
3661	39 100 59 64
3662	17 61 23 91
3663	24 84 74 5
3664	49 19 35 78
3665	84 45 27 2
3666	8 59 72 22
3667	82 51 12 63
3668	50 46 48 68
3669	1 42 94 31
3670	72 74 58 30
3671	59 64 33 96
3672	85 39 67 52
3673	44 1 2 77
3674	4 3 11 69
3675	9 37 58 4
3676	26 34 91 41
3677	86 9 80 55
3678	88 40 79 39
3679	44 88 80 89
3680	12 100 68 30
3681	30 66 77 93
3682	45 93 95 35
3683	47 39 98 14
3684	72 94 5 20
3685	13 52 55 41
3686	57 19 41 51
3687	77 6 44 81
3688	27 45 62 99
3689	99 25 56 29
3690	96 70 81 5
3691	14 41 36 34
3692	40 13 98 75
3693	7 43 49 20
3694	96 8 12 89
3695	50 69 55 14
3696	41 27 79 14
3697	35 61 94 41
3698	79 45 89 29
3699	81 3 41 39
3700	20 1 51 91
3701	7 56 9 59
3702	6 20 94 87
3703	15 68 51 26
3704	73 93 45 83
3705	59 79 41 13
3706	38 64 71 18
3707	67 15 98 20
3708	81 17 16 66
3709	95 60 11 70
3710	51 90 14 5
3711	9 89 70 61
3712	72 76 100 85
3713	70 60 82 50
3714	18 43 88 81
3715	4 18 79 85
3716	50 93 66 63
3717	8 78 55 90
3718	55 56 67 77
3719	64 71 69 87
3720	84 42 87 61
3721	36 47 95 19
3722	33 88 40 75
3723	94 6 7 98
3724	77 99 54 16
3725	90 73 47 72
3726	97 8 14 46
3727	12 1 38 70
3728	81 17 10 1
3729	9 99 66 43
3730	72 95 61 37
3731	4 55 42 31
3732	12 59 2 57
3733	100 5 43 1
3734	58 68 70 90
3735	88 73 18 63
3736	20 14 91 53
3737	33 2 34 48
3738	16 60 96 34
3739	88 86 89 93
3740	63 15 44 66
3741	10 26 93 25
3742	43 51 74 76
3743	7 93 6 1
3744	29 53 74 26
3745	33 8 64 25
3746	40 58 73 79
3747	46 21 9 91
3748	5 61 53 40
3749	80 25 58 18
3750	65 92 16 27
3751	62 52 74 50
3752	69 18 58 40
3753	11 2 78 51
3754	88 83 71 58
3755	30 24 21 16
3756	62 44 79 77
3757	58 84 29 76
3758	75 93 53 90
3759	8 68 64 9
3760	97 3 16 81
3761	34 22 98 55
3762	20 62 26 85
3763	47 27 68 89
3764	33 21 4 94
3765	5 100 83 68
3766	4 18 72 55
3767	71 18 9 5
3768	13 81 3 75
3769	18 17 71 89
3770	78 21 41 16
3771	6 66 67 58
3772	60 26 72 51
3773	70 34 82 69
3774	53 64 72 35
3775	86 48 75 11
3776	14 55 61 30
3777	49 92 100 72
3778	7 34 33 3
3779	72 98 60 24
3780	99 32 56 21
3781	91 37 35 31
3782	19 37 16 81
3783	99 86 93 21
3784	22 37 1 71
3785	21 19 14 7
3786	68 81 57 25
3787	24 8 74 51
3788	68 11 38 71
3789	92 30 67 35
3790	30 47 63 91
3791	63 5 38 88
3792	49 74 7 64
3793	33 16 93 34
3794	58 83 6 26
3795	80 52 95 30
3796	83 39 68 40
3797	87 66 98 8
3798	43 4 91 39
3799	46 15 20 50
3800	72 59 7 81
3801	30 33 50 98
3802	86 38 60 74
3803	27 84 78 5
3804	1 88 93 97
3805	91 14 43 33
3806	93 82 51 55
3807	82 92 47 73
3808	96 19 26 90
3809	1 26 39 32
3810	46 2 41 26
3811	92 95 66 51
3812	37 69 79 18
3813	16 67 35 84
3814	91 21 61 76
3815	76 37 16 66
3816	46 90 59 97
3817	40 75 88 74
3818	35 71 49 90
3819	32 91 11 48
3820	16 9 15 64
3821	44 7 6 89
3822	26 53 95 75
3823	7 14 39 83
3824	10 28 35 62
3825	74 4 42 24
3826	53 99 35 43
3827	99 86 97 24
3828	81 16 26 43
3829	82 29 8 19
3830	13 68 21 95
3831	43 48 83 65
3832	74 18 42 96
3833	18 1 40 24
3834	40 70 65 72
3835	31 61 77 11
3836	45 85 70 17
3837	92 48 42 58
3838	37 78 5 54
3839	70 44 87 65
3840	30 76 19 42
3841	40 85 79 80
3842	88 78 63 13
3843	92 80 35 6
3844	55 68 46 17
3845	64 75 68 97
3846	56 29 27 39
3847	49 3 4 94
3848	16 48 39 80
3849	30 8 83 45
3850	10 79 50 5
3851	15 49 22 92
3852	5 64 57 86
3853	46 87 71 27
3854	8 13 32 38
3855	46 22 2 43
3856	78 67 73 76
3857	93 68 12 19
3858	18 100 65 50
3859	19 12 45 90
3860	51 53 77 15
3861	79 44 38 20
3862	7 18 24 51
3863	99 86 9 50
3864	50 28 66 43
3865	61 12 69 26
3866	83 67 72 11
3867	99 5 74 8
3868	85 38 3 36
3869	59 52 35 91
3870	36 90 28 94
3871	11 31 34 61
3872	69 44 66 83
3873	16 35 98 41
3874	52 25 93 71
3875	29 18 65 21
3876	27 47 40 26
3877	55 34 75 36
3878	100 81 10 73
3879	74 14 78 75
3880	53 74 97 27
3881	47 93 37 12
3882	35 77 20 74
3883	7 3 46 39
3884	8 89 78 59
3885	5 94 32 35
3886	40 16 53 90
3887	87 76 58 60
3888	68 1 87 26
3889	48 21 54 55
3890	21 77 27 31
3891	7 3 51 68
3892	68 65 32 62
3893	99 4 63 48
3894	15 33 80 64
3895	17 46 10 64
3896	6 96 69 35
3897	3 17 66 81
3898	40 48 53 12
3899	43 49 97 90
3900	16 17 95 80
3901	66 85 57 90
3902	63 55 95 54
3903	34 7 88 48
3904	91 100 51 10
3905	50 41 3 12
3906	8 81 63 51
3907	36 18 68 43
3908	31 3 27 33
3909	15 62 100 93
3910	99 34 29 6
3911	64 50 68 44
3912	94 68 61 31
3913	22 79 84 57
3914	19 38 28 17
3915	62 13 74 65
3916	88 85 50 3
3917	84 53 73 88
3918	98 77 89 4
3919	80 9 64 55
3920	4 34 37 65
3921	85 65 75 54
3922	26 73 90 55
3923	83 45 53 58
3924	46 74 92 15
3925	63 100 29 24
3926	28 29 57 62
3927	25 85 86 76
3928	9 82 95 20
3929	19 84 70 83
3930	16 36 59 85
3931	61 96 41 30
3932	68 86 30 55
3933	53 44 59 72
3934	25 24 81 82
3935	42 37 72 12
3936	59 21 83 33
3937	4 53 15 32
3938	76 22 100 34
3939	50 8 61 82
3940	62 47 72 61
3941	85 11 48 18
3942	38 70 28 100
3943	86 84 23 96
3944	1 81 34 69
3945	36 100 13 96
3946	28 64 13 98
3947	57 16 28 67
3948	11 71 6 1
3949	37 95 31 59
3950	78 17 79 33
3951	56 13 91 68
3952	28 27 46 59
3953	46 39 85 68
3954	18 32 23 83
3955	26 65 35 86
3956	16 73 28 77
3957	18 95 27 100
3958	71 59 23 24
3959	26 24 75 46
3960	81 76 22 68
3961	61 56 65 39
3962	50 16 71 15
3963	26 12 33 93
3964	14 96 10 71
3965	88 79 32 53
3966	86 63 32 50
3967	21 13 14 42
3968	9 74 89 52
3969	81 67 43 94
3970	60 20 41 58
3971	93 2 90 94
3972	76 98 100 43
3973	26 94 75 50
3974	3 72 97 95
3975	99 87 80 71
3976	87 80 7 60
3977	55 16 9 20
3978	30 1 41 51
3979	81 60 56 10
3980	24 93 82 58
3981	42 2 33 50
3982	80 19 36 74
3983	97 57 17 6
3984	39 30 63 13
3985	43 100 5 58
3986	6 52 86 94
3987	38 90 99 9
3988	47 86 100 74
3989	90 8 33 99
3990	28 61 76 84
3991	99 17 100 96
3992	91 6 26 67
3993	9 65 85 74
3994	69 18 61 96
3995	21 71 17 87
3996	37 76 5 58
3997	47 86 34 64
3998	24 53 64 92
3999	41 97 55 65
4000	28 94 78 41
4001	65 18 86 5
4002	34 76 47 29
4003	61 52 17 26
4004	4 74 60 31
4005	49 31 93 91
4006	81 3 84 47
4007	55 4 54 20
4008	21 83 93 40
4009	50 75 72 44
4010	59 20 49 8
4011	67 40 86 68
4012	49 56 74 95
4013	72 43 75 86
4014	36 6 92 20
4015	15 65 45 95
4016	82 84 40 12
4017	69 63 11 68
4018	14 5 94 22
4019	58 62 74 10
4020	5 21 80 1
4021	65 9 3 64
4022	8 53 98 26
4023	58 89 91 13
4024	91 74 70 65
4025	87 23 84 52
4026	43 70 25 100
4027	63 73 1 79
4028	68 34 74 100
4029	11 77 73 57
4030	65 24 81 19
4031	54 77 50 74
4032	41 39 88 26
4033	6 96 86 34
4034	27 52 5 13
4035	36 55 44 28
4036	72 83 52 99
4037	39 50 79 95
4038	92 64 12 84
4039	52 13 89 59
4040	39 7 38 82
4041	60 54 22 28
4042	59 82 39 91
4043	58 50 14 16
4044	30 33 76 86
4045	97 65 51 53
4046	23 100 9 94
4047	91 46 87 6
4048	52 37 12 96
4049	24 43 54 11
4050	3 43 46 33
4051	13 12 42 92
4052	45 64 76 52
4053	66 19 75 94
4054	6 69 16 77
4055	11 31 66 9
4056	42 25 20 48
4057	91 100 50 43
4058	17 61 85 50
4059	96 47 22 15
4060	21 49 52 65
4061	60 83 20 82
4062	33 77 16 49
4063	21 80 5 79
4064	24 60 73 55
4065	68 79 63 70
4066	67 64 35 91
4067	7 81 59 76
4068	47 11 4 44
4069	80 54 49 84
4070	3 66 53 56
4071	71 53 93 32
4072	28 98 35 14
4073	42 45 21 57
4074	85 62 14 20
4075	63 98 85 57
4076	86 22 62 85
4077	48 5 39 47
4078	49 25 9 87
4079	79 66 58 37
4080	85 93 81 16
4081	54 87 6 42
4082	99 76 70 100
4083	19 68 89 25
4084	78 47 81 96
4085	71 84 70 98
4086	100 78 84 66
4087	41 33 91 99
4088	37 31 95 51
4089	93 23 100 49
4090	32 28 37 2
4091	46 96 50 39
4092	14 26 2 36
4093	28 4 34 96
4094	47 95 36 41
4095	69 6 60 66
4096	60 88 43 50
4097	42 84 35 73
4098	81 28 64 11
4099	47 55 65 14
4100	8 5 67 85
4101	10 38 43 69
4102	84 63 67 94
4103	21 2 40 69
4104	40 44 56 75
4105	63 64 75 98
4106	90 10 66 63
4107	12 76 39 83
4108	6 10 73 66
4109	21 52 17 40
4110	98 36 99 48
4111	63 45 84 13
4112	75 8 56 2
4113	12 64 3 76
4114	81 86 33 10
4115	38 80 90 24
4116	48 13 20 72
4117	89 16 96 91
4118	34 5 20 27
4119	60 52 45 58
4120	82 32 79 8
4121	74 87 41 12
4122	71 78 68 96
4123	92 32 65 19
4124	41 84 2 4
4125	4 96 80 44
4126	29 22 60 82
4127	52 32 15 23
4128	68 62 65 94
4129	26 38 9 14
4130	94 78 46 23
4131	56 39 58 86
4132	27 99 56 1
4133	68 76 92 32
4134	76 49 10 63
4135	24 71 15 88
4136	31 61 57 37
4137	97 38 56 25
4138	37 7 94 65
4139	55 69 51 85
4140	15 41 23 58
4141	63 36 12 3
4142	26 99 69 86
4143	63 66 77 100
4144	80 67 15 5
4145	74 71 87 53
4146	5 25 58 50
4147	53 4 20 71
4148	61 19 14 56
4149	27 21 89 71
4150	22 98 7 86
4151	71 86 96 55
4152	38 85 41 1
4153	63 12 90 18
4154	57 49 42 78
4155	44 32 38 74
4156	97 74 96 60
4157	32 10 95 8
4158	88 31 97 69
4159	39 70 22 25
4160	56 78 10 5
4161	41 77 47 95
4162	90 24 57 18
4163	37 76 13 84
4164	3 36 89 31
4165	90 14 93 40
4166	20 76 82 33
4167	57 18 54 86
4168	91 9 61 34
4169	92 61 11 54
4170	24 21 79 75
4171	51 59 84 91
4172	65 51 43 89
4173	15 19 24 8
4174	62 26 61 17
4175	61 92 7 91
4176	41 59 91 94
4177	74 95 75 30
4178	35 75 14 28
4179	67 29 85 94
4180	29 20 43 40
4181	35 87 20 33
4182	64 71 20 37
4183	17 40 4 55
4184	3 62 100 14
4185	84 11 2 18
4186	84 78 3 90
4187	53 45 6 55
4188	76 86 61 89
4189	65 33 13 4
4190	89 36 100 7
4191	21 60 11 75
4192	49 7 8 31
4193	99 81 10 22
4194	69 29 41 78
4195	67 50 57 46
4196	21 28 59 82
4197	71 62 58 10
4198	58 79 94 85
4199	58 75 60 43
4200	29 25 63 69
4201	65 35 40 49
4202	19 17 13 100
4203	43 39 69 37
4204	49 60 16 100
4205	12 78 69 30
4206	27 78 20 65
4207	92 37 58 2
4208	54 46 73 15
4209	26 31 30 37
4210	45 32 3 9
4211	42 81 17 16
4212	87 29 18 8
4213	22 95 41 26
4214	41 45 1 11
4215	46 40 77 20
4216	35 88 69 100
4217	61 8 10 77
4218	51 50 65 75
4219	58 18 28 56
4220	1 41 67 32
4221	55 18 74 14
4222	14 11 86 91
4223	87 77 7 85
4224	85 84 42 48
4225	76 86 45 53
4226	30 60 16 46
4227	96 86 92 90
4228	88 41 84 20
4229	97 9 73 25
4230	37 95 73 65
4231	35 81 21 48
4232	63 30 62 19
4233	67 94 17 14
4234	83 11 26 37
4235	9 86 11 27
4236	86 55 85 41
4237	25 21 71 47
4238	36 37 21 7
4239	3 40 87 55
4240	19 61 81 37
4241	4 72 79 24
4242	55 81 29 26
4243	28 8 60 83
4244	21 38 5 84
4245	22 55 58 25
4246	100 95 28 48
4247	1 70 82 74
4248	41 54 51 85
4249	1 72 17 71
4250	91 8 34 55
4251	26 100 80 97
4252	60 24 27 93
4253	96 33 32 7
4254	51 1 80 39
4255	27 82 49 36
4256	71 76 19 79
4257	68 42 54 89
4258	50 62 14 69
4259	74 61 89 20
4260	84 69 20 32
4261	96 39 68 48
4262	63 16 54 51
4263	81 23 16 93
4264	29 88 52 50
4265	59 33 39 51
4266	92 14 18 30
4267	51 26 56 80
4268	66 6 39 53
4269	44 99 40 13
4270	19 99 58 41
4271	64 77 57 95
4272	23 49 47 62
4273	29 32 90 20
4274	43 4 53 64
4275	34 18 36 41
4276	67 40 97 41
4277	15 65 76 13
4278	21 61 58 87
4279	42 31 56 21
4280	83 5 11 50
4281	34 80 65 46
4282	85 41 70 52
4283	70 22 52 31
4284	73 75 57 12
4285	26 89 8 92
4286	55 46 37 84
4287	96 70 49 44
4288	14 10 50 75
4289	4 77 11 26
4290	13 11 30 3
4291	42 55 32 96
4292	43 20 15 19
4293	61 44 20 14
4294	98 86 49 90
4295	86 91 54 38
4296	70 64 26 62
4297	90 73 67 68
4298	64 16 34 49
4299	68 28 11 27
4300	59 68 41 24
4301	14 48 69 81
4302	29 95 82 59
4303	11 100 50 24
4304	99 76 3 66
4305	39 46 87 5
4306	99 80 78 2
4307	53 4 6 32
4308	92 50 39 97
4309	82 85 23 92
4310	60 84 57 96
4311	8 3 23 65
4312	99 66 28 32
4313	78 86 1 67
4314	27 74 14 5
4315	50 61 67 77
4316	67 57 30 89
4317	88 3 83 94
4318	71 3 65 75
4319	64 66 82 20
4320	77 48 30 62
4321	17 39 93 8
4322	11 61 93 62
4323	41 73 92 86
4324	16 29 27 74
4325	28 62 64 13
4326	24 44 57 92
4327	53 50 22 66
4328	84 57 32 34
4329	29 90 6 98
4330	42 83 98 71
4331	3 76 94 31
4332	94 3 66 10
4333	39 44 8 25
4334	24 91 26 76
4335	70 48 92 34
4336	32 91 80 39
4337	46 64 99 54
4338	94 35 91 77
4339	88 52 82 51
4340	13 32 28 3
4341	63 86 1 69
4342	94 59 29 36
4343	1 7 97 85
4344	39 100 48 67
4345	90 59 52 14
4346	88 54 76 5
4347	40 38 56 79
4348	64 35 31 25
4349	31 14 97 11
4350	74 16 29 35
4351	69 85 28 72
4352	22 75 63 97
4353	32 49 98 87
4354	94 25 42 80
4355	55 30 61 35
4356	3 26 95 38
4357	37 74 66 16
4358	62 12 65 49
4359	71 34 99 88
4360	1 58 43 80
4361	36 72 76 14
4362	47 46 85 64
4363	50 71 98 24
4364	4 22 99 98
4365	37 71 75 50
4366	22 93 95 36
4367	65 74 56 93
4368	15 38 73 60
4369	83 90 21 2
4370	92 42 99 58
4371	36 98 80 92
4372	81 51 3 35
4373	8 63 45 77
4374	15 43 45 17
4375	16 71 81 78
4376	94 22 3 87
4377	38 32 40 6
4378	7 93 82 58
4379	34 49 5 22
4380	29 51 2 4
4381	87 89 3 24
4382	77 52 53 80
4383	41 38 55 4
4384	69 1 78 85
4385	20 39 78 44
4386	89 2 66 88
4387	62 28 49 54
4388	37 51 60 65
4389	99 100 50 36
4390	91 63 32 23
4391	92 14 34 1
4392	15 41 7 30
4393	10 67 40 90
4394	89 61 84 8
4395	45 99 57 4
4396	30 80 86 65
4397	45 14 87 38
4398	72 99 31 86
4399	30 10 67 70
4400	17 27 8 36
4401	72 10 33 79
4402	4 8 97 48
4403	16 73 82 83
4404	3 74 98 89
4405	23 66 34 98
4406	40 54 46 71
4407	21 13 66 97
4408	76 89 99 34
4409	80 46 67 98
4410	35 31 3 1
4411	15 92 88 69
4412	12 94 52 29
4413	56 8 17 88
4414	58 75 19 67
4415	51 97 61 35
4416	99 83 85 94
4417	72 54 50 83
4418	21 76 40 16
4419	38 34 81 57
4420	71 17 7 18
4421	97 7 3 4
4422	88 64 72 82
4423	30 95 12 88
4424	26 43 3 36
4425	3 48 60 7
4426	31 8 63 51
4427	99 7 100 44
4428	18 26 58 87
4429	38 78 98 67
4430	31 53 34 71
4431	13 76 98 63
4432	32 85 63 90
4433	36 85 2 82
4434	59 71 34 28
4435	36 80 34 7
4436	80 82 94 85
4437	98 30 95 92
4438	78 16 4 85
4439	12 85 68 31
4440	79 98 41 42
4441	29 94 39 32
4442	51 3 70 46
4443	26 84 5 13
4444	6 98 42 18
4445	14 38 90 41
4446	40 49 100 7
4447	25 81 72 48
4448	38 70 67 28
4449	54 72 19 5
4450	42 50 3 95
4451	54 64 68 15
4452	9 83 20 55
4453	9 31 35 96
4454	81 46 11 50
4455	50 45 93 59
4456	10 77 15 14
4457	9 64 40 37
4458	36 13 28 80
4459	97 86 85 59
4460	100 80 54 68
4461	6 76 45 17
4462	62 51 8 27
4463	7 82 59 13
4464	3 47 32 100
4465	69 63 84 31
4466	60 39 65 59
4467	21 34 98 83
4468	67 49 84 52
4469	13 82 10 76
4470	22 14 59 71
4471	54 60 78 59
4472	94 84 36 10
4473	22 93 3 71
4474	90 100 60 89
4475	68 7 79 59
4476	68 23 15 53
4477	14 36 33 66
4478	8 55 43 26
4479	100 7 2 64
4480	19 70 58 24
4481	77 3 85 47
4482	55 84 25 46
4483	32 85 46 27
4484	1 45 57 87
4485	87 48 89 27
4486	11 63 39 10
4487	54 29 41 84
4488	79 50 13 37
4489	21 56 67 55
4490	3 12 49 31
4491	83 88 67 79
4492	97 52 62 50
4493	24 100 38 19
4494	52 20 34 21
4495	3 37 92 99
4496	96 45 23 42
4497	55 60 56 100
4498	2 10 94 37
4499	64 77 30 19
4500	31 98 40 14
4501	76 86 34 88
4502	58 89 69 68
4503	93 13 81 74
4504	87 59 71 4
4505	8 54 63 92
4506	66 79 57 44
4507	95 26 24 86
4508	77 10 70 65
4509	71 42 92 66
4510	27 20 57 48
4511	40 27 85 80
4512	79 49 59 1
4513	27 5 28 14
4514	90 86 78 69
4515	40 91 24 58
4516	81 50 5 9
4517	74 15 63 36
4518	91 53 77 64
4519	86 74 69 44
4520	21 34 51 13
4521	77 83 19 82
4522	82 67 34 71
4523	35 8 17 11
4524	82 80 39 66
4525	62 94 45 18
4526	75 31 21 64
4527	60 78 68 50
4528	11 48 84 70
4529	69 75 34 38
4530	13 49 20 89
4531	20 16 56 19
4532	30 50 99 33
4533	78 38 54 79
4534	93 23 64 26
4535	37 54 26 38
4536	65 34 22 13
4537	33 65 4 57
4538	19 54 72 64
4539	50 77 83 60
4540	77 69 39 65
4541	85 83 10 89
4542	85 54 80 74
4543	74 86 87 15
4544	2 1 99 79
4545	67 89 43 96
4546	22 19 83 17
4547	80 87 50 27
4548	70 94 72 71
4549	52 25 54 9
4550	67 51 39 40
4551	77 79 45 51
4552	50 96 90 69
4553	82 20 24 27
4554	39 15 7 23
4555	81 7 68 61
4556	21 95 80 10
4557	44 30 84 92
4558	15 52 14 1
4559	66 90 88 15
4560	98 36 78 32
4561	49 65 73 76
4562	56 12 79 65
4563	69 60 72 52
4564	42 30 64 31
4565	34 72 14 15
4566	26 68 30 15
4567	74 50 98 9
4568	33 74 90 21
4569	88 10 30 91
4570	14 3 24 91
4571	37 61 64 100
4572	56 67 11 86
4573	48 41 96 6
4574	68 4 28 33
4575	20 52 39 24
4576	32 81 60 62
4577	13 42 19 36
4578	64 60 19 76
4579	68 20 38 35
4580	34 45 63 18
4581	33 37 44 6
4582	37 89 92 48
4583	68 78 74 13
4584	82 3 98 56
4585	53 78 1 63
4586	4 27 7 45
4587	2 4 9 91
4588	56 37 5 28
4589	14 47 6 68
4590	92 26 27 53
4591	59 78 72 3
4592	88 5 47 40
4593	75 64 33 18
4594	70 56 97 20
4595	43 76 61 37
4596	30 48 82 96
4597	10 71 18 32
4598	71 4 26 66
4599	58 31 87 40
4600	69 27 57 82
4601	21 64 41 40
4602	66 86 35 89
4603	52 46 4 3
4604	20 48 33 73
4605	75 19 47 43
4606	66 91 83 25
4607	82 12 78 87
4608	55 32 16 37
4609	37 41 44 63
4610	42 74 91 21
4611	30 71 42 16
4612	40 27 93 38
4613	91 71 21 85
4614	20 60 46 33
4615	24 52 53 5
4616	36 59 55 22
4617	47 44 51 88
4618	58 5 65 38
4619	22 33 71 37
4620	20 63 59 15
4621	27 74 48 23
4622	10 67 31 82
4623	71 75 45 37
4624	8 68 76 55
4625	76 94 86 54
4626	92 100 38 23
4627	95 70 60 42
4628	70 72 42 49
4629	12 5 86 53
4630	45 100 73 36
4631	44 88 25 5
4632	25 93 84 21
4633	56 49 86 16
4634	85 37 100 94
4635	32 98 55 15
4636	24 44 16 75
4637	39 98 53 10
4638	48 38 71 82
4639	51 68 93 47
4640	43 55 25 59
4641	10 17 72 43
4642	18 31 53 4
4643	3 8 62 28
4644	68 5 99 82
4645	97 41 76 13
4646	42 26 3 20
4647	5 61 91 55
4648	74 61 82 23
4649	49 93 34 37
4650	59 88 69 66
4651	37 33 31 10
4652	67 27 40 43
4653	80 86 12 55
4654	93 56 11 65
4655	22 8 16 11
4656	41 43 5 77
4657	81 89 19 80
4658	5 51 66 68
4659	90 14 58 59
4660	58 17 73 76
4661	52 100 16 10
4662	100 57 16 55
4663	96 82 98 54
4664	40 76 54 2
4665	66 59 27 56
4666	59 72 97 57
4667	99 1 93 8
4668	42 18 75 60
4669	90 17 87 24
4670	76 61 1 23
4671	45 41 42 70
4672	43 20 91 52
4673	89 74 4 56
4674	35 69 16 17
4675	9 23 6 44
4676	92 90 16 78
4677	54 73 72 55
4678	100 3 57 67
4679	57 90 73 26
4680	43 38 12 56
4681	81 46 89 15
4682	79 88 78 2
4683	40 94 68 76
4684	6 3 83 72
4685	7 85 64 80
4686	86 53 22 66
4687	36 61 28 27
4688	34 35 63 29
4689	49 69 71 58
4690	57 53 14 22
4691	2 6 88 17
4692	30 2 86 85
4693	16 63 88 73
4694	89 38 1 15
4695	18 89 53 86
4696	46 5 87 68
4697	90 63 25 19
4698	2 9 90 34
4699	36 43 57 68
4700	93 96 65 22
4701	91 71 37 66
4702	57 29 42 100
4703	47 23 18 88
4704	100 36 2 28
4705	70 10 13 73
4706	95 14 70 46
4707	42 49 17 85
4708	44 42 93 9
4709	12 78 95 20
4710	64 75 34 59
4711	8 98 81 22
4712	26 45 4 8
4713	48 23 3 92
4714	99 18 42 49
4715	67 1 92 21
4716	71 82 99 86
4717	78 52 54 79
4718	86 59 94 21
4719	14 83 62 61
4720	68 50 86 40
4721	44 76 22 99
4722	28 87 76 5
4723	43 50 32 31
4724	78 96 20 32
4725	24 44 35 46
4726	21 3 18 68
4727	34 43 95 75
4728	52 100 31 90
4729	29 53 82 65
4730	76 27 85 96
4731	55 21 45 97
4732	49 36 57 12
4733	46 87 73 69
4734	88 100 97 27
4735	25 10 16 24
4736	98 5 12 14
4737	2 49 31 51
4738	57 27 2 51
4739	70 22 3 24
4740	14 45 59 73
4741	90 51 39 41
4742	57 47 68 38
4743	11 55 88 65
4744	23 35 44 64
4745	74 97 58 39
4746	66 8 82 37
4747	5 89 60 100
4748	35 20 57 49
4749	75 14 28 94
4750	23 39 49 51
4751	98 11 5 33
4752	3 38 30 60
4753	21 31 45 82
4754	74 56 12 54
4755	39 73 17 79
4756	31 63 18 40
4757	58 42 50 29
4758	27 38 74 28
4759	49 66 10 19
4760	66 61 58 9
4761	86 91 64 92
4762	58 51 14 48
4763	17 5 43 35
4764	5 2 14 38
4765	53 38 71 84
4766	25 14 50 80
4767	61 59 7 68
4768	22 90 65 50
4769	21 16 15 30
4770	3 29 93 37
4771	99 75 25 56
4772	2 74 88 72
4773	82 65 78 74
4774	24 16 68 21
4775	98 69 54 15
4776	13 78 56 8
4777	88 5 39 71
4778	94 30 27 54
4779	2 90 12 87
4780	71 55 41 24
4781	33 3 50 45
4782	36 52 67 56
4783	55 86 56 81
4784	87 42 90 37
4785	88 23 58 95
4786	47 72 22 45
4787	81 23 83 49
4788	71 87 26 80
4789	75 74 70 1
4790	22 4 50 75
4791	23 32 94 59
4792	71 82 15 76
4793	7 73 59 23
4794	8 2 73 13
4795	43 11 7 83
4796	39 75 92 1
4797	95 53 54 10
4798	61 73 33 2
4799	6 79 61 85
4800	12 72 32 6
4801	28 5 92 87
4802	10 76 83 15
4803	42 51 24 68
4804	64 17 100 61
4805	96 71 83 6
4806	31 35 86 88
4807	13 6 64 16
4808	60 7 27 55
4809	37 89 68 49
4810	39 35 76 66
4811	31 22 55 1
4812	42 43 98 75
4813	45 82 81 23
4814	90 62 32 86
4815	69 17 79 29
4816	91 14 86 77
4817	99 5 49 38
4818	24 35 63 44
4819	18 33 29 70
4820	48 24 63 14
4821	33 23 53 9
4822	66 89 77 87
4823	71 40 32 34
4824	55 60 83 80
4825	50 45 20 8
4826	47 69 81 3
4827	4 86 83 100
4828	39 94 71 29
4829	31 33 45 5
4830	51 7 34 42
4831	73 91 45 38
4832	83 57 24 21
4833	10 55 1 16
4834	49 7 72 100
4835	49 57 43 64
4836	7 65 89 29
4837	56 26 84 34
4838	88 73 11 58
4839	21 53 24 64
4840	36 35 68 96
4841	12 27 79 23
4842	3 55 30 47
4843	48 43 54 96
4844	41 56 48 16
4845	74 96 97 87
4846	30 59 13 88
4847	40 28 7 84
4848	75 80 84 6
4849	66 84 100 60
4850	47 60 69 24
4851	9 12 93 91
4852	5 40 32 95
4853	46 10 79 90
4854	52 64 86 93
4855	92 68 100 99
4856	4 99 28 38
4857	82 65 2 55
4858	69 64 11 35
4859	88 97 87 6
4860	66 76 36 54
4861	72 86 32 79
4862	40 25 38 88
4863	86 46 49 61
4864	25 15 84 71
4865	15 56 3 23
4866	8 14 24 6
4867	3 58 31 92
4868	34 82 40 75
4869	79 28 53 38
4870	87 5 10 41
4871	45 99 63 88
4872	8 45 77 52
4873	20 81 25 37
4874	51 1 20 7
4875	91 66 64 59
4876	14 79 13 45
4877	82 40 80 1
4878	72 27 77 98
4879	75 17 38 97
4880	94 36 31 9
4881	73 29 13 66
4882	53 47 77 65
4883	42 93 98 8
4884	29 60 94 93
4885	1 36 46 59
4886	39 1 18 86
4887	79 22 71 83
4888	93 46 78 82
4889	98 93 44 92
4890	100 72 74 34
4891	78 40 56 71
4892	27 68 62 5
4893	86 27 25 14
4894	60 3 41 21
4895	1 47 25 42
4896	80 36 18 85
4897	82 58 69 15
4898	21 64 3 18
4899	61 12 40 41
4900	31 91 50 77
4901	16 92 31 75
4902	52 71 43 90
4903	90 100 63 67
4904	25 56 80 72
4905	56 16 67 19
4906	26 66 52 61
4907	62 5 25 1
4908	85 16 74 46
4909	60 76 72 90
4910	24 35 9 4
4911	3 19 35 51
4912	88 16 90 84
4913	18 65 69 53
4914	26 56 11 28
4915	44 61 60 51
4916	50 79 92 45
4917	63 71 86 69
4918	67 32 26 82
4919	38 90 46 54
4920	74 95 12 2
4921	1 100 15 22
4922	8 33 75 28
4923	39 69 15 94
4924	68 60 37 56
4925	35 20 84 62
4926	73 76 12 86
4927	28 95 77 23
4928	91 81 12 21
4929	97 52 64 29
4930	97 81 54 15
4931	93 44 65 38
4932	80 44 62 94
4933	63 83 2 28
4934	91 13 2 92
4935	93 56 35 34
4936	79 64 31 100
4937	13 89 91 21
4938	78 18 32 68
4939	84 77 69 18
4940	56 92 54 82
4941	50 10 11 82
4942	89 79 62 76
4943	56 93 88 64
4944	98 28 23 24
4945	54 25 9 37
4946	79 47 41 64
4947	82 84 40 78
4948	99 47 36 84
4949	11 84 9 1
4950	9 62 78 55
4951	53 30 99 62
4952	15 77 86 65
4953	9 63 38 76
4954	30 71 8 43
4955	41 100 91 31
4956	83 70 88 74
4957	100 97 50 93
4958	32 80 29 22
4959	25 31 72 38
4960	59 46 80 10
4961	76 93 45 89
4962	29 27 14 9
4963	82 10 94 65
4964	81 3 83 44
4965	51 82 16 73
4966	50 26 1 85
4967	31 38 88 85
4968	48 35 66 9
4969	45 23 32 13
4970	44 20 84 89
4971	68 75 40 46
4972	22 28 85 48
4973	64 51 20 80
4974	97 19 56 73
4975	45 38 63 9
4976	83 71 95 2
4977	40 93 98 6
4978	38 9 90 6
4979	12 53 45 47
4980	48 77 44 53
4981	4 86 27 39
4982	65 46 84 37
4983	43 18 87 13
4984	47 82 62 23
4985	25 50 80 48
4986	78 38 72 92
4987	54 31 96 21
4988	50 10 48 79
4989	55 70 98 65
4990	77 60 86 2
4991	88 11 29 82
4992	52 8 83 12
4993	46 56 64 88
4994	87 12 52 70
4995	59 2 32 96
4996	31 24 67 54
4997	38 77 19 49
4998	27 84 65 1
4999	31 37 14 54
5000	84 14 16 85
