Students	5000
1	5 14 94 39
2	73 88 85 6
3	26 11 39 49
4	21 8 62 39
5	10 29 11 90
6	20 48 73 76
7	27 80 69 1
8	50 69 24 64
9	33 62 18 76
10	70 21 6 86
11	15 99 86 1
12	62 19 42 52
13	15 17 58 43
14	89 62 94 56
15	19 58 96 24
16	88 62 57 87
17	55 2 5 57
18	72 8 85 71
19	49 11 85 78
20	61 34 68 46
21	41 7 18 40
22	24 27 72 60
23	62 48 37 89
24	88 87 38 99
25	46 91 50 31
26	84 66 67 76
27	63 53 73 48
28	51 11 67 55
29	12 95 85 91
30	73 63 100 77
31	64 26 85 97
32	30 39 23 68
33	68 67 7 58
34	68 32 66 92
35	46 23 6 21
36	50 96 69 2
37	41 77 45 12
38	12 41 60 21
39	18 58 36 75
40	94 72 19 27
41	54 51 32 19
42	12 50 59 10
43	65 57 9 71
44	35 59 18 69
45	33 78 80 57
46	5 64 44 92
47	18 76 98 95
48	76 57 32 65
49	55 41 59 36
50	78 26 65 88
51	95 6 59 32
52	12 48 80 73
53	7 86 25 84
54	72 52 1 7
55	4 30 75 11
56	35 97 52 49
57	46 44 47 10
58	89 63 1 17
59	66 19 54 18
60	1 94 79 41
61	21 5 32 47
62	37 42 79 52
63	52 23 17 33
64	92 21 1 88
65	62 77 23 18
66	85 40 55 47
67	94 12 31 85
68	55 7 57 23
69	33 64 62 15
70	22 33 55 86
71	57 45 24 9
72	65 22 19 53
73	34 10 43 70
74	55 88 82 78
75	65 64 13 56
76	52 59 100 4
77	64 8 28 80
78	60 7 74 45
79	35 18 50 27
80	23 94 31 98
81	41 11 44 87
82	6 45 68 64
83	18 85 68 74
84	28 58 89 100
85	24 79 33 46
86	73 58 50 24
87	89 19 55 52
88	22 7 46 6
89	81 46 17 96
90	30 42 91 83
91	48 35 19 49
92	94 4 66 77
93	3 100 34 53
94	37 53 91 38
95	37 13 24 21
96	62 65 89 15
97	55 100 51 82
98	21 90 95 23
99	87 97 13 4
100	75 29 74 67
101	99 87 81 21
102	29 96 48 24
103	34 4 50 95
104	44 41 71 77
105	51 48 39 67
106	45 18 8 61
107	83 73 39 99
108	4 85 72 35
109	47 49 20 33
110	42 4 29 66
111	8 29 6 13
112	100 81 48 95
113	33 42 92 55
114	99 57 76 89
115	11 37 58 75
116	5 37 59 52
117	100 17 23 97
118	99 54 77 72
119	52 43 96 42
120	23 99 28 49
121	94 82 100 8
122	41 30 84 25
123	87 76 26 6
124	57 23 20 61
125	75 51 33 38
126	73 13 37 95
127	72 45 34 9
128	32 88 31 5
129	45 31 68 51
130	15 96 84 91
131	94 73 12 21
132	18 34 97 53
133	74 86 12 39
134	2 77 81 91
135	43 29 65 14
136	88 16 58 62
137	32 43 13 39
138	65 49 32 85
139	88 75 56 77
140	95 5 19 100
141	6 1 25 58
142	85 24 47 57
143	32 81 41 18
144	83 40 94 30
145	54 82 47 8
146	84 22 12 21
147	10 81 70 42
148	25 89 66 90
149	81 16 6 53
150	56 54 2 81
151	74 57 36 97
152	67 27 8 39
153	98 80 26 14
154	52 36 60 59
155	83 76 79 40
156	67 41 99 49
157	85 9 53 83
158	88 29 17 60
159	56 26 37 86
160	80 3 4 92
161	98 55 33 56
162	45 30 75 40
163	59 78 34 17
164	15 84 6 25
165	67 52 22 35
166	62 50 74 18
167	76 51 52 30
168	20 73 74 29
169	40 78 99 92
170	49 14 80 25
171	12 89 27 3
172	21 64 99 6
173	42 64 14 60
174	99 89 15 68
175	48 95 43 84
176	19 23 35 32
177	73 86 8 63
178	36 7 60 28
179	95 25 42 5
180	41 55 12 52
181	61 6 3 18
182	33 39 42 61
183	11 35 23 57
184	29 71 95 89
185	96 51 58 52
186	17 14 89 66
187	63 39 10 34
188	34 13 49 38
189	80 92 51 37
190	31 89 97 99
191	45 1 77 71
192	53 41 82 21
193	42 30 65 99
194	14 64 19 38
195	99 81 36 92
196	51 82 78 32
197	4 51 73 48
198	97 42 6 52
199	91 42 28 95
200	93 11 68 91
201	21 76 43 87
202	100 26 10 80
203	98 94 29 4
204	56 42 24 38
205	85 23 22 36
206	10 18 27 29
207	12 24 44 38
208	49 40 48 42
209	89 40 12 29
210	88 91 40 3
211	77 74 65 34
212	5 14 71 33
213	11 46 36 9
214	90 11 32 79
215	61 68 69 57
216	31 100 8 14
217	77 74 73 2
218	32 56 7 63
219	55 3 24 92
220	84 38 41 57
221	58 17 11 57
222	7 20 45 17
223	13 90 50 100
224	86 61 80 13
225	76 92 87 86
226	83 99 75 54
227	40 73 92 25
228	25 60 71 7
229	78 44 58 55
230	69 38 61 77
231	14 4 40 66
232	75 12 51 94
233	14 35 12 85
234	46 51 44 20
235	45 66 11 23
236	99 51 55 96
237	14 59 47 74
238	26 48 61 36
239	100 86 32 6
240	61 89 70 98
241	69 71 14 20
242	86 11 39 18
243	4 72 88 89
244	85 9 3 35
245	1 50 56 73
246	18 1 73 44
247	95 63 2 33
248	10 42 67 33
249	79 54 22 86
250	64 11 20 38
251	69 54 86 45
252	87 5 67 79
253	55 5 65 19
254	13 72 85 79
255	93 69 43 98
256	48 76 36 3
257	65 48 50 71
258	86 100 45 47
259	9 38 73 72
260	64 81 15 40
261	22 64 25 33
262	9 32 75 98
263	79 34 51 55
264	82 9 39 77
265	97 28 27 83
266	86 87 44 33
267	30 46 61 84
268	96 34 27 68
269	41 68 27 58
270	15 11 2 21
271	14 90 5 46
272	73 88 92 77
273	86 32 82 7
274	22 77 100 87
275	84 16 55 40
276	56 21 52 85
277	31 6 30 13
278	66 53 37 71
279	45 52 57 21
280	50 88 23 55
281	28 72 59 49
282	22 91 52 58
283	73 37 69 57
284	95 75 69 24
285	9 32 99 41
286	23 16 63 33
287	84 14 56 41
288	67 99 54 92
289	59 22 20 6
290	28 95 41 64
291	32 31 69 77
292	31 59 1 97
293	94 71 69 37
294	68 82 21 58
295	42 72 69 12
296	70 43 52 41
297	33 58 85 42
298	44 22 91 70
299	95 90 49 19
300	55 5 6 89
301	38 80 83 92
302	93 60 13 7
303	42 53 68 46
304	55 68 88 84
305	45 66 59 65
306	38 55 10 28
307	47 82 91 49
308	34 86 84 70
309	21 11 79 95
310	6 28 7 90
311	4 38 86 7
312	80 18 94 3
313	66 81 60 21
314	71 7 20 85
315	44 11 18 68
316	24 93 95 42
317	82 44 90 41
318	38 77 36 89
319	15 91 11 22
320	25 89 96 37
321	48 81 97 80
322	51 54 76 4
323	70 12 69 82
324	36 55 7 82
325	83 98 84 23
326	91 37 63 33
327	96 68 58 92
328	57 11 5 28
329	83 98 99 35
330	86 1 36 54
331	76 54 16 90
332	31 99 12 92
333	13 91 12 100
334	26 98 11 15
335	39 23 94 8
336	89 35 26 70
337	20 41 27 51
338	96 30 56 2
339	98 21 46 74
340	56 37 40 85
341	52 35 96 1
342	19 9 62 72
343	39 50 78 29
344	40 24 42 91
345	70 72 19 65
346	68 95 27 37
347	8 72 23 91
348	95 73 11 33
349	19 57 21 3
350	33 96 47 35
351	19 31 14 27
352	26 63 61 21
353	1 20 95 75
354	20 42 27 2
355	92 8 48 6
356	43 75 64 46
357	42 6 38 75
358	35 31 92 20
359	69 89 49 92
360	76 90 89 41
361	39 10 82 35
362	42 73 31 9
363	51 14 86 85
364	94 2 37 86
365	21 50 3 11
366	82 99 70 24
367	65 29 80 34
368	90 31 61 82
369	60 4 42 84
370	5 97 65 55
371	49 70 31 68
372	41 14 96 63
373	27 52 95 43
374	54 89 81 42
375	14 36 35 28
376	39 97 36 22
377	65 8 37 40
378	82 71 70 59
379	19 45 70 99
380	53 70 48 50
381	21 23 94 24
382	81 76 27 73
383	75 84 57 78
384	98 91 39 90
385	97 83 96 29
386	55 41 59 52
387	24 97 96 74
388	65 87 82 19
389	30 69 52 23
390	93 69 42 83
391	58 16 2 3
392	16 73 71 4
393	9 34 87 86
394	52 82 25 43
395	17 77 7 58
396	11 87 72 95
397	28 87 34 22
398	90 49 76 8
399	43 34 11 90
400	52 22 27 64
401	61 52 44 66
402	26 47 22 96
403	17 21 15 29
404	76 86 3 32
405	75 86 85 30
406	42 98 5 82
407	82 44 19 74
408	39 78 49 40
409	60 74 18 39
410	71 24 39 17
411	13 91 9 33
412	30 33 53 93
413	42 36 81 47
414	83 43 39 3
415	52 80 76 90
416	94 73 65 84
417	47 9 93 12
418	93 33 43 73
419	69 88 57 87
420	75 23 82 41
421	12 15 17 4
422	18 64 87 48
423	54 26 28 60
424	4 61 6 76
425	96 79 64 66
426	7 100 28 93
427	72 70 47 9
428	34 83 27 23
429	45 39 83 20
430	20 84 40 67
431	77 95 46 53
432	38 94 24 55
433	58 38 70 52
434	78 19 81 99
435	4 17 19 97
436	49 48 13 69
437	70 93 9 54
438	95 3 100 24
439	66 85 45 60
440	70 90 25 2
441	75 10 45 14
442	43 11 19 60
443	68 18 67 27
444	3 49 79 70
445	25 10 43 36
446	89 37 2 8
447	84 21 11 13
448	78 64 40 90
449	63 23 2 94
450	86 53 91 8
451	6 59 48 92
452	5 73 85 52
453	40 81 28 86
454	95 1 91 23
455	52 17 29 57
456	15 57 46 23
457	13 4 92 1
458	25 93 70 38
459	30 89 38 51
460	3 66 23 83
461	27 78 33 29
462	19 2 98 90
463	82 54 6 96
464	13 73 2 21
465	35 58 70 79
466	20 51 47 60
467	58 42 5 22
468	9 35 33 98
469	52 49 81 94
470	40 23 14 96
471	7 22 43 19
472	53 85 23 72
473	62 31 84 99
474	70 5 45 16
475	36 55 60 63
476	60 75 78 79
477	87 84 27 61
478	12 78 33 82
479	2 76 90 85
480	48 73 15 25
481	77 33 49 53
482	21 25 69 98
483	28 53 79 61
484	4 32 46 24
485	18 28 48 52
486	4 9 95 37
487	49 96 91 40
488	45 82 58 57
489	67 23 59 61
490	90 24 69 74
491	11 6 75 57
492	27 52 43 26
493	21 89 91 73
494	67 72 58 35
495	13 68 61 56
496	52 2 14 32
497	82 14 83 90
498	34 44 30 73
499	74 82 93 45
500	14 90 24 3
501	47 63 26 34
502	12 4 14 17
503	83 56 50 46
504	92 66 39 14
505	83 45 89 81
506	99 53 14 39
507	12 8 2 95
508	20 39 45 43
509	68 79 20 54
510	89 21 82 43
511	19 37 30 49
512	86 84 37 98
513	24 34 42 69
514	46 36 62 43
515	4 88 62 19
516	41 82 95 21
517	48 20 18 89
518	20 41 85 57
519	30 4 92 38
520	98 44 94 17
521	15 41 32 62
522	84 3 41 37
523	91 43 35 60
524	71 33 8 55
525	32 95 99 39
526	25 29 27 46
527	60 74 15 100
528	14 44 6 88
529	75 67 4 72
530	100 58 50 53
531	50 36 80 14
532	34 44 29 60
533	85 95 57 77
534	82 17 40 28
535	73 58 83 54
536	66 44 10 16
537	39 9 88 86
538	97 50 21 87
539	91 73 52 68
540	3 40 30 81
541	62 35 22 88
542	38 96 36 43
543	66 11 100 62
544	3 87 91 46
545	97 85 7 62
546	16 30 62 4
547	71 69 82 15
548	26 81 34 76
549	6 2 51 77
550	41 29 13 96
551	76 88 60 29
552	95 94 27 61
553	8 59 66 54
554	66 52 24 16
555	47 19 38 85
556	54 16 86 88
557	96 28 30 89
558	64 93 95 6
559	46 20 1 5
560	95 97 88 12
561	9 92 31 84
562	50 66 10 39
563	58 42 19 69
564	22 55 40 74
565	25 76 27 64
566	55 4 37 25
567	10 30 63 88
568	51 100 15 77
569	87 71 63 22
570	33 79 70 90
571	2 29 80 62
572	76 31 6 5
573	45 51 4 90
574	97 1 54 36
575	91 65 80 97
576	25 9 44 19
577	89 75 93 64
578	84 49 13 23
579	90 22 96 98
580	76 61 23 14
581	8 70 57 17
582	4 8 36 55
583	18 92 60 53
584	33 93 2 89
585	64 1 29 38
586	27 33 47 71
587	69 37 9 27
588	77 2 51 43
589	31 54 14 83
590	15 8 81 60
591	8 52 82 85
592	54 3 92 28
593	67 70 21 66
594	50 36 35 58
595	99 11 30 49
596	91 58 71 3
597	87 92 33 69
598	71 22 36 44
599	44 54 94 50
600	4 9 32 37
601	47 19 99 36
602	57 87 15 24
603	92 34 97 94
604	4 96 20 42
605	7 62 79 63
606	40 14 35 91
607	97 19 22 80
608	16 22 63 23
609	85 55 68 89
610	87 9 14 70
611	100 4 46 7
612	35 82 57 95
613	63 45 26 54
614	68 11 39 34
615	2 33 60 86
616	43 8 41 36
617	12 64 11 4
618	87 88 2 81
619	82 52 78 22
620	91 33 67 100
621	18 63 73 23
622	44 46 69 67
623	61 7 41 3
624	81 5 26 7
625	8 83 23 100
626	42 6 77 22
627	31 56 83 28
628	87 53 49 75
629	41 11 33 42
630	14 91 32 48
631	36 83 66 95
632	18 8 17 87
633	86 57 32 97
634	18 80 31 5
635	43 66 40 27
636	39 17 33 11
637	40 2 65 41
638	7 67 89 100
639	37 78 40 61
640	31 30 81 53
641	61 25 18 75
642	55 35 97 13
643	17 70 100 79
644	58 50 90 60
645	58 66 30 68
646	48 33 19 22
647	27 96 48 64
648	37 87 55 19
649	82 22 48 38
650	61 63 94 86
651	28 30 47 35
652	1 68 51 41
653	82 67 17 90
654	23 34 81 46
655	61 90 47 27
656	81 73 45 84
657	91 12 34 98
658	5 30 13 10
659	29 50 74 58
660	37 50 72 28
661	60 42 29 84
662	4 31 22 34
663	99 3 5 49
664	43 87 41 80
665	21 5 90 56
666	81 77 40 10
667	97 16 89 68
668	8 42 4 90
669	58 92 30 63
670	83 36 20 95
671	61 2 15 21
672	97 92 61 40
673	39 1 79 89
674	41 53 13 75
675	61 30 36 20
676	40 73 3 37
677	10 25 62 50
678	33 5 15 92
679	88 12 54 56
680	29 90 94 74
681	57 68 89 15
682	48 57 28 59
683	52 45 92 91
684	85 75 48 52
685	68 13 61 49
686	49 43 76 48
687	16 72 17 1
688	85 17 65 77
689	23 80 89 81
690	88 60 74 83
691	93 8 31 55
692	93 60 79 96
693	24 55 15 64
694	67 19 48 71
695	91 34 69 16
696	5 34 88 89
697	85 66 28 49
698	50 90 47 59
699	61 55 71 98
700	8 66 56 38
701	32 55 13 16
702	52 28 95 86
703	91 58 11 30
704	12 75 16 40
705	88 74 71 12
706	62 88 76 78
707	53 41 6 97
708	9 52 13 45
709	33 82 95 94
710	79 43 55 97
711	93 81 39 63
712	65 89 61 14
713	82 44 8 90
714	70 71 73 48
715	21 67 63 99
716	47 96 13 42
717	5 51 76 9
718	73 91 65 6
719	40 22 67 70
720	45 19 54 98
721	85 9 66 69
722	6 36 94 12
723	28 75 37 49
724	37 63 71 59
725	100 71 9 26
726	64 8 4 52
727	50 74 29 65
728	16 65 76 53
729	57 2 83 20
730	96 66 26 17
731	75 41 39 11
732	56 85 63 38
733	21 13 34 83
734	11 12 100 13
735	21 15 44 56
736	16 94 29 71
737	31 98 96 50
738	54 96 81 66
739	48 28 33 41
740	83 100 7 53
741	71 50 70 89
742	36 58 61 30
743	83 14 76 61
744	17 24 76 56
745	54 60 91 42
746	23 65 20 17
747	37 47 82 52
748	48 9 43 63
749	41 10 81 22
750	21 15 69 87
751	47 58 43 41
752	24 58 23 80
753	83 18 61 31
754	96 27 79 70
755	71 73 79 30
756	34 92 62 91
757	82 2 88 85
758	27 21 88 19
759	94 70 21 12
760	39 2 69 80
761	91 55 26 58
762	84 66 32 98
763	35 65 94 50
764	78 35 53 38
765	8 65 66 81
766	69 59 50 75
767	69 48 1 59
768	19 95 17 31
769	22 68 67 69
770	47 50 61 93
771	49 2 29 23
772	32 90 12 82
773	76 74 39 9
774	14 49 7 9
775	97 48 91 53
776	73 31 76 10
777	61 23 83 99
778	87 2 73 93
779	3 26 88 74
780	81 38 5 39
781	87 71 55 17
782	50 7 15 78
783	84 98 66 54
784	10 48 41 18
785	65 85 19 71
786	56 43 50 85
787	99 64 54 5
788	60 5 79 87
789	26 75 87 38
790	69 59 14 42
791	77 67 85 44
792	25 39 94 67
793	33 75 82 55
794	97 54 4 18
795	51 30 64 70
796	4 97 42 17
797	99 68 33 86
798	97 72 38 22
799	95 65 54 75
800	22 2 87 69
801	16 97 5 81
802	70 27 51 26
803	80 8 62 54
804	63 66 53 74
805	31 72 27 88
806	47 48 92 87
807	5 33 46 67
808	29 21 33 77
809	71 30 10 76
810	45 15 34 50
811	46 82 79 12
812	53 26 50 6
813	97 93 25 16
814	95 15 34 55
815	95 48 21 19
816	88 47 98 100
817	37 38 51 22
818	84 17 83 61
819	75 37 61 57
820	51 81 99 60
821	82 43 19 47
822	84 54 86 37
823	81 4 58 78
824	38 31 42 62
825	100 15 97 34
826	28 23 91 99
827	64 87 100 52
828	97 85 14 5
829	94 100 36 47
830	5 58 17 29
831	21 57 22 41
832	97 73 67 45
833	98 97 87 3
834	67 41 79 83
835	51 88 41 44
836	54 40 51 64
837	97 28 56 16
838	75 66 39 31
839	63 64 6 7
840	91 45 48 68
841	77 38 83 31
842	99 34 94 71
843	14 12 55 51
844	38 23 90 47
845	99 55 19 10
846	10 68 2 53
847	56 63 30 22
848	79 76 87 84
849	29 89 48 45
850	16 76 95 69
851	45 97 83 20
852	86 65 76 47
853	73 80 50 19
854	14 82 39 15
855	78 34 10 96
856	56 25 12 77
857	58 10 63 73
858	76 40 36 9
859	42 45 63 7
860	53 46 58 73
861	87 27 60 48
862	64 32 24 20
863	81 74 10 5
864	11 79 29 81
865	50 43 6 40
866	14 79 16 8
867	36 62 57 55
868	68 65 21 18
869	35 5 99 62
870	29 39 24 79
871	42 78 91 24
872	27 73 8 57
873	53 89 27 6
874	94 20 95 93
875	36 95 21 6
876	30 39 67 40
877	96 92 97 11
878	39 51 72 33
879	18 62 25 72
880	73 69 65 12
881	74 7 23 89
882	1 43 88 89
883	13 88 100 47
884	60 64 63 12
885	79 73 20 4
886	31 3 76 19
887	32 88 93 71
888	71 79 44 69
889	17 91 79 4
890	81 59 20 67
891	44 41 18 83
892	29 36 51 73
893	41 1 66 98
894	40 59 6 72
895	84 29 77 62
896	12 27 33 72
897	54 97 21 60
898	88 71 9 46
899	83 41 23 62
900	28 27 14 72
901	62 70 13 66
902	40 61 11 60
903	66 65 18 12
904	31 51 91 81
905	76 80 26 83
906	28 34 58 9
907	36 43 57 11
908	37 96 47 19
909	81 67 20 22
910	49 97 52 13
911	30 9 55 7
912	71 51 20 23
913	16 28 67 82
914	42 72 89 98
915	93 45 53 10
916	55 35 29 73
917	34 62 75 44
918	28 33 79 61
919	67 1 75 32
920	57 50 21 89
921	55 79 8 41
922	50 33 1 22
923	100 72 89 83
924	89 34 37 11
925	55 64 82 54
926	69 71 82 45
927	83 53 64 13
928	1 26 56 71
929	11 42 16 37
930	29 32 42 3
931	52 57 51 7
932	95 5 24 85
933	27 2 100 9
934	88 38 80 96
935	92 52 86 39
936	42 17 82 13
937	32 25 14 84
938	100 72 15 5
939	33 96 18 32
940	58 84 17 63
941	22 88 95 54
942	1 48 75 37
943	85 24 1 23
944	82 6 70 97
945	20 8 62 47
946	94 8 3 44
947	44 32 9 80
948	30 95 7 2
949	75 82 21 54
950	9 39 7 3
951	34 64 36 67
952	50 9 51 78
953	78 39 79 7
954	83 38 85 16
955	40 70 94 68
956	4 68 63 48
957	77 9 25 52
958	82 87 85 50
959	61 21 88 92
960	36 76 12 91
961	15 54 52 41
962	59 1 100 34
963	94 89 67 45
964	10 74 64 63
965	27 51 35 43
966	33 65 94 88
967	6 15 65 33
968	40 8 89 49
969	60 96 98 43
970	19 71 16 33
971	85 37 74 16
972	27 89 60 64
973	21 66 14 95
974	42 25 45 21
975	48 53 26 59
976	76 53 2 96
977	41 91 35 21
978	32 81 69 88
979	65 29 68 17
980	82 79 1 54
981	34 81 48 91
982	68 30 5 8
983	27 86 59 66
984	75 18 94 70
985	76 34 96 31
986	18 36 100 48
987	23 24 78 83
988	16 92 69 33
989	23 11 19 9
990	9 67 28 13
991	60 44 78 55
992	67 12 3 26
993	21 56 94 99
994	61 63 88 73
995	10 69 44 32
996	5 17 7 85
997	28 62 73 56
998	66 98 74 79
999	8 69 38 90
1000	33 89 37 64
1001	95 12 47 64
1002	39 34 58 96
1003	68 85 81 65
1004	50 89 84 95
1005	78 15 17 91
1006	100 25 45 33
1007	24 1 42 7
1008	71 85 5 42
1009	58 75 13 80
1010	85 75 56 41
1011	20 29 81 28
1012	66 64 38 20
1013	40 51 74 93
1014	8 75 96 36
1015	48 9 93 53
1016	40 91 44 23
1017	77 10 80 65
1018	7 66 78 70
1019	58 100 5 96
1020	18 28 15 47
1021	38 85 99 46
1022	44 57 38 54
1023	86 39 89 87
1024	51 71 73 7
1025	15 10 14 41
1026	77 80 95 75
1027	64 99 55 34
1028	61 73 65 87
1029	38 46 5 62
1030	39 66 42 10
1031	99 88 5 86
1032	31 77 85 100
1033	6 17 52 87
1034	85 2 81 57
1035	85 23 71 14
1036	67 72 48 4
1037	5 97 36 99
1038	98 86 40 15
1039	43 2 31 49
1040	3 53 51 42
1041	4 18 51 67
1042	50 19 4 47
1043	96 52 43 74
1044	77 61 78 93
1045	88 10 1 69
1046	43 22 86 23
1047	6 13 65 51
1048	9 64 3 49
1049	67 63 92 7
1050	40 52 63 39
1051	11 1 26 48
1052	31 2 56 44
1053	57 33 35 8
1054	11 3 71 63
1055	39 66 76 94
1056	66 98 81 45
1057	20 93 58 46
1058	58 30 46 68
1059	27 97 36 38
1060	8 51 99 54
1061	91 15 35 44
1062	14 33 59 37
1063	38 72 95 2
1064	6 21 60 23
1065	91 98 80 69
1066	20 58 80 98
1067	51 18 30 41
1068	81 23 54 10
1069	72 89 83 82
1070	16 81 89 23
1071	41 94 17 46
1072	10 67 26 42
1073	61 55 30 35
1074	52 100 62 13
1075	1 22 93 75
1076	19 9 8 12
1077	14 75 26 13
1078	17 32 73 53
1079	24 1 13 71
1080	69 100 86 2
1081	94 25 36 96
1082	18 99 30 26
1083	34 91 36 62
1084	19 18 50 87
1085	90 100 54 38
1086	42 71 20 90
1087	25 1 34 95
1088	43 60 76 68
1089	87 24 23 73
1090	9 18 31 50
1091	30 8 75 72
1092	18 32 44 53
1093	75 70 48 26
1094	78 77 9 19
1095	85 50 80 10
1096	85 22 16 67
1097	24 2 36 93
1098	21 46 61 5
1099	30 24 33 6
1100	60 50 70 29
1101	8 49 14 80
1102	40 70 8 9
1103	37 91 93 52
1104	8 45 90 9
1105	39 88 32 78
1106	94 48 98 52
1107	88 99 69 11
1108	53 66 88 64
1109	81 39 88 68
1110	68 17 21 86
1111	74 61 35 34
1112	64 65 30 81
1113	47 21 50 67
1114	71 25 82 80
1115	76 67 13 14
1116	23 66 82 93
1117	34 99 94 44
1118	52 44 24 100
1119	9 78 53 21
1120	33 45 95 62
1121	82 19 15 66
1122	27 45 96 21
1123	66 12 56 75
1124	80 48 96 39
1125	42 11 26 98
1126	29 66 92 58
1127	98 58 86 62
1128	45 52 39 20
1129	21 43 14 64
1130	93 43 19 72
1131	37 66 76 12
1132	67 34 94 97
1133	1 85 59 25
1134	55 83 97 22
1135	40 92 89 83
1136	16 4 21 34
1137	12 51 27 77
1138	28 88 73 11
1139	18 25 39 22
1140	16 9 55 23
1141	9 46 77 36
1142	44 74 84 82
1143	10 85 41 75
1144	63 27 42 1
1145	61 98 56 30
1146	44 9 65 89
1147	75 15 64 2
1148	27 10 17 55
1149	15 79 44 57
1150	8 54 28 69
1151	40 73 49 6
1152	11 92 16 5
1153	36 40 13 1
1154	67 15 1 82
1155	89 78 14 34
1156	2 89 19 58
1157	70 87 5 36
1158	74 66 3 82
1159	45 84 1 87
1160	7 25 3 64
1161	27 77 91 16
1162	98 84 69 17
1163	94 14 38 53
1164	6 27 25 60
1165	79 76 22 13
1166	84 23 100 65
1167	67 62 18 40
1168	97 24 38 78
1169	17 90 45 26
1170	81 62 66 25
1171	5 81 83 53
1172	11 61 89 85
1173	84 41 28 80
1174	78 76 65 93
1175	88 25 58 66
1176	19 7 45 99
1177	10 73 83 41
1178	93 63 74 14
1179	89 7 52 81
1180	80 35 96 10
1181	24 52 8 72
1182	83 60 8 14
1183	31 72 70 17
1184	96 9 49 27
1185	53 79 4 19
1186	87 59 31 57
1187	2 4 6 9
1188	60 83 41 45
1189	6 58 22 88
1190	21 79 23 5
1191	10 11 46 19
1192	51 21 17 19
1193	17 61 76 75
1194	41 19 38 69
1195	85 21 28 43
1196	44 51 18 89
1197	45 50 30 60
1198	81 67 95 36
1199	66 3 98 88
1200	30 59 4 84
1201	37 32 73 46
1202	29 6 56 30
1203	55 77 24 75
1204	99 46 9 3
1205	53 13 57 45
1206	94 45 76 95
1207	9 38 88 94
1208	4 83 90 8
1209	68 77 74 23
1210	40 63 70 55
1211	61 46 64 85
1212	8 68 99 43
1213	1 100 81 13
1214	22 24 44 57
1215	59 89 12 76
1216	34 39 12 89
1217	30 33 39 64
1218	57 62 26 32
1219	20 13 12 32
1220	48 36 28 85
1221	67 26 72 14
1222	87 27 70 38
1223	46 83 26 35
1224	44 42 83 63
1225	88 7 26 51
1226	79 4 90 23
1227	51 1 88 18
1228	73 95 100 20
1229	81 47 31 26
1230	68 66 64 40
1231	60 23 14 28
1232	13 11 38 42
1233	80 68 88 36
1234	81 96 11 39
1235	44 20 66 54
1236	1 34 86 78
1237	12 27 14 84
1238	17 36 62 63
1239	31 94 80 29
1240	46 9 71 78
1241	31 67 96 81
1242	44 86 73 11
1243	30 57 42 4
1244	40 54 18 53
1245	37 29 13 73
1246	18 35 63 57
1247	71 99 12 58
1248	43 99 89 77
1249	54 93 73 2
1250	54 23 64 39
1251	47 99 35 86
1252	23 22 63 48
1253	100 78 91 25
1254	91 45 32 51
1255	98 59 2 95
1256	63 94 53 68
1257	32 95 56 22
1258	63 55 1 91
1259	63 31 85 71
1260	14 76 21 30
1261	98 40 11 96
1262	80 34 36 72
1263	92 87 6 50
1264	100 4 62 89
1265	8 70 54 14
1266	79 53 25 4
1267	39 74 7 27
1268	63 76 16 74
1269	75 48 91 58
1270	60 51 4 20
1271	50 34 38 84
1272	48 60 51 64
1273	55 54 44 3
1274	54 18 58 67
1275	52 25 14 63
1276	98 54 72 69
1277	20 63 79 46
1278	42 85 70 43
1279	45 14 21 24
1280	35 25 9 28
1281	40 79 66 68
1282	60 58 70 27
1283	16 61 57 80
1284	60 10 37 47
1285	96 64 84 99
1286	83 44 95 48
1287	85 39 97 11
1288	60 22 73 21
1289	35 2 12 42
1290	12 75 3 67
1291	33 20 14 43
1292	91 78 40 82
1293	49 9 50 73
1294	49 87 53 60
1295	75 38 22 65
1296	45 57 60 65
1297	67 99 83 100
1298	58 78 92 42
1299	87 3 15 25
1300	93 38 18 15
1301	62 40 82 39
1302	11 81 75 37
1303	74 39 40 81
1304	61 97 99 51
1305	75 58 23 2
1306	62 37 68 94
1307	68 12 32 82
1308	41 33 70 45
1309	82 33 41 5
1310	12 14 55 28
1311	91 81 66 1
1312	81 44 32 62
1313	88 77 39 97
1314	83 12 42 41
1315	94 17 13 23
1316	12 100 54 1
1317	10 80 24 89
1318	22 59 71 78
1319	97 21 9 43
1320	51 71 95 13
1321	91 30 22 38
1322	4 67 19 70
1323	70 25 93 81
1324	20 92 13 4
1325	92 22 3 40
1326	16 42 96 79
1327	36 44 94 10
1328	42 67 19 64
1329	64 76 61 87
1330	34 51 82 2
1331	12 31 40 52
1332	73 52 37 90
1333	48 94 64 18
1334	31 36 51 100
1335	66 87 77 31
1336	15 31 40 97
1337	88 49 28 43
1338	58 16 57 8
1339	76 70 50 74
1340	73 70 32 24
1341	32 14 95 85
1342	97 73 83 34
1343	42 54 17 71
1344	27 19 97 67
1345	27 22 38 14
1346	12 30 52 65
1347	58 78 26 69
1348	66 67 35 56
1349	35 22 99 62
1350	93 26 25 56
1351	33 4 83 24
1352	59 84 99 63
1353	94 23 83 64
1354	26 85 5 71
1355	10 40 90 32
1356	10 69 36 27
1357	24 14 52 31
1358	59 30 32 23
1359	66 64 32 97
1360	78 89 7 33
1361	67 44 5 4
1362	67 10 52 53
1363	58 7 55 51
1364	23 12 35 25
1365	8 63 66 25
1366	89 8 3 37
1367	35 43 61 92
1368	21 45 26 94
1369	72 50 36 85
1370	72 54 52 60
1371	32 100 22 27
1372	27 58 65 43
1373	25 75 11 97
1374	96 82 71 91
1375	85 64 54 3
1376	74 82 85 15
1377	29 95 84 89
1378	3 91 92 30
1379	47 71 55 16
1380	35 38 63 36
1381	33 69 66 32
1382	57 3 73 24
1383	82 5 79 31
1384	94 9 89 99
1385	97 51 8 23
1386	93 44 78 51
1387	55 49 27 54
1388	4 68 12 99
1389	94 95 7 1
1390	52 57 35 49
1391	67 63 54 40
1392	17 43 62 3
1393	15 78 24 82
1394	96 50 32 16
1395	98 81 28 19
1396	18 49 95 96
1397	87 22 53 2
1398	46 32 83 7
1399	38 47 1 85
1400	11 49 19 52
1401	89 87 10 41
1402	5 84 33 31
1403	40 38 66 73
1404	25 5 98 15
1405	93 42 36 52
1406	42 77 30 91
1407	26 47 17 32
1408	30 38 26 88
1409	93 51 43 9
1410	62 18 53 34
1411	4 15 31 40
1412	8 38 75 100
1413	37 26 72 73
1414	12 78 9 10
1415	40 37 53 99
1416	80 93 8 99
1417	96 36 7 37
1418	46 42 48 66
1419	99 56 63 14
1420	39 60 98 75
1421	83 22 69 41
1422	98 11 14 70
1423	10 14 5 74
1424	55 43 31 51
1425	10 14 5 38
1426	14 57 75 30
1427	36 99 9 34
1428	22 10 84 62
1429	67 24 2 29
1430	54 45 63 67
1431	34 28 35 81
1432	32 52 76 60
1433	44 89 64 75
1434	17 23 24 49
1435	94 99 68 56
1436	24 52 15 70
1437	42 88 30 48
1438	40 24 17 12
1439	41 67 36 77
1440	22 57 43 61
1441	78 94 43 50
1442	77 40 100 26
1443	91 71 24 16
1444	40 5 9 12
1445	42 58 69 73
1446	44 25 88 95
1447	3 68 17 73
1448	20 100 63 27
1449	19 71 57 51
1450	41 62 35 28
1451	1 98 2 13
1452	41 31 47 17
1453	2 24 9 10
1454	25 80 79 17
1455	72 53 60 90
1456	37 89 35 66
1457	56 62 80 92
1458	92 81 6 55
1459	86 95 69 70
1460	9 47 89 75
1461	21 73 5 4
1462	84 70 64 79
1463	3 52 20 45
1464	85 84 55 73
1465	87 17 38 45
1466	71 50 43 53
1467	16 71 97 58
1468	90 69 73 53
1469	20 41 15 67
1470	24 57 27 86
1471	19 76 92 47
1472	38 5 99 49
1473	48 33 43 97
1474	47 58 22 61
1475	82 45 43 88
1476	23 11 75 31
1477	45 34 96 23
1478	25 73 18 70
1479	28 74 32 55
1480	93 35 25 40
1481	96 17 94 42
1482	33 16 95 7
1483	6 27 26 39
1484	36 5 68 74
1485	34 51 1 36
1486	29 65 34 44
1487	54 49 23 95
1488	29 76 62 42
1489	90 99 16 53
1490	51 12 65 21
1491	95 71 83 73
1492	4 72 1 60
1493	43 99 41 36
1494	87 51 3 16
1495	18 74 46 28
1496	91 57 21 20
1497	19 92 52 30
1498	95 27 34 44
1499	50 69 58 92
1500	41 5 23 67
1501	50 97 6 47
1502	76 46 57 21
1503	11 22 77 74
1504	34 44 89 39
1505	16 32 54 73
1506	38 11 2 89
1507	7 40 14 18
1508	31 100 56 74
1509	24 56 43 55
1510	100 50 61 73
1511	10 76 34 19
1512	38 62 86 99
1513	58 39 98 32
1514	37 29 40 34
1515	28 96 59 41
1516	37 56 75 33
1517	100 48 13 36
1518	21 66 68 81
1519	25 66 82 99
1520	22 4 32 9
1521	58 66 69 97
1522	17 31 18 93
1523	7 60 21 72
1524	11 23 15 21
1525	26 91 23 8
1526	53 1 49 89
1527	46 83 98 14
1528	19 3 13 57
1529	20 67 47 72
1530	61 70 79 37
1531	78 14 46 22
1532	85 67 3 1
1533	51 79 30 57
1534	29 64 44 37
1535	77 87 69 35
1536	28 99 75 57
1537	47 8 81 45
1538	20 40 97 4
1539	4 94 82 18
1540	32 48 4 37
1541	3 22 33 80
1542	85 19 15 32
1543	28 20 61 15
1544	19 24 38 68
1545	50 27 86 57
1546	45 74 13 80
1547	29 98 55 62
1548	91 24 39 14
1549	6 75 5 7
1550	60 38 1 8
1551	10 45 43 37
1552	79 1 48 61
1553	53 81 97 33
1554	73 88 49 84
1555	57 48 35 19
1556	67 50 68 88
1557	57 79 70 80
1558	67 12 84 5
1559	34 95 22 82
1560	57 67 65 17
1561	19 35 55 67
1562	27 91 94 12
1563	1 42 50 92
1564	59 23 29 74
1565	88 55 73 92
1566	90 91 23 15
1567	28 45 50 65
1568	60 30 6 8
1569	1 17 85 70
1570	53 34 59 82
1571	98 8 65 96
1572	7 6 14 10
1573	49 8 73 19
1574	14 15 16 79
1575	43 29 87 2
1576	56 26 3 34
1577	80 92 15 24
1578	88 42 14 16
1579	94 5 25 15
1580	25 53 94 55
1581	92 35 58 64
1582	59 37 58 39
1583	22 71 65 38
1584	90 19 16 89
1585	18 73 98 62
1586	69 14 90 51
1587	60 97 17 31
1588	76 81 46 74
1589	56 91 52 39
1590	68 47 49 72
1591	74 38 39 15
1592	49 30 75 10
1593	17 49 74 33
1594	13 79 83 73
1595	81 87 68 4
1596	21 45 1 71
1597	4 61 42 87
1598	72 65 7 94
1599	89 66 6 3
1600	24 72 88 30
1601	26 15 37 67
1602	32 84 85 69
1603	9 39 7 14
1604	30 90 13 39
1605	87 72 26 36
1606	29 74 27 80
1607	47 90 41 91
1608	58 90 98 29
1609	49 94 12 87
1610	90 55 62 66
1611	94 74 15 19
1612	10 89 96 48
1613	42 57 40 62
1614	84 51 74 17
1615	10 5 19 77
1616	58 61 87 52
1617	18 5 8 90
1618	63 23 12 36
1619	22 49 98 67
1620	99 82 21 56
1621	39 88 89 21
1622	26 12 90 17
1623	45 97 17 61
1624	62 51 75 42
1625	69 8 42 91
1626	30 53 51 48
1627	72 99 48 94
1628	28 66 34 51
1629	86 60 21 64
1630	69 4 62 27
1631	5 4 61 77
1632	66 14 65 43
1633	15 22 17 33
1634	95 27 74 46
1635	94 40 95 14
1636	94 6 42 9
1637	65 55 72 88
1638	41 83 70 84
1639	29 23 44 53
1640	29 57 28 73
1641	22 82 62 75
1642	76 44 61 10
1643	90 78 89 83
1644	79 14 39 16
1645	16 97 47 91
1646	17 40 24 89
1647	57 19 45 88
1648	82 53 30 11
1649	78 97 19 20
1650	49 78 88 44
1651	35 24 20 95
1652	11 16 90 39
1653	44 38 97 74
1654	50 13 7 22
1655	28 77 2 87
1656	89 61 33 54
1657	87 78 63 12
1658	16 56 79 46
1659	3 97 8 71
1660	91 36 18 82
1661	73 29 28 47
1662	33 41 99 77
1663	91 52 85 11
1664	17 1 37 95
1665	63 66 73 58
1666	38 2 57 6
1667	38 21 83 66
1668	67 56 93 29
1669	26 6 83 66
1670	12 14 46 99
1671	69 24 90 59
1672	25 100 70 46
1673	28 26 30 87
1674	99 32 98 28
1675	3 72 67 69
1676	68 6 66 67
1677	83 97 73 58
1678	44 13 15 23
1679	14 36 48 66
1680	52 97 20 15
1681	61 52 83 66
1682	11 99 87 19
1683	70 43 76 94
1684	37 51 79 24
1685	75 1 32 23
1686	71 34 10 38
1687	82 7 91 24
1688	97 54 27 35
1689	49 1 62 43
1690	28 71 30 41
1691	34 81 15 54
1692	14 80 36 22
1693	12 18 6 19
1694	53 98 57 41
1695	13 70 12 51
1696	61 22 67 87
1697	36 80 20 60
1698	73 7 3 1
1699	29 19 64 67
1700	72 48 87 83
1701	11 27 81 91
1702	27 90 30 80
1703	42 49 35 16
1704	32 33 37 62
1705	98 23 47 24
1706	94 12 6 79
1707	29 19 5 100
1708	86 6 34 8
1709	69 97 77 42
1710	76 16 72 59
1711	67 84 55 83
1712	76 90 98 85
1713	74 21 7 19
1714	35 65 74 48
1715	42 24 41 5
1716	3 54 93 83
1717	55 69 32 78
1718	90 9 27 66
1719	97 33 36 13
1720	18 82 54 12
1721	13 85 97 87
1722	42 18 62 94
1723	4 3 64 100
1724	50 69 99 94
1725	68 28 94 64
1726	95 24 62 3
1727	87 50 81 3
1728	76 58 83 88
1729	46 7 98 33
1730	57 41 92 42
1731	33 72 80 38
1732	31 95 10 94
1733	5 36 86 37
1734	86 60 46 50
1735	21 2 85 67
1736	69 84 56 65
1737	45 9 21 87
1738	85 80 46 50
1739	92 88 64 10
1740	56 70 6 91
1741	38 25 35 11
1742	31 9 75 68
1743	44 25 67 69
1744	29 50 42 10
1745	74 29 46 27
1746	90 60 38 98
1747	27 51 60 10
1748	58 88 53 94
1749	18 42 77 78
1750	78 29 92 99
1751	58 46 38 32
1752	93 100 47 86
1753	96 100 87 80
1754	39 100 69 1
1755	11 7 23 85
1756	1 84 100 91
1757	23 2 78 65
1758	55 4 57 21
1759	13 12 70 9
1760	65 64 8 97
1761	89 30 20 84
1762	62 19 53 25
1763	65 68 78 34
1764	25 29 70 53
1765	68 92 83 81
1766	68 51 84 20
1767	83 25 15 9
1768	11 83 100 88
1769	64 86 11 28
1770	18 1 46 23
1771	7 30 98 76
1772	11 20 42 10
1773	55 100 60 45
1774	99 62 100 47
1775	8 6 64 93
1776	13 30 41 24
1777	6 47 17 50
1778	41 16 39 24
1779	64 16 37 32
1780	32 38 88 47
1781	22 52 31 2
1782	73 2 44 79
1783	54 20 57 31
1784	56 50 84 44
1785	18 33 54 28
1786	67 81 32 45
1787	100 57 21 17
1788	7 47 44 3
1789	26 7 55 23
1790	77 59 80 67
1791	62 47 82 100
1792	4 40 93 23
1793	67 27 100 95
1794	18 59 16 85
1795	31 8 30 62
1796	57 38 24 44
1797	45 24 27 18
1798	52 65 91 70
1799	96 39 42 67
1800	49 23 64 17
1801	67 59 78 57
1802	37 9 59 84
1803	90 95 42 37
1804	32 66 31 41
1805	12 20 75 79
1806	60 90 94 7
1807	46 48 37 71
1808	43 74 76 68
1809	90 67 4 88
1810	87 46 97 63
1811	10 7 3 79
1812	69 3 48 20
1813	33 73 18 39
1814	44 15 46 27
1815	17 80 51 36
1816	46 66 92 14
1817	99 49 15 53
1818	63 9 56 21
1819	26 63 10 56
1820	5 96 20 11
1821	49 63 24 38
1822	77 78 42 27
1823	4 92 37 27
1824	83 32 3 33
1825	31 81 24 46
1826	48 16 76 91
1827	95 9 73 65
1828	37 71 18 93
1829	95 81 74 26
1830	50 44 97 78
1831	20 71 32 26
1832	77 33 14 97
1833	30 64 93 42
1834	89 60 29 98
1835	35 57 54 93
1836	17 50 18 10
1837	21 87 32 15
1838	9 25 99 28
1839	84 67 38 4
1840	9 12 92 84
1841	63 41 47 52
1842	14 56 40 98
1843	66 75 47 91
1844	67 10 22 14
1845	82 47 97 77
1846	95 27 25 35
1847	25 30 47 4
1848	46 1 49 51
1849	55 20 88 68
1850	84 9 95 23
1851	95 67 93 34
1852	80 4 100 58
1853	27 71 59 45
1854	52 98 71 51
1855	87 93 11 20
1856	65 20 79 47
1857	87 25 89 84
1858	51 52 73 31
1859	85 13 10 31
1860	22 35 5 91
1861	31 30 85 15
1862	24 23 65 3
1863	11 84 85 25
1864	58 94 6 72
1865	18 64 92 35
1866	46 32 6 17
1867	79 75 87 60
1868	2 4 41 85
1869	46 51 37 60
1870	88 83 98 62
1871	13 31 60 58
1872	10 86 46 56
1873	8 22 33 38
1874	60 43 76 33
1875	17 7 71 22
1876	43 73 87 67
1877	29 94 69 78
1878	25 90 61 20
1879	59 25 91 67
1880	21 74 95 46
1881	80 87 82 43
1882	14 54 79 35
1883	25 75 83 53
1884	26 28 42 21
1885	75 50 31 100
1886	9 98 83 88
1887	34 55 61 29
1888	48 24 25 26
1889	8 50 38 83
1890	13 54 86 96
1891	99 50 96 70
1892	70 48 38 96
1893	93 46 95 59
1894	21 57 96 100
1895	35 45 100 49
1896	71 68 17 47
1897	76 25 66 26
1898	86 18 41 53
1899	47 100 70 41
1900	86 94 31 22
1901	13 46 52 60
1902	99 59 14 63
1903	62 25 5 99
1904	20 60 1 76
1905	45 42 78 61
1906	41 89 8 78
1907	76 27 40 66
1908	38 10 78 24
1909	8 61 6 75
1910	94 90 62 43
1911	23 47 99 58
1912	77 11 1 46
1913	55 97 74 85
1914	54 52 97 18
1915	35 96 19 21
1916	89 78 80 31
1917	44 75 37 23
1918	71 52 1 32
1919	20 87 29 52
1920	70 66 8 20
1921	60 64 61 70
1922	98 61 88 87
1923	43 11 80 53
1924	52 2 69 73
1925	97 55 67 63
1926	10 22 24 33
1927	28 40 77 41
1928	1 70 7 40
1929	57 49 62 36
1930	6 8 9 93
1931	59 47 98 48
1932	16 92 82 31
1933	100 78 99 32
1934	83 29 7 89
1935	22 44 29 77
1936	10 83 28 59
1937	71 66 19 81
1938	44 69 22 29
1939	77 78 67 72
1940	78 40 98 31
1941	11 20 49 91
1942	88 59 58 29
1943	19 64 100 73
1944	31 15 9 64
1945	48 89 56 30
1946	19 71 22 37
1947	30 17 51 88
1948	12 70 86 99
1949	100 82 18 20
1950	11 33 7 53
1951	41 43 18 7
1952	45 39 72 58
1953	66 5 100 3
1954	14 16 41 93
1955	32 9 94 12
1956	84 17 2 42
1957	69 87 74 19
1958	67 38 69 62
1959	10 70 57 3
1960	51 37 26 23
1961	8 6 43 11
1962	71 66 56 23
1963	34 56 45 11
1964	11 24 12 68
1965	85 35 3 8
1966	63 42 62 28
1967	37 78 42 13
1968	55 95 21 75
1969	55 1 39 28
1970	39 91 52 97
1971	18 95 82 81
1972	30 67 10 70
1973	47 54 79 15
1974	46 3 54 13
1975	56 41 69 77
1976	19 38 93 88
1977	38 14 21 30
1978	37 61 58 34
1979	24 95 86 1
1980	97 57 100 88
1981	44 47 43 17
1982	75 89 16 82
1983	62 15 22 41
1984	40 10 34 51
1985	94 22 74 12
1986	55 91 12 33
1987	46 57 95 5
1988	73 75 51 37
1989	77 20 71 74
1990	82 23 31 3
1991	6 58 56 75
1992	67 91 36 49
1993	50 34 32 9
1994	87 39 30 69
1995	75 5 77 64
1996	51 100 79 8
1997	36 76 39 74
1998	21 79 59 14
1999	76 68 3 53
2000	40 37 58 77
2001	70 29 75 13
2002	39 56 44 64
2003	38 51 76 57
2004	87 10 44 5
2005	77 94 54 15
2006	38 58 83 56
2007	91 53 11 47
2008	7 27 44 28
2009	51 22 34 5
2010	33 56 68 39
2011	8 49 67 11
2012	55 77 39 90
2013	79 90 100 56
2014	5 9 57 62
2015	68 63 75 83
2016	62 46 72 45
2017	47 58 89 21
2018	71 98 89 42
2019	35 20 10 21
2020	94 33 48 65
2021	98 14 26 48
2022	6 45 98 90
2023	48 72 9 17
2024	72 29 48 10
2025	78 25 64 77
2026	55 81 38 45
2027	95 56 86 92
2028	75 64 70 42
2029	51 52 81 12
2030	78 82 66 33
2031	11 86 71 17
2032	49 19 66 31
2033	84 42 5 72
2034	63 87 72 6
2035	88 100 45 85
2036	25 88 61 79
2037	72 53 10 4
2038	59 2 74 95
2039	1 57 48 16
2040	88 18 12 91
2041	99 86 38 83
2042	31 66 7 70
2043	69 5 13 46
2044	55 52 99 67
2045	77 99 6 49
2046	82 13 84 89
2047	79 54 33 99
2048	32 24 39 37
2049	46 20 37 33
2050	24 22 85 18
2051	68 29 60 91
2052	82 15 77 31
2053	90 11 44 67
2054	75 34 77 87
2055	15 61 64 34
2056	59 57 65 96
2057	99 30 68 48
2058	35 59 24 48
2059	85 48 25 99
2060	80 70 97 41
2061	31 81 91 4
2062	38 87 28 21
2063	46 87 100 42
2064	18 49 28 8
2065	57 79 50 35
2066	45 68 99 6
2067	4 34 93 29
2068	77 7 59 92
2069	52 74 86 10
2070	28 39 4 32
2071	90 84 71 45
2072	34 1 91 18
2073	35 29 74 45
2074	50 74 63 82
2075	24 92 36 39
2076	91 72 70 57
2077	55 76 51 99
2078	51 45 75 29
2079	23 88 66 75
2080	76 17 70 59
2081	78 95 16 31
2082	62 99 1 14
2083	38 36 48 99
2084	43 70 61 21
2085	29 50 1 69
2086	87 14 83 8
2087	35 37 54 65
2088	99 3 12 23
2089	59 28 19 13
2090	76 99 72 75
2091	57 58 5 43
2092	1 43 57 11
2093	76 49 66 74
2094	84 27 92 17
2095	90 28 24 63
2096	61 11 6 27
2097	31 89 53 81
2098	44 77 37 98
2099	77 25 80 20
2100	100 59 12 1
2101	98 63 50 30
2102	82 94 84 49
2103	2 48 72 77
2104	50 65 96 80
2105	4 14 53 34
2106	27 4 13 30
2107	74 22 48 83
2108	43 88 82 62
2109	60 31 24 34
2110	25 26 46 34
2111	62 76 4 85
2112	80 71 81 51
2113	77 59 3 89
2114	7 1 6 12
2115	35 62 58 76
2116	15 68 84 87
2117	47 22 57 56
2118	4 69 29 1
2119	47 78 5 49
2120	93 12 89 26
2121	99 27 20 25
2122	27 29 24 34
2123	3 93 11 70
2124	49 85 4 91
2125	79 87 35 28
2126	62 44 96 97
2127	90 52 62 4
2128	5 70 6 55
2129	97 96 100 33
2130	55 25 79 69
2131	83 62 66 79
2132	9 11 18 77
2133	80 57 48 24
2134	18 91 36 13
2135	84 47 55 59
2136	65 17 64 88
2137	44 70 45 25
2138	9 77 99 76
2139	8 53 40 72
2140	86 6 14 1
2141	98 76 84 55
2142	94 8 83 35
2143	35 14 96 39
2144	58 51 69 92
2145	29 31 54 53
2146	15 41 21 42
2147	68 6 94 40
2148	88 60 23 47
2149	5 93 100 70
2150	43 62 85 71
2151	66 94 25 95
2152	43 29 74 93
2153	26 66 65 7
2154	28 84 92 10
2155	24 40 38 27
2156	23 17 22 98
2157	75 31 69 37
2158	91 100 99 79
2159	46 8 44 99
2160	5 28 46 56
2161	81 49 20 8
2162	77 33 70 18
2163	89 47 16 71
2164	62 36 17 12
2165	83 30 80 1
2166	27 41 88 32
2167	7 36 21 49
2168	72 82 90 54
2169	68 32 97 15
2170	32 2 13 49
2171	50 33 43 1
2172	75 66 7 40
2173	28 91 33 89
2174	39 85 4 34
2175	71 9 1 86
2176	11 39 64 51
2177	54 81 37 35
2178	41 86 18 16
2179	5 57 100 93
2180	28 43 50 78
2181	23 49 93 50
2182	3 7 52 25
2183	51 92 75 15
2184	26 76 58 84
2185	47 84 23 49
2186	35 62 92 31
2187	54 11 96 41
2188	81 34 19 74
2189	8 7 38 45
2190	74 24 87 52
2191	55 59 69 93
2192	29 67 26 74
2193	64 94 67 80
2194	99 83 39 54
2195	94 49 57 28
2196	44 94 5 91
2197	5 59 29 49
2198	36 19 48 82
2199	64 89 77 31
2200	57 71 48 16
2201	98 41 82 31
2202	36 93 70 23
2203	35 43 99 6
2204	35 21 39 59
2205	51 87 14 30
2206	38 19 2 96
2207	35 39 63 11
2208	75 77 51 91
2209	92 100 94 96
2210	43 72 52 73
2211	2 38 61 43
2212	40 92 12 14
2213	36 7 24 96
2214	17 68 60 6
2215	49 44 11 39
2216	22 27 78 98
2217	10 95 79 30
2218	2 24 84 41
2219	33 86 97 42
2220	15 52 25 67
2221	98 89 97 25
2222	93 46 37 41
2223	92 70 65 48
2224	81 31 36 33
2225	28 48 52 97
2226	99 73 79 9
2227	29 92 41 86
2228	32 66 93 69
2229	6 12 83 80
2230	8 30 74 54
2231	9 62 37 63
2232	72 18 16 99
2233	58 26 57 18
2234	25 55 67 33
2235	21 65 60 81
2236	72 47 4 18
2237	59 30 95 100
2238	55 6 60 63
2239	93 75 37 22
2240	63 16 54 91
2241	37 78 2 80
2242	34 70 65 94
2243	69 96 35 30
2244	73 63 92 86
2245	89 43 54 92
2246	62 16 79 73
2247	96 74 22 63
2248	52 37 22 33
2249	49 100 45 81
2250	63 84 5 57
2251	81 37 1 88
2252	54 51 68 26
2253	100 15 9 83
2254	79 84 18 40
2255	92 38 26 23
2256	61 98 4 10
2257	8 71 54 46
2258	92 49 45 2
2259	38 6 71 73
2260	89 21 50 1
2261	19 99 71 69
2262	13 82 3 16
2263	50 38 11 7
2264	94 52 5 55
2265	69 23 18 84
2266	81 71 31 48
2267	34 89 31 60
2268	71 58 54 79
2269	76 10 95 33
2270	77 73 95 37
2271	74 28 97 78
2272	19 46 36 29
2273	13 88 34 10
2274	31 92 54 59
2275	13 84 19 23
2276	13 18 97 66
2277	1 99 95 52
2278	83 91 16 40
2279	95 15 13 6
2280	93 37 52 50
2281	63 40 14 27
2282	29 39 44 40
2283	26 59 66 46
2284	23 45 1 52
2285	89 8 70 44
2286	2 29 23 10
2287	29 38 71 90
2288	74 73 33 96
2289	65 33 99 10
2290	26 49 30 45
2291	57 1 98 50
2292	45 81 80 52
2293	99 73 74 27
2294	2 55 32 35
2295	55 33 36 93
2296	50 75 70 1
2297	28 52 24 49
2298	11 40 22 86
2299	5 3 87 97
2300	14 52 63 27
2301	81 23 12 89
2302	45 96 37 79
2303	91 77 68 8
2304	47 26 73 22
2305	96 93 98 13
2306	54 35 92 87
2307	27 47 63 2
2308	13 42 65 37
2309	26 80 100 83
2310	76 91 3 84
2311	68 2 9 19
2312	55 71 4 51
2313	61 98 41 77
2314	65 15 83 56
2315	83 91 85 79
2316	41 82 95 26
2317	6 29 14 20
2318	44 64 47 96
2319	35 44 79 70
2320	29 72 100 18
2321	73 13 54 25
2322	85 81 78 52
2323	96 88 26 40
2324	29 98 3 59
2325	55 44 53 26
2326	66 75 39 78
2327	66 89 99 10
2328	5 28 42 13
2329	19 5 95 80
2330	36 68 31 41
2331	67 40 90 28
2332	96 53 20 62
2333	22 75 31 99
2334	25 77 38 88
2335	36 21 5 86
2336	25 83 8 72
2337	24 49 50 94
2338	3 57 24 68
2339	32 43 8 86
2340	30 99 95 5
2341	41 50 38 1
2342	31 100 10 14
2343	76 31 84 2
2344	39 48 27 76
2345	26 61 11 86
2346	25 78 74 84
2347	62 39 93 92
2348	24 21 77 23
2349	51 82 3 6
2350	54 39 43 95
2351	67 7 60 91
2352	15 62 84 24
2353	63 49 83 58
2354	64 58 19 93
2355	59 60 85 12
2356	59 89 78 79
2357	11 49 1 4
2358	32 75 59 29
2359	43 84 70 66
2360	91 41 75 97
2361	37 97 73 80
2362	97 94 50 44
2363	96 33 83 37
2364	15 48 26 79
2365	10 21 82 69
2366	97 21 13 96
2367	4 52 94 80
2368	60 21 57 72
2369	97 62 100 37
2370	62 95 16 34
2371	30 36 32 51
2372	19 39 63 12
2373	44 95 17 87
2374	39 72 3 31
2375	87 14 74 66
2376	7 58 59 14
2377	70 59 46 84
2378	19 10 26 68
2379	72 12 69 43
2380	45 61 5 80
2381	20 67 68 29
2382	16 9 6 18
2383	21 80 89 56
2384	31 1 44 70
2385	60 39 72 51
2386	5 58 76 39
2387	35 22 45 89
2388	68 42 32 46
2389	17 36 78 13
2390	36 61 88 8
2391	76 62 55 8
2392	53 74 88 52
2393	36 89 5 81
2394	72 83 84 8
2395	90 61 16 2
2396	46 61 91 68
2397	13 54 40 38
2398	27 84 58 2
2399	34 100 38 1
2400	57 22 30 90
2401	28 31 42 90
2402	89 31 88 68
2403	20 97 13 85
2404	6 92 37 23
2405	3 89 65 56
2406	98 82 15 92
2407	76 4 43 21
2408	71 90 21 13
2409	90 60 56 37
2410	9 21 54 13
2411	20 73 31 67
2412	78 93 18 48
2413	32 88 58 41
2414	78 44 1 70
2415	38 56 87 69
2416	64 21 35 4
2417	86 29 56 61
2418	57 10 18 16
2419	80 66 71 17
2420	50 88 67 24
2421	19 43 65 77
2422	93 35 45 1
2423	65 13 21 99
2424	84 79 53 43
2425	70 88 74 63
2426	19 68 45 39
2427	92 30 53 80
2428	52 46 94 80
2429	18 79 19 16
2430	19 29 39 30
2431	75 95 18 42
2432	99 51 58 49
2433	34 76 28 7
2434	10 30 47 12
2435	73 28 58 88
2436	58 64 16 41
2437	49 1 66 28
2438	3 47 71 43
2439	33 42 1 45
2440	92 47 43 13
2441	10 83 38 79
2442	59 18 31 73
2443	70 68 18 84
2444	93 23 15 11
2445	37 23 95 30
2446	74 87 16 70
2447	63 68 4 69
2448	69 53 36 88
2449	46 90 72 62
2450	44 97 11 74
2451	96 85 7 69
2452	3 59 69 92
2453	31 3 9 70
2454	78 34 81 55
2455	60 47 87 38
2456	10 53 83 91
2457	76 47 1 33
2458	67 50 3 99
2459	53 8 98 36
2460	81 9 76 62
2461	63 22 43 9
2462	10 31 9 15
2463	29 59 73 84
2464	44 31 32 99
2465	86 46 75 62
2466	30 99 43 29
2467	19 39 33 63
2468	81 43 44 40
2469	45 86 18 54
2470	40 83 39 41
2471	41 1 79 24
2472	3 87 62 23
2473	85 47 59 19
2474	87 17 28 99
2475	3 70 95 14
2476	26 63 53 46
2477	53 89 70 100
2478	16 15 43 54
2479	36 87 71 13
2480	3 63 56 55
2481	69 29 88 12
2482	41 91 31 86
2483	6 25 33 14
2484	89 15 35 83
2485	87 78 8 57
2486	70 27 55 10
2487	35 75 47 93
2488	33 55 62 24
2489	55 80 98 45
2490	17 53 22 99
2491	38 85 21 77
2492	100 4 74 95
2493	8 81 97 63
2494	72 69 40 25
2495	100 17 24 48
2496	36 32 44 51
2497	67 39 52 64
2498	62 10 41 37
2499	62 23 5 21
2500	21 40 59 54
2501	84 95 75 45
2502	41 81 64 19
2503	82 26 57 16
2504	96 11 26 69
2505	55 23 13 11
2506	74 35 76 6
2507	37 73 10 36
2508	63 52 68 46
2509	37 20 91 88
2510	67 16 70 50
2511	71 84 63 18
2512	95 14 10 28
2513	41 95 87 35
2514	50 87 86 63
2515	26 27 73 37
2516	25 60 48 92
2517	80 33 51 29
2518	94 15 82 89
2519	98 77 49 71
2520	41 52 2 89
2521	64 62 97 57
2522	71 12 27 47
2523	70 96 18 41
2524	64 53 50 68
2525	20 37 69 86
2526	69 11 54 51
2527	49 61 78 16
2528	92 10 97 90
2529	86 43 88 9
2530	48 17 14 2
2531	48 62 5 98
2532	99 63 48 89
2533	19 17 2 99
2534	93 30 87 35
2535	72 94 99 80
2536	69 10 20 22
2537	15 49 9 100
2538	40 11 35 49
2539	76 66 11 73
2540	9 62 94 56
2541	87 83 57 37
2542	93 11 94 13
2543	22 99 73 100
2544	25 84 50 40
2545	40 2 64 42
2546	5 7 18 54
2547	71 10 91 31
2548	79 1 28 51
2549	69 70 68 12
2550	35 28 24 91
2551	71 73 31 34
2552	7 33 71 32
2553	82 71 17 56
2554	3 62 2 87
2555	33 11 94 51
2556	96 11 41 59
2557	33 60 41 87
2558	16 69 8 18
2559	97 39 71 36
2560	31 52 6 2
2561	84 23 63 69
2562	20 53 38 97
2563	46 77 24 9
2564	62 18 43 64
2565	76 18 58 25
2566	28 67 46 94
2567	2 1 10 15
2568	57 84 13 29
2569	42 19 57 69
2570	94 35 72 30
2571	29 95 86 35
2572	90 95 33 2
2573	14 53 12 61
2574	45 84 53 16
2575	30 28 51 1
2576	40 84 48 41
2577	14 62 60 95
2578	27 42 24 7
2579	81 58 41 25
2580	91 89 52 25
2581	69 37 8 75
2582	17 47 35 75
2583	88 35 38 100
2584	2 38 12 54
2585	78 12 90 41
2586	52 32 53 27
2587	100 15 78 94
2588	61 36 72 2
2589	85 8 94 52
2590	97 50 38 65
2591	81 35 23 99
2592	22 36 19 47
2593	4 87 30 7
2594	44 18 56 67
2595	15 46 91 50
2596	41 6 37 69
2597	87 54 74 50
2598	99 59 33 32
2599	18 93 92 80
2600	13 50 72 42
2601	59 94 75 44
2602	39 14 78 40
2603	13 90 26 97
2604	48 25 24 79
2605	79 17 5 6
2606	15 92 81 68
2607	10 5 91 64
2608	40 79 92 52
2609	85 48 61 31
2610	36 58 74 31
2611	91 28 83 12
2612	96 86 16 8
2613	78 54 48 5
2614	72 81 8 24
2615	4 91 28 57
2616	99 90 88 84
2617	78 45 59 44
2618	49 21 40 71
2619	43 40 44 69
2620	1 44 50 46
2621	35 7 70 82
2622	81 61 12 64
2623	69 34 81 77
2624	31 7 52 61
2625	63 88 62 8
2626	21 51 92 98
2627	82 58 49 79
2628	68 67 62 56
2629	12 97 53 32
2630	11 48 100 67
2631	87 93 95 88
2632	70 15 96 99
2633	19 53 92 7
2634	32 67 49 28
2635	15 100 47 58
2636	69 53 72 61
2637	95 46 68 96
2638	16 65 66 94
2639	15 32 84 22
2640	62 7 48 32
2641	20 33 48 15
2642	84 61 28 30
2643	18 58 2 70
2644	38 23 66 90
2645	98 8 9 11
2646	46 67 17 61
2647	30 14 27 42
2648	90 25 79 27
2649	95 80 1 32
2650	4 2 30 85
2651	21 23 79 2
2652	39 68 1 22
2653	35 85 81 24
2654	11 79 45 31
2655	37 88 6 65
2656	53 99 74 89
2657	63 16 65 46
2658	43 30 95 83
2659	87 96 13 76
2660	36 60 35 1
2661	20 79 6 40
2662	31 14 66 95
2663	39 54 14 6
2664	47 74 1 38
2665	69 50 28 31
2666	19 36 72 60
2667	60 90 67 2
2668	38 18 39 82
2669	72 56 59 81
2670	26 91 84 57
2671	2 25 70 90
2672	52 73 17 99
2673	82 8 5 80
2674	59 45 91 95
2675	5 98 65 80
2676	16 88 58 6
2677	2 12 10 90
2678	43 62 17 1
2679	88 29 39 57
2680	42 53 1 24
2681	7 23 75 88
2682	22 29 40 61
2683	97 50 32 79
2684	43 59 61 30
2685	56 99 97 92
2686	76 67 40 13
2687	46 17 36 11
2688	29 57 55 78
2689	5 56 85 51
2690	71 93 63 31
2691	24 89 16 43
2692	100 25 57 67
2693	33 69 67 85
2694	3 87 58 30
2695	60 50 14 99
2696	22 26 38 90
2697	75 88 26 82
2698	67 12 100 48
2699	55 67 26 96
2700	52 73 31 99
2701	12 47 85 19
2702	18 22 42 67
2703	99 82 34 13
2704	23 94 26 95
2705	82 81 31 7
2706	97 42 43 71
2707	88 22 42 27
2708	43 36 12 2
2709	67 6 70 29
2710	40 58 28 42
2711	99 11 18 88
2712	46 30 20 70
2713	33 7 4 14
2714	10 82 9 16
2715	27 82 48 49
2716	42 38 21 91
2717	45 2 69 95
2718	10 3 83 47
2719	8 7 41 66
2720	50 94 60 75
2721	62 77 71 78
2722	21 76 59 62
2723	13 46 39 7
2724	9 60 86 89
2725	10 31 74 80
2726	41 1 70 49
2727	51 80 65 95
2728	73 49 47 64
2729	34 35 80 31
2730	64 53 38 21
2731	20 56 11 35
2732	47 45 76 81
2733	90 47 20 96
2734	56 46 95 71
2735	80 30 14 47
2736	34 10 73 16
2737	66 61 35 87
2738	30 23 91 59
2739	51 91 73 70
2740	32 30 2 71
2741	89 8 81 39
2742	56 96 21 94
2743	72 84 63 90
2744	88 42 76 13
2745	75 18 63 71
2746	45 84 9 17
2747	76 20 30 6
2748	79 14 80 98
2749	7 54 73 12
2750	46 100 73 7
2751	3 48 7 99
2752	39 48 67 8
2753	29 22 92 71
2754	43 24 17 96
2755	100 50 27 87
2756	1 49 92 72
2757	24 37 8 2
2758	28 48 2 37
2759	25 82 63 79
2760	28 3 64 21
2761	65 79 1 59
2762	56 19 97 61
2763	61 85 67 73
2764	71 72 50 43
2765	92 8 55 18
2766	16 29 24 99
2767	78 83 36 90
2768	96 33 13 30
2769	26 96 100 63
2770	19 60 3 31
2771	1 33 77 3
2772	50 12 33 53
2773	17 58 29 11
2774	4 45 32 51
2775	78 6 91 63
2776	22 8 99 82
2777	92 32 9 79
2778	46 21 56 81
2779	15 7 32 83
2780	83 3 43 15
2781	61 2 22 5
2782	1 46 44 52
2783	38 59 49 74
2784	32 100 30 1
2785	62 37 21 65
2786	26 30 71 38
2787	25 43 89 40
2788	97 80 62 7
2789	7 96 88 23
2790	80 99 4 91
2791	5 46 2 75
2792	85 99 25 45
2793	88 36 9 54
2794	66 9 29 68
2795	42 94 51 59
2796	100 1 22 8
2797	44 62 58 31
2798	50 93 63 62
2799	34 18 77 8
2800	41 44 91 79
2801	37 54 31 34
2802	40 48 65 78
2803	36 34 1 64
2804	95 38 56 51
2805	90 2 78 86
2806	59 54 55 86
2807	3 76 97 92
2808	11 54 20 3
2809	32 16 56 9
2810	10 48 63 34
2811	27 16 71 65
2812	91 43 19 94
2813	15 21 19 65
2814	63 69 26 68
2815	30 17 82 55
2816	9 66 91 97
2817	25 8 59 1
2818	26 20 7 35
2819	25 71 64 29
2820	46 35 85 91
2821	49 22 84 10
2822	68 100 51 22
2823	90 100 48 9
2824	85 59 44 55
2825	49 78 53 95
2826	59 60 31 42
2827	48 16 41 93
2828	2 44 20 58
2829	89 53 55 83
2830	61 31 57 42
2831	81 61 30 89
2832	71 50 60 42
2833	16 3 67 33
2834	83 37 6 36
2835	44 62 82 2
2836	95 66 78 39
2837	81 10 34 53
2838	88 42 63 46
2839	78 100 17 51
2840	19 16 34 42
2841	44 19 53 8
2842	40 73 10 70
2843	49 84 21 37
2844	69 3 79 64
2845	93 65 2 75
2846	97 14 1 37
2847	55 27 6 20
2848	36 64 44 57
2849	58 68 36 3
2850	39 58 34 78
2851	8 29 56 31
2852	41 2 67 90
2853	12 70 76 36
2854	6 57 55 22
2855	18 32 9 42
2856	91 82 4 10
2857	60 54 13 53
2858	19 81 92 46
2859	25 28 10 75
2860	26 1 85 77
2861	14 50 69 7
2862	69 93 65 13
2863	99 98 15 89
2864	85 97 55 92
2865	9 18 74 55
2866	19 93 58 64
2867	69 13 74 78
2868	44 94 33 48
2869	59 9 20 44
2870	58 71 87 54
2871	41 56 99 55
2872	41 25 31 15
2873	12 38 52 32
2874	31 3 85 12
2875	85 12 70 93
2876	65 9 49 78
2877	26 70 34 54
2878	60 77 30 71
2879	60 1 4 34
2880	26 22 41 90
2881	80 98 47 64
2882	14 40 75 1
2883	15 56 85 25
2884	58 7 28 100
2885	27 20 26 43
2886	9 46 19 86
2887	60 88 92 98
2888	49 75 47 63
2889	15 69 61 99
2890	33 44 71 14
2891	50 73 97 52
2892	29 86 8 83
2893	83 86 12 69
2894	11 68 60 80
2895	52 57 58 12
2896	6 53 61 58
2897	68 55 36 17
2898	83 60 31 86
2899	58 40 41 14
2900	97 90 68 43
2901	71 43 48 41
2902	61 89 80 17
2903	66 17 97 9
2904	70 38 80 79
2905	89 26 90 28
2906	69 35 55 31
2907	84 68 31 29
2908	73 3 46 90
2909	56 32 65 87
2910	88 35 37 82
2911	94 56 35 47
2912	83 73 72 91
2913	45 25 18 32
2914	9 77 36 32
2915	52 51 84 38
2916	70 2 12 64
2917	75 60 98 7
2918	41 71 50 60
2919	22 71 56 91
2920	14 96 56 35
2921	85 94 42 58
2922	48 53 40 35
2923	51 89 96 5
2924	19 51 100 84
2925	93 55 76 53
2926	91 62 55 98
2927	97 79 30 38
2928	39 88 34 50
2929	41 29 8 77
2930	93 94 11 59
2931	65 54 63 33
2932	48 54 50 56
2933	32 74 43 7
2934	60 56 23 39
2935	65 97 53 49
2936	48 70 24 47
2937	87 70 35 36
2938	33 79 21 91
2939	26 82 2 65
2940	34 82 14 27
2941	17 64 49 97
2942	21 83 96 22
2943	15 58 12 41
2944	100 67 33 79
2945	11 71 74 10
2946	29 34 52 44
2947	31 38 83 69
2948	33 55 31 95
2949	62 95 82 78
2950	29 42 74 97
2951	55 34 75 49
2952	86 99 92 97
2953	26 45 99 37
2954	60 54 50 71
2955	75 38 92 54
2956	37 3 56 41
2957	51 49 56 5
2958	13 11 21 63
2959	48 73 34 69
2960	1 54 6 72
2961	84 45 65 88
2962	58 9 65 84
2963	29 99 11 84
2964	4 16 21 43
2965	55 24 46 26
2966	50 42 69 80
2967	62 30 51 5
2968	98 81 87 66
2969	4 39 17 55
2970	86 73 27 15
2971	4 50 21 19
2972	67 22 88 34
2973	30 38 90 91
2974	57 67 12 95
2975	26 21 69 28
2976	99 80 97 93
2977	44 13 4 98
2978	91 8 64 23
2979	46 28 72 55
2980	72 47 26 96
2981	1 35 87 41
2982	29 8 2 74
2983	56 53 15 25
2984	50 83 99 71
2985	9 51 12 46
2986	97 88 31 36
2987	42 45 14 84
2988	44 17 33 52
2989	60 10 2 47
2990	82 61 23 25
2991	90 98 60 66
2992	83 80 30 32
2993	67 70 14 53
2994	100 31 68 64
2995	93 21 71 38
2996	52 24 15 49
2997	85 65 24 91
2998	17 11 27 79
2999	8 20 89 17
3000	74 27 67 13
3001	7 44 67 71
3002	36 68 9 19
3003	63 51 75 100
3004	19 7 28 87
3005	83 7 57 22
3006	74 93 77 99
3007	12 20 94 83
3008	59 7 43 92
3009	63 100 34 30
3010	59 75 85 80
3011	47 82 80 17
3012	49 2 25 4
3013	63 95 35 59
3014	64 100 20 28
3015	77 11 13 22
3016	48 9 86 67
3017	86 2 87 89
3018	53 1 7 39
3019	48 49 89 27
3020	57 31 77 25
3021	35 85 39 89
3022	35 55 25 76
3023	92 83 32 61
3024	12 14 93 41
3025	27 93 23 33
3026	59 39 10 50
3027	48 86 71 80
3028	24 25 57 58
3029	99 2 57 82
3030	18 6 84 39
3031	42 97 13 34
3032	73 45 92 20
3033	81 49 29 24
3034	28 46 50 38
3035	57 37 51 27
3036	87 29 71 55
3037	46 45 84 49
3038	51 85 56 98
3039	82 5 25 99
3040	28 84 46 44
3041	7 86 95 35
3042	51 99 47 57
3043	42 4 7 88
3044	96 5 89 68
3045	85 71 19 47
3046	91 58 64 95
3047	21 87 29 23
3048	65 31 22 21
3049	52 79 71 27
3050	25 73 83 30
3051	43 79 45 7
3052	22 13 1 35
3053	87 38 49 33
3054	63 16 88 84
3055	38 36 66 82
3056	71 69 45 21
3057	94 76 35 21
3058	64 83 1 20
3059	11 87 89 57
3060	51 37 54 64
3061	72 26 98 28
3062	47 17 69 95
3063	99 45 16 17
3064	49 29 5 46
3065	60 22 95 24
3066	41 49 82 44
3067	51 28 69 78
3068	51 44 75 17
3069	13 95 3 45
3070	85 28 79 56
3071	23 78 26 25
3072	12 25 66 59
3073	63 78 81 2
3074	90 62 77 55
3075	57 10 39 50
3076	74 6 13 70
3077	65 38 3 93
3078	7 64 72 89
3079	100 1 67 24
3080	69 48 74 6
3081	78 68 41 46
3082	79 95 80 76
3083	42 35 41 28
3084	44 97 37 15
3085	39 63 72 64
3086	88 74 90 1
3087	25 29 47 76
3088	56 36 55 67
3089	24 77 28 68
3090	2 5 14 11
3091	70 68 18 12
3092	60 8 33 1
3093	65 60 84 100
3094	100 76 46 43
3095	55 91 67 56
3096	79 95 9 1
3097	31 30 38 57
3098	14 66 64 31
3099	5 67 37 76
3100	46 64 69 14
3101	21 74 64 39
3102	40 45 11 19
3103	78 25 20 29
3104	21 31 49 54
3105	41 10 11 22
3106	85 29 84 26
3107	46 49 88 1
3108	55 65 42 93
3109	15 65 67 92
3110	17 63 12 83
3111	97 35 7 10
3112	28 48 98 42
3113	54 66 26 56
3114	50 84 53 24
3115	78 35 99 18
3116	95 26 86 70
3117	30 6 98 58
3118	81 21 30 2
3119	24 61 60 89
3120	22 30 18 20
3121	26 49 13 16
3122	92 74 69 17
3123	22 86 43 52
3124	85 32 60 82
3125	94 53 46 9
3126	1 79 46 55
3127	5 49 39 22
3128	70 85 76 21
3129	86 31 49 41
3130	80 91 9 4
3131	44 9 4 26
3132	28 38 51 20
3133	12 75 16 17
3134	80 77 15 5
3135	33 65 35 4
3136	20 85 44 84
3137	47 59 87 40
3138	16 2 73 46
3139	74 89 59 16
3140	43 75 21 36
3141	46 35 63 13
3142	91 60 12 4
3143	42 34 2 85
3144	2 35 42 64
3145	25 5 92 98
3146	63 57 4 16
3147	39 30 66 51
3148	92 63 67 38
3149	14 53 98 65
3150	75 32 9 60
3151	23 69 6 56
3152	29 24 74 90
3153	50 69 45 83
3154	78 93 83 13
3155	47 21 57 34
3156	72 35 32 79
3157	53 29 83 22
3158	81 31 56 51
3159	77 89 39 65
3160	60 51 75 43
3161	65 44 56 57
3162	76 89 41 48
3163	83 69 33 77
3164	56 87 30 40
3165	2 81 10 45
3166	40 75 30 49
3167	60 97 72 7
3168	73 37 94 23
3169	39 2 20 25
3170	1 57 92 16
3171	23 78 80 45
3172	17 74 49 19
3173	34 97 21 52
3174	10 78 82 81
3175	88 34 56 35
3176	79 52 77 90
3177	64 87 18 75
3178	75 65 12 48
3179	16 29 98 93
3180	52 27 11 100
3181	24 34 100 14
3182	30 43 60 29
3183	7 40 93 82
3184	62 84 23 20
3185	15 85 2 97
3186	64 12 18 48
3187	95 34 42 44
3188	41 21 24 68
3189	61 20 100 51
3190	13 68 88 37
3191	61 76 3 72
3192	89 44 25 23
3193	34 87 59 67
3194	45 48 61 54
3195	4 52 3 36
3196	65 25 53 41
3197	94 10 85 13
3198	66 26 67 71
3199	62 76 83 75
3200	32 51 46 11
3201	24 43 87 88
3202	55 7 58 46
3203	87 84 1 2
3204	1 81 60 80
3205	19 18 68 74
3206	86 88 89 78
3207	32 65 30 100
3208	78 23 97 98
3209	5 72 54 12
3210	74 66 44 93
3211	53 72 2 44
3212	44 29 15 8
3213	81 83 79 53
3214	7 17 9 16
3215	69 90 91 66
3216	51 98 7 46
3217	70 16 92 71
3218	47 76 5 82
3219	7 74 11 35
3220	34 14 16 75
3221	3 36 83 43
3222	26 51 36 44
3223	88 68 66 52
3224	65 36 86 59
3225	90 39 3 61
3226	12 7 83 52
3227	8 44 25 75
3228	45 47 36 67
3229	33 21 46 24
3230	30 55 33 21
3231	13 73 99 28
3232	81 91 47 14
3233	59 48 72 17
3234	48 53 77 34
3235	3 94 76 90
3236	65 4 33 91
3237	29 13 21 61
3238	57 31 15 63
3239	20 78 49 18
3240	70 27 4 35
3241	37 80 25 90
3242	2 56 46 22
3243	11 36 18 69
3244	70 91 35 7
3245	45 33 72 13
3246	85 86 48 30
3247	6 7 84 19
3248	20 38 66 94
3249	78 71 74 76
3250	22 36 80 64
3251	22 53 26 17
3252	18 19 81 95
3253	60 99 28 37
3254	59 98 54 96
3255	35 91 8 93
3256	45 39 9 55
3257	84 19 15 25
3258	21 46 88 59
3259	14 26 5 12
3260	77 81 17 93
3261	40 49 79 77
3262	83 67 33 99
3263	89 35 14 41
3264	27 12 13 21
3265	39 77 15 61
3266	6 11 73 53
3267	38 23 25 62
3268	6 18 9 15
3269	74 26 99 15
3270	94 56 20 87
3271	44 20 29 6
3272	42 63 79 40
3273	21 69 38 59
3274	92 88 69 8
3275	34 53 37 18
3276	45 12 73 43
3277	63 15 62 68
3278	4 62 77 5
3279	25 94 93 34
3280	6 36 96 10
3281	87 62 95 19
3282	15 31 47 37
3283	50 56 3 89
3284	87 80 25 70
3285	74 59 26 51
3286	3 49 89 91
3287	40 20 38 2
3288	5 26 4 12
3289	32 55 89 36
3290	10 46 17 78
3291	26 71 28 93
3292	58 43 77 29
3293	41 98 16 86
3294	94 25 64 48
3295	77 13 45 47
3296	34 77 99 29
3297	79 55 88 23
3298	44 55 13 62
3299	87 58 9 28
3300	28 74 78 54
3301	31 100 39 48
3302	42 3 100 28
3303	90 10 22 95
3304	99 96 29 22
3305	56 32 12 90
3306	10 93 25 71
3307	34 81 60 51
3308	92 37 47 12
3309	61 91 13 73
3310	49 88 11 57
3311	53 10 82 31
3312	86 4 53 98
3313	64 49 82 32
3314	14 26 8 67
3315	10 80 97 25
3316	63 90 82 45
3317	95 2 12 32
3318	89 46 52 50
3319	6 12 7 4
3320	26 96 71 20
3321	52 50 82 11
3322	32 76 7 40
3323	47 93 12 83
3324	1 87 49 94
3325	29 27 65 68
3326	3 78 62 88
3327	36 37 59 47
3328	4 79 59 20
3329	80 6 37 46
3330	16 70 66 47
3331	34 27 59 15
3332	60 2 57 28
3333	78 26 97 1
3334	57 61 3 30
3335	92 59 10 34
3336	2 85 56 63
3337	97 84 75 47
3338	74 81 61 2
3339	60 80 96 9
3340	89 49 25 54
3341	5 93 84 10
3342	21 96 39 1
3343	15 21 53 26
3344	20 13 59 6
3345	76 17 39 54
3346	8 12 94 79
3347	80 47 26 14
3348	35 52 71 34
3349	27 22 70 38
3350	12 38 21 19
3351	8 67 41 56
3352	27 49 79 96
3353	62 95 76 29
3354	27 63 21 70
3355	58 93 92 56
3356	5 33 91 82
3357	65 42 7 78
3358	63 29 7 98
3359	2 44 96 98
3360	91 14 4 72
3361	81 47 78 38
3362	25 52 36 49
3363	22 8 73 77
3364	30 32 73 72
3365	77 61 45 75
3366	47 100 84 81
3367	83 34 54 78
3368	46 93 20 62
3369	59 99 97 30
3370	17 90 93 11
3371	13 30 88 55
3372	85 19 28 66
3373	50 16 32 91
3374	39 65 2 51
3375	81 70 29 92
3376	40 85 18 69
3377	24 7 8 60
3378	70 6 31 69
3379	60 87 27 52
3380	10 79 48 34
3381	79 33 90 37
3382	13 43 50 63
3383	19 33 53 68
3384	91 8 38 10
3385	21 45 58 86
3386	2 11 92 23
3387	95 17 47 16
3388	47 16 21 4
3389	73 88 38 71
3390	15 40 17 86
3391	6 31 60 99
3392	13 33 43 25
3393	32 56 44 81
3394	30 31 65 7
3395	65 86 27 63
3396	93 68 60 11
3397	86 31 85 22
3398	74 10 2 24
3399	100 2 16 7
3400	58 52 21 55
3401	91 30 79 7
3402	45 18 15 60
3403	7 60 3 16
3404	25 58 70 80
3405	55 88 21 31
3406	100 65 46 29
3407	87 4 83 3
3408	16 8 14 67
3409	50 43 76 60
3410	37 68 25 77
3411	8 9 100 13
3412	59 14 36 15
3413	56 75 13 1
3414	90 13 18 98
3415	47 56 40 78
3416	32 19 96 34
3417	73 45 25 80
3418	6 16 13 40
3419	45 99 21 59
3420	14 49 9 40
3421	74 6 58 46
3422	84 34 66 62
3423	11 84 79 83
3424	69 54 2 60
3425	32 33 84 78
3426	89 100 8 6
3427	49 26 76 27
3428	52 89 2 21
3429	21 44 20 85
3430	75 91 62 100
3431	55 3 31 22
3432	58 96 30 73
3433	42 46 62 28
3434	21 27 71 1
3435	81 43 23 3
3436	35 76 30 68
3437	98 48 27 51
3438	27 81 26 56
3439	10 96 6 23
3440	57 85 12 84
3441	56 98 67 37
3442	48 11 90 75
3443	27 12 29 62
3444	61 66 100 57
3445	80 11 36 4
3446	32 9 52 57
3447	82 69 88 93
3448	58 85 14 31
3449	90 28 23 74
3450	44 90 10 28
3451	46 43 15 89
3452	74 10 45 33
3453	86 88 59 14
3454	65 29 69 89
3455	96 13 59 50
3456	57 42 75 81
3457	49 42 94 97
3458	15 99 65 98
3459	42 44 29 18
3460	34 68 54 8
3461	99 47 76 87
3462	20 59 75 6
3463	34 16 17 57
3464	72 98 7 4
3465	43 49 24 14
3466	47 32 77 28
3467	83 24 35 68
3468	34 100 81 62
3469	70 45 34 38
3470	28 75 41 22
3471	63 52 73 92
3472	71 75 97 76
3473	1 69 74 66
3474	36 96 11 34
3475	24 67 8 88
3476	29 97 94 12
3477	65 67 23 17
3478	24 100 35 39
3479	45 5 27 55
3480	69 70 31 16
3481	36 17 16 70
3482	94 20 65 61
3483	25 36 32 46
3484	90 13 80 50
3485	50 13 95 9
3486	43 57 25 74
3487	8 19 44 25
3488	3 90 18 53
3489	89 23 63 55
3490	98 50 17 92
3491	59 77 28 39
3492	12 16 7 80
3493	93 84 29 55
3494	59 47 31 7
3495	55 77 1 11
3496	72 23 31 55
3497	48 96 44 67
3498	87 36 48 42
3499	67 73 97 87
3500	50 71 12 47
3501	59 34 90 55
3502	14 66 84 19
3503	23 54 92 89
3504	15 31 25 63
3505	92 81 86 87
3506	73 76 97 60
3507	97 11 33 45
3508	9 76 2 93
3509	64 52 94 6
3510	64 92 49 76
3511	59 7 5 9
3512	91 51 69 81
3513	3 71 51 5
3514	1 71 10 4
3515	75 14 39 94
3516	62 23 85 88
3517	16 10 69 35
3518	17 7 45 8
3519	53 56 46 80
3520	94 23 51 72
3521	13 11 66 18
3522	15 20 8 38
3523	64 75 20 56
3524	34 21 14 8
3525	15 37 30 63
3526	93 38 31 89
3527	92 57 26 61
3528	18 6 16 12
3529	47 16 82 32
3530	48 90 67 53
3531	81 85 98 31
3532	61 79 48 63
3533	41 65 72 60
3534	28 64 53 70
3535	66 31 27 4
3536	15 63 86 84
3537	27 77 20 79
3538	15 38 3 87
3539	97 85 47 79
3540	93 63 30 85
3541	93 55 62 48
3542	4 87 48 25
3543	32 72 5 17
3544	55 36 74 11
3545	42 76 65 94
3546	61 28 52 87
3547	97 75 72 98
3548	19 46 12 68
3549	76 58 63 3
3550	1 83 94 100
3551	24 2 95 4
3552	50 3 18 6
3553	19 39 82 9
3554	44 47 66 23
3555	31 86 100 1
3556	44 19 25 11
3557	19 89 29 58
3558	41 34 4 36
3559	91 23 99 85
3560	2 74 55 78
3561	14 73 41 37
3562	22 1 12 92
3563	73 21 36 28
3564	88 68 94 39
3565	24 76 68 23
3566	19 63 22 25
3567	81 65 35 69
3568	40 97 24 90
3569	43 85 87 6
3570	30 35 81 96
3571	25 42 29 88
3572	60 32 53 36
3573	5 17 19 39
3574	26 11 80 68
3575	47 55 15 33
3576	55 25 9 5
3577	94 70 74 28
3578	28 26 10 100
3579	65 6 58 46
3580	64 59 44 26
3581	52 93 21 7
3582	85 35 31 70
3583	27 32 72 85
3584	71 25 98 92
3585	80 49 74 10
3586	97 48 55 5
3587	96 21 94 41
3588	69 86 18 28
3589	92 65 77 7
3590	29 49 27 94
3591	66 36 22 60
3592	34 88 40 2
3593	96 41 19 74
3594	16 13 48 93
3595	68 4 10 22
3596	82 51 19 74
3597	14 94 75 95
3598	76 52 15 72
3599	74 54 47 31
3600	16 34 2 15
3601	37 31 45 47
3602	12 34 22 88
3603	26 25 45 96
3604	2 20 56 93
3605	10 38 98 36
3606	91 10 94 3
3607	21 42 54 77
3608	61 17 33 57
3609	93 73 89 59
3610	19 91 80 97
3611	31 80 81 53
3612	83 44 70 21
3613	54 19 66 23
3614	6 59 27 54
3615	98 83 58 62
3616	23 32 65 70
3617	54 9 44 14
3618	7 78 15 9
3619	5 2 18 34
3620	81 2 68 34
3621	78 43 42 87
3622	99 38 37 39
3623	58 20 79 10
3624	36 33 83 3
3625	2 84 28 69
3626	79 9 100 21
3627	22 64 53 3
3628	48 81 31 2
3629	85 93 29 71
3630	44 57 93 91
3631	19 54 85 34
3632	59 27 84 32
3633	86 20 51 57
3634	67 37 76 68
3635	93 74 81 38
3636	61 34 22 80
3637	23 48 19 64
3638	14 16 85 39
3639	25 68 63 19
3640	80 31 90 20
3641	32 18 21 26
3642	86 98 30 14
3643	61 93 67 37
3644	75 84 26 82
3645	91 15 33 89
3646	70 24 71 99
3647	54 61 33 70
3648	9 74 59 34
3649	87 97 28 91
3650	95 80 59 10
3651	21 11 25 65
3652	43 38 13 17
3653	11 62 87 95
3654	4 94 48 18
3655	46 1 43 35
3656	80 100 1 15
3657	13 42 58 63
3658	45 41 19 35
3659	48 79 15 44
3660	48 2 87 18
3661	74 100 56 9
3662	57 51 19 26
3663	38 90 32 68
3664	45 54 32 14
3665	31 2 29 15
3666	76 19 73 72
3667	84 17 79 67
3668	17 73 29 36
3669	27 66 83 62
3670	20 88 97 58
3671	66 95 56 3
3672	8 94 77 3
3673	96 70 35 28
3674	56 37 34 75
3675	62 67 26 77
3676	44 89 85 15
3677	79 68 9 90
3678	12 100 74 76
3679	6 10 7 87
3680	77 78 50 88
3681	32 71 69 11
3682	37 65 34 86
3683	70 80 11 7
3684	18 86 45 54
3685	99 19 10 57
3686	44 74 5 3
3687	81 70 6 68
3688	39 15 29 10
3689	89 63 79 10
3690	68 65 77 84
3691	71 15 91 7
3692	17 49 53 10
3693	24 58 17 69
3694	79 59 27 67
3695	39 99 64 27
3696	26 48 84 65
3697	91 90 41 52
3698	49 30 57 99
3699	51 98 36 78
3700	78 69 33 18
3701	24 65 98 12
3702	77 13 73 56
3703	9 81 89 47
3704	91 84 8 51
3705	63 15 61 96
3706	3 45 62 24
3707	100 86 18 96
3708	49 5 75 34
3709	31 4 26 7
3710	47 57 53 7
3711	13 27 67 18
3712	6 17 85 16
3713	97 39 67 21
3714	21 96 64 86
3715	96 89 32 74
3716	48 77 49 25
3717	69 91 27 99
3718	89 97 93 92
3719	79 28 55 57
3720	85 67 79 24
3721	66 99 74 3
3722	49 23 55 40
3723	78 84 71 45
3724	68 92 57 37
3725	83 28 50 47
3726	65 56 100 12
3727	13 68 99 90
3728	64 48 5 75
3729	98 72 75 9
3730	58 23 54 4
3731	91 73 97 59
3732	25 94 60 97
3733	80 23 56 34
3734	95 94 1 20
3735	9 7 3 56
3736	40 85 89 65
3737	97 30 38 48
3738	100 99 39 97
3739	30 95 72 82
3740	21 38 24 74
3741	58 4 16 14
3742	5 47 20 34
3743	59 82 56 18
3744	71 90 93 81
3745	89 11 85 32
3746	27 18 55 96
3747	17 59 57 28
3748	3 35 28 63
3749	76 90 37 74
3750	68 32 23 51
3751	5 43 29 38
3752	93 72 78 76
3753	34 100 17 62
3754	71 78 42 46
3755	73 48 7 55
3756	11 95 84 38
3757	43 10 78 31
3758	64 44 13 71
3759	56 52 57 55
3760	56 82 51 21
3761	96 44 31 53
3762	3 73 81 72
3763	3 50 88 90
3764	41 97 79 93
3765	24 31 86 78
3766	61 83 22 90
3767	49 54 25 71
3768	10 76 72 41
3769	67 47 60 57
3770	19 76 18 82
3771	88 85 17 43
3772	52 28 81 42
3773	52 59 40 38
3774	27 45 87 61
3775	15 60 97 10
3776	39 22 97 54
3777	19 23 73 18
3778	44 64 49 84
3779	100 64 86 24
3780	94 21 8 23
3781	55 4 51 18
3782	78 53 19 62
3783	70 77 30 93
3784	45 20 6 35
3785	62 36 29 81
3786	85 72 42 64
3787	24 89 92 65
3788	16 6 93 53
3789	47 29 87 41
3790	5 87 23 36
3791	3 16 62 82
3792	55 29 21 28
3793	12 90 22 96
3794	37 99 8 68
3795	81 25 47 28
3796	13 61 68 63
3797	93 30 48 86
3798	80 38 29 72
3799	57 96 56 5
3800	13 88 49 72
3801	60 62 8 63
3802	98 61 11 52
3803	67 4 86 9
3804	78 55 87 70
3805	94 6 58 97
3806	84 13 97 88
3807	36 96 80 2
3808	10 59 11 78
3809	84 68 66 65
3810	27 28 66 55
3811	46 88 18 92
3812	27 59 60 30
3813	35 61 16 5
3814	13 79 23 55
3815	94 10 50 60
3816	9 57 91 20
3817	52 70 48 42
3818	8 16 89 38
3819	49 73 84 16
3820	22 53 38 25
3821	60 95 46 13
3822	8 52 34 21
3823	57 47 1 59
3824	94 100 67 82
3825	74 10 60 50
3826	57 60 25 53
3827	29 54 48 77
3828	76 91 6 29
3829	13 33 26 97
3830	60 24 75 27
3831	31 27 8 21
3832	55 74 11 46
3833	95 29 68 42
3834	37 24 70 25
3835	18 98 50 51
3836	71 20 19 94
3837	38 9 75 43
3838	43 80 11 14
3839	53 46 2 97
3840	93 42 32 36
3841	100 5 86 38
3842	76 8 37 79
3843	13 89 49 35
3844	62 59 52 89
3845	57 11 82 19
3846	20 47 36 55
3847	13 31 54 46
3848	58 68 66 28
3849	47 35 93 19
3850	79 1 65 41
3851	79 94 24 33
3852	21 90 63 12
3853	17 69 96 91
3854	78 63 22 74
3855	61 55 75 18
3856	24 42 82 45
3857	11 43 63 12
3858	55 69 16 23
3859	32 65 39 27
3860	1 61 21 13
3861	100 4 32 97
3862	29 51 94 12
3863	43 91 33 97
3864	68 69 3 23
3865	30 23 55 99
3866	58 81 59 53
3867	59 19 8 82
3868	96 71 52 100
3869	96 93 63 57
3870	97 99 93 81
3871	4 15 48 3
3872	84 20 10 87
3873	81 33 73 78
3874	66 38 58 13
3875	91 81 94 28
3876	46 5 25 73
3877	54 76 77 7
3878	95 96 74 39
3879	80 68 91 57
3880	21 91 14 41
3881	11 1 54 100
3882	46 76 55 89
3883	39 18 20 65
3884	36 32 38 84
3885	5 91 47 43
3886	25 10 77 16
3887	4 32 73 51
3888	10 5 28 55
3889	7 100 9 95
3890	1 43 6 82
3891	38 61 87 66
3892	96 36 40 30
3893	85 90 99 42
3894	17 51 16 31
3895	58 84 23 42
3896	80 13 54 6
3897	11 60 89 75
3898	69 11 64 87
3899	72 21 86 45
3900	79 21 28 62
3901	9 68 28 58
3902	53 52 17 31
3903	41 81 93 10
3904	41 27 68 59
3905	25 38 35 46
3906	50 36 11 60
3907	61 60 37 2
3908	100 92 51 70
3909	77 52 29 42
3910	46 62 12 26
3911	32 45 61 69
3912	62 78 34 64
3913	79 74 40 8
3914	69 93 35 82
3915	79 22 39 90
3916	42 61 99 57
3917	16 51 90 60
3918	72 47 30 9
3919	71 94 54 13
3920	82 98 83 39
3921	10 50 55 44
3922	1 68 80 72
3923	65 56 83 86
3924	69 88 38 46
3925	24 66 16 1
3926	92 1 75 49
3927	88 8 49 26
3928	95 59 60 96
3929	54 89 31 72
3930	41 34 65 69
3931	19 62 54 47
3932	93 2 80 23
3933	33 25 63 70
3934	31 54 66 93
3935	65 79 84 22
3936	87 78 57 18
3937	48 50 87 61
3938	25 58 33 87
3939	15 11 78 61
3940	53 55 21 9
3941	70 52 55 59
3942	90 12 50 4
3943	32 73 90 100
3944	79 75 24 36
3945	32 87 25 36
3946	89 88 97 52
3947	83 69 7 12
3948	75 94 78 12
3949	12 88 49 77
3950	50 27 2 40
3951	18 28 69 1
3952	52 66 94 54
3953	3 2 61 48
3954	21 3 75 7
3955	60 39 20 38
3956	82 37 24 34
3957	84 42 35 61
3958	48 94 87 97
3959	64 76 88 54
3960	14 89 75 17
3961	79 85 36 39
3962	71 40 18 42
3963	65 59 89 88
3964	53 78 10 30
3965	15 29 14 12
3966	74 48 3 79
3967	34 17 69 89
3968	59 71 65 80
3969	5 50 55 32
3970	41 13 61 86
3971	31 42 64 30
3972	13 23 24 90
3973	31 12 32 86
3974	83 74 93 58
3975	27 90 30 52
3976	13 52 22 92
3977	31 26 9 42
3978	47 64 2 27
3979	17 66 83 39
3980	77 39 58 45
3981	67 54 12 7
3982	93 24 48 6
3983	22 89 86 94
3984	100 69 30 82
3985	37 100 50 61
3986	58 41 61 97
3987	28 17 19 85
3988	19 52 58 59
3989	100 3 88 42
3990	77 81 10 57
3991	61 8 73 78
3992	24 17 90 28
3993	13 4 76 21
3994	54 16 70 23
3995	47 32 30 73
3996	63 44 1 14
3997	40 72 34 61
3998	1 44 5 100
3999	64 70 29 6
4000	66 1 98 85
4001	93 58 8 20
4002	58 84 37 15
4003	6 41 21 15
4004	22 39 38 52
4005	98 72 37 27
4006	92 44 15 72
4007	47 24 7 71
4008	28 79 41 69
4009	90 20 46 14
4010	61 96 26 8
4011	70 37 10 32
4012	39 40 75 84
4013	78 85 100 89
4014	95 70 53 75
4015	30 69 42 74
4016	41 28 48 59
4017	86 75 65 81
4018	76 22 39 24
4019	27 55 5 22
4020	88 29 37 18
4021	38 62 73 59
4022	8 65 48 20
4023	22 27 81 74
4024	50 80 57 82
4025	41 61 52 78
4026	7 17 91 82
4027	18 68 87 81
4028	81 25 27 49
4029	76 92 82 37
4030	92 60 67 84
4031	37 88 94 97
4032	73 34 64 24
4033	80 100 20 31
4034	12 35 67 99
4035	43 31 46 72
4036	43 57 38 19
4037	62 83 60 75
4038	38 83 21 80
4039	27 59 33 15
4040	47 31 51 30
4041	33 86 29 42
4042	81 53 39 26
4043	65 2 67 82
4044	31 72 42 55
4045	19 51 32 79
4046	87 13 74 93
4047	29 71 34 30
4048	60 3 18 23
4049	3 48 100 71
4050	32 53 9 40
4051	11 61 49 69
4052	76 24 57 32
4053	10 20 99 64
4054	19 61 44 18
4055	71 4 33 95
4056	78 12 48 26
4057	31 12 21 81
4058	45 12 37 47
4059	46 78 75 34
4060	95 58 60 50
4061	70 41 88 95
4062	95 23 36 65
4063	55 73 32 66
4064	63 36 26 19
4065	36 20 82 77
4066	72 12 42 55
4067	79 20 50 63
4068	95 98 45 97
4069	66 7 23 8
4070	55 54 73 45
4071	21 47 84 5
4072	12 53 42 48
4073	53 34 28 12
4074	20 2 80 91
4075	2 91 53 19
4076	98 67 69 66
4077	30 37 94 93
4078	18 24 96 91
4079	14 41 62 6
4080	37 72 32 58
4081	80 36 21 92
4082	41 45 8 43
4083	97 30 57 76
4084	59 43 26 94
4085	57 55 44 53
4086	12 89 94 90
4087	20 33 15 8
4088	30 4 16 34
4089	72 65 85 93
4090	22 3 59 32
4091	50 30 57 55
4092	81 85 18 1
4093	10 36 90 21
4094	53 72 10 25
4095	98 99 27 26
4096	53 70 50 20
4097	44 26 30 46
4098	76 75 89 78
4099	5 23 1 22
4100	63 65 53 84
4101	65 27 80 71
4102	64 99 53 90
4103	59 15 71 55
4104	10 1 76 23
4105	5 42 23 43
4106	3 78 94 53
4107	21 34 33 11
4108	18 77 37 88
4109	54 33 24 79
4110	77 87 75 74
4111	66 98 23 45
4112	25 79 69 5
4113	41 77 28 91
4114	74 67 44 47
4115	76 29 100 83
4116	71 82 95 59
4117	43 76 37 41
4118	94 14 18 83
4119	82 18 20 26
4120	100 96 49 11
4121	27 99 38 21
4122	16 48 75 25
4123	58 15 11 75
4124	81 98 37 80
4125	80 32 8 3
4126	100 68 92 61
4127	70 48 89 66
4128	89 98 72 5
4129	18 15 5 66
4130	98 72 71 65
4131	95 5 15 23
4132	77 92 28 13
4133	23 47 92 8
4134	95 31 63 3
4135	10 37 41 33
4136	25 87 1 57
4137	59 4 94 22
4138	6 88 44 93
4139	71 46 92 14
4140	32 93 70 35
4141	47 79 74 99
4142	84 30 38 82
4143	6 13 41 72
4144	86 92 64 44
4145	3 82 44 53
4146	82 75 48 42
4147	83 56 54 42
4148	12 35 5 32
4149	32 42 26 2
4150	74 53 63 57
4151	73 68 66 62
4152	84 2 99 68
4153	69 84 20 28
4154	87 74 73 7
4155	19 24 65 1
4156	2 44 42 29
4157	94 43 19 59
4158	43 54 53 4
4159	72 81 45 31
4160	40 50 4 89
4161	10 9 73 78
4162	49 24 10 14
4163	87 99 28 7
4164	8 24 14 37
4165	78 68 4 36
4166	76 34 10 84
4167	72 58 91 6
4168	92 43 74 21
4169	8 28 19 14
4170	33 38 54 37
4171	48 34 35 79
4172	41 54 61 57
4173	8 19 21 2
4174	90 54 15 4
4175	56 78 6 51
4176	53 50 23 27
4177	9 33 89 68
4178	73 32 59 51
4179	95 83 37 24
4180	82 18 13 53
4181	85 65 21 15
4182	14 15 19 18
4183	41 75 9 12
4184	38 79 30 18
4185	44 86 35 23
4186	78 73 30 28
4187	87 56 39 75
4188	7 68 81 41
4189	3 80 78 87
4190	70 77 95 82
4191	67 11 48 83
4192	67 33 25 8
4193	81 53 7 91
4194	94 13 95 89
4195	100 36 89 27
4196	97 9 27 58
4197	26 59 56 57
4198	68 7 81 22
4199	37 45 66 83
4200	86 31 21 56
4201	15 18 19 12
4202	43 95 34 91
4203	80 44 85 13
4204	64 57 48 90
4205	34 97 54 96
4206	57 42 27 40
4207	4 11 29 88
4208	60 67 86 24
4209	70 13 4 24
4210	69 38 75 48
4211	44 41 33 40
4212	29 60 8 35
4213	28 74 4 72
4214	18 80 46 31
4215	22 85 36 44
4216	63 88 87 46
4217	8 26 63 87
4218	74 33 27 89
4219	87 39 59 23
4220	43 78 76 26
4221	55 65 50 84
4222	13 92 78 49
4223	56 33 52 58
4224	15 89 83 86
4225	31 30 8 80
4226	64 76 85 100
4227	25 68 88 21
4228	26 99 19 37
4229	26 40 16 84
4230	56 6 18 63
4231	100 8 4 62
4232	23 83 14 50
4233	99 2 84 94
4234	67 66 11 22
4235	59 64 34 47
4236	19 57 23 97
4237	91 88 76 13
4238	92 39 22 67
4239	100 59 22 12
4240	16 94 63 50
4241	66 15 11 24
4242	64 48 66 34
4243	91 14 39 90
4244	85 65 77 96
4245	33 22 26 87
4246	40 70 28 3
4247	70 9 43 71
4248	6 38 18 16
4249	27 37 36 97
4250	69 88 83 79
4251	11 74 64 92
4252	68 93 41 11
4253	75 26 88 100
4254	93 25 57 39
4255	58 31 43 64
4256	45 72 76 99
4257	18 29 30 63
4258	23 93 96 4
4259	84 30 48 100
4260	50 25 22 42
4261	100 45 65 81
4262	65 51 88 73
4263	93 29 100 91
4264	74 85 80 28
4265	27 61 36 34
4266	14 78 87 91
4267	45 86 52 24
4268	96 75 50 25
4269	6 16 20 23
4270	27 45 19 48
4271	42 81 43 73
4272	27 42 80 13
4273	79 71 83 27
4274	17 45 68 77
4275	68 58 94 33
4276	56 31 81 71
4277	71 68 31 25
4278	7 20 14 58
4279	63 11 34 83
4280	92 54 22 14
4281	60 84 70 28
4282	83 79 55 44
4283	52 31 24 73
4284	23 30 89 56
4285	47 41 96 58
4286	80 29 19 64
4287	47 17 22 62
4288	25 13 78 46
4289	40 94 31 69
4290	53 39 57 87
4291	57 5 4 46
4292	9 86 24 92
4293	3 26 19 32
4294	57 29 75 38
4295	53 83 14 56
4296	76 96 43 17
4297	23 84 17 42
4298	44 2 76 77
4299	43 69 7 96
4300	63 61 81 16
4301	6 19 77 92
4302	48 12 85 89
4303	99 87 28 7
4304	82 52 65 86
4305	91 61 85 81
4306	82 74 42 21
4307	59 68 22 11
4308	19 29 11 51
4309	27 11 36 92
4310	83 53 52 48
4311	36 86 32 66
4312	70 54 90 91
4313	10 68 24 55
4314	87 8 18 82
4315	28 30 25 49
4316	49 83 78 68
4317	15 95 58 98
4318	99 6 36 52
4319	88 19 28 15
4320	50 41 80 84
4321	64 86 5 49
4322	58 23 21 100
4323	23 64 50 61
4324	69 16 75 37
4325	91 83 45 94
4326	85 44 77 72
4327	87 88 43 58
4328	22 57 87 86
4329	24 99 4 65
4330	3 51 45 68
4331	35 42 13 77
4332	95 78 43 45
4333	62 48 13 88
4334	83 53 23 99
4335	86 42 44 25
4336	52 58 4 20
4337	25 45 20 51
4338	41 97 9 50
4339	51 25 49 46
4340	7 24 32 98
4341	82 91 3 50
4342	48 3 14 28
4343	91 70 9 5
4344	10 22 83 15
4345	2 98 39 70
4346	14 73 64 62
4347	55 93 41 37
4348	29 86 42 47
4349	8 74 97 78
4350	36 53 6 73
4351	9 87 96 25
4352	15 48 39 92
4353	49 72 61 18
4354	21 64 80 46
4355	58 100 76 57
4356	95 64 25 45
4357	20 66 87 59
4358	24 16 33 58
4359	23 56 25 65
4360	20 40 77 72
4361	81 23 60 20
4362	63 74 79 48
4363	24 45 46 39
4364	63 74 66 56
4365	58 67 17 69
4366	96 46 35 37
4367	80 69 23 84
4368	61 74 19 51
4369	41 65 25 91
4370	77 8 78 33
4371	32 6 68 56
4372	20 90 55 71
4373	97 75 48 51
4374	29 85 18 72
4375	41 15 18 88
4376	42 87 59 15
4377	69 41 49 6
4378	95 50 73 92
4379	30 13 52 8
4380	46 44 79 33
4381	25 85 42 51
4382	25 86 29 54
4383	96 3 97 80
4384	46 13 32 17
4385	1 15 34 2
4386	74 32 92 33
4387	73 80 37 61
4388	25 3 42 27
4389	67 25 72 98
4390	38 98 48 83
4391	40 36 62 77
4392	41 2 75 24
4393	38 24 77 18
4394	48 34 25 9
4395	25 37 4 35
4396	32 42 24 41
4397	27 81 13 39
4398	13 6 23 67
4399	59 21 84 65
4400	58 28 20 38
4401	37 12 77 67
4402	74 10 85 6
4403	69 55 8 81
4404	27 49 32 40
4405	3 15 5 4
4406	65 12 56 33
4407	1 24 72 76
4408	77 81 80 1
4409	77 24 34 84
4410	26 33 54 73
4411	5 11 62 4
4412	43 85 99 86
4413	36 45 19 80
4414	56 99 23 26
4415	50 61 15 72
4416	48 42 21 72
4417	45 66 79 3
4418	12 9 23 18
4419	51 26 99 43
4420	87 100 88 96
4421	26 74 16 5
4422	76 99 12 17
4423	22 31 87 17
4424	92 16 96 24
4425	3 15 64 82
4426	46 18 100 60
4427	84 31 59 63
4428	5 6 36 94
4429	22 83 25 34
4430	46 21 78 8
4431	4 20 61 100
4432	85 59 77 73
4433	71 16 14 38
4434	58 72 20 37
4435	32 86 45 41
4436	62 16 25 49
4437	46 26 5 82
4438	16 60 21 90
4439	41 70 97 58
4440	40 97 82 58
4441	24 87 67 91
4442	35 51 6 38
4443	35 11 16 51
4444	26 45 67 16
4445	14 56 73 68
4446	11 24 93 65
4447	53 63 98 85
4448	91 93 97 14
4449	40 93 16 25
4450	56 67 35 1
4451	74 51 87 20
4452	17 98 95 64
4453	14 6 49 7
4454	73 69 38 81
4455	19 15 54 91
4456	93 59 55 26
4457	93 35 4 100
4458	74 52 49 48
4459	2 85 32 26
4460	45 86 57 27
4461	56 95 71 44
4462	50 25 80 36
4463	33 2 43 58
4464	96 31 36 16
4465	97 93 72 28
4466	65 71 100 82
4467	58 61 14 42
4468	25 97 89 73
4469	95 40 25 3
4470	69 29 15 100
4471	11 10 59 37
4472	79 54 5 63
4473	56 43 41 15
4474	52 85 38 48
4475	52 15 73 79
4476	36 73 75 45
4477	64 5 88 87
4478	12 59 82 91
4479	2 26 16 57
4480	95 23 45 85
4481	35 10 16 59
4482	20 13 66 63
4483	69 42 63 70
4484	22 30 52 84
4485	11 46 1 26
4486	35 86 24 44
4487	98 3 23 100
4488	1 80 36 19
4489	93 54 50 53
4490	17 83 27 12
4491	1 75 96 27
4492	34 76 70 78
4493	37 96 31 10
4494	88 44 61 67
4495	32 58 93 100
4496	61 81 2 74
4497	57 58 13 51
4498	77 48 33 100
4499	11 39 33 40
4500	37 21 51 34
4501	70 93 45 16
4502	76 13 86 67
4503	56 87 16 48
4504	31 58 72 67
4505	64 30 41 54
4506	53 9 96 46
4507	50 75 37 65
4508	73 47 32 12
4509	61 73 7 57
4510	83 43 67 48
4511	95 8 1 96
4512	89 91 54 35
4513	77 41 21 82
4514	82 55 18 42
4515	25 59 55 3
4516	32 28 75 58
4517	8 71 32 85
4518	25 62 39 22
4519	90 1 52 53
4520	95 72 100 46
4521	1 72 55 98
4522	92 55 14 97
4523	26 32 61 4
4524	76 9 36 8
4525	37 73 25 93
4526	10 17 96 47
4527	62 41 30 70
4528	3 43 18 51
4529	90 77 55 28
4530	8 95 63 12
4531	46 38 2 24
4532	6 63 84 23
4533	79 31 84 15
4534	45 20 15 46
4535	42 31 67 30
4536	1 29 47 45
4537	47 12 36 64
4538	42 1 16 84
4539	94 69 19 63
4540	51 41 44 35
4541	53 28 1 86
4542	12 79 65 2
4543	52 66 84 24
4544	48 20 74 11
4545	7 12 75 5
4546	33 25 5 63
4547	69 71 13 86
4548	33 47 1 98
4549	39 79 48 67
4550	10 38 16 53
4551	77 18 76 68
4552	15 14 23 16
4553	51 48 60 33
4554	43 35 11 16
4555	81 96 87 59
4556	71 54 39 3
4557	5 67 19 49
4558	53 73 23 86
4559	21 32 22 52
4560	48 20 58 3
4561	72 55 13 26
4562	12 54 10 91
4563	96 87 13 40
4564	78 51 27 23
4565	4 62 94 81
4566	69 98 40 24
4567	31 93 47 62
4568	34 30 93 15
4569	43 33 68 34
4570	40 73 37 17
4571	93 20 47 6
4572	40 37 35 98
4573	20 6 11 67
4574	79 89 9 82
4575	26 58 52 89
4576	53 90 87 89
4577	44 14 77 45
4578	65 72 95 29
4579	100 41 61 39
4580	67 75 77 65
4581	5 4 53 44
4582	61 20 17 21
4583	78 12 40 76
4584	74 75 22 47
4585	18 62 83 48
4586	76 12 47 13
4587	9 15 86 39
4588	68 38 62 28
4589	98 46 18 75
4590	17 61 43 96
4591	55 31 86 87
4592	59 82 1 83
4593	1 15 50 4
4594	55 74 64 7
4595	80 31 35 39
4596	4 8 32 87
4597	90 29 67 26
4598	23 71 92 41
4599	21 80 37 50
4600	51 95 18 48
4601	30 52 40 76
4602	74 94 41 7
4603	74 32 40 22
4604	6 75 43 9
4605	94 87 12 91
4606	12 39 69 31
4607	93 28 11 98
4608	80 71 30 1
4609	70 68 75 38
4610	95 59 62 58
4611	45 100 81 68
4612	39 21 36 13
4613	65 28 86 4
4614	11 70 58 96
4615	14 33 81 71
4616	89 42 52 77
4617	19 54 9 5
4618	1 11 46 42
4619	14 59 99 87
4620	79 52 5 40
4621	89 23 5 77
4622	30 25 23 59
4623	46 30 44 88
4624	54 8 24 57
4625	91 8 25 80
4626	42 45 97 73
4627	75 53 19 28
4628	69 57 100 30
4629	34 2 69 4
4630	74 99 73 100
4631	90 5 25 56
4632	63 86 10 74
4633	52 25 46 39
4634	15 88 44 95
4635	91 70 17 38
4636	79 91 68 20
4637	13 47 88 27
4638	55 16 19 100
4639	27 48 13 42
4640	14 84 91 44
4641	96 2 56 43
4642	12 31 80 14
4643	92 48 75 25
4644	42 11 47 2
4645	68 33 26 22
4646	13 37 27 78
4647	56 67 15 44
4648	76 33 86 82
4649	94 1 92 59
4650	66 6 10 97
4651	31 56 55 85
4652	97 86 10 4
4653	73 56 5 65
4654	59 88 67 33
4655	19 84 20 15
4656	15 34 29 33
4657	81 15 84 20
4658	83 65 66 84
4659	62 1 89 47
4660	65 13 4 47
4661	94 99 55 50
4662	18 32 13 44
4663	83 92 77 44
4664	20 46 74 11
4665	77 97 42 80
4666	82 40 83 74
4667	95 92 80 30
4668	33 34 28 37
4669	12 88 31 1
4670	67 21 23 84
4671	49 31 92 13
4672	20 49 16 25
4673	4 61 79 57
4674	62 12 10 49
4675	19 67 46 64
4676	28 32 76 1
4677	3 76 78 68
4678	97 67 92 4
4679	63 37 46 20
4680	12 45 15 73
4681	43 44 89 9
4682	21 94 16 29
4683	54 32 30 1
4684	86 82 60 64
4685	35 52 20 33
4686	87 27 49 64
4687	28 87 15 43
4688	90 1 39 31
4689	2 14 40 19
4690	90 8 24 82
4691	99 76 94 87
4692	84 73 88 70
4693	32 54 50 94
4694	41 65 84 51
4695	49 78 20 2
4696	63 100 33 95
4697	45 37 84 25
4698	47 44 32 29
4699	4 5 53 55
4700	20 25 62 76
4701	59 38 48 61
4702	24 38 16 14
4703	3 39 75 53
4704	65 71 18 66
4705	80 83 64 16
4706	30 7 3 77
4707	88 11 28 53
4708	69 29 95 100
4709	82 16 97 18
4710	40 77 54 45
4711	74 4 41 67
4712	20 9 75 11
4713	7 96 2 66
4714	89 56 86 87
4715	16 55 6 17
4716	7 40 17 32
4717	6 56 98 49
4718	7 15 16 93
4719	87 74 80 2
4720	50 53 24 87
4721	84 16 6 24
4722	49 94 10 22
4723	12 84 32 44
4724	24 84 10 72
4725	12 81 54 35
4726	19 66 28 47
4727	48 51 92 95
4728	90 60 61 82
4729	22 61 66 64
4730	78 17 85 44
4731	55 42 75 3
4732	51 59 5 11
4733	99 4 89 26
4734	61 42 63 54
4735	39 89 88 97
4736	96 13 91 66
4737	59 94 12 46
4738	47 24 88 37
4739	63 47 19 71
4740	71 56 68 20
4741	71 81 63 11
4742	2 76 60 62
4743	12 29 9 81
4744	16 87 46 80
4745	57 12 53 80
4746	11 30 38 1
4747	93 84 25 79
4748	73 47 1 64
4749	41 90 11 42
4750	75 35 38 39
4751	68 79 4 41
4752	62 2 97 99
4753	18 1 58 17
4754	65 92 27 74
4755	40 64 86 65
4756	85 14 100 90
4757	31 17 49 21
4758	11 92 9 14
4759	28 73 14 59
4760	40 80 25 14
4761	91 61 16 93
4762	50 34 84 81
4763	28 100 36 45
4764	86 3 98 18
4765	97 90 48 18
4766	68 95 96 76
4767	14 100 44 85
4768	7 37 59 80
4769	63 98 95 87
4770	81 67 55 45
4771	66 85 82 16
4772	51 19 61 82
4773	31 23 59 62
4774	58 48 54 34
4775	50 48 51 47
4776	42 6 36 94
4777	29 94 95 39
4778	76 53 13 24
4779	92 54 4 41
4780	87 67 36 69
4781	96 77 41 37
4782	68 63 22 79
4783	6 53 14 15
4784	33 90 74 1
4785	91 84 49 38
4786	2 40 67 47
4787	73 19 29 2
4788	33 10 93 52
4789	67 86 73 97
4790	80 52 3 99
4791	21 79 70 46
4792	89 78 46 74
4793	8 32 22 70
4794	73 67 21 68
4795	79 87 95 63
4796	71 30 52 22
4797	73 82 70 66
4798	92 54 11 94
4799	55 92 25 33
4800	41 43 54 2
4801	95 43 46 20
4802	39 64 62 27
4803	84 97 94 53
4804	17 37 24 45
4805	3 72 23 48
4806	17 27 79 60
4807	51 95 53 15
4808	43 76 49 92
4809	12 2 69 60
4810	94 61 97 64
4811	69 35 48 51
4812	12 59 40 72
4813	46 53 76 68
4814	93 1 14 22
4815	2 29 59 3
4816	75 23 98 15
4817	45 14 100 93
4818	20 19 86 57
4819	44 26 57 10
4820	62 16 2 48
4821	92 67 82 27
4822	13 65 55 69
4823	66 84 72 2
4824	12 15 10 61
4825	56 54 65 92
4826	67 58 20 25
4827	58 25 70 93
4828	86 79 36 37
4829	41 89 93 79
4830	4 74 67 51
4831	62 73 48 37
4832	18 45 82 60
4833	15 43 74 21
4834	10 42 34 4
4835	20 72 28 48
4836	83 35 27 48
4837	12 25 13 9
4838	29 27 14 59
4839	93 36 26 100
4840	78 40 84 77
4841	8 16 61 67
4842	33 72 23 19
4843	91 100 89 95
4844	51 96 24 94
4845	28 99 43 12
4846	2 10 39 51
4847	26 27 5 2
4848	82 20 45 42
4849	47 67 40 82
4850	29 67 25 66
4851	84 25 24 37
4852	77 41 10 50
4853	53 29 19 5
4854	5 68 14 34
4855	88 77 33 36
4856	63 66 9 88
4857	89 7 56 65
4858	8 62 20 40
4859	59 69 49 57
4860	61 60 6 88
4861	37 26 48 85
4862	59 30 12 41
4863	2 14 94 67
4864	10 68 74 89
4865	100 3 43 32
4866	94 34 70 79
4867	67 6 16 31
4868	30 36 64 44
4869	53 42 64 33
4870	43 58 8 33
4871	35 19 40 99
4872	77 22 53 99
4873	5 59 49 37
4874	77 37 87 29
4875	57 10 18 43
4876	8 7 23 50
4877	77 58 31 85
4878	21 91 51 41
4879	87 78 88 14
4880	74 6 27 31
4881	48 89 25 21
4882	23 68 72 33
4883	86 58 4 75
4884	35 26 31 29
4885	57 91 61 41
4886	75 30 57 90
4887	30 41 73 19
4888	59 9 24 64
4889	85 44 8 32
4890	33 70 59 4
4891	44 14 2 73
4892	14 51 72 6
4893	79 55 72 35
4894	61 88 11 44
4895	46 23 52 2
4896	24 9 48 31
4897	84 25 59 15
4898	15 45 41 32
4899	53 100 5 34
4900	69 12 95 64
4901	60 48 26 27
4902	85 36 73 11
4903	47 97 62 13
4904	14 10 94 43
4905	22 23 62 39
4906	17 98 72 27
4907	11 70 46 35
4908	18 98 51 38
4909	42 47 52 77
4910	83 100 37 73
4911	36 75 68 97
4912	94 12 99 63
4913	59 63 78 81
4914	13 55 35 50
4915	27 12 10 57
4916	4 35 6 19
4917	51 19 14 18
4918	95 51 65 59
4919	2 58 8 61
4920	71 20 26 89
4921	11 72 6 61
4922	39 81 35 69
4923	95 99 79 41
4924	48 75 74 63
4925	89 73 6 55
4926	25 41 22 35
4927	70 97 78 5
4928	26 94 92 5
4929	67 94 64 43
4930	8 7 54 79
4931	39 57 47 48
4932	80 58 76 69
4933	87 98 15 92
4934	73 25 100 4
4935	47 98 91 54
4936	39 37 68 60
4937	32 43 9 61
4938	60 34 53 41
4939	72 100 27 43
4940	67 2 66 39
4941	84 1 79 39
4942	73 51 24 8
4943	8 5 60 62
4944	98 99 74 8
4945	51 25 3 96
4946	57 60 6 9
4947	82 45 20 93
4948	56 27 81 61
4949	80 35 79 99
4950	94 88 100 18
4951	51 15 5 71
4952	16 57 94 86
4953	1 92 29 42
4954	59 48 80 97
4955	83 65 19 20
4956	81 12 2 72
4957	10 3 94 39
4958	70 30 18 25
4959	65 4 89 76
4960	20 76 84 5
4961	13 70 36 34
4962	98 85 57 55
4963	88 89 19 15
4964	10 93 7 74
4965	62 48 28 30
4966	37 77 100 63
4967	45 17 55 34
4968	77 93 35 25
4969	77 54 51 21
4970	93 36 7 87
4971	42 93 90 41
4972	1 65 46 49
4973	73 33 8 99
4974	53 45 7 26
4975	81 64 96 92
4976	30 34 7 23
4977	22 37 8 39
4978	63 37 29 71
4979	94 71 13 81
4980	63 89 90 35
4981	96 70 43 12
4982	88 17 25 50
4983	39 76 100 75
4984	72 4 45 78
4985	83 36 57 62
4986	51 93 56 48
4987	44 45 11 25
4988	27 79 80 76
4989	13 5 41 89
4990	83 52 11 54
4991	47 6 48 97
4992	71 96 1 11
4993	50 52 81 77
4994	83 89 15 96
4995	81 100 97 52
4996	20 61 22 13
4997	26 23 75 18
4998	22 20 30 1
4999	92 45 24 1
5000	97 55 2 22
