Students	5000
1	35 76 38 14
2	43 22 83 78
3	37 14 96 52
4	96 79 74 62
5	99 38 96 61
6	99 67 44 49
7	64 29 20 34
8	78 72 97 8
9	70 82 33 22
10	70 93 72 99
11	66 24 19 29
12	60 97 72 22
13	5 45 15 9
14	56 51 90 35
15	13 58 92 53
16	76 74 24 83
17	17 76 67 26
18	97 33 10 71
19	17 81 7 49
20	35 62 25 17
21	2 57 25 85
22	90 64 7 5
23	29 63 88 96
24	51 29 53 35
25	27 63 87 54
26	63 17 18 87
27	62 83 67 18
28	91 81 78 38
29	37 62 56 67
30	26 1 30 83
31	31 9 13 94
32	74 92 27 9
33	64 63 80 3
34	57 86 42 62
35	16 14 83 52
36	69 1 18 2
37	28 85 1 63
38	45 49 18 23
39	80 32 1 93
40	65 64 41 100
41	94 89 14 42
42	79 91 22 33
43	35 56 55 82
44	4 88 97 62
45	95 70 72 53
46	81 37 32 76
47	39 31 56 2
48	28 83 96 94
49	77 87 74 5
50	68 64 56 82
51	54 85 81 83
52	77 25 61 91
53	87 17 43 73
54	57 4 93 81
55	70 60 67 86
56	8 87 67 10
57	71 19 66 38
58	67 49 69 30
59	75 98 18 96
60	63 60 69 40
61	22 40 42 80
62	95 19 75 38
63	41 9 10 93
64	92 23 89 37
65	80 36 71 14
66	83 3 82 19
67	89 41 65 54
68	83 25 7 32
69	7 77 10 15
70	16 71 88 19
71	30 100 59 54
72	25 18 63 7
73	69 81 43 89
74	85 12 9 8
75	78 90 8 59
76	6 7 31 53
77	39 92 10 75
78	55 15 13 80
79	94 88 73 24
80	21 28 5 67
81	31 62 60 64
82	20 22 83 42
83	74 100 7 76
84	83 16 23 50
85	27 42 39 62
86	35 95 100 21
87	23 88 84 54
88	52 48 55 44
89	4 87 78 61
90	99 87 33 34
91	61 70 28 21
92	48 79 55 37
93	25 18 24 41
94	7 9 75 68
95	80 75 74 55
96	26 87 55 88
97	38 78 24 25
98	63 4 32 25
99	60 29 7 82
100	15 48 20 66
101	94 66 77 78
102	83 64 19 78
103	85 60 47 22
104	76 17 2 96
105	55 59 42 82
106	80 15 14 42
107	75 73 36 71
108	67 24 5 57
109	32 43 51 26
110	54 16 43 1
111	6 50 100 99
112	80 65 21 5
113	92 60 35 53
114	82 69 97 66
115	34 78 54 23
116	83 8 77 60
117	6 88 71 96
118	90 70 54 38
119	86 53 93 82
120	79 96 25 62
121	76 75 91 39
122	87 89 21 51
123	85 83 27 14
124	10 98 88 81
125	61 14 9 87
126	81 4 33 94
127	25 50 60 6
128	80 67 1 40
129	48 11 33 18
130	53 97 24 43
131	71 18 32 13
132	83 44 79 2
133	16 64 83 40
134	81 6 26 45
135	69 34 77 51
136	9 34 72 69
137	79 25 95 71
138	20 51 12 8
139	6 98 40 31
140	62 74 4 18
141	82 39 47 4
142	50 84 32 36
143	72 12 43 74
144	7 54 5 68
145	71 62 46 32
146	71 32 22 18
147	9 41 8 27
148	12 92 77 65
149	87 17 46 54
150	68 45 95 76
151	37 23 71 88
152	80 42 57 24
153	51 36 89 77
154	5 40 25 3
155	9 23 37 77
156	71 6 70 62
157	15 99 8 81
158	12 30 98 69
159	36 26 76 38
160	59 80 86 15
161	27 64 6 29
162	74 69 79 58
163	100 48 55 77
164	35 12 24 26
165	49 16 18 36
166	39 28 33 84
167	79 5 4 43
168	39 97 26 42
169	19 12 15 73
170	94 62 30 11
171	55 26 87 77
172	50 29 99 7
173	70 5 33 13
174	95 43 46 92
175	65 58 11 46
176	50 46 23 73
177	39 65 19 94
178	33 43 91 23
179	23 85 18 91
180	93 91 83 96
181	63 42 67 85
182	10 8 87 62
183	28 50 68 35
184	87 86 12 45
185	61 79 97 29
186	24 38 43 5
187	44 90 41 69
188	34 6 46 36
189	39 33 67 89
190	37 2 74 51
191	70 4 5 73
192	53 86 2 93
193	91 51 72 6
194	27 100 85 14
195	52 91 7 8
196	41 89 87 39
197	55 67 36 97
198	64 7 40 82
199	44 28 85 2
200	71 88 67 46
201	98 21 18 27
202	93 19 90 41
203	60 65 70 100
204	26 21 35 42
205	84 53 91 30
206	57 54 12 74
207	39 36 14 9
208	21 11 5 44
209	88 71 16 29
210	95 10 7 18
211	76 62 92 68
212	5 35 1 40
213	77 26 55 89
214	40 87 54 100
215	98 31 85 47
216	17 99 4 21
217	65 30 97 100
218	52 97 22 17
219	76 91 61 97
220	28 53 16 29
221	77 12 33 79
222	14 61 6 3
223	15 61 92 90
224	40 11 38 16
225	84 5 28 75
226	4 57 25 80
227	25 85 19 68
228	85 30 70 53
229	16 7 56 96
230	44 81 67 38
231	98 29 94 56
232	68 69 47 4
233	77 31 26 90
234	86 12 36 34
235	80 94 66 85
236	2 10 84 80
237	80 10 76 85
238	55 7 13 58
239	78 76 70 81
240	94 73 92 6
241	50 49 35 98
242	36 96 60 13
243	36 62 60 84
244	94 69 50 32
245	77 21 31 13
246	54 10 53 39
247	100 83 78 2
248	62 15 96 5
249	40 46 34 31
250	78 82 53 68
251	48 33 6 15
252	39 41 3 71
253	50 94 51 8
254	7 33 9 35
255	10 35 66 7
256	94 19 54 59
257	33 97 37 96
258	42 13 85 29
259	37 89 83 9
260	43 6 90 60
261	56 44 42 47
262	8 37 57 98
263	95 82 88 34
264	40 12 63 86
265	14 87 59 34
266	54 93 50 42
267	23 98 97 73
268	56 65 67 77
269	17 64 8 35
270	40 21 50 79
271	45 8 17 97
272	14 78 85 74
273	94 31 72 78
274	70 18 55 29
275	41 71 86 42
276	94 84 65 56
277	27 82 63 46
278	41 30 91 63
279	75 84 19 67
280	62 70 30 43
281	89 49 28 87
282	33 83 26 90
283	39 72 56 61
284	62 11 61 43
285	10 25 57 24
286	39 28 83 44
287	20 64 72 69
288	34 8 1 3
289	94 58 20 6
290	39 60 34 43
291	35 49 21 15
292	85 58 94 67
293	85 6 38 20
294	30 69 28 73
295	62 91 86 95
296	63 96 4 2
297	45 51 77 69
298	34 8 83 53
299	1 56 42 83
300	70 6 32 92
301	13 91 80 65
302	88 56 37 25
303	26 12 99 73
304	100 81 44 84
305	8 10 47 16
306	97 73 3 14
307	28 54 9 99
308	89 76 3 46
309	1 86 69 88
310	13 15 28 57
311	16 94 95 99
312	13 86 81 23
313	19 38 17 64
314	92 57 10 4
315	60 71 83 76
316	48 6 50 53
317	99 44 34 38
318	93 29 50 71
319	26 81 72 6
320	4 48 90 93
321	31 71 24 98
322	68 67 82 98
323	19 84 74 66
324	34 98 3 88
325	69 55 97 12
326	61 11 53 98
327	57 32 60 82
328	1 19 98 79
329	16 5 6 46
330	76 81 21 9
331	42 85 11 37
332	83 81 7 78
333	71 18 98 77
334	24 70 32 56
335	62 25 76 91
336	60 94 33 81
337	40 6 73 46
338	68 64 24 13
339	13 27 14 94
340	84 20 35 16
341	30 52 38 37
342	96 81 69 27
343	81 4 74 92
344	18 49 14 30
345	17 14 30 51
346	23 26 84 93
347	10 91 80 53
348	97 8 2 51
349	94 49 63 73
350	92 97 7 25
351	73 9 86 96
352	93 27 89 3
353	48 89 27 66
354	41 34 87 24
355	74 5 76 31
356	73 83 37 59
357	22 79 68 23
358	42 85 40 71
359	62 27 19 4
360	3 81 16 26
361	12 70 73 36
362	44 30 10 41
363	32 14 50 77
364	89 95 65 88
365	7 21 83 92
366	19 62 45 6
367	87 74 25 63
368	57 41 48 42
369	54 80 29 33
370	3 24 54 58
371	19 82 55 32
372	5 1 61 41
373	56 74 100 9
374	49 56 19 47
375	42 54 38 48
376	91 51 49 20
377	30 51 84 12
378	75 26 72 97
379	54 51 29 37
380	63 11 34 78
381	53 19 88 2
382	61 10 8 97
383	71 39 26 98
384	67 91 23 53
385	26 64 78 74
386	47 51 1 44
387	28 77 80 27
388	46 27 12 51
389	67 18 61 2
390	16 43 24 59
391	77 46 58 16
392	68 12 90 95
393	82 33 1 51
394	22 83 28 66
395	43 100 1 57
396	70 43 9 5
397	71 81 87 12
398	43 35 16 46
399	62 60 48 32
400	73 58 96 97
401	16 26 89 61
402	19 4 81 89
403	80 18 73 86
404	97 88 24 92
405	87 51 66 10
406	5 30 37 51
407	71 23 38 16
408	4 74 9 57
409	34 47 32 82
410	62 98 40 20
411	99 18 34 98
412	18 46 20 94
413	53 57 100 91
414	39 38 90 30
415	64 33 8 15
416	10 40 15 93
417	19 30 99 1
418	42 90 23 13
419	71 78 29 82
420	83 69 48 47
421	93 12 11 92
422	91 81 96 33
423	11 51 81 97
424	73 30 67 80
425	2 48 71 87
426	2 66 78 76
427	97 24 63 45
428	13 52 5 46
429	55 33 16 98
430	81 1 9 10
431	17 9 48 97
432	20 15 53 4
433	13 92 99 94
434	68 65 71 12
435	74 87 11 51
436	55 25 73 86
437	65 43 86 32
438	78 30 35 99
439	19 96 24 18
440	61 37 16 20
441	34 89 28 75
442	22 13 58 66
443	51 45 52 12
444	40 23 81 57
445	20 27 59 70
446	39 80 50 93
447	48 72 15 49
448	67 77 60 75
449	47 16 85 27
450	59 44 25 57
451	85 80 37 12
452	59 64 22 44
453	27 7 69 46
454	65 21 41 28
455	72 63 48 75
456	19 47 75 82
457	38 29 26 100
458	99 15 40 7
459	1 79 21 9
460	32 80 10 52
461	99 36 2 84
462	16 38 36 8
463	33 39 89 32
464	82 72 67 29
465	8 36 13 86
466	11 77 30 16
467	60 76 46 93
468	38 70 99 20
469	11 47 31 38
470	44 2 80 48
471	90 19 67 81
472	46 49 90 20
473	3 77 61 41
474	71 76 70 87
475	94 46 69 95
476	41 7 49 13
477	100 11 44 91
478	48 17 23 3
479	2 32 75 9
480	58 4 34 2
481	85 26 66 77
482	37 34 26 2
483	69 90 3 4
484	78 18 66 45
485	74 75 9 13
486	30 49 28 69
487	44 100 11 45
488	58 4 23 40
489	43 28 79 24
490	75 70 35 71
491	30 77 57 33
492	18 77 34 85
493	7 54 98 86
494	76 98 10 48
495	12 29 62 55
496	85 62 4 99
497	59 78 37 11
498	86 66 50 4
499	82 100 11 21
500	81 55 82 90
501	57 35 10 39
502	38 3 80 100
503	97 25 93 91
504	63 55 58 61
505	54 32 71 64
506	37 39 68 66
507	53 76 47 33
508	95 56 28 92
509	97 3 55 91
510	64 100 93 87
511	77 8 41 43
512	72 95 6 64
513	80 89 46 30
514	79 89 74 77
515	96 16 94 86
516	3 44 62 28
517	84 90 79 14
518	18 21 93 71
519	62 3 40 72
520	28 60 82 44
521	30 80 90 18
522	8 50 59 26
523	21 22 81 15
524	85 7 50 72
525	52 55 38 92
526	44 37 52 75
527	95 2 96 66
528	70 72 100 67
529	70 19 42 29
530	69 26 81 9
531	28 85 53 30
532	7 86 66 75
533	100 13 22 71
534	97 60 45 51
535	16 14 61 24
536	20 65 47 16
537	75 78 34 70
538	11 16 45 48
539	23 97 40 14
540	44 41 53 50
541	27 44 89 97
542	72 69 59 40
543	65 14 96 91
544	17 40 31 55
545	50 36 72 86
546	87 13 85 5
547	75 8 39 27
548	15 13 12 52
549	46 26 95 65
550	12 98 4 69
551	72 62 87 32
552	32 26 37 68
553	18 91 51 9
554	4 73 32 37
555	13 80 42 7
556	9 81 27 29
557	65 42 52 8
558	43 35 48 4
559	94 91 18 49
560	56 2 28 98
561	100 37 66 49
562	73 20 29 15
563	22 72 75 71
564	37 19 43 21
565	81 91 94 47
566	51 99 21 8
567	89 44 76 28
568	11 47 17 48
569	41 53 45 71
570	6 49 32 63
571	5 91 76 69
572	33 9 54 27
573	48 14 100 61
574	22 28 27 26
575	74 8 19 60
576	69 81 74 94
577	30 49 77 17
578	21 66 55 78
579	40 72 76 36
580	82 55 40 15
581	60 26 31 18
582	9 41 37 87
583	3 1 78 90
584	89 24 10 45
585	63 30 67 7
586	90 26 6 55
587	5 32 19 99
588	96 62 4 11
589	10 74 25 22
590	83 7 77 35
591	39 51 19 45
592	56 42 83 28
593	1 15 84 94
594	90 10 64 97
595	6 41 89 88
596	18 10 72 23
597	59 80 99 21
598	98 96 5 64
599	53 32 35 88
600	52 20 94 12
601	74 72 37 94
602	8 99 45 38
603	52 78 80 95
604	77 87 86 48
605	82 26 16 34
606	38 33 84 97
607	100 91 10 45
608	15 18 3 57
609	72 12 37 66
610	37 81 8 36
611	55 1 60 35
612	62 28 58 10
613	29 24 61 42
614	90 33 35 62
615	38 30 99 64
616	37 54 25 9
617	90 93 96 78
618	34 63 62 94
619	69 95 85 63
620	57 10 24 83
621	54 16 70 87
622	88 41 97 10
623	14 82 89 50
624	48 69 57 14
625	62 89 11 7
626	72 18 97 43
627	50 46 16 88
628	88 47 55 50
629	68 74 76 48
630	85 49 59 30
631	96 41 75 26
632	44 23 81 77
633	38 67 78 39
634	40 23 24 50
635	57 83 71 46
636	39 43 65 38
637	59 19 13 17
638	100 26 6 14
639	75 86 15 68
640	91 66 97 43
641	55 29 96 100
642	49 48 41 97
643	80 48 87 63
644	69 56 80 95
645	26 39 31 49
646	93 17 28 14
647	6 56 97 76
648	82 46 34 28
649	59 61 5 81
650	86 26 100 83
651	1 42 18 83
652	3 5 4 40
653	91 42 64 24
654	10 61 51 41
655	30 22 92 10
656	69 93 91 56
657	11 45 6 98
658	68 79 11 87
659	84 86 40 91
660	32 92 44 59
661	25 89 16 74
662	58 72 30 69
663	21 15 18 61
664	40 33 53 67
665	44 85 17 48
666	45 23 35 62
667	4 67 98 88
668	74 37 70 43
669	66 6 23 51
670	42 55 76 23
671	39 80 99 79
672	84 36 15 14
673	89 16 97 11
674	27 25 100 97
675	99 48 68 50
676	44 24 34 19
677	50 14 89 90
678	9 33 85 15
679	50 34 44 73
680	79 17 41 91
681	67 15 62 51
682	55 51 5 52
683	64 53 25 63
684	41 40 69 96
685	98 11 5 46
686	74 51 58 16
687	22 14 93 75
688	84 40 45 91
689	23 37 3 59
690	66 53 25 71
691	72 20 54 98
692	49 30 58 28
693	14 25 36 13
694	55 40 71 42
695	27 5 84 69
696	100 82 59 39
697	92 63 59 71
698	63 95 96 86
699	1 20 76 98
700	71 50 100 69
701	80 29 87 61
702	93 83 6 44
703	90 89 10 39
704	68 29 33 35
705	92 68 11 39
706	39 33 83 97
707	65 96 16 36
708	1 53 62 39
709	67 14 58 83
710	76 10 39 68
711	79 94 86 2
712	98 59 62 41
713	71 8 36 58
714	42 38 60 69
715	52 15 48 61
716	30 76 13 40
717	92 8 55 74
718	50 83 11 42
719	90 71 59 13
720	69 36 60 3
721	97 4 93 95
722	91 62 25 34
723	11 32 51 19
724	99 93 64 66
725	35 57 21 61
726	48 4 77 73
727	27 44 70 17
728	63 7 65 54
729	4 78 3 39
730	99 88 80 94
731	7 70 19 45
732	66 96 62 49
733	67 83 1 3
734	36 39 74 16
735	24 45 4 9
736	89 56 23 31
737	12 19 91 33
738	84 63 30 89
739	97 17 35 61
740	92 3 43 8
741	20 31 29 61
742	26 70 9 89
743	22 10 70 44
744	3 2 74 51
745	89 63 7 86
746	80 15 9 93
747	76 68 22 42
748	87 33 75 26
749	75 92 47 84
750	62 7 4 27
751	23 76 50 51
752	54 82 46 40
753	96 83 21 8
754	42 52 30 58
755	79 34 91 56
756	31 83 89 21
757	86 31 23 51
758	56 1 92 73
759	55 17 64 63
760	45 66 44 42
761	77 60 91 68
762	24 31 38 47
763	95 62 91 10
764	11 55 88 52
765	69 98 38 30
766	26 18 67 65
767	16 52 87 39
768	64 1 54 55
769	41 94 46 61
770	92 91 42 95
771	32 83 46 45
772	28 84 54 60
773	23 62 94 37
774	13 2 6 78
775	77 91 92 93
776	19 51 52 9
777	25 66 58 52
778	29 23 4 34
779	88 41 7 81
780	96 41 84 17
781	11 41 68 74
782	73 68 53 30
783	65 13 47 7
784	18 46 85 41
785	46 36 97 29
786	73 27 42 51
787	9 62 5 52
788	81 91 90 20
789	39 37 47 48
790	81 1 77 88
791	96 76 92 36
792	79 20 38 61
793	4 100 39 95
794	76 51 67 36
795	73 14 82 48
796	75 36 59 93
797	88 11 10 82
798	16 55 39 46
799	29 96 27 84
800	1 40 68 69
801	21 75 89 62
802	69 100 39 1
803	89 37 87 29
804	29 79 77 54
805	100 86 82 37
806	77 50 92 60
807	65 38 25 76
808	81 57 39 80
809	100 70 18 64
810	85 50 56 92
811	3 25 69 15
812	99 84 93 18
813	55 83 43 94
814	55 83 78 52
815	6 86 17 100
816	15 84 50 23
817	30 94 47 25
818	88 38 15 86
819	61 82 55 57
820	26 9 87 46
821	22 53 46 58
822	77 44 58 6
823	93 66 6 64
824	72 55 87 88
825	78 98 2 23
826	89 84 94 49
827	90 79 37 100
828	23 18 71 93
829	56 27 60 80
830	12 26 76 42
831	75 6 41 74
832	6 20 100 33
833	30 64 57 10
834	77 31 44 57
835	90 25 16 74
836	57 52 20 89
837	44 83 77 59
838	41 74 34 71
839	70 16 72 83
840	5 7 79 35
841	84 60 55 83
842	65 90 63 40
843	17 37 34 69
844	43 11 66 76
845	13 70 43 18
846	34 42 5 58
847	6 75 15 28
848	31 63 19 95
849	89 55 99 75
850	2 57 64 66
851	89 15 80 49
852	39 56 14 3
853	67 16 62 18
854	52 89 30 31
855	59 12 39 28
856	32 30 45 17
857	42 26 20 4
858	18 94 65 98
859	14 35 22 43
860	40 80 33 91
861	2 51 94 63
862	97 46 57 99
863	24 28 27 84
864	79 27 40 86
865	85 24 76 56
866	53 8 42 76
867	77 10 52 73
868	16 10 75 47
869	57 23 19 86
870	35 71 20 84
871	5 51 44 78
872	78 16 22 67
873	38 41 20 28
874	4 93 80 46
875	69 63 56 60
876	72 76 58 36
877	31 10 47 79
878	59 58 60 23
879	63 22 59 97
880	34 99 35 96
881	20 21 55 98
882	39 72 11 56
883	94 31 42 70
884	85 72 32 69
885	47 61 18 17
886	30 63 11 31
887	100 63 16 84
888	47 56 51 64
889	7 57 23 39
890	37 30 53 94
891	82 36 38 42
892	22 8 18 45
893	55 22 76 29
894	89 88 11 45
895	80 46 59 89
896	35 29 51 62
897	1 60 37 30
898	16 31 53 67
899	68 85 55 6
900	2 60 70 83
901	79 97 76 42
902	54 78 4 91
903	6 56 79 76
904	1 20 67 57
905	47 32 82 61
906	75 71 89 77
907	66 76 41 62
908	40 43 93 79
909	35 47 50 56
910	51 43 13 68
911	39 22 4 50
912	45 76 95 74
913	73 9 55 35
914	85 69 49 68
915	73 60 48 65
916	33 37 35 82
917	56 50 68 32
918	84 75 51 16
919	7 70 50 57
920	23 32 71 24
921	7 74 5 46
922	69 98 90 96
923	47 75 9 12
924	2 62 49 60
925	73 7 40 91
926	4 46 38 52
927	47 75 19 9
928	44 58 87 56
929	79 4 92 55
930	10 58 33 34
931	8 47 60 16
932	9 65 38 79
933	99 50 13 32
934	37 3 4 69
935	64 91 24 93
936	92 98 23 34
937	74 55 45 27
938	5 76 72 87
939	27 74 86 39
940	55 70 72 31
941	66 92 74 58
942	47 74 8 92
943	14 86 61 91
944	63 77 59 17
945	96 88 27 92
946	9 88 24 40
947	44 39 3 100
948	72 37 62 56
949	80 64 26 39
950	77 9 61 3
951	94 11 87 8
952	47 2 13 78
953	42 96 72 89
954	86 97 72 30
955	92 31 94 83
956	60 62 20 3
957	54 32 84 66
958	19 17 35 62
959	83 72 87 11
960	83 72 59 69
961	28 25 98 58
962	63 7 67 32
963	67 89 23 6
964	52 26 46 6
965	33 58 76 2
966	69 90 56 6
967	53 25 12 55
968	44 32 27 74
969	77 59 89 10
970	44 15 67 2
971	60 24 34 54
972	29 62 52 96
973	30 80 82 18
974	49 67 8 66
975	92 7 19 82
976	84 64 8 80
977	75 97 52 34
978	2 1 44 18
979	58 37 63 92
980	65 96 54 45
981	70 16 100 45
982	94 85 97 29
983	41 23 14 72
984	29 34 89 35
985	20 19 63 3
986	4 77 50 72
987	85 33 25 38
988	52 54 56 61
989	23 29 49 40
990	39 34 60 75
991	24 9 94 78
992	2 94 70 97
993	59 29 95 50
994	35 78 80 21
995	46 5 61 96
996	95 4 38 51
997	15 68 24 20
998	84 83 38 16
999	63 73 93 40
1000	80 79 34 40
1001	93 33 71 63
1002	100 19 51 4
1003	94 23 85 97
1004	79 8 16 29
1005	12 20 75 79
1006	34 20 5 14
1007	70 20 86 37
1008	93 89 38 74
1009	85 13 78 11
1010	35 73 3 41
1011	98 82 63 14
1012	86 96 24 69
1013	98 5 4 59
1014	28 55 91 87
1015	9 62 10 5
1016	22 77 98 20
1017	1 75 69 28
1018	58 43 35 12
1019	24 99 14 56
1020	88 62 1 41
1021	43 30 33 60
1022	95 92 41 69
1023	1 49 48 12
1024	28 65 75 97
1025	27 56 78 55
1026	79 84 43 31
1027	84 51 24 87
1028	96 9 77 6
1029	92 85 63 9
1030	84 78 22 70
1031	83 68 72 3
1032	76 86 75 8
1033	86 3 91 61
1034	61 4 47 16
1035	14 87 15 82
1036	51 24 14 76
1037	47 19 6 45
1038	13 87 17 68
1039	13 51 90 79
1040	37 13 95 41
1041	14 33 85 15
1042	84 8 88 75
1043	20 47 53 80
1044	99 39 45 66
1045	80 43 19 59
1046	44 7 5 86
1047	57 15 62 19
1048	9 97 60 13
1049	94 76 71 7
1050	27 12 16 88
1051	65 34 73 44
1052	16 99 34 9
1053	95 46 94 16
1054	59 68 36 85
1055	60 63 58 23
1056	95 80 87 4
1057	70 12 99 21
1058	38 18 8 72
1059	88 48 73 30
1060	20 61 48 7
1061	57 65 21 33
1062	61 41 28 99
1063	30 60 53 8
1064	67 89 49 46
1065	90 85 54 17
1066	52 27 74 37
1067	12 77 50 95
1068	61 28 10 24
1069	41 37 43 76
1070	25 89 91 37
1071	65 59 66 93
1072	84 42 44 31
1073	92 55 49 36
1074	98 82 9 11
1075	99 62 36 100
1076	9 38 25 70
1077	72 92 59 7
1078	1 71 15 53
1079	99 42 27 80
1080	73 70 68 81
1081	43 4 99 83
1082	73 21 31 44
1083	49 67 50 34
1084	37 6 83 51
1085	65 95 93 60
1086	85 68 17 55
1087	9 85 52 39
1088	36 85 38 58
1089	16 76 75 51
1090	21 31 68 75
1091	20 75 33 30
1092	91 87 2 80
1093	63 98 89 5
1094	39 30 6 68
1095	47 36 56 48
1096	27 30 88 12
1097	53 80 61 19
1098	24 60 38 77
1099	100 99 11 55
1100	12 46 40 17
1101	13 31 50 69
1102	29 60 65 24
1103	39 79 44 64
1104	87 66 10 31
1105	19 35 56 91
1106	28 36 94 96
1107	77 52 22 34
1108	100 75 78 93
1109	36 11 79 60
1110	22 56 49 13
1111	24 21 4 89
1112	53 84 74 58
1113	90 42 39 59
1114	52 4 10 6
1115	6 2 76 14
1116	11 84 99 72
1117	79 5 69 29
1118	27 83 32 61
1119	88 41 47 98
1120	59 89 69 18
1121	3 17 49 69
1122	94 30 39 26
1123	14 3 76 88
1124	98 62 73 1
1125	57 9 43 6
1126	70 100 1 64
1127	53 76 15 55
1128	31 76 2 44
1129	68 98 75 82
1130	48 78 63 30
1131	45 95 8 5
1132	51 54 61 13
1133	9 16 68 25
1134	29 43 32 40
1135	41 73 65 43
1136	76 57 28 13
1137	82 61 100 66
1138	30 92 10 13
1139	89 38 98 34
1140	26 27 77 56
1141	53 3 51 66
1142	86 79 95 14
1143	89 52 37 27
1144	78 28 49 3
1145	46 82 14 24
1146	50 95 20 16
1147	91 20 94 56
1148	13 75 14 80
1149	26 38 45 24
1150	46 77 15 38
1151	65 29 75 22
1152	66 9 57 65
1153	77 81 42 69
1154	46 80 1 61
1155	76 81 61 48
1156	96 3 58 40
1157	64 50 5 47
1158	85 54 5 25
1159	67 5 6 15
1160	75 28 71 2
1161	88 62 90 42
1162	78 12 66 100
1163	43 97 20 98
1164	91 56 55 94
1165	54 98 17 40
1166	58 14 60 72
1167	17 58 91 45
1168	68 82 41 61
1169	38 23 47 87
1170	54 94 82 43
1171	99 65 60 19
1172	22 14 23 38
1173	40 69 28 87
1174	39 25 89 7
1175	50 68 94 46
1176	16 77 47 89
1177	81 37 7 50
1178	96 97 18 98
1179	79 64 52 90
1180	20 61 77 22
1181	88 65 69 90
1182	38 58 93 87
1183	63 41 14 31
1184	99 34 3 4
1185	65 6 66 59
1186	33 12 40 20
1187	63 36 88 9
1188	2 17 95 26
1189	13 45 96 18
1190	41 96 84 22
1191	52 16 56 39
1192	76 53 81 26
1193	21 3 75 29
1194	54 56 34 58
1195	6 63 29 64
1196	80 24 78 98
1197	85 35 72 18
1198	69 74 25 97
1199	70 83 91 64
1200	78 45 85 70
1201	41 18 98 77
1202	84 33 81 30
1203	4 35 80 63
1204	10 71 80 15
1205	28 48 26 15
1206	33 42 89 57
1207	77 4 21 76
1208	73 37 45 76
1209	60 86 41 49
1210	41 23 73 6
1211	13 35 31 54
1212	90 49 58 40
1213	21 34 74 52
1214	74 40 2 82
1215	57 21 15 10
1216	41 96 38 60
1217	85 18 38 73
1218	40 63 5 67
1219	98 84 72 32
1220	18 62 26 31
1221	50 83 95 53
1222	87 22 99 16
1223	92 74 86 45
1224	67 10 69 45
1225	53 39 85 80
1226	58 32 86 64
1227	50 73 8 37
1228	25 43 5 86
1229	82 6 57 70
1230	86 46 53 4
1231	16 76 55 50
1232	8 23 48 56
1233	60 14 75 30
1234	41 12 28 35
1235	25 57 4 10
1236	61 94 82 22
1237	79 19 42 78
1238	94 98 84 8
1239	18 76 54 93
1240	4 66 70 86
1241	19 78 35 54
1242	51 58 70 65
1243	99 28 24 21
1244	96 54 44 53
1245	90 13 38 97
1246	11 73 64 86
1247	1 68 60 72
1248	70 2 80 1
1249	71 42 31 51
1250	69 14 64 62
1251	3 39 95 26
1252	100 49 20 58
1253	25 73 41 29
1254	78 25 87 75
1255	11 80 2 40
1256	44 33 51 6
1257	82 46 53 54
1258	71 54 35 92
1259	44 56 19 7
1260	60 50 84 2
1261	4 73 58 7
1262	2 51 12 1
1263	89 39 78 85
1264	7 96 94 28
1265	19 30 88 78
1266	20 53 34 98
1267	15 19 99 77
1268	8 88 71 4
1269	7 84 14 27
1270	58 42 56 35
1271	84 54 70 13
1272	80 89 52 23
1273	80 50 88 93
1274	70 18 55 37
1275	77 72 98 50
1276	14 29 57 36
1277	75 51 94 54
1278	25 35 50 86
1279	25 7 57 78
1280	43 17 32 93
1281	15 29 17 25
1282	98 54 64 20
1283	31 10 88 92
1284	86 14 29 95
1285	18 79 72 36
1286	83 74 45 99
1287	66 94 19 24
1288	54 71 38 63
1289	71 65 17 89
1290	87 86 79 19
1291	60 95 41 28
1292	73 80 51 71
1293	60 94 17 43
1294	34 51 85 8
1295	2 71 9 79
1296	80 32 9 87
1297	15 61 22 18
1298	36 20 22 16
1299	83 42 68 87
1300	42 20 4 19
1301	88 45 5 95
1302	39 19 91 56
1303	56 27 26 23
1304	57 70 28 10
1305	73 72 23 8
1306	30 31 87 96
1307	87 42 49 100
1308	60 83 69 98
1309	77 6 14 70
1310	12 97 78 36
1311	83 95 51 65
1312	92 68 62 52
1313	25 2 92 85
1314	95 10 15 75
1315	75 58 62 77
1316	95 82 94 44
1317	9 1 26 48
1318	35 17 53 52
1319	21 76 54 55
1320	80 4 96 98
1321	47 9 25 3
1322	63 72 43 87
1323	4 22 34 1
1324	38 13 30 96
1325	5 22 81 54
1326	61 98 64 7
1327	1 49 38 20
1328	94 96 75 31
1329	29 50 69 28
1330	35 24 23 13
1331	69 46 99 88
1332	51 46 34 39
1333	17 59 35 8
1334	59 16 74 83
1335	65 97 51 18
1336	77 42 86 53
1337	18 52 87 51
1338	61 74 63 15
1339	29 93 85 47
1340	32 51 43 39
1341	37 70 49 51
1342	63 5 56 97
1343	51 52 29 62
1344	74 40 68 8
1345	63 98 27 97
1346	61 15 48 17
1347	95 79 25 65
1348	26 2 28 75
1349	62 6 10 48
1350	91 87 51 67
1351	52 11 27 3
1352	90 57 81 17
1353	71 61 15 43
1354	62 34 48 92
1355	6 54 18 73
1356	13 71 65 9
1357	75 69 70 55
1358	52 82 96 54
1359	7 59 31 38
1360	61 26 54 71
1361	17 80 34 48
1362	31 37 54 63
1363	36 58 76 70
1364	88 54 74 90
1365	32 94 58 63
1366	39 22 20 63
1367	76 58 62 54
1368	99 30 67 81
1369	26 30 13 55
1370	65 61 41 37
1371	60 86 30 6
1372	99 93 67 68
1373	58 44 29 60
1374	59 53 3 15
1375	92 53 83 67
1376	44 36 58 66
1377	13 42 73 20
1378	33 92 48 37
1379	85 75 3 53
1380	14 94 70 49
1381	52 1 90 83
1382	4 80 37 25
1383	57 91 88 52
1384	58 57 79 62
1385	65 100 90 10
1386	96 58 35 6
1387	9 24 44 83
1388	27 29 76 92
1389	25 17 61 85
1390	30 6 19 13
1391	44 65 62 38
1392	37 76 86 88
1393	17 69 25 62
1394	19 87 44 84
1395	95 18 77 75
1396	21 25 6 19
1397	80 67 86 30
1398	81 75 2 86
1399	15 39 29 78
1400	99 39 43 16
1401	2 90 85 84
1402	30 83 86 77
1403	66 61 67 36
1404	26 5 56 90
1405	33 32 53 8
1406	14 75 64 55
1407	9 90 85 27
1408	24 46 22 25
1409	19 54 20 28
1410	100 38 10 60
1411	80 2 65 98
1412	79 38 93 1
1413	60 62 6 82
1414	37 54 50 39
1415	2 90 66 72
1416	78 65 11 66
1417	63 89 19 100
1418	44 87 21 71
1419	81 26 3 36
1420	17 83 93 89
1421	26 47 25 21
1422	93 82 63 26
1423	69 60 80 88
1424	90 54 4 76
1425	88 75 67 1
1426	39 71 99 93
1427	44 84 36 58
1428	64 85 71 62
1429	71 98 51 42
1430	14 86 42 3
1431	67 58 87 43
1432	60 7 25 57
1433	45 91 13 36
1434	44 7 95 72
1435	49 4 77 12
1436	42 47 78 29
1437	80 68 79 94
1438	15 52 69 38
1439	100 79 2 25
1440	23 32 9 90
1441	19 62 2 10
1442	21 92 62 4
1443	77 88 81 21
1444	93 34 23 19
1445	70 43 34 69
1446	38 74 15 7
1447	53 83 50 5
1448	71 45 10 94
1449	75 74 31 69
1450	82 72 26 51
1451	68 91 44 25
1452	19 73 96 33
1453	36 97 60 11
1454	86 69 28 4
1455	58 50 97 54
1456	72 83 69 99
1457	60 39 13 14
1458	16 55 86 64
1459	72 10 34 70
1460	90 81 13 89
1461	55 40 42 95
1462	90 54 51 59
1463	21 67 24 23
1464	97 37 14 25
1465	22 63 55 27
1466	39 3 21 62
1467	70 100 18 79
1468	78 47 17 36
1469	19 61 60 3
1470	61 82 85 63
1471	75 57 60 95
1472	7 79 65 17
1473	10 35 7 49
1474	47 66 46 77
1475	54 93 19 39
1476	43 22 6 15
1477	12 86 68 16
1478	5 73 35 37
1479	14 18 34 95
1480	13 73 6 90
1481	38 98 71 14
1482	74 79 25 41
1483	71 82 23 90
1484	71 56 97 17
1485	70 89 57 13
1486	15 81 93 76
1487	77 68 17 34
1488	76 72 44 55
1489	4 51 94 49
1490	1 63 13 8
1491	29 95 68 71
1492	2 29 90 26
1493	77 60 82 56
1494	76 34 83 19
1495	7 55 58 16
1496	46 47 91 98
1497	46 91 99 76
1498	54 16 75 81
1499	82 39 97 81
1500	1 17 64 61
1501	74 6 72 9
1502	62 2 53 14
1503	21 20 46 86
1504	61 56 74 41
1505	88 34 76 9
1506	84 11 16 28
1507	43 83 66 59
1508	67 93 27 60
1509	49 20 100 21
1510	59 93 9 76
1511	97 42 40 14
1512	55 9 43 80
1513	8 45 88 72
1514	8 93 53 63
1515	74 35 99 79
1516	63 3 73 93
1517	81 92 67 6
1518	80 100 87 47
1519	52 67 92 7
1520	44 3 99 18
1521	57 33 7 38
1522	44 34 3 75
1523	100 17 41 62
1524	63 32 90 17
1525	91 90 51 8
1526	11 63 14 22
1527	22 5 89 48
1528	59 51 98 18
1529	1 9 85 16
1530	36 15 16 50
1531	35 100 64 24
1532	90 59 32 62
1533	11 40 48 69
1534	90 78 21 16
1535	1 52 34 97
1536	95 69 20 25
1537	17 29 96 80
1538	90 94 59 63
1539	24 66 32 18
1540	50 52 65 67
1541	44 89 2 16
1542	81 93 94 90
1543	81 61 80 96
1544	36 56 94 77
1545	7 51 72 76
1546	63 88 29 23
1547	92 17 19 48
1548	7 64 88 26
1549	100 23 28 86
1550	77 26 55 67
1551	43 99 69 51
1552	28 74 87 11
1553	56 21 91 73
1554	81 59 52 27
1555	82 74 5 13
1556	92 3 28 40
1557	74 45 40 25
1558	94 49 50 27
1559	40 33 91 31
1560	72 9 25 2
1561	2 28 31 40
1562	42 26 77 91
1563	45 5 9 28
1564	9 2 50 80
1565	3 24 53 81
1566	66 81 36 4
1567	5 19 22 80
1568	35 16 61 40
1569	34 17 40 30
1570	82 32 28 27
1571	46 68 77 14
1572	46 94 7 38
1573	13 30 29 58
1574	15 53 56 19
1575	92 20 95 54
1576	28 49 91 72
1577	76 10 88 89
1578	88 85 65 62
1579	87 68 52 66
1580	68 55 5 98
1581	52 44 97 78
1582	72 69 81 21
1583	9 16 75 44
1584	56 57 2 93
1585	95 99 41 4
1586	23 87 19 5
1587	68 30 70 16
1588	98 22 36 66
1589	13 32 78 4
1590	48 24 98 42
1591	10 62 29 67
1592	36 65 95 79
1593	29 74 32 20
1594	38 18 8 64
1595	79 26 56 92
1596	73 2 27 44
1597	82 94 36 56
1598	8 43 55 93
1599	51 76 52 19
1600	58 62 96 85
1601	33 87 83 86
1602	24 10 36 15
1603	18 52 94 85
1604	48 18 15 34
1605	100 2 53 75
1606	68 93 87 45
1607	74 98 76 34
1608	7 9 25 37
1609	10 73 30 75
1610	100 88 3 94
1611	59 84 25 100
1612	35 40 42 67
1613	45 69 23 92
1614	83 90 20 48
1615	17 70 6 78
1616	90 17 60 54
1617	21 57 77 22
1618	59 1 15 96
1619	24 70 9 20
1620	40 22 34 50
1621	22 69 36 21
1622	78 17 32 54
1623	91 10 30 13
1624	34 85 86 99
1625	45 59 34 60
1626	28 32 24 59
1627	48 99 1 15
1628	76 28 33 8
1629	37 89 31 72
1630	18 66 77 29
1631	62 46 37 68
1632	41 73 11 34
1633	100 17 5 54
1634	30 45 1 94
1635	100 67 32 42
1636	87 17 40 56
1637	27 77 11 67
1638	79 59 94 60
1639	96 8 40 93
1640	77 60 53 37
1641	44 21 41 90
1642	76 24 9 25
1643	99 40 87 97
1644	1 37 63 53
1645	41 48 70 53
1646	70 14 1 58
1647	48 61 36 78
1648	95 99 34 51
1649	59 29 6 81
1650	15 30 85 58
1651	43 12 35 96
1652	25 47 1 100
1653	50 88 97 64
1654	48 13 87 78
1655	75 94 84 82
1656	88 27 6 4
1657	13 46 51 11
1658	37 84 78 67
1659	56 52 96 75
1660	69 27 89 100
1661	80 11 12 88
1662	11 30 3 40
1663	96 46 85 9
1664	75 42 72 40
1665	1 87 67 56
1666	74 54 93 31
1667	26 54 3 31
1668	94 8 46 91
1669	66 88 13 78
1670	54 62 56 51
1671	56 72 69 44
1672	83 19 42 100
1673	10 54 82 32
1674	97 98 28 45
1675	90 13 93 36
1676	53 66 92 36
1677	57 50 52 61
1678	50 76 25 39
1679	2 77 24 70
1680	55 12 100 46
1681	22 73 100 17
1682	25 33 35 23
1683	46 83 68 60
1684	38 14 32 24
1685	41 70 62 28
1686	28 91 59 11
1687	64 58 81 68
1688	74 46 10 1
1689	78 74 26 13
1690	43 22 77 12
1691	64 73 74 31
1692	80 48 64 85
1693	93 86 68 84
1694	44 21 49 41
1695	71 3 62 19
1696	70 31 98 33
1697	47 89 96 80
1698	8 81 92 11
1699	1 61 36 34
1700	50 2 22 64
1701	91 79 97 92
1702	8 87 25 86
1703	54 55 34 78
1704	74 79 14 69
1705	31 75 35 62
1706	45 58 15 54
1707	77 24 82 86
1708	70 40 19 55
1709	12 82 18 71
1710	80 3 85 15
1711	54 67 15 24
1712	24 60 38 6
1713	37 85 96 21
1714	47 17 21 54
1715	62 3 38 23
1716	85 46 69 22
1717	32 67 41 63
1718	22 36 6 95
1719	28 61 59 20
1720	73 60 77 26
1721	81 24 88 21
1722	92 88 17 61
1723	94 79 46 41
1724	24 92 94 51
1725	5 16 83 46
1726	36 45 81 43
1727	11 64 74 51
1728	41 94 87 31
1729	67 12 52 22
1730	58 93 12 29
1731	76 5 89 17
1732	79 4 51 84
1733	34 85 98 52
1734	71 82 41 69
1735	24 80 44 85
1736	16 94 30 68
1737	9 8 10 88
1738	58 16 84 86
1739	9 88 94 67
1740	1 60 27 37
1741	64 96 14 56
1742	88 82 4 50
1743	70 50 86 71
1744	58 92 17 70
1745	46 27 53 7
1746	34 43 7 48
1747	15 64 40 82
1748	63 84 65 39
1749	96 15 67 99
1750	91 88 38 19
1751	49 26 76 41
1752	31 89 70 13
1753	50 67 27 80
1754	49 72 15 52
1755	7 12 100 81
1756	70 2 12 26
1757	84 75 27 25
1758	58 71 34 85
1759	17 27 52 76
1760	10 66 72 25
1761	27 87 71 50
1762	96 21 79 29
1763	96 77 37 43
1764	4 18 5 7
1765	35 54 45 80
1766	86 34 40 35
1767	100 20 38 62
1768	50 34 94 86
1769	85 71 74 84
1770	50 43 88 21
1771	61 89 72 12
1772	28 36 67 41
1773	88 20 68 22
1774	44 74 45 82
1775	23 35 47 97
1776	27 99 43 44
1777	61 44 54 79
1778	31 36 87 68
1779	70 73 80 2
1780	43 66 55 58
1781	16 68 36 73
1782	84 100 58 9
1783	12 37 34 17
1784	29 37 31 34
1785	78 85 16 50
1786	43 88 15 1
1787	56 48 73 64
1788	20 67 22 86
1789	32 40 58 31
1790	75 100 25 93
1791	13 90 89 39
1792	79 54 37 46
1793	35 37 86 91
1794	29 60 85 73
1795	68 85 39 34
1796	54 58 92 88
1797	35 93 57 49
1798	58 82 1 23
1799	60 9 29 24
1800	95 23 53 18
1801	10 28 86 13
1802	46 86 77 99
1803	96 24 94 74
1804	40 38 60 55
1805	92 32 96 36
1806	62 85 42 20
1807	59 44 3 37
1808	23 32 29 14
1809	37 82 2 46
1810	94 91 100 57
1811	93 89 83 88
1812	7 98 41 23
1813	52 8 21 68
1814	28 54 1 40
1815	32 15 36 59
1816	68 23 1 57
1817	89 36 19 77
1818	79 20 16 26
1819	29 22 73 48
1820	48 91 72 16
1821	86 72 73 62
1822	43 76 90 75
1823	74 8 45 40
1824	3 16 65 88
1825	84 88 81 74
1826	100 34 15 10
1827	46 13 31 18
1828	2 69 14 83
1829	40 5 32 68
1830	38 80 97 83
1831	13 75 72 5
1832	42 79 54 99
1833	20 86 3 74
1834	14 64 83 47
1835	45 95 48 14
1836	21 44 17 83
1837	31 46 12 60
1838	12 5 40 19
1839	58 75 7 74
1840	36 45 57 21
1841	39 53 23 95
1842	52 11 66 23
1843	98 92 20 16
1844	17 50 93 43
1845	38 82 33 80
1846	53 78 43 15
1847	80 10 11 20
1848	16 94 17 43
1849	95 34 65 57
1850	37 33 41 86
1851	91 83 37 38
1852	49 20 90 82
1853	89 50 77 61
1854	15 81 35 24
1855	75 90 53 97
1856	40 62 33 56
1857	100 95 15 22
1858	94 2 80 52
1859	80 58 17 74
1860	93 73 65 50
1861	77 81 67 75
1862	13 1 4 77
1863	74 59 34 6
1864	98 6 50 20
1865	35 66 9 58
1866	48 82 32 61
1867	97 27 64 83
1868	63 31 98 72
1869	62 80 74 27
1870	94 100 33 9
1871	50 58 8 31
1872	46 2 67 81
1873	73 69 79 39
1874	4 25 71 6
1875	91 25 71 47
1876	58 26 15 76
1877	45 90 80 79
1878	27 67 100 96
1879	56 98 16 43
1880	51 6 20 94
1881	1 11 89 66
1882	69 24 31 2
1883	46 74 58 35
1884	60 28 94 98
1885	23 74 9 31
1886	87 1 17 62
1887	38 54 86 93
1888	75 49 65 64
1889	51 53 45 16
1890	65 87 24 5
1891	34 27 39 90
1892	92 63 89 65
1893	45 92 63 1
1894	95 61 58 92
1895	56 73 53 55
1896	32 87 21 71
1897	86 51 87 13
1898	98 44 83 42
1899	74 50 22 72
1900	2 49 95 32
1901	45 11 82 9
1902	37 67 59 64
1903	90 6 18 81
1904	57 29 5 74
1905	60 59 76 95
1906	16 23 100 54
1907	65 46 97 61
1908	97 20 50 17
1909	51 89 27 52
1910	41 77 87 74
1911	43 63 55 32
1912	41 88 61 28
1913	42 4 15 16
1914	55 73 60 56
1915	29 89 6 81
1916	8 100 87 96
1917	50 53 6 29
1918	84 30 6 9
1919	45 16 39 8
1920	4 70 55 48
1921	33 53 46 6
1922	65 13 54 14
1923	60 35 83 30
1924	9 26 21 94
1925	46 88 28 85
1926	43 9 79 57
1927	34 7 45 90
1928	64 31 1 81
1929	7 14 43 51
1930	37 78 88 86
1931	70 69 12 57
1932	76 50 28 75
1933	29 90 62 5
1934	58 37 94 45
1935	1 77 48 41
1936	80 62 12 10
1937	29 85 18 95
1938	84 20 82 32
1939	92 81 28 42
1940	41 99 80 42
1941	23 69 83 89
1942	81 15 86 87
1943	78 3 5 2
1944	50 98 52 37
1945	74 83 87 72
1946	38 1 91 69
1947	25 1 76 35
1948	30 62 54 33
1949	28 96 15 10
1950	13 62 36 47
1951	19 97 10 18
1952	95 3 28 5
1953	45 67 34 7
1954	40 63 76 78
1955	95 2 12 31
1956	57 89 60 99
1957	33 62 90 95
1958	11 93 9 43
1959	34 83 14 51
1960	2 68 47 79
1961	76 91 34 17
1962	88 44 63 1
1963	6 3 22 91
1964	16 83 33 85
1965	50 92 59 33
1966	54 35 18 60
1967	35 60 33 41
1968	35 2 67 37
1969	92 59 65 100
1970	64 61 36 99
1971	97 77 86 100
1972	33 13 26 43
1973	51 88 5 29
1974	25 29 9 92
1975	99 45 24 85
1976	59 51 87 70
1977	18 71 9 37
1978	34 20 63 51
1979	50 33 90 11
1980	33 51 6 90
1981	44 45 92 19
1982	37 11 93 47
1983	31 2 43 32
1984	78 9 92 48
1985	97 92 11 27
1986	56 40 39 1
1987	100 26 59 61
1988	55 96 39 62
1989	27 49 77 2
1990	44 94 56 81
1991	53 3 83 51
1992	47 31 50 99
1993	90 56 39 83
1994	90 47 13 45
1995	46 96 15 50
1996	55 33 34 88
1997	50 69 2 89
1998	85 72 24 27
1999	74 22 38 61
2000	2 13 44 71
2001	62 78 30 43
2002	3 94 91 50
2003	51 84 37 66
2004	44 64 5 95
2005	95 38 62 100
2006	87 78 13 10
2007	32 18 58 1
2008	41 69 46 92
2009	48 100 38 71
2010	23 56 91 77
2011	86 93 94 97
2012	53 38 27 23
2013	77 78 3 85
2014	45 39 40 89
2015	98 87 17 12
2016	38 29 55 36
2017	16 49 7 14
2018	70 76 53 64
2019	36 90 18 76
2020	31 53 9 84
2021	28 5 13 48
2022	8 51 70 5
2023	21 12 26 65
2024	7 42 3 36
2025	20 93 4 13
2026	58 37 44 18
2027	31 94 70 29
2028	19 22 74 33
2029	30 98 78 86
2030	86 10 51 36
2031	42 68 63 62
2032	95 23 46 81
2033	36 28 20 68
2034	76 55 68 78
2035	76 6 88 1
2036	31 85 76 19
2037	64 73 91 22
2038	7 36 37 49
2039	83 25 2 27
2040	83 65 4 81
2041	19 91 50 62
2042	9 58 39 88
2043	24 39 48 15
2044	98 19 11 61
2045	65 90 70 8
2046	26 76 95 28
2047	71 15 11 66
2048	18 58 46 95
2049	84 59 67 6
2050	74 58 62 91
2051	78 43 62 13
2052	86 94 52 1
2053	65 83 74 46
2054	31 92 30 81
2055	50 41 75 62
2056	2 71 46 10
2057	45 91 44 10
2058	54 76 22 98
2059	33 73 92 14
2060	22 17 2 56
2061	72 49 46 14
2062	13 10 62 23
2063	28 47 15 34
2064	98 66 57 95
2065	34 36 14 87
2066	10 66 1 41
2067	67 24 49 25
2068	71 90 75 25
2069	77 86 17 1
2070	56 87 90 27
2071	33 39 25 58
2072	80 49 26 17
2073	87 66 36 19
2074	63 58 65 35
2075	13 43 42 27
2076	35 36 14 61
2077	73 44 62 50
2078	35 16 96 61
2079	75 38 20 36
2080	36 64 77 14
2081	57 34 58 7
2082	5 87 9 12
2083	10 73 42 81
2084	11 14 54 79
2085	32 94 14 16
2086	26 77 65 7
2087	72 100 46 82
2088	100 35 75 13
2089	52 71 72 34
2090	2 54 70 82
2091	76 43 40 74
2092	81 14 64 12
2093	86 31 72 96
2094	71 58 78 19
2095	32 93 48 85
2096	24 28 1 57
2097	100 84 5 19
2098	61 40 88 87
2099	73 78 14 72
2100	61 96 69 62
2101	60 6 20 23
2102	55 25 3 81
2103	52 78 100 42
2104	7 88 94 61
2105	57 54 25 90
2106	99 48 28 88
2107	48 39 35 40
2108	1 58 70 13
2109	43 71 73 86
2110	20 50 45 37
2111	49 68 70 52
2112	93 92 59 65
2113	5 78 58 33
2114	69 86 68 25
2115	62 70 72 25
2116	2 80 72 17
2117	68 64 30 77
2118	60 30 61 26
2119	16 72 9 35
2120	38 51 92 77
2121	94 20 68 63
2122	90 84 3 74
2123	93 37 57 74
2124	13 5 85 71
2125	75 23 45 10
2126	51 99 53 30
2127	78 9 15 86
2128	61 15 23 43
2129	56 31 25 2
2130	40 62 92 72
2131	99 11 4 44
2132	8 48 30 65
2133	9 51 72 84
2134	58 38 43 19
2135	85 92 61 86
2136	66 69 47 45
2137	53 25 91 48
2138	60 4 6 27
2139	17 32 52 98
2140	57 1 55 76
2141	82 5 46 20
2142	82 51 80 14
2143	42 28 75 46
2144	27 7 25 93
2145	64 61 26 24
2146	78 74 24 65
2147	18 8 51 21
2148	7 1 85 100
2149	18 48 73 90
2150	15 7 90 35
2151	59 57 29 17
2152	53 44 97 4
2153	98 83 69 32
2154	95 29 47 48
2155	5 41 61 94
2156	91 5 30 15
2157	78 33 43 93
2158	53 49 8 85
2159	59 49 19 88
2160	67 94 28 96
2161	92 27 22 96
2162	72 96 90 92
2163	57 63 75 10
2164	67 49 45 9
2165	50 69 43 52
2166	21 72 59 19
2167	54 85 79 84
2168	46 99 45 54
2169	6 26 91 59
2170	76 95 46 79
2171	60 75 38 93
2172	55 87 43 83
2173	89 42 61 4
2174	61 77 41 73
2175	8 63 92 3
2176	78 6 88 14
2177	45 20 35 44
2178	84 35 69 22
2179	69 8 55 20
2180	85 22 4 16
2181	4 31 73 9
2182	19 58 32 73
2183	45 50 100 28
2184	1 59 58 2
2185	52 42 98 50
2186	68 53 2 58
2187	48 50 49 63
2188	77 81 10 19
2189	45 27 90 76
2190	64 25 13 62
2191	53 65 71 98
2192	94 6 99 43
2193	60 13 90 20
2194	86 2 36 87
2195	90 61 11 51
2196	20 95 44 34
2197	69 70 67 97
2198	7 21 11 3
2199	5 40 4 47
2200	25 29 80 94
2201	61 44 6 60
2202	92 39 90 20
2203	15 32 57 95
2204	4 61 50 34
2205	75 98 7 65
2206	11 20 5 25
2207	31 4 60 79
2208	94 33 59 10
2209	99 21 3 51
2210	14 59 76 27
2211	55 50 40 68
2212	42 66 9 6
2213	80 51 57 24
2214	48 24 30 75
2215	14 72 77 42
2216	63 98 22 41
2217	54 92 87 10
2218	75 76 63 80
2219	66 50 74 19
2220	65 88 9 75
2221	67 4 61 95
2222	54 98 5 82
2223	62 29 79 60
2224	40 23 56 22
2225	10 20 81 70
2226	69 54 91 5
2227	94 43 64 58
2228	66 26 85 64
2229	30 50 70 18
2230	94 92 6 76
2231	34 55 25 49
2232	80 75 55 6
2233	10 28 20 7
2234	72 36 78 44
2235	79 90 54 27
2236	72 48 12 6
2237	18 50 67 88
2238	43 66 47 67
2239	81 98 18 100
2240	40 35 100 4
2241	97 9 23 85
2242	46 4 54 81
2243	83 64 76 80
2244	86 74 63 87
2245	62 66 70 31
2246	43 37 5 87
2247	100 71 97 91
2248	37 6 56 54
2249	51 47 13 44
2250	76 89 52 62
2251	54 5 25 30
2252	35 49 65 51
2253	70 86 37 55
2254	8 27 64 20
2255	92 64 47 71
2256	48 24 31 86
2257	37 16 18 74
2258	4 86 95 59
2259	20 30 86 42
2260	90 75 86 33
2261	23 88 85 40
2262	32 100 20 18
2263	44 39 73 66
2264	11 25 85 61
2265	88 48 35 40
2266	91 28 1 38
2267	24 37 51 32
2268	79 50 59 1
2269	58 33 73 100
2270	68 84 4 66
2271	90 85 41 92
2272	79 95 77 36
2273	24 39 41 1
2274	67 48 5 20
2275	55 86 87 39
2276	82 68 36 52
2277	16 11 74 70
2278	92 11 43 39
2279	89 22 26 30
2280	49 78 47 82
2281	85 31 9 58
2282	30 36 54 21
2283	5 73 61 77
2284	33 32 4 56
2285	22 75 67 82
2286	19 31 7 70
2287	5 100 67 83
2288	74 59 39 80
2289	85 100 90 13
2290	44 38 50 97
2291	89 12 45 57
2292	49 27 60 35
2293	35 73 54 10
2294	94 79 74 69
2295	20 8 21 80
2296	16 48 5 73
2297	96 59 87 39
2298	75 6 42 13
2299	92 62 74 14
2300	67 2 65 71
2301	91 33 56 24
2302	76 47 59 20
2303	55 71 41 66
2304	91 6 67 41
2305	28 82 26 17
2306	18 55 63 94
2307	81 12 16 60
2308	91 22 15 29
2309	1 77 87 31
2310	90 77 50 67
2311	56 78 28 81
2312	25 10 27 20
2313	44 56 92 39
2314	67 52 3 64
2315	60 72 51 5
2316	87 72 95 19
2317	48 59 33 7
2318	16 49 27 93
2319	88 86 100 72
2320	54 35 57 26
2321	16 89 54 11
2322	58 54 7 90
2323	78 12 5 94
2324	86 16 65 41
2325	13 88 61 86
2326	49 97 36 88
2327	64 63 15 81
2328	42 65 95 92
2329	19 26 79 70
2330	37 14 19 4
2331	78 33 3 80
2332	17 20 21 16
2333	10 100 28 91
2334	99 26 17 95
2335	84 19 29 71
2336	68 40 41 38
2337	39 58 17 47
2338	95 70 65 44
2339	37 5 20 96
2340	96 79 93 63
2341	50 62 30 89
2342	85 12 22 95
2343	79 22 55 42
2344	85 11 79 28
2345	88 74 58 27
2346	87 6 30 29
2347	76 26 57 72
2348	96 33 45 79
2349	89 67 76 45
2350	4 47 91 54
2351	77 30 87 54
2352	85 66 39 83
2353	76 25 39 88
2354	5 95 47 57
2355	8 39 97 67
2356	12 85 91 9
2357	80 66 100 40
2358	82 25 37 67
2359	77 68 67 94
2360	54 12 8 60
2361	31 6 79 76
2362	22 99 97 69
2363	77 87 69 7
2364	25 66 26 1
2365	1 53 23 77
2366	83 41 2 29
2367	19 80 50 44
2368	64 57 72 69
2369	20 36 42 19
2370	43 44 15 12
2371	92 74 18 61
2372	41 11 86 53
2373	42 80 22 32
2374	98 14 80 75
2375	5 26 34 74
2376	2 58 32 91
2377	7 58 55 11
2378	20 76 16 89
2379	30 59 58 22
2380	16 64 43 36
2381	57 31 83 43
2382	20 1 93 41
2383	34 77 53 71
2384	34 64 37 24
2385	12 35 14 100
2386	66 78 75 39
2387	53 4 58 49
2388	16 35 29 12
2389	50 33 13 84
2390	90 37 6 43
2391	10 68 82 96
2392	97 57 1 83
2393	61 91 6 62
2394	60 22 92 26
2395	82 98 94 14
2396	71 39 9 88
2397	91 39 33 52
2398	4 68 20 10
2399	88 82 47 86
2400	51 59 56 81
2401	4 87 16 19
2402	25 65 79 86
2403	48 64 51 44
2404	25 13 82 40
2405	37 94 17 36
2406	57 88 54 67
2407	40 21 60 32
2408	65 26 10 82
2409	29 49 93 12
2410	29 96 53 71
2411	44 70 66 45
2412	58 24 64 94
2413	93 48 78 18
2414	9 20 67 90
2415	52 80 18 47
2416	46 24 60 30
2417	49 14 11 56
2418	51 33 45 70
2419	66 94 30 3
2420	9 44 72 23
2421	18 35 87 92
2422	70 85 7 16
2423	15 4 47 86
2424	22 20 4 17
2425	54 6 20 59
2426	99 54 49 70
2427	55 12 80 34
2428	60 85 44 23
2429	64 85 27 75
2430	15 13 1 56
2431	50 73 36 80
2432	45 68 61 42
2433	40 28 93 58
2434	40 50 53 75
2435	25 28 91 71
2436	56 90 75 20
2437	8 39 54 20
2438	46 79 50 90
2439	55 37 99 47
2440	45 85 26 21
2441	60 66 18 75
2442	19 20 22 46
2443	28 93 20 53
2444	24 59 100 40
2445	32 17 22 91
2446	71 38 7 4
2447	96 75 14 10
2448	20 76 3 88
2449	42 80 72 67
2450	96 87 75 92
2451	100 62 46 49
2452	26 34 88 13
2453	99 87 27 35
2454	18 77 66 2
2455	26 22 81 96
2456	73 52 72 56
2457	42 19 33 92
2458	64 68 100 77
2459	47 45 70 76
2460	9 11 97 44
2461	81 87 1 20
2462	70 62 20 71
2463	45 96 64 40
2464	75 93 34 68
2465	50 6 87 66
2466	3 47 71 89
2467	10 88 3 65
2468	89 23 11 77
2469	49 33 65 46
2470	10 42 17 83
2471	7 54 65 96
2472	12 94 2 40
2473	64 62 43 1
2474	18 3 17 69
2475	53 15 14 36
2476	42 24 35 82
2477	74 43 34 80
2478	51 33 44 41
2479	65 3 74 45
2480	58 19 68 73
2481	6 62 83 11
2482	22 6 95 29
2483	37 78 80 88
2484	48 30 79 57
2485	9 76 36 65
2486	19 90 22 35
2487	66 93 14 81
2488	21 31 66 33
2489	60 28 37 87
2490	56 78 51 44
2491	71 60 77 66
2492	28 29 10 38
2493	75 50 70 92
2494	26 42 88 7
2495	79 73 53 36
2496	77 83 28 38
2497	65 91 27 44
2498	78 97 20 22
2499	68 26 100 25
2500	36 45 97 51
2501	2 27 89 45
2502	71 4 29 40
2503	9 25 31 10
2504	32 61 21 59
2505	99 67 47 97
2506	79 53 72 66
2507	58 78 57 97
2508	80 81 74 67
2509	8 40 6 2
2510	34 5 12 39
2511	70 2 21 76
2512	12 76 42 29
2513	83 34 43 59
2514	80 92 4 61
2515	4 31 75 77
2516	65 35 57 85
2517	33 14 84 98
2518	30 89 18 19
2519	96 66 52 45
2520	81 64 60 7
2521	50 32 61 63
2522	23 83 46 49
2523	76 40 89 29
2524	53 91 98 41
2525	71 60 13 56
2526	32 46 44 8
2527	77 22 96 97
2528	69 83 41 57
2529	91 81 23 8
2530	21 32 51 48
2531	45 23 69 41
2532	63 69 32 54
2533	16 21 57 68
2534	39 99 5 59
2535	81 54 91 10
2536	8 54 68 25
2537	84 45 60 52
2538	24 10 42 100
2539	38 19 34 32
2540	43 2 56 98
2541	19 63 27 98
2542	55 91 17 44
2543	6 40 84 62
2544	54 63 90 83
2545	59 39 97 67
2546	88 8 79 90
2547	84 27 96 7
2548	79 22 48 28
2549	2 82 25 4
2550	75 86 92 88
2551	31 64 32 19
2552	85 28 73 86
2553	91 43 21 10
2554	23 24 16 48
2555	50 48 25 58
2556	32 42 22 36
2557	88 80 89 82
2558	65 90 24 43
2559	83 94 6 35
2560	55 87 57 74
2561	88 23 63 24
2562	62 21 69 83
2563	77 6 19 23
2564	63 51 18 52
2565	91 41 5 50
2566	49 27 24 67
2567	70 95 86 93
2568	63 98 38 99
2569	32 27 74 39
2570	66 21 48 29
2571	54 79 88 49
2572	4 70 64 58
2573	69 28 1 53
2574	76 43 69 8
2575	92 41 87 34
2576	33 45 60 94
2577	40 6 33 66
2578	91 52 6 47
2579	59 83 72 100
2580	58 13 73 30
2581	82 43 15 30
2582	60 73 23 71
2583	47 73 99 44
2584	21 59 95 78
2585	40 70 75 92
2586	86 27 90 41
2587	19 25 94 72
2588	37 62 81 3
2589	58 4 72 21
2590	52 73 34 90
2591	46 7 43 42
2592	73 20 36 6
2593	30 95 46 1
2594	64 77 38 81
2595	52 77 57 92
2596	69 36 76 21
2597	47 74 90 64
2598	79 54 27 73
2599	81 40 15 93
2600	34 14 87 77
2601	89 100 2 34
2602	71 23 94 77
2603	70 68 53 17
2604	53 49 78 63
2605	28 13 23 81
2606	71 48 19 51
2607	99 5 12 68
2608	16 29 73 27
2609	3 48 6 88
2610	21 76 74 40
2611	35 61 80 86
2612	76 22 53 100
2613	36 25 19 86
2614	17 28 20 16
2615	11 42 29 35
2616	7 21 60 91
2617	53 88 83 40
2618	29 1 32 47
2619	29 63 39 85
2620	46 57 28 30
2621	90 60 74 85
2622	69 26 57 23
2623	81 53 61 92
2624	32 99 35 65
2625	13 31 38 60
2626	56 73 3 1
2627	19 51 85 50
2628	65 95 13 42
2629	69 97 6 94
2630	85 16 91 76
2631	10 59 1 48
2632	46 18 44 9
2633	48 18 5 13
2634	8 95 48 70
2635	76 88 65 64
2636	85 34 31 40
2637	57 98 96 91
2638	30 4 100 92
2639	35 27 88 64
2640	89 29 16 92
2641	28 4 5 79
2642	83 11 65 87
2643	43 62 49 18
2644	92 69 78 9
2645	62 75 44 16
2646	73 30 72 93
2647	72 23 59 47
2648	7 87 68 65
2649	42 32 79 77
2650	24 82 12 54
2651	7 24 47 44
2652	94 85 19 25
2653	46 2 33 90
2654	61 46 5 14
2655	93 1 100 26
2656	37 74 93 100
2657	17 56 11 16
2658	27 71 38 99
2659	6 63 89 91
2660	96 90 64 94
2661	79 35 75 17
2662	84 26 14 22
2663	8 32 59 88
2664	45 31 9 90
2665	73 85 28 39
2666	38 82 88 24
2667	24 6 70 20
2668	92 10 67 14
2669	49 32 58 90
2670	100 44 51 18
2671	46 54 55 69
2672	30 24 10 39
2673	53 92 45 52
2674	38 28 18 59
2675	86 81 40 92
2676	57 86 56 54
2677	12 85 77 36
2678	80 77 59 53
2679	61 7 66 74
2680	18 55 95 56
2681	4 24 29 21
2682	1 27 64 2
2683	37 74 6 13
2684	15 52 10 47
2685	50 95 17 28
2686	96 71 29 53
2687	54 78 82 89
2688	16 51 10 40
2689	81 60 37 33
2690	43 69 91 24
2691	9 8 40 56
2692	94 10 97 51
2693	38 28 15 87
2694	13 69 91 68
2695	23 25 41 1
2696	55 24 68 7
2697	54 44 77 17
2698	48 81 36 27
2699	86 2 68 23
2700	49 54 96 51
2701	52 15 14 3
2702	95 35 39 76
2703	74 7 78 10
2704	86 92 9 24
2705	24 14 95 22
2706	32 26 53 14
2707	11 97 56 10
2708	84 75 10 18
2709	91 97 90 88
2710	37 87 42 14
2711	73 58 96 70
2712	9 46 39 2
2713	38 54 58 66
2714	92 63 46 57
2715	99 97 25 39
2716	14 24 75 95
2717	99 84 82 36
2718	99 21 73 87
2719	88 81 27 65
2720	79 88 43 34
2721	18 9 34 65
2722	10 93 54 68
2723	93 4 50 10
2724	63 65 76 47
2725	11 30 87 51
2726	22 15 30 60
2727	29 10 56 80
2728	43 38 99 25
2729	18 90 44 84
2730	25 94 58 45
2731	63 37 13 64
2732	63 90 97 37
2733	96 32 82 16
2734	40 25 99 52
2735	2 21 10 44
2736	25 62 57 44
2737	58 87 62 11
2738	70 3 82 54
2739	85 18 11 37
2740	93 69 40 51
2741	75 59 70 49
2742	40 44 11 23
2743	14 45 69 64
2744	81 67 52 22
2745	13 38 23 27
2746	64 8 27 65
2747	54 9 73 93
2748	15 4 82 56
2749	4 39 72 37
2750	100 40 75 12
2751	40 22 29 63
2752	95 25 61 3
2753	29 25 31 87
2754	76 11 74 4
2755	7 88 89 3
2756	51 37 16 47
2757	61 91 78 92
2758	8 33 19 30
2759	89 69 34 88
2760	82 31 14 8
2761	90 2 65 64
2762	64 78 19 5
2763	61 37 84 75
2764	72 64 89 53
2765	65 69 90 66
2766	98 83 54 71
2767	78 48 49 30
2768	34 3 8 18
2769	13 35 77 85
2770	22 50 1 38
2771	84 77 68 18
2772	67 73 60 65
2773	87 41 11 52
2774	38 67 92 95
2775	4 1 85 28
2776	21 47 15 79
2777	46 41 82 88
2778	84 34 13 23
2779	19 100 50 3
2780	90 67 95 41
2781	61 68 85 54
2782	24 14 17 67
2783	62 100 20 16
2784	24 33 44 14
2785	2 96 54 85
2786	30 8 49 88
2787	21 66 14 83
2788	54 84 48 38
2789	70 26 11 9
2790	98 37 12 6
2791	63 32 12 17
2792	12 49 74 18
2793	87 28 15 89
2794	57 91 35 83
2795	64 10 80 32
2796	43 13 6 51
2797	21 95 14 96
2798	20 83 77 43
2799	16 98 75 93
2800	58 91 36 32
2801	32 98 93 14
2802	95 75 5 35
2803	8 73 32 70
2804	72 66 67 12
2805	27 25 70 49
2806	15 85 44 33
2807	46 13 79 12
2808	87 35 75 58
2809	24 41 98 78
2810	85 57 44 97
2811	58 11 40 79
2812	3 4 83 89
2813	25 65 53 50
2814	53 2 41 17
2815	93 89 48 82
2816	1 14 98 88
2817	33 44 50 47
2818	34 48 78 93
2819	71 17 87 43
2820	39 65 18 10
2821	67 71 8 86
2822	69 31 99 52
2823	33 62 42 69
2824	29 82 15 19
2825	56 64 70 7
2826	85 32 31 86
2827	9 43 21 95
2828	18 47 38 51
2829	26 18 41 80
2830	84 57 22 74
2831	3 77 75 46
2832	70 73 99 68
2833	4 85 91 29
2834	95 75 5 13
2835	52 9 41 21
2836	25 15 45 52
2837	92 58 60 48
2838	51 98 94 69
2839	20 95 76 5
2840	90 21 7 55
2841	6 48 35 70
2842	74 56 37 40
2843	27 62 60 52
2844	79 89 99 13
2845	78 92 5 95
2846	87 92 72 32
2847	65 75 1 11
2848	74 9 78 51
2849	26 9 58 30
2850	65 81 4 29
2851	8 15 38 54
2852	77 23 27 5
2853	26 92 85 34
2854	54 68 70 23
2855	25 64 48 63
2856	90 49 73 78
2857	11 79 6 65
2858	35 9 22 7
2859	77 81 45 16
2860	63 26 95 50
2861	57 87 46 36
2862	31 37 54 51
2863	43 44 76 56
2864	36 30 11 43
2865	54 60 73 72
2866	95 3 27 85
2867	39 11 70 2
2868	45 16 78 2
2869	53 58 19 33
2870	63 85 39 10
2871	55 76 8 58
2872	62 2 5 54
2873	14 40 3 70
2874	72 51 69 29
2875	29 99 37 28
2876	18 87 4 95
2877	18 79 89 60
2878	41 39 40 6
2879	23 33 85 9
2880	44 32 59 69
2881	8 54 74 94
2882	54 6 44 30
2883	82 55 65 44
2884	36 38 25 63
2885	11 63 90 10
2886	13 33 42 94
2887	5 94 4 60
2888	8 62 88 76
2889	82 37 8 74
2890	93 73 48 16
2891	31 36 89 85
2892	46 60 23 94
2893	99 40 30 83
2894	40 27 66 47
2895	31 64 18 92
2896	55 21 68 82
2897	81 62 16 82
2898	72 30 42 79
2899	82 95 20 60
2900	75 8 18 15
2901	54 9 72 37
2902	81 46 51 23
2903	18 31 51 21
2904	30 83 52 12
2905	67 49 64 9
2906	62 63 43 78
2907	60 16 98 69
2908	89 36 83 96
2909	43 5 23 19
2910	73 53 68 4
2911	87 89 12 9
2912	2 98 75 81
2913	24 53 83 93
2914	81 10 76 77
2915	63 30 78 94
2916	49 42 18 66
2917	40 67 86 21
2918	97 14 92 87
2919	61 85 82 49
2920	48 2 81 66
2921	62 74 12 18
2922	31 73 98 57
2923	49 32 53 44
2924	97 51 93 1
2925	35 78 31 66
2926	57 49 81 36
2927	57 87 48 75
2928	34 15 46 44
2929	21 14 60 17
2930	50 6 74 93
2931	15 5 45 91
2932	45 97 85 99
2933	98 58 30 12
2934	23 61 55 31
2935	78 28 8 97
2936	88 13 100 90
2937	62 39 9 83
2938	35 77 50 34
2939	13 88 24 51
2940	90 91 63 100
2941	50 15 17 30
2942	30 36 94 84
2943	63 48 31 15
2944	81 9 92 35
2945	45 16 94 21
2946	28 73 82 54
2947	66 84 74 20
2948	93 69 96 1
2949	88 69 57 94
2950	86 21 65 95
2951	99 62 36 24
2952	90 70 40 51
2953	96 61 49 4
2954	84 19 36 62
2955	58 91 19 75
2956	36 15 48 84
2957	69 87 22 59
2958	15 100 60 30
2959	14 62 91 12
2960	24 97 85 52
2961	67 95 66 57
2962	80 76 84 38
2963	73 48 36 62
2964	93 36 81 74
2965	68 84 100 51
2966	5 13 86 61
2967	52 26 83 55
2968	73 11 27 77
2969	86 22 84 23
2970	63 25 86 85
2971	32 44 67 70
2972	26 48 23 93
2973	85 83 32 5
2974	69 21 48 60
2975	63 91 48 79
2976	10 99 23 17
2977	68 3 50 56
2978	59 9 39 21
2979	4 37 25 11
2980	67 47 49 61
2981	87 29 4 65
2982	66 70 65 50
2983	21 57 44 94
2984	29 61 12 23
2985	22 82 38 88
2986	54 67 26 32
2987	19 14 4 92
2988	8 92 11 70
2989	6 49 32 27
2990	28 32 23 5
2991	51 97 29 98
2992	26 20 54 11
2993	15 23 68 58
2994	1 7 57 80
2995	76 5 11 64
2996	47 91 57 79
2997	28 86 33 58
2998	65 37 93 2
2999	36 30 57 71
3000	8 97 98 59
3001	35 99 92 11
3002	10 41 88 38
3003	78 54 88 85
3004	67 94 47 33
3005	32 48 12 74
3006	88 5 9 42
3007	61 1 71 43
3008	13 73 8 23
3009	45 48 3 31
3010	9 78 75 39
3011	95 73 87 66
3012	4 100 14 53
3013	70 22 20 82
3014	29 61 18 94
3015	19 82 66 89
3016	37 12 84 65
3017	7 98 43 40
3018	44 24 31 91
3019	17 49 37 65
3020	54 37 36 49
3021	83 20 18 24
3022	87 54 28 17
3023	34 78 79 39
3024	61 96 19 30
3025	22 47 46 49
3026	22 94 38 24
3027	67 71 75 66
3028	64 30 58 51
3029	17 47 92 56
3030	68 93 55 79
3031	54 62 49 14
3032	17 64 88 74
3033	68 54 39 45
3034	57 28 30 29
3035	33 30 52 62
3036	70 94 62 100
3037	61 64 94 92
3038	69 3 49 38
3039	99 56 57 78
3040	43 66 39 50
3041	20 13 63 27
3042	46 47 94 72
3043	77 14 54 94
3044	43 31 82 48
3045	44 29 33 63
3046	64 44 33 43
3047	32 94 67 5
3048	75 73 80 81
3049	75 37 43 30
3050	27 15 16 12
3051	71 35 93 22
3052	10 96 21 48
3053	23 19 96 67
3054	95 29 3 38
3055	4 17 6 94
3056	28 76 91 85
3057	86 42 3 51
3058	48 59 92 82
3059	68 33 67 7
3060	75 9 78 98
3061	7 54 55 3
3062	82 47 22 10
3063	66 57 60 81
3064	14 41 9 94
3065	41 49 23 13
3066	11 13 38 69
3067	70 38 66 54
3068	38 61 100 54
3069	54 36 80 57
3070	27 66 9 6
3071	21 60 20 36
3072	25 42 39 83
3073	20 29 44 87
3074	52 35 64 76
3075	72 44 89 35
3076	95 9 17 44
3077	62 4 92 94
3078	64 91 2 42
3079	59 87 64 33
3080	51 88 6 31
3081	58 99 84 6
3082	51 96 20 66
3083	15 8 71 9
3084	51 20 45 71
3085	78 68 70 44
3086	64 56 85 57
3087	81 24 44 12
3088	67 30 35 83
3089	33 54 29 83
3090	17 16 75 44
3091	82 77 87 83
3092	20 78 43 25
3093	3 92 4 94
3094	17 95 91 98
3095	54 88 60 72
3096	73 21 75 17
3097	50 58 35 83
3098	57 46 18 26
3099	62 19 44 18
3100	20 65 62 24
3101	57 17 13 33
3102	90 95 97 100
3103	20 44 68 78
3104	18 92 72 27
3105	44 38 6 14
3106	56 94 26 2
3107	17 88 24 11
3108	30 87 50 18
3109	41 83 19 51
3110	72 95 91 19
3111	68 71 76 94
3112	100 29 99 25
3113	84 88 66 46
3114	3 45 36 78
3115	50 37 89 31
3116	13 79 82 60
3117	72 47 56 97
3118	1 86 54 85
3119	6 44 41 48
3120	10 97 1 85
3121	7 87 75 9
3122	9 17 62 41
3123	32 30 86 7
3124	58 25 86 42
3125	42 97 85 67
3126	50 19 44 74
3127	39 38 70 50
3128	68 73 45 7
3129	93 38 67 43
3130	4 25 97 46
3131	1 46 32 72
3132	65 47 19 95
3133	25 97 19 85
3134	44 11 95 65
3135	23 27 3 91
3136	93 26 78 98
3137	49 47 2 23
3138	67 10 59 26
3139	68 90 11 77
3140	42 53 4 17
3141	2 51 36 23
3142	70 26 95 86
3143	93 63 24 6
3144	90 40 57 39
3145	4 80 64 43
3146	16 26 40 54
3147	16 19 10 35
3148	88 25 65 16
3149	47 97 76 66
3150	12 4 31 50
3151	50 60 99 79
3152	87 29 21 4
3153	16 84 76 22
3154	42 29 14 69
3155	82 17 95 4
3156	63 33 79 19
3157	77 81 27 98
3158	98 32 36 90
3159	9 69 14 90
3160	58 4 75 41
3161	59 94 42 95
3162	89 1 83 32
3163	58 47 94 11
3164	40 41 67 89
3165	67 77 97 75
3166	26 9 83 88
3167	47 92 57 35
3168	87 96 90 41
3169	92 17 29 93
3170	80 60 70 97
3171	67 2 38 11
3172	16 25 76 31
3173	63 3 51 78
3174	43 32 71 44
3175	89 98 42 2
3176	75 98 81 22
3177	63 85 19 8
3178	86 3 64 58
3179	16 79 92 43
3180	37 46 12 85
3181	33 44 38 27
3182	85 76 1 4
3183	39 57 73 41
3184	58 90 30 20
3185	48 41 13 1
3186	56 29 97 71
3187	71 82 66 81
3188	81 86 27 16
3189	63 5 17 65
3190	33 6 45 17
3191	35 86 75 70
3192	61 95 16 49
3193	65 86 80 31
3194	11 51 29 15
3195	17 42 70 85
3196	36 55 59 1
3197	92 54 29 38
3198	76 81 95 16
3199	5 16 45 62
3200	54 33 6 62
3201	92 42 98 80
3202	28 34 43 11
3203	37 70 44 81
3204	5 40 85 20
3205	83 59 58 60
3206	19 12 58 23
3207	31 3 29 90
3208	37 45 83 3
3209	90 12 98 47
3210	39 92 47 2
3211	42 61 83 99
3212	61 30 72 76
3213	54 67 22 41
3214	64 76 19 32
3215	19 48 4 35
3216	5 99 62 33
3217	87 31 69 8
3218	87 34 33 67
3219	12 95 63 54
3220	98 41 7 97
3221	71 42 8 84
3222	4 35 19 31
3223	91 36 79 69
3224	100 49 10 72
3225	86 38 95 6
3226	25 73 46 64
3227	9 18 50 4
3228	12 53 61 25
3229	49 63 27 81
3230	89 54 34 91
3231	1 93 19 36
3232	11 97 46 99
3233	19 83 92 85
3234	16 12 26 40
3235	79 93 67 84
3236	87 92 36 89
3237	96 81 16 48
3238	13 50 54 38
3239	91 74 73 49
3240	99 14 37 34
3241	39 89 66 48
3242	16 48 79 66
3243	36 74 67 21
3244	45 16 33 1
3245	61 63 28 56
3246	52 62 93 65
3247	37 67 16 40
3248	3 99 70 91
3249	98 100 70 28
3250	22 93 1 85
3251	98 95 36 60
3252	30 37 1 60
3253	63 45 2 95
3254	81 57 43 99
3255	74 24 44 8
3256	37 63 2 17
3257	84 70 53 4
3258	48 54 100 44
3259	14 89 28 37
3260	16 32 6 61
3261	65 87 68 55
3262	15 32 98 53
3263	67 68 6 39
3264	64 23 76 30
3265	96 13 15 90
3266	4 48 83 17
3267	45 17 83 4
3268	93 96 87 32
3269	42 24 38 76
3270	34 86 50 84
3271	26 98 31 40
3272	33 68 5 38
3273	56 80 18 48
3274	64 41 62 11
3275	31 91 2 75
3276	25 4 98 17
3277	98 49 45 65
3278	47 3 32 74
3279	85 64 57 63
3280	71 29 33 94
3281	25 14 30 79
3282	21 44 73 37
3283	75 98 44 94
3284	3 46 97 89
3285	53 73 2 76
3286	59 35 43 66
3287	14 70 39 49
3288	91 49 52 36
3289	3 77 27 73
3290	9 70 61 16
3291	43 33 87 83
3292	85 2 88 55
3293	21 73 7 83
3294	36 7 51 78
3295	97 65 24 16
3296	72 13 51 70
3297	19 2 87 9
3298	36 18 94 65
3299	36 65 16 45
3300	27 70 24 36
3301	64 72 94 32
3302	40 79 92 31
3303	42 97 77 7
3304	1 25 74 12
3305	25 77 95 88
3306	33 47 52 65
3307	26 14 53 55
3308	26 93 100 33
3309	68 42 59 37
3310	97 54 85 13
3311	21 12 11 50
3312	57 99 34 28
3313	73 39 17 64
3314	12 58 44 77
3315	50 4 57 53
3316	20 83 86 96
3317	29 66 97 15
3318	64 60 23 57
3319	52 32 18 95
3320	66 4 32 17
3321	80 15 93 83
3322	20 44 80 53
3323	32 64 26 76
3324	75 82 79 32
3325	53 1 96 57
3326	91 63 58 97
3327	13 79 24 30
3328	98 76 33 97
3329	98 43 100 77
3330	50 15 48 92
3331	70 23 68 31
3332	25 100 83 57
3333	79 63 71 58
3334	2 11 83 34
3335	93 96 84 59
3336	65 73 45 15
3337	22 67 1 68
3338	97 14 18 61
3339	61 94 5 78
3340	71 100 21 31
3341	68 52 11 44
3342	93 47 52 79
3343	9 12 28 24
3344	53 11 64 60
3345	30 43 65 12
3346	52 20 10 39
3347	13 19 47 42
3348	26 13 32 31
3349	38 37 9 81
3350	57 54 5 89
3351	34 39 91 54
3352	76 29 61 36
3353	29 27 42 63
3354	70 54 8 3
3355	5 73 10 67
3356	100 12 9 25
3357	82 38 3 87
3358	68 99 63 67
3359	86 67 63 70
3360	47 30 17 10
3361	17 31 85 60
3362	17 83 67 71
3363	22 54 35 5
3364	82 7 81 44
3365	55 23 67 70
3366	89 82 70 21
3367	21 20 37 63
3368	42 43 87 17
3369	11 62 100 33
3370	42 78 6 59
3371	85 89 91 41
3372	72 15 23 33
3373	18 83 25 100
3374	18 75 61 31
3375	89 45 88 74
3376	66 71 90 58
3377	76 92 15 10
3378	28 27 50 49
3379	77 1 64 57
3380	36 1 75 4
3381	13 39 37 47
3382	81 6 47 21
3383	38 27 16 57
3384	55 21 77 29
3385	15 77 4 29
3386	30 95 45 50
3387	32 37 17 44
3388	21 47 56 43
3389	88 37 38 91
3390	4 20 11 86
3391	95 38 85 14
3392	81 6 25 65
3393	25 73 7 53
3394	16 71 24 81
3395	38 57 87 44
3396	85 96 87 17
3397	25 72 92 38
3398	15 94 68 91
3399	4 57 100 39
3400	10 18 2 27
3401	9 94 28 8
3402	84 56 64 77
3403	73 34 5 79
3404	55 89 57 41
3405	22 6 33 73
3406	97 36 16 55
3407	34 17 21 94
3408	93 48 79 91
3409	7 42 73 56
3410	69 94 59 77
3411	35 9 92 81
3412	4 73 85 6
3413	84 47 23 11
3414	9 41 52 86
3415	31 1 3 63
3416	58 29 50 17
3417	95 100 20 47
3418	21 84 82 41
3419	55 68 39 22
3420	3 83 45 76
3421	91 28 64 93
3422	60 95 75 20
3423	68 97 43 53
3424	91 78 39 2
3425	8 4 22 21
3426	8 41 78 35
3427	48 33 78 51
3428	100 70 2 73
3429	68 23 24 14
3430	28 33 73 48
3431	95 52 64 36
3432	42 49 72 4
3433	47 63 75 96
3434	70 89 22 48
3435	4 57 45 21
3436	82 73 79 25
3437	71 52 38 12
3438	91 46 87 48
3439	23 4 75 7
3440	32 24 40 18
3441	77 23 15 71
3442	15 90 11 60
3443	24 81 83 63
3444	14 6 2 8
3445	63 48 75 91
3446	58 88 64 92
3447	93 29 57 97
3448	26 41 69 44
3449	58 88 11 94
3450	59 37 82 66
3451	99 83 70 25
3452	76 28 54 11
3453	84 5 22 45
3454	74 62 81 78
3455	11 55 35 100
3456	53 71 34 67
3457	88 30 57 35
3458	57 29 98 25
3459	78 10 46 62
3460	52 99 97 80
3461	59 79 73 40
3462	16 57 96 76
3463	70 81 72 99
3464	80 21 8 28
3465	71 56 80 29
3466	99 38 60 69
3467	65 47 78 61
3468	99 1 44 75
3469	20 92 78 79
3470	96 8 38 52
3471	25 52 18 44
3472	89 34 65 32
3473	27 1 28 36
3474	18 23 13 7
3475	86 55 8 42
3476	43 68 20 86
3477	33 67 83 20
3478	100 30 25 18
3479	69 29 74 41
3480	10 7 13 35
3481	26 73 88 68
3482	67 43 66 78
3483	77 42 46 91
3484	61 69 72 66
3485	45 52 26 71
3486	13 66 19 47
3487	46 15 23 94
3488	52 7 93 77
3489	76 17 66 30
3490	18 12 9 99
3491	46 4 48 76
3492	83 5 67 18
3493	24 90 33 48
3494	91 16 1 24
3495	72 83 63 51
3496	98 9 93 97
3497	22 51 11 38
3498	15 50 52 73
3499	56 2 28 83
3500	75 58 42 97
3501	28 72 61 6
3502	24 74 99 62
3503	96 57 21 5
3504	88 21 37 80
3505	1 3 95 42
3506	53 83 52 79
3507	82 5 67 48
3508	51 55 41 77
3509	67 31 47 25
3510	34 46 18 45
3511	62 90 59 2
3512	71 44 90 100
3513	14 24 35 28
3514	19 34 67 30
3515	88 74 51 1
3516	68 84 99 19
3517	87 29 1 84
3518	73 85 32 42
3519	16 98 59 2
3520	51 14 33 89
3521	50 5 77 31
3522	49 63 93 12
3523	77 6 98 8
3524	40 23 22 14
3525	55 78 6 77
3526	53 94 83 54
3527	14 99 15 48
3528	89 75 58 1
3529	27 73 18 50
3530	100 34 84 67
3531	22 30 27 39
3532	25 8 62 55
3533	59 26 73 54
3534	31 18 68 92
3535	83 85 10 38
3536	27 7 86 83
3537	90 86 41 30
3538	54 72 33 16
3539	27 55 18 10
3540	62 95 25 54
3541	27 32 88 23
3542	18 54 6 56
3543	55 90 61 72
3544	62 77 100 93
3545	83 32 61 63
3546	56 13 74 47
3547	17 3 21 18
3548	60 73 15 27
3549	37 16 59 48
3550	82 73 59 85
3551	52 75 81 86
3552	1 39 36 31
3553	37 85 61 48
3554	93 54 94 60
3555	45 11 68 2
3556	88 72 68 78
3557	15 58 61 81
3558	9 62 22 34
3559	60 87 6 4
3560	92 51 73 32
3561	18 14 53 42
3562	48 63 43 4
3563	85 75 10 46
3564	55 82 49 54
3565	56 81 75 36
3566	94 82 80 48
3567	52 21 35 33
3568	91 45 42 99
3569	80 97 23 41
3570	51 57 92 18
3571	14 80 21 78
3572	96 7 73 51
3573	99 12 96 15
3574	17 28 37 21
3575	56 75 97 73
3576	5 86 49 15
3577	43 65 14 85
3578	64 13 29 60
3579	30 27 19 81
3580	59 67 43 89
3581	76 70 4 55
3582	84 4 44 18
3583	1 23 21 73
3584	49 62 36 35
3585	34 20 14 77
3586	24 23 61 73
3587	3 14 81 80
3588	3 20 31 13
3589	9 85 95 87
3590	41 83 67 52
3591	29 48 22 49
3592	54 92 6 39
3593	89 35 29 25
3594	21 76 10 82
3595	71 64 61 93
3596	100 48 78 76
3597	99 87 41 35
3598	29 30 11 20
3599	4 36 8 57
3600	43 39 75 66
3601	86 72 81 3
3602	49 30 56 59
3603	77 9 81 13
3604	24 50 43 100
3605	46 8 89 40
3606	87 51 91 98
3607	72 82 91 21
3608	90 21 47 12
3609	12 44 28 52
3610	3 36 50 52
3611	91 1 20 70
3612	27 87 56 68
3613	67 44 11 85
3614	33 38 70 74
3615	24 90 94 26
3616	54 13 26 80
3617	36 55 37 5
3618	84 26 20 76
3619	32 62 15 85
3620	92 52 60 43
3621	57 53 67 60
3622	37 17 1 2
3623	29 52 44 84
3624	58 62 11 92
3625	45 4 51 97
3626	22 57 17 88
3627	51 52 19 100
3628	34 99 32 88
3629	80 89 93 40
3630	48 33 59 2
3631	87 62 63 15
3632	86 70 3 20
3633	46 84 96 3
3634	2 75 9 40
3635	3 40 44 98
3636	29 56 49 22
3637	97 99 52 32
3638	73 53 41 45
3639	64 69 26 93
3640	33 76 1 58
3641	11 90 89 82
3642	28 51 56 6
3643	52 22 88 75
3644	47 18 90 31
3645	10 62 29 1
3646	20 18 23 81
3647	88 64 53 87
3648	5 68 28 57
3649	4 81 40 67
3650	13 90 12 37
3651	53 21 87 27
3652	11 81 16 49
3653	74 84 54 90
3654	43 46 45 4
3655	62 21 43 31
3656	95 53 1 44
3657	60 74 89 84
3658	84 66 75 31
3659	42 48 29 28
3660	24 59 66 25
3661	26 37 29 51
3662	56 52 76 8
3663	15 45 17 43
3664	11 5 76 57
3665	19 27 96 32
3666	20 16 32 58
3667	83 56 57 38
3668	61 81 62 75
3669	4 49 60 42
3670	52 73 3 2
3671	8 72 64 34
3672	75 10 14 34
3673	30 26 16 4
3674	22 17 72 13
3675	26 98 35 14
3676	12 69 7 60
3677	36 3 13 81
3678	72 93 5 55
3679	34 59 48 32
3680	91 17 74 33
3681	37 98 70 29
3682	46 19 99 21
3683	9 25 91 66
3684	27 79 83 33
3685	39 5 58 22
3686	23 6 66 8
3687	71 85 26 4
3688	80 30 70 4
3689	71 8 97 79
3690	29 66 8 81
3691	94 46 95 83
3692	32 78 13 98
3693	93 92 60 7
3694	34 67 25 22
3695	11 61 26 29
3696	90 47 76 3
3697	89 63 88 17
3698	80 93 60 72
3699	79 3 82 45
3700	93 79 77 78
3701	67 20 36 91
3702	76 22 74 91
3703	81 44 74 55
3704	61 39 42 37
3705	26 34 22 7
3706	71 6 9 7
3707	94 13 32 17
3708	2 74 52 54
3709	60 30 34 42
3710	92 49 84 36
3711	59 23 92 34
3712	88 55 12 99
3713	2 74 34 18
3714	83 93 8 80
3715	8 10 55 48
3716	61 22 76 9
3717	38 19 57 63
3718	12 64 44 37
3719	49 21 25 96
3720	5 98 13 54
3721	40 57 77 82
3722	28 42 88 17
3723	30 23 39 32
3724	38 11 61 97
3725	72 19 94 64
3726	51 35 42 38
3727	81 45 21 47
3728	41 42 10 45
3729	11 17 49 34
3730	88 55 47 54
3731	94 7 13 83
3732	37 30 97 21
3733	1 53 41 72
3734	41 4 8 20
3735	62 83 33 46
3736	17 14 42 98
3737	84 27 95 4
3738	52 4 67 70
3739	43 61 63 90
3740	82 87 73 50
3741	42 70 56 29
3742	83 26 4 17
3743	32 97 11 29
3744	19 2 10 91
3745	12 28 29 4
3746	37 46 64 17
3747	99 51 83 5
3748	12 72 2 10
3749	40 11 2 74
3750	80 85 88 43
3751	28 56 41 83
3752	83 100 29 50
3753	90 57 3 64
3754	68 67 26 46
3755	2 8 66 7
3756	51 25 1 99
3757	16 49 54 82
3758	65 55 81 47
3759	72 64 37 3
3760	45 9 2 34
3761	47 19 38 58
3762	99 77 8 11
3763	93 71 34 86
3764	77 23 6 74
3765	29 61 95 100
3766	88 60 100 48
3767	4 12 48 17
3768	79 14 51 24
3769	77 40 50 61
3770	3 93 50 55
3771	63 67 18 24
3772	54 96 21 72
3773	62 35 67 46
3774	9 6 93 90
3775	9 72 44 74
3776	93 40 74 2
3777	93 42 94 33
3778	61 40 88 53
3779	18 52 67 1
3780	63 81 49 80
3781	39 69 55 45
3782	2 36 43 94
3783	99 19 45 68
3784	89 32 93 49
3785	82 28 32 1
3786	69 34 63 55
3787	83 17 7 75
3788	18 33 73 74
3789	22 47 28 50
3790	56 45 32 53
3791	91 98 48 15
3792	48 23 50 8
3793	33 87 76 5
3794	39 77 70 20
3795	26 49 83 38
3796	64 61 28 17
3797	34 5 52 6
3798	81 80 57 24
3799	93 82 4 94
3800	25 12 48 58
3801	17 60 35 42
3802	47 41 7 86
3803	18 88 48 12
3804	6 16 50 5
3805	75 15 63 53
3806	98 89 100 4
3807	99 47 84 76
3808	95 17 34 47
3809	44 48 1 20
3810	50 98 74 93
3811	68 45 63 9
3812	32 77 60 9
3813	88 100 18 86
3814	30 71 45 91
3815	10 40 75 28
3816	21 84 46 16
3817	44 48 55 14
3818	39 24 70 40
3819	11 20 32 13
3820	18 22 4 37
3821	53 2 32 94
3822	85 6 88 46
3823	71 70 45 88
3824	68 48 39 43
3825	47 41 99 30
3826	74 34 8 46
3827	37 69 44 65
3828	30 91 50 93
3829	97 61 98 50
3830	60 91 41 89
3831	74 97 60 33
3832	59 98 32 8
3833	100 89 15 17
3834	87 99 1 31
3835	12 85 76 89
3836	21 24 85 29
3837	66 100 51 16
3838	57 73 69 33
3839	17 3 79 81
3840	22 71 91 37
3841	70 93 16 48
3842	83 72 93 90
3843	90 37 70 88
3844	8 80 62 78
3845	7 61 54 6
3846	87 64 51 63
3847	65 88 89 85
3848	26 4 75 48
3849	57 95 38 90
3850	73 57 6 86
3851	7 17 48 44
3852	89 22 21 97
3853	2 73 35 53
3854	50 22 9 64
3855	16 62 68 28
3856	97 91 74 14
3857	3 50 99 81
3858	70 26 95 97
3859	70 35 73 12
3860	91 78 92 34
3861	33 91 8 92
3862	16 87 81 24
3863	53 30 67 32
3864	50 12 31 15
3865	2 4 6 84
3866	9 19 31 43
3867	79 78 31 94
3868	82 74 83 16
3869	28 36 33 53
3870	48 41 29 9
3871	83 54 34 44
3872	83 97 12 44
3873	66 91 67 7
3874	58 2 48 39
3875	8 54 19 57
3876	23 95 24 61
3877	81 22 60 75
3878	69 7 54 14
3879	42 53 99 15
3880	92 97 91 13
3881	6 21 61 45
3882	17 13 81 67
3883	100 2 23 49
3884	94 72 57 10
3885	99 82 2 96
3886	56 66 68 55
3887	15 80 96 85
3888	9 59 26 38
3889	90 66 91 89
3890	91 96 65 97
3891	13 12 65 36
3892	67 1 19 14
3893	48 93 12 34
3894	37 72 42 22
3895	29 54 46 69
3896	8 6 22 71
3897	82 47 77 21
3898	2 30 32 19
3899	98 39 15 3
3900	29 71 34 73
3901	51 2 89 43
3902	94 78 25 34
3903	87 47 57 56
3904	67 12 14 1
3905	59 2 85 4
3906	76 47 21 90
3907	84 29 40 52
3908	79 99 43 74
3909	48 67 46 40
3910	27 73 51 65
3911	95 94 68 36
3912	49 47 87 70
3913	74 48 18 91
3914	55 78 24 30
3915	53 22 28 85
3916	21 14 91 96
3917	10 74 35 55
3918	38 20 48 23
3919	83 67 34 70
3920	74 80 89 18
3921	77 89 71 17
3922	94 69 92 30
3923	78 59 29 36
3924	70 57 100 45
3925	53 58 11 20
3926	22 76 73 80
3927	16 56 98 55
3928	31 91 67 41
3929	34 56 54 52
3930	6 96 34 54
3931	32 42 60 14
3932	79 64 58 77
3933	55 38 95 37
3934	57 49 93 39
3935	100 88 87 47
3936	9 82 79 33
3937	21 14 9 26
3938	39 97 13 78
3939	14 37 71 32
3940	76 73 18 75
3941	81 100 16 40
3942	25 98 47 79
3943	16 49 19 70
3944	29 95 42 72
3945	59 17 96 93
3946	26 52 73 80
3947	40 55 22 41
3948	30 11 48 5
3949	60 26 79 74
3950	6 3 50 69
3951	42 6 2 60
3952	31 10 69 87
3953	13 53 42 38
3954	85 63 67 5
3955	49 26 94 14
3956	87 77 41 82
3957	95 78 88 98
3958	41 57 18 89
3959	56 24 37 99
3960	40 50 69 66
3961	27 30 51 62
3962	87 13 5 36
3963	38 9 30 46
3964	36 61 3 22
3965	90 73 95 84
3966	78 41 17 3
3967	97 89 4 92
3968	79 20 68 62
3969	24 95 30 53
3970	2 3 35 11
3971	33 15 55 80
3972	81 48 29 99
3973	54 61 40 89
3974	16 7 13 52
3975	64 92 37 95
3976	17 45 25 74
3977	87 31 99 4
3978	16 75 33 2
3979	36 91 44 16
3980	99 100 65 41
3981	93 78 54 45
3982	20 83 1 90
3983	23 51 16 32
3984	92 63 78 58
3985	40 96 12 38
3986	31 67 44 73
3987	65 16 77 17
3988	63 73 29 79
3989	55 99 75 46
3990	11 86 55 14
3991	77 20 56 32
3992	91 55 74 92
3993	62 44 90 85
3994	99 1 23 81
3995	64 69 14 38
3996	16 50 58 31
3997	65 74 41 37
3998	27 74 11 13
3999	91 96 87 24
4000	22 77 8 62
4001	17 65 39 50
4002	2 10 55 93
4003	99 23 49 53
4004	3 9 57 75
4005	75 26 79 85
4006	54 16 24 95
4007	51 1 4 79
4008	5 28 38 36
4009	81 43 67 40
4010	72 35 60 19
4011	47 38 50 16
4012	11 30 45 86
4013	68 72 28 35
4014	76 75 4 85
4015	2 20 88 1
4016	62 1 60 81
4017	46 29 53 15
4018	29 45 16 42
4019	18 72 24 1
4020	3 51 85 82
4021	44 1 64 43
4022	53 66 96 11
4023	47 57 69 73
4024	85 9 23 74
4025	15 35 42 49
4026	60 78 71 38
4027	56 97 67 79
4028	76 52 14 47
4029	63 65 41 45
4030	36 24 96 61
4031	87 98 71 44
4032	1 50 83 24
4033	5 11 82 53
4034	36 97 88 76
4035	65 44 33 78
4036	85 78 4 16
4037	11 36 16 7
4038	82 39 74 55
4039	30 11 61 71
4040	61 46 23 25
4041	40 69 31 81
4042	92 14 83 93
4043	34 65 95 22
4044	18 55 60 24
4045	12 59 88 63
4046	91 87 89 21
4047	86 8 32 63
4048	18 100 22 44
4049	47 6 67 48
4050	45 57 43 90
4051	44 31 89 19
4052	52 30 57 46
4053	57 66 85 45
4054	34 9 10 44
4055	81 96 87 36
4056	3 70 23 62
4057	96 85 4 95
4058	63 83 41 29
4059	48 44 82 46
4060	56 42 96 97
4061	83 39 29 66
4062	14 77 75 82
4063	33 63 51 41
4064	100 29 21 63
4065	80 16 19 52
4066	65 79 60 19
4067	44 87 69 80
4068	79 3 2 83
4069	48 51 98 87
4070	64 14 33 20
4071	17 31 26 7
4072	7 38 17 88
4073	29 55 48 23
4074	29 57 66 10
4075	10 73 18 19
4076	55 5 86 68
4077	53 72 95 14
4078	21 74 60 93
4079	70 33 98 9
4080	97 6 13 23
4081	42 17 36 81
4082	79 3 5 98
4083	89 39 4 24
4084	28 6 90 9
4085	83 63 15 11
4086	11 56 7 66
4087	65 98 88 40
4088	61 12 42 5
4089	20 98 9 60
4090	94 93 73 91
4091	84 80 65 5
4092	70 3 21 78
4093	59 80 32 53
4094	52 81 58 55
4095	83 11 55 92
4096	47 36 4 30
4097	91 32 79 13
4098	31 76 13 6
4099	41 72 70 82
4100	53 58 35 80
4101	14 51 16 98
4102	61 9 26 41
4103	11 87 20 85
4104	100 31 4 91
4105	81 33 51 70
4106	16 52 8 93
4107	13 31 83 74
4108	2 16 15 20
4109	62 25 2 41
4110	37 71 31 42
4111	24 2 80 63
4112	79 10 62 13
4113	88 34 10 32
4114	79 83 67 84
4115	75 61 60 98
4116	6 19 69 79
4117	46 72 98 38
4118	9 53 5 4
4119	30 62 3 72
4120	19 23 92 49
4121	96 54 80 95
4122	1 41 71 67
4123	65 68 71 56
4124	75 44 20 87
4125	65 56 60 91
4126	22 64 98 10
4127	71 2 46 18
4128	30 31 5 11
4129	82 60 91 62
4130	13 87 51 89
4131	42 70 71 5
4132	79 6 94 90
4133	29 53 63 70
4134	32 33 87 93
4135	88 65 30 40
4136	32 54 29 96
4137	66 85 68 30
4138	86 12 94 38
4139	98 21 56 72
4140	73 43 20 83
4141	85 87 4 2
4142	24 87 94 93
4143	96 69 22 59
4144	40 14 59 53
4145	92 24 80 59
4146	53 26 66 29
4147	52 34 4 37
4148	73 48 18 52
4149	50 25 71 23
4150	21 60 3 50
4151	92 49 39 85
4152	29 26 17 79
4153	10 40 15 62
4154	93 83 21 91
4155	77 20 85 78
4156	47 27 20 30
4157	56 62 17 9
4158	99 70 1 31
4159	93 44 68 11
4160	26 74 3 21
4161	100 35 59 36
4162	87 43 10 98
4163	31 29 1 55
4164	42 59 20 12
4165	7 36 55 91
4166	58 84 98 34
4167	68 96 63 90
4168	93 69 73 90
4169	28 84 27 92
4170	37 32 45 71
4171	82 34 14 21
4172	30 34 14 93
4173	9 29 99 30
4174	32 31 44 35
4175	64 9 23 93
4176	38 42 4 43
4177	6 30 89 61
4178	55 50 97 99
4179	13 85 63 8
4180	44 25 39 36
4181	81 40 45 43
4182	59 9 19 12
4183	17 6 9 90
4184	1 43 38 19
4185	92 84 7 51
4186	71 100 63 19
4187	81 31 48 11
4188	86 10 71 77
4189	68 67 1 88
4190	47 30 61 99
4191	71 55 69 10
4192	19 2 63 1
4193	63 33 56 44
4194	71 79 49 91
4195	67 51 97 92
4196	74 21 95 68
4197	52 2 71 75
4198	86 81 51 44
4199	44 82 75 18
4200	48 65 4 19
4201	38 28 39 83
4202	50 59 76 10
4203	63 9 20 54
4204	20 80 69 71
4205	45 46 96 26
4206	59 7 25 100
4207	38 66 37 82
4208	56 15 48 53
4209	49 13 57 12
4210	3 18 8 96
4211	12 84 22 7
4212	51 43 27 80
4213	44 50 67 89
4214	4 36 63 23
4215	63 83 30 90
4216	36 49 41 31
4217	96 42 32 30
4218	9 35 78 19
4219	85 89 4 82
4220	3 9 95 43
4221	41 1 24 56
4222	38 29 25 91
4223	78 43 87 88
4224	35 80 18 36
4225	37 58 56 77
4226	58 51 22 55
4227	15 80 14 81
4228	25 91 18 82
4229	42 16 95 79
4230	97 36 76 69
4231	9 8 87 42
4232	66 79 56 20
4233	94 9 35 67
4234	95 60 2 57
4235	94 86 61 43
4236	68 7 9 11
4237	8 39 37 20
4238	2 57 28 25
4239	93 64 97 89
4240	28 75 51 26
4241	5 89 57 12
4242	93 79 32 36
4243	38 26 95 14
4244	58 41 64 18
4245	76 82 29 42
4246	69 30 49 53
4247	35 28 87 33
4248	31 60 81 64
4249	58 64 10 31
4250	15 49 93 74
4251	1 78 38 3
4252	11 98 77 74
4253	43 11 23 80
4254	90 83 47 54
4255	22 94 5 35
4256	95 12 94 15
4257	4 69 87 1
4258	85 73 97 3
4259	100 31 59 36
4260	64 3 95 16
4261	89 60 23 79
4262	75 48 23 82
4263	92 74 67 96
4264	31 63 48 23
4265	30 37 77 18
4266	39 5 74 53
4267	56 11 78 46
4268	29 92 5 32
4269	69 60 93 61
4270	33 1 93 50
4271	58 66 86 28
4272	76 59 39 26
4273	85 7 18 25
4274	41 6 55 77
4275	10 39 31 88
4276	19 10 21 85
4277	90 79 50 60
4278	35 83 49 46
4279	28 75 89 64
4280	27 69 78 45
4281	16 43 33 31
4282	14 93 17 53
4283	83 46 16 3
4284	81 51 33 17
4285	6 71 93 20
4286	48 96 4 57
4287	51 63 60 24
4288	80 50 96 56
4289	46 23 88 32
4290	50 10 49 26
4291	42 78 65 33
4292	97 70 1 58
4293	28 79 3 91
4294	98 9 89 7
4295	77 90 36 37
4296	35 17 80 27
4297	72 56 61 23
4298	46 85 61 43
4299	13 51 9 97
4300	72 63 42 88
4301	66 44 30 40
4302	43 81 28 44
4303	87 15 4 99
4304	71 16 82 88
4305	34 98 67 43
4306	99 64 12 73
4307	99 65 31 50
4308	15 88 48 50
4309	2 62 60 70
4310	39 95 66 27
4311	26 95 38 42
4312	88 92 53 1
4313	24 50 97 55
4314	7 34 55 4
4315	9 50 68 69
4316	98 52 86 59
4317	53 100 51 62
4318	65 68 47 32
4319	92 31 87 20
4320	27 2 48 11
4321	21 100 51 17
4322	69 6 73 60
4323	36 73 78 72
4324	80 83 51 77
4325	36 30 60 59
4326	25 30 60 82
4327	45 95 24 47
4328	4 64 53 60
4329	8 72 61 79
4330	8 63 50 44
4331	44 3 12 78
4332	66 10 65 42
4333	18 82 70 27
4334	74 56 55 37
4335	71 46 53 93
4336	71 91 65 29
4337	20 85 19 17
4338	3 97 16 30
4339	20 67 41 1
4340	55 32 35 9
4341	64 97 14 79
4342	73 34 30 64
4343	66 35 20 76
4344	36 7 46 85
4345	98 33 24 84
4346	17 82 93 25
4347	96 7 25 30
4348	100 71 17 77
4349	81 5 97 31
4350	96 77 97 53
4351	23 59 5 42
4352	61 90 12 98
4353	83 15 26 61
4354	76 82 46 49
4355	57 80 54 51
4356	16 2 57 60
4357	84 90 87 72
4358	31 66 99 10
4359	51 20 10 50
4360	92 22 88 54
4361	82 32 39 9
4362	83 1 59 90
4363	68 34 94 43
4364	49 82 66 11
4365	75 71 53 74
4366	47 61 52 53
4367	16 70 95 40
4368	84 56 15 48
4369	80 32 9 84
4370	57 8 73 4
4371	55 86 28 98
4372	63 26 72 42
4373	99 72 84 64
4374	92 6 94 70
4375	74 95 22 54
4376	63 65 60 97
4377	50 49 2 9
4378	95 53 100 94
4379	74 11 93 96
4380	78 7 93 22
4381	8 49 42 73
4382	8 78 90 37
4383	88 38 41 79
4384	97 92 27 14
4385	10 47 46 29
4386	28 13 57 69
4387	16 99 94 25
4388	28 76 97 81
4389	53 46 69 60
4390	10 48 17 22
4391	66 69 9 7
4392	11 56 82 90
4393	29 95 71 25
4394	16 67 34 28
4395	41 14 21 5
4396	21 53 5 54
4397	39 82 93 71
4398	32 73 69 38
4399	70 59 67 31
4400	32 9 13 1
4401	61 50 6 65
4402	77 49 9 7
4403	27 74 28 16
4404	18 68 91 5
4405	24 52 47 84
4406	16 67 88 57
4407	7 14 72 71
4408	60 86 71 55
4409	93 51 73 31
4410	50 10 63 11
4411	52 61 85 47
4412	15 27 54 90
4413	48 82 32 28
4414	54 50 16 85
4415	62 15 5 77
4416	68 63 71 62
4417	90 22 29 73
4418	24 80 60 4
4419	15 19 16 5
4420	48 40 9 21
4421	54 82 19 75
4422	31 49 8 83
4423	14 23 44 46
4424	9 62 40 1
4425	38 24 88 14
4426	27 75 79 76
4427	95 88 50 9
4428	25 33 6 90
4429	2 20 70 68
4430	78 5 9 31
4431	94 86 57 19
4432	75 90 16 51
4433	80 12 40 49
4434	16 55 73 39
4435	30 76 42 31
4436	59 72 15 28
4437	93 9 14 84
4438	71 4 5 39
4439	12 90 95 99
4440	68 46 22 41
4441	23 3 56 39
4442	88 45 51 30
4443	26 82 83 57
4444	18 8 63 53
4445	62 30 17 3
4446	32 45 81 63
4447	40 89 85 18
4448	30 98 41 77
4449	66 46 28 34
4450	57 44 11 55
4451	90 86 35 27
4452	18 56 61 95
4453	11 5 12 57
4454	6 65 38 64
4455	25 48 7 97
4456	27 35 42 49
4457	77 12 49 65
4458	19 96 1 15
4459	87 70 14 78
4460	62 28 38 74
4461	22 23 99 18
4462	9 31 13 23
4463	100 48 82 22
4464	80 19 42 71
4465	7 42 63 40
4466	66 70 14 5
4467	27 91 26 33
4468	91 55 10 27
4469	22 44 50 3
4470	16 85 50 76
4471	71 46 96 14
4472	35 9 29 30
4473	32 31 58 55
4474	1 44 54 70
4475	78 69 82 71
4476	83 6 75 5
4477	88 47 15 29
4478	88 80 99 92
4479	51 80 50 53
4480	77 81 17 87
4481	90 59 68 49
4482	42 80 96 91
4483	22 79 95 90
4484	56 47 84 41
4485	66 51 40 61
4486	8 93 78 16
4487	18 24 62 88
4488	51 66 72 77
4489	8 27 78 36
4490	69 94 51 14
4491	100 56 45 78
4492	17 24 90 45
4493	66 43 92 9
4494	22 1 55 43
4495	3 74 32 60
4496	54 27 13 15
4497	43 69 55 45
4498	93 77 96 24
4499	7 46 79 74
4500	44 13 100 22
4501	26 32 14 51
4502	46 87 4 90
4503	59 50 71 31
4504	9 66 41 62
4505	87 80 42 100
4506	32 46 79 74
4507	33 90 37 49
4508	67 33 40 7
4509	62 16 4 36
4510	88 4 42 64
4511	94 27 59 37
4512	59 39 26 3
4513	23 98 87 84
4514	95 27 13 45
4515	63 42 97 1
4516	53 31 68 59
4517	31 100 20 78
4518	90 62 4 13
4519	23 31 12 69
4520	66 98 31 47
4521	19 67 90 80
4522	4 8 74 40
4523	2 90 64 51
4524	45 41 14 84
4525	76 26 32 70
4526	7 88 95 17
4527	30 11 84 10
4528	84 41 44 99
4529	13 43 34 8
4530	35 95 87 76
4531	62 49 29 36
4532	69 8 26 50
4533	50 62 89 10
4534	78 98 63 10
4535	46 22 42 54
4536	3 98 34 76
4537	95 88 54 90
4538	84 80 58 54
4539	87 88 11 26
4540	49 58 78 2
4541	89 90 31 87
4542	49 35 65 19
4543	18 79 40 86
4544	40 13 88 67
4545	93 29 74 26
4546	22 26 56 41
4547	46 94 28 69
4548	72 45 3 93
4549	39 68 5 62
4550	77 42 4 59
4551	84 17 20 85
4552	27 78 82 49
4553	8 45 91 96
4554	38 5 60 55
4555	69 7 63 10
4556	67 1 38 29
4557	64 17 7 67
4558	81 1 13 30
4559	33 85 80 79
4560	86 32 81 76
4561	55 2 16 28
4562	17 49 71 19
4563	28 7 58 69
4564	74 8 56 25
4565	53 89 23 82
4566	74 29 27 14
4567	64 56 98 69
4568	88 40 80 82
4569	48 8 58 47
4570	65 33 91 11
4571	67 62 95 71
4572	93 19 9 94
4573	62 98 5 53
4574	15 36 9 26
4575	71 94 34 42
4576	41 47 53 98
4577	70 10 92 23
4578	93 59 46 11
4579	71 56 3 42
4580	21 54 23 10
4581	77 59 52 86
4582	41 98 49 21
4583	20 10 74 77
4584	88 92 6 93
4585	63 39 58 76
4586	40 71 14 70
4587	54 3 6 35
4588	44 21 17 13
4589	47 97 41 95
4590	10 17 72 57
4591	83 61 12 2
4592	49 35 16 4
4593	62 63 1 92
4594	60 75 16 39
4595	45 6 71 22
4596	15 11 19 86
4597	12 3 10 40
4598	76 98 7 29
4599	56 85 27 67
4600	31 56 3 10
4601	5 14 36 25
4602	33 84 7 96
4603	29 77 72 90
4604	50 52 6 46
4605	40 24 65 83
4606	15 25 68 55
4607	47 50 88 63
4608	13 2 51 10
4609	89 73 32 28
4610	85 47 24 66
4611	14 26 56 30
4612	90 48 16 2
4613	80 22 17 87
4614	72 98 6 75
4615	67 58 88 31
4616	46 17 12 86
4617	98 20 83 28
4618	25 81 99 57
4619	9 4 60 57
4620	42 79 48 67
4621	37 61 26 23
4622	33 69 90 38
4623	8 50 84 79
4624	25 78 11 30
4625	96 3 19 83
4626	32 46 44 27
4627	24 25 4 2
4628	25 33 64 57
4629	81 77 23 8
4630	37 26 90 33
4631	3 14 99 58
4632	76 55 12 100
4633	11 43 81 4
4634	2 70 82 47
4635	51 30 85 64
4636	82 51 61 59
4637	54 53 59 3
4638	82 27 4 21
4639	26 59 13 28
4640	67 11 36 86
4641	14 38 2 43
4642	74 51 9 34
4643	97 23 58 20
4644	10 46 27 83
4645	3 94 24 72
4646	77 64 53 54
4647	66 10 21 7
4648	61 47 27 83
4649	2 87 78 62
4650	46 53 38 4
4651	76 24 32 74
4652	78 70 45 2
4653	36 86 87 40
4654	11 77 38 25
4655	58 82 39 9
4656	78 83 87 36
4657	98 22 40 43
4658	68 84 43 33
4659	54 79 100 28
4660	16 59 30 40
4661	91 61 100 62
4662	46 63 35 5
4663	97 93 32 56
4664	17 79 53 5
4665	78 100 54 47
4666	22 82 77 48
4667	58 97 75 94
4668	28 77 80 39
4669	52 13 57 32
4670	3 96 26 82
4671	99 66 43 70
4672	63 50 98 80
4673	77 55 96 92
4674	49 70 62 72
4675	36 60 66 7
4676	81 38 32 68
4677	50 39 82 46
4678	81 63 28 91
4679	86 11 94 54
4680	6 64 42 55
4681	13 61 3 83
4682	6 69 97 96
4683	76 14 24 5
4684	71 92 63 44
4685	16 21 91 3
4686	28 44 21 26
4687	93 76 64 36
4688	96 86 19 5
4689	60 9 29 3
4690	59 49 99 42
4691	55 4 21 50
4692	78 12 38 2
4693	55 20 79 64
4694	91 13 92 93
4695	98 41 81 61
4696	81 40 55 73
4697	74 92 53 42
4698	21 36 24 14
4699	55 82 27 70
4700	27 69 26 24
4701	18 62 8 69
4702	44 46 40 93
4703	55 86 87 31
4704	86 17 5 15
4705	63 11 66 70
4706	92 79 76 42
4707	20 92 8 16
4708	77 39 46 69
4709	99 42 87 6
4710	44 5 39 78
4711	53 92 91 85
4712	91 36 2 40
4713	89 52 31 50
4714	59 79 2 55
4715	15 29 24 54
4716	88 82 17 46
4717	17 97 54 43
4718	49 35 51 95
4719	22 93 33 61
4720	56 74 69 20
4721	89 67 4 60
4722	72 3 100 31
4723	58 2 100 38
4724	40 2 90 66
4725	88 46 57 49
4726	46 31 54 100
4727	60 24 94 8
4728	93 91 44 8
4729	60 43 56 99
4730	75 63 88 94
4731	82 81 20 56
4732	12 56 42 78
4733	72 16 61 63
4734	26 61 54 64
4735	17 51 10 46
4736	99 39 13 61
4737	26 1 21 13
4738	23 28 24 83
4739	44 60 21 3
4740	12 62 48 55
4741	57 83 31 50
4742	47 33 95 20
4743	41 70 4 43
4744	96 57 83 54
4745	98 15 99 95
4746	15 22 21 42
4747	8 72 4 28
4748	99 50 76 7
4749	77 34 83 3
4750	26 7 100 43
4751	23 32 72 5
4752	89 19 36 18
4753	25 40 97 45
4754	95 46 44 59
4755	88 62 77 18
4756	65 68 52 64
4757	76 91 78 70
4758	75 50 53 16
4759	3 79 90 52
4760	54 52 2 11
4761	26 11 45 15
4762	2 67 63 43
4763	30 14 1 87
4764	97 91 93 79
4765	5 55 89 49
4766	31 5 8 75
4767	29 6 5 66
4768	94 54 41 69
4769	83 39 90 44
4770	15 87 10 62
4771	16 26 8 35
4772	18 85 20 44
4773	60 26 93 15
4774	88 48 80 81
4775	69 44 7 19
4776	94 82 37 78
4777	46 48 95 36
4778	14 32 26 29
4779	31 58 50 81
4780	96 37 64 72
4781	76 28 70 86
4782	70 22 24 91
4783	100 14 21 84
4784	14 75 31 21
4785	14 85 44 99
4786	29 56 72 71
4787	20 11 37 67
4788	42 59 26 5
4789	54 33 98 8
4790	12 76 40 82
4791	50 72 52 8
4792	48 57 92 99
4793	77 20 22 35
4794	72 55 86 69
4795	7 62 8 33
4796	31 85 77 46
4797	51 94 88 97
4798	89 9 98 66
4799	12 92 2 65
4800	14 19 46 36
4801	26 47 20 98
4802	54 88 23 2
4803	56 7 41 79
4804	49 61 57 48
4805	7 43 91 97
4806	80 15 6 81
4807	20 29 28 9
4808	93 48 56 80
4809	38 99 70 16
4810	8 27 85 3
4811	58 9 21 30
4812	86 3 68 28
4813	24 22 18 32
4814	67 62 52 100
4815	95 27 29 99
4816	61 15 31 99
4817	45 24 51 58
4818	41 55 33 8
4819	28 48 18 90
4820	73 2 76 49
4821	47 19 3 73
4822	1 66 55 12
4823	50 59 62 14
4824	42 12 55 84
4825	63 35 64 22
4826	87 73 46 89
4827	98 46 91 17
4828	98 78 21 92
4829	40 3 9 100
4830	24 40 47 21
4831	36 26 8 56
4832	27 35 100 67
4833	97 59 33 25
4834	52 35 11 84
4835	99 16 77 55
4836	31 32 95 4
4837	49 33 94 37
4838	31 83 18 67
4839	4 12 23 94
4840	64 60 10 98
4841	91 57 6 22
4842	24 48 90 49
4843	95 97 23 39
4844	74 54 81 17
4845	24 55 63 21
4846	50 46 89 79
4847	72 4 32 11
4848	56 12 81 57
4849	77 70 63 20
4850	13 19 83 28
4851	30 42 97 44
4852	46 68 84 40
4853	1 55 69 8
4854	94 60 75 15
4855	29 67 55 70
4856	47 30 52 25
4857	41 54 70 72
4858	16 57 35 66
4859	58 78 95 23
4860	82 15 87 74
4861	52 61 76 45
4862	67 61 7 37
4863	35 18 26 96
4864	7 65 71 61
4865	77 52 14 85
4866	34 33 12 30
4867	54 28 47 4
4868	12 55 18 6
4869	51 64 10 20
4870	72 23 85 44
4871	80 81 5 41
4872	90 36 98 39
4873	86 41 87 89
4874	15 11 41 47
4875	38 7 80 32
4876	70 63 32 53
4877	58 6 1 69
4878	35 99 42 63
4879	43 92 46 25
4880	20 2 42 89
4881	9 99 97 68
4882	54 35 99 13
4883	92 90 94 70
4884	79 27 20 59
4885	18 97 71 12
4886	9 16 63 42
4887	79 3 7 73
4888	75 42 55 12
4889	13 28 43 66
4890	7 93 63 36
4891	36 5 27 31
4892	37 88 6 87
4893	37 7 6 70
4894	8 80 94 4
4895	96 19 65 87
4896	3 22 41 15
4897	69 85 94 78
4898	54 27 87 69
4899	20 80 31 58
4900	83 80 65 61
4901	80 85 67 14
4902	7 37 89 19
4903	66 25 84 17
4904	38 64 7 20
4905	76 51 41 12
4906	68 9 47 78
4907	62 12 38 43
4908	70 7 35 5
4909	40 55 83 87
4910	92 46 67 32
4911	19 52 75 70
4912	50 4 35 97
4913	91 16 57 47
4914	33 68 2 94
4915	10 99 39 93
4916	10 28 53 35
4917	26 43 93 65
4918	65 7 91 5
4919	76 40 17 14
4920	91 56 100 76
4921	94 5 19 51
4922	71 86 28 5
4923	57 82 45 33
4924	27 76 72 47
4925	31 75 68 96
4926	99 97 65 17
4927	57 25 71 27
4928	80 55 5 74
4929	61 16 49 97
4930	21 37 65 31
4931	67 58 76 61
4932	88 81 15 53
4933	18 3 68 61
4934	55 67 53 79
4935	37 35 45 31
4936	77 19 58 4
4937	77 99 6 48
4938	18 2 39 40
4939	57 5 15 30
4940	40 35 9 20
4941	74 15 1 26
4942	36 44 10 11
4943	76 8 62 79
4944	2 81 72 53
4945	48 6 26 22
4946	6 44 96 65
4947	98 91 13 52
4948	45 49 94 60
4949	2 18 17 95
4950	45 22 92 10
4951	80 24 41 42
4952	9 30 83 37
4953	91 60 84 34
4954	50 35 62 55
4955	73 62 49 76
4956	26 67 35 60
4957	10 84 8 95
4958	86 65 10 87
4959	3 37 97 91
4960	41 5 100 60
4961	22 19 92 36
4962	23 10 100 28
4963	90 56 85 82
4964	47 52 85 46
4965	87 74 85 55
4966	84 91 51 11
4967	57 18 30 55
4968	55 99 87 26
4969	25 13 7 39
4970	31 26 52 59
4971	58 29 30 52
4972	70 19 66 10
4973	14 61 59 11
4974	69 11 63 53
4975	44 36 11 77
4976	61 74 50 60
4977	90 94 52 57
4978	45 89 92 38
4979	1 79 100 23
4980	52 59 31 19
4981	1 29 61 11
4982	22 61 2 8
4983	19 21 47 89
4984	3 44 98 79
4985	49 41 17 7
4986	98 100 87 16
4987	90 58 73 26
4988	24 37 80 34
4989	84 31 14 45
4990	83 61 54 14
4991	41 1 99 7
4992	59 92 42 53
4993	69 89 45 30
4994	2 17 100 45
4995	97 70 82 95
4996	48 40 54 28
4997	80 5 60 52
4998	50 51 71 44
4999	7 26 39 95
5000	19 2 84 41
