Students	5000
1	4 44 46 53
2	24 5 71 79
3	83 62 73 32
4	55 2 17 88
5	4 9 98 72
6	12 24 48 49
7	40 39 52 94
8	15 52 11 18
9	71 66 79 85
10	71 52 30 17
11	76 78 18 23
12	32 9 56 62
13	90 60 75 73
14	57 28 96 69
15	87 68 28 93
16	2 72 23 40
17	69 44 49 2
18	32 37 63 67
19	42 30 10 73
20	82 52 8 79
21	26 42 78 18
22	58 50 48 46
23	76 14 7 62
24	20 82 57 58
25	53 87 75 54
26	34 64 99 21
27	43 87 9 41
28	42 67 1 47
29	27 63 7 35
30	7 70 47 44
31	98 76 63 54
32	14 41 48 98
33	14 34 59 20
34	36 79 10 75
35	15 60 20 19
36	91 94 72 7
37	65 28 71 6
38	91 28 48 88
39	73 66 60 37
40	80 43 99 72
41	4 36 35 77
42	55 19 62 51
43	52 19 65 33
44	60 88 41 91
45	22 96 16 49
46	47 58 29 71
47	88 27 20 48
48	86 16 88 96
49	44 19 36 15
50	5 66 11 9
51	17 31 38 50
52	37 23 73 11
53	27 100 54 1
54	76 46 86 53
55	79 71 45 31
56	51 35 27 71
57	11 100 50 75
58	42 41 97 56
59	69 35 52 34
60	38 55 41 37
61	99 8 60 73
62	11 14 17 74
63	25 71 94 50
64	21 85 12 8
65	45 74 24 90
66	6 21 55 84
67	37 15 2 86
68	28 67 89 39
69	30 14 32 53
70	1 26 76 23
71	90 53 93 37
72	17 26 67 37
73	66 5 100 75
74	67 38 29 81
75	67 46 47 24
76	69 51 32 40
77	45 80 18 4
78	89 1 27 72
79	91 20 76 87
80	6 11 70 18
81	53 11 3 4
82	89 19 41 54
83	36 66 42 51
84	32 56 63 85
85	67 89 93 36
86	14 43 20 65
87	80 4 13 97
88	84 41 46 74
89	73 43 75 74
90	92 13 10 7
91	9 99 3 49
92	20 45 80 2
93	7 54 17 48
94	83 14 55 26
95	6 53 1 50
96	16 97 5 2
97	37 14 38 96
98	44 93 91 1
99	95 88 8 42
100	44 66 81 5
101	46 12 16 29
102	29 45 24 46
103	18 52 42 61
104	61 84 3 18
105	23 47 81 61
106	94 11 60 82
107	69 98 68 42
108	47 87 42 72
109	61 65 88 94
110	90 56 1 78
111	33 53 28 48
112	66 92 17 34
113	36 40 92 76
114	47 57 50 36
115	81 29 33 96
116	83 71 26 93
117	85 86 2 50
118	63 32 66 62
119	24 15 88 67
120	6 12 20 90
121	85 51 30 50
122	37 53 27 58
123	42 16 89 48
124	55 65 59 61
125	10 42 64 50
126	82 25 60 32
127	67 68 73 45
128	91 5 90 22
129	32 41 74 76
130	68 11 13 20
131	28 50 49 4
132	5 68 18 92
133	7 24 12 23
134	73 36 30 93
135	83 84 49 50
136	39 20 8 34
137	26 79 44 25
138	38 3 7 6
139	83 41 91 43
140	10 62 48 64
141	98 18 17 82
142	82 28 12 37
143	55 13 100 68
144	32 99 45 73
145	72 7 82 89
146	70 83 46 8
147	37 59 100 50
148	35 100 97 27
149	97 99 38 23
150	59 95 74 94
151	34 22 65 4
152	92 71 20 11
153	67 86 18 7
154	56 65 87 59
155	33 75 98 90
156	47 66 87 91
157	93 86 80 63
158	28 73 64 96
159	87 74 63 30
160	19 11 60 39
161	62 85 87 65
162	52 81 67 7
163	95 38 57 69
164	81 14 29 92
165	68 70 65 8
166	97 33 94 1
167	38 32 11 86
168	97 92 93 85
169	38 78 31 68
170	83 55 66 77
171	71 100 20 44
172	50 99 26 4
173	86 29 49 13
174	89 70 37 22
175	86 77 22 84
176	71 82 66 87
177	3 25 32 59
178	68 62 26 71
179	58 80 49 88
180	5 63 8 70
181	25 85 33 8
182	3 62 56 93
183	99 96 8 33
184	39 24 20 57
185	3 58 27 2
186	54 8 49 42
187	6 17 28 56
188	37 43 78 22
189	19 8 53 91
190	82 21 8 55
191	88 23 56 83
192	48 17 91 33
193	95 64 28 39
194	24 50 92 64
195	64 61 57 18
196	65 71 22 40
197	70 7 21 13
198	41 58 20 93
199	64 12 23 56
200	10 74 85 20
201	50 36 65 73
202	62 96 59 90
203	73 93 46 32
204	44 83 39 92
205	80 88 98 15
206	48 86 16 10
207	59 15 17 93
208	82 43 31 63
209	70 25 48 98
210	44 30 66 79
211	39 33 71 83
212	55 27 59 17
213	91 48 85 88
214	3 9 12 45
215	46 7 50 54
216	15 25 83 5
217	58 47 35 18
218	60 35 5 15
219	91 45 60 39
220	58 48 23 85
221	85 4 38 46
222	70 81 84 9
223	43 6 40 56
224	11 88 1 31
225	47 7 82 53
226	49 6 2 1
227	71 83 72 36
228	18 45 36 22
229	13 34 50 20
230	85 38 55 14
231	11 99 85 76
232	18 34 88 51
233	25 19 68 75
234	94 83 38 86
235	56 73 60 72
236	94 6 30 34
237	22 30 2 53
238	86 75 45 95
239	48 22 83 35
240	67 44 96 20
241	45 42 36 27
242	46 8 39 29
243	93 65 33 57
244	72 26 17 53
245	70 22 12 75
246	72 54 18 52
247	8 67 39 53
248	18 88 69 86
249	28 30 27 97
250	27 42 59 77
251	1 88 35 79
252	81 36 26 71
253	5 24 22 64
254	96 99 89 27
255	22 41 31 100
256	61 79 96 43
257	53 70 26 41
258	82 61 41 52
259	58 98 7 41
260	29 33 81 23
261	59 46 85 90
262	8 97 48 12
263	37 65 68 30
264	93 15 41 20
265	93 13 84 21
266	82 6 64 49
267	94 24 68 17
268	22 60 18 43
269	44 61 36 19
270	52 99 61 50
271	86 56 9 11
272	7 35 15 52
273	90 38 93 70
274	66 90 47 72
275	66 63 76 39
276	37 51 4 96
277	11 98 74 96
278	57 2 32 92
279	83 64 60 24
280	89 48 78 12
281	46 94 93 10
282	31 22 69 99
283	7 91 64 87
284	81 5 88 18
285	89 50 94 95
286	57 27 31 47
287	28 12 73 20
288	17 65 1 51
289	68 70 82 57
290	100 71 5 28
291	38 83 98 73
292	60 94 40 90
293	85 6 19 58
294	9 45 29 7
295	2 7 9 95
296	15 36 3 38
297	74 92 69 58
298	88 58 12 76
299	80 42 57 40
300	70 41 78 8
301	59 62 40 29
302	24 84 61 72
303	71 53 32 90
304	5 31 77 93
305	47 20 30 4
306	100 45 48 12
307	62 96 29 63
308	2 65 8 69
309	32 17 30 78
310	96 93 15 37
311	40 64 85 81
312	92 72 89 36
313	70 55 81 14
314	15 24 72 35
315	67 68 69 20
316	40 68 48 42
317	92 52 80 1
318	2 83 56 22
319	33 72 65 91
320	76 58 94 23
321	97 23 6 91
322	26 83 41 94
323	73 56 28 58
324	7 46 44 83
325	74 32 22 12
326	31 14 26 19
327	68 57 55 84
328	52 69 93 14
329	37 8 35 98
330	46 41 74 43
331	64 13 86 76
332	67 30 66 32
333	71 36 18 80
334	100 98 78 37
335	73 15 21 69
336	63 91 80 51
337	13 67 17 16
338	97 26 76 4
339	54 30 42 57
340	30 56 15 68
341	29 97 12 73
342	27 32 41 12
343	75 68 51 77
344	15 46 68 93
345	54 19 100 76
346	30 54 15 34
347	8 88 75 93
348	32 63 34 53
349	6 40 12 93
350	45 56 67 19
351	15 75 3 42
352	87 72 51 80
353	87 32 85 16
354	99 91 93 2
355	13 37 40 39
356	47 71 81 23
357	44 41 62 65
358	15 12 88 44
359	37 90 7 47
360	3 9 46 68
361	49 78 80 14
362	63 14 59 41
363	46 27 64 80
364	87 7 66 3
365	81 60 28 71
366	34 54 61 95
367	15 57 87 12
368	40 74 71 1
369	95 35 48 55
370	50 27 42 72
371	76 65 38 86
372	91 92 58 99
373	33 57 74 68
374	43 81 67 42
375	1 71 89 11
376	31 16 84 64
377	5 78 27 56
378	29 28 48 5
379	20 88 99 75
380	46 94 80 11
381	27 1 89 66
382	67 82 21 37
383	53 39 50 89
384	26 9 19 51
385	48 26 54 58
386	97 67 54 25
387	75 35 68 42
388	91 52 82 99
389	59 69 43 10
390	66 6 45 27
391	69 34 35 10
392	50 24 13 33
393	73 100 58 22
394	51 21 5 66
395	78 26 49 81
396	62 97 49 80
397	81 38 49 86
398	58 21 57 86
399	13 87 15 62
400	72 54 89 38
401	13 54 22 40
402	32 45 24 65
403	65 62 26 88
404	21 2 13 22
405	49 66 51 19
406	33 61 47 73
407	85 2 70 6
408	1 76 95 70
409	69 79 95 53
410	23 65 7 17
411	70 73 21 62
412	95 54 98 100
413	20 61 83 24
414	66 98 19 65
415	18 23 28 20
416	71 98 37 27
417	54 63 27 76
418	30 89 67 18
419	40 31 32 62
420	15 59 43 13
421	47 17 50 55
422	69 63 94 64
423	14 86 11 77
424	25 75 78 20
425	72 90 24 26
426	88 22 54 97
427	61 84 69 48
428	85 14 10 63
429	94 96 54 80
430	34 48 22 94
431	16 69 75 84
432	31 90 97 99
433	81 20 86 50
434	19 78 5 29
435	68 35 96 32
436	71 85 51 24
437	83 89 28 14
438	54 92 7 31
439	66 92 62 59
440	22 76 99 13
441	38 70 96 90
442	52 55 19 31
443	18 74 12 96
444	70 32 23 81
445	50 86 81 51
446	43 95 20 32
447	58 100 41 42
448	15 82 75 1
449	28 3 22 54
450	57 85 3 67
451	14 26 20 94
452	17 91 10 89
453	2 73 18 90
454	79 18 50 29
455	44 32 79 12
456	50 34 89 68
457	17 21 93 76
458	42 64 35 89
459	30 5 11 87
460	28 59 40 81
461	59 88 93 31
462	43 49 80 4
463	90 64 6 30
464	49 23 57 17
465	98 5 100 40
466	10 58 51 5
467	55 75 99 18
468	70 37 53 80
469	29 94 50 18
470	5 27 96 4
471	12 69 61 6
472	72 51 60 35
473	52 89 40 82
474	94 6 39 68
475	51 95 54 1
476	60 46 61 41
477	1 37 93 73
478	36 12 59 37
479	69 62 3 1
480	31 85 53 23
481	67 6 20 26
482	11 71 91 88
483	23 45 57 97
484	34 95 30 6
485	92 2 56 87
486	12 51 16 33
487	41 95 56 31
488	1 93 100 26
489	37 99 97 28
490	84 15 83 44
491	37 54 28 88
492	38 22 51 42
493	21 47 87 83
494	44 72 34 93
495	73 16 88 94
496	95 84 80 77
497	13 38 99 19
498	86 18 16 25
499	13 83 25 86
500	57 41 46 71
501	80 19 7 27
502	91 80 99 18
503	15 68 7 45
504	50 96 1 67
505	18 83 80 48
506	57 76 20 93
507	27 56 6 23
508	41 22 21 99
509	100 7 6 71
510	82 47 28 55
511	37 7 13 75
512	72 25 39 10
513	18 67 73 62
514	22 20 13 24
515	37 73 50 97
516	56 15 46 29
517	24 10 63 22
518	65 34 90 61
519	98 100 49 48
520	19 33 87 68
521	67 39 59 98
522	29 72 44 66
523	17 87 3 100
524	59 47 37 93
525	50 58 48 24
526	1 68 90 39
527	70 97 17 57
528	55 99 25 51
529	43 58 17 28
530	69 58 80 44
531	4 98 46 55
532	33 9 83 45
533	2 40 85 5
534	27 5 57 11
535	57 77 16 79
536	92 95 58 27
537	91 2 67 52
538	78 95 96 20
539	18 36 35 75
540	20 56 64 10
541	48 41 87 93
542	74 42 29 17
543	91 61 22 24
544	46 33 48 10
545	51 30 93 44
546	51 50 46 3
547	18 28 22 9
548	49 5 76 61
549	89 49 5 22
550	97 35 82 23
551	15 73 28 77
552	69 68 48 58
553	86 58 32 5
554	64 67 1 79
555	23 90 27 4
556	49 87 44 27
557	58 31 37 17
558	68 70 38 97
559	39 68 40 84
560	6 70 59 97
561	27 44 32 3
562	14 33 29 20
563	50 62 77 90
564	86 2 61 70
565	67 45 50 5
566	16 58 100 35
567	42 98 63 23
568	37 12 14 92
569	71 19 33 41
570	37 57 92 33
571	74 89 65 29
572	100 49 12 96
573	94 5 99 35
574	43 41 45 56
575	50 39 54 24
576	46 64 68 24
577	72 64 27 46
578	52 95 81 40
579	50 88 51 77
580	36 22 19 91
581	93 14 83 28
582	54 4 41 16
583	84 16 96 42
584	13 8 19 5
585	65 42 96 58
586	88 21 6 84
587	23 9 46 25
588	74 73 97 24
589	38 82 92 96
590	87 41 25 12
591	33 100 75 97
592	19 37 17 23
593	77 98 22 82
594	1 6 74 58
595	43 80 72 57
596	45 50 20 32
597	72 42 13 58
598	59 60 36 92
599	71 67 58 84
600	64 80 43 22
601	45 52 64 33
602	100 75 67 53
603	76 68 64 90
604	82 31 37 98
605	82 89 20 88
606	61 65 27 90
607	4 81 49 45
608	26 80 46 41
609	38 77 100 3
610	25 79 14 34
611	70 23 93 3
612	3 88 58 93
613	88 37 31 64
614	17 42 55 4
615	86 70 92 58
616	29 13 37 54
617	40 23 25 68
618	99 90 46 39
619	26 46 31 10
620	47 39 97 38
621	14 96 100 40
622	12 11 55 5
623	100 9 29 24
624	34 88 90 17
625	62 15 18 40
626	41 100 11 27
627	51 2 63 95
628	68 99 94 36
629	92 4 19 95
630	39 84 61 34
631	37 81 32 64
632	98 67 51 96
633	3 40 44 22
634	7 63 60 29
635	24 34 4 59
636	35 92 71 19
637	55 71 91 100
638	14 98 22 20
639	22 52 66 33
640	71 75 4 50
641	31 57 50 10
642	34 23 57 60
643	42 18 68 35
644	81 63 68 70
645	63 83 5 68
646	2 62 63 98
647	40 22 26 38
648	70 30 47 2
649	23 4 98 96
650	28 90 55 36
651	94 22 38 6
652	67 41 24 61
653	18 14 92 27
654	23 64 43 37
655	14 2 4 81
656	84 51 20 56
657	16 36 90 24
658	31 2 98 42
659	98 9 88 99
660	90 12 24 61
661	14 1 81 66
662	60 3 59 68
663	70 57 28 2
664	60 6 53 8
665	17 41 30 40
666	51 28 85 20
667	70 38 7 79
668	8 36 91 62
669	77 25 28 12
670	51 81 41 31
671	72 75 33 52
672	15 19 61 100
673	31 3 75 2
674	63 67 69 100
675	67 10 78 13
676	5 78 59 75
677	30 54 55 72
678	85 13 2 11
679	30 7 5 53
680	31 26 50 71
681	41 37 28 84
682	71 81 8 43
683	47 15 50 48
684	78 86 79 47
685	64 96 55 15
686	74 4 72 2
687	82 28 56 2
688	86 95 87 50
689	10 71 19 27
690	50 27 54 42
691	11 23 75 47
692	66 74 5 40
693	22 11 15 16
694	37 38 90 54
695	54 75 60 50
696	81 72 43 32
697	100 26 1 36
698	18 5 31 63
699	76 34 42 91
700	58 16 42 89
701	30 97 31 57
702	38 81 53 3
703	98 75 27 57
704	69 65 7 88
705	83 7 10 91
706	75 42 47 22
707	26 46 52 97
708	24 32 9 43
709	35 53 51 39
710	86 78 26 13
711	71 1 68 79
712	48 65 70 45
713	33 88 18 2
714	38 81 4 52
715	52 82 20 86
716	8 77 87 82
717	3 79 9 29
718	84 97 42 3
719	24 46 16 18
720	81 97 29 41
721	63 79 93 21
722	95 49 10 80
723	50 73 100 54
724	39 91 33 80
725	87 70 54 3
726	60 35 36 96
727	29 15 32 35
728	52 85 72 8
729	85 75 11 61
730	11 79 31 20
731	39 44 81 14
732	32 12 88 25
733	32 18 62 87
734	71 84 86 81
735	90 89 49 20
736	19 27 79 73
737	4 26 44 6
738	64 23 54 16
739	10 88 59 18
740	84 57 87 88
741	95 7 9 74
742	53 86 49 36
743	97 85 10 74
744	89 3 2 78
745	24 59 56 71
746	79 50 41 63
747	17 45 50 63
748	46 86 11 45
749	65 85 76 28
750	31 54 22 65
751	21 70 32 57
752	49 17 43 34
753	45 25 87 62
754	70 96 62 78
755	26 44 66 4
756	77 38 73 76
757	1 17 78 7
758	69 70 4 13
759	75 42 53 72
760	3 41 12 60
761	99 64 85 69
762	63 28 43 67
763	61 57 96 19
764	31 92 89 57
765	32 63 62 43
766	15 19 2 1
767	7 66 5 24
768	73 98 82 57
769	78 14 30 57
770	31 55 96 42
771	5 16 41 75
772	27 91 88 25
773	68 34 14 51
774	96 97 40 32
775	74 93 75 10
776	5 40 10 64
777	95 22 93 5
778	56 65 30 98
779	42 51 52 54
780	85 10 45 79
781	68 43 91 7
782	63 13 24 30
783	9 83 86 30
784	73 69 53 44
785	98 8 64 3
786	55 56 36 94
787	42 20 67 55
788	44 32 42 93
789	84 77 57 44
790	61 44 8 83
791	58 62 39 74
792	43 9 87 83
793	46 41 34 9
794	81 100 16 13
795	90 54 97 92
796	35 47 65 29
797	20 35 77 86
798	55 12 49 25
799	76 11 52 32
800	37 45 57 34
801	29 16 52 81
802	97 63 8 1
803	44 49 27 39
804	40 63 9 77
805	4 13 84 24
806	71 1 87 54
807	1 17 65 16
808	50 79 61 71
809	41 71 44 19
810	23 52 6 60
811	98 77 80 82
812	11 18 8 94
813	6 31 18 89
814	54 29 20 3
815	6 38 74 87
816	5 94 79 36
817	65 61 43 12
818	38 19 78 40
819	38 46 19 18
820	35 62 86 80
821	10 2 29 36
822	5 39 21 28
823	34 13 90 37
824	71 63 47 56
825	97 32 84 76
826	71 68 27 64
827	50 84 71 12
828	30 35 7 33
829	2 89 16 22
830	53 78 66 51
831	91 55 41 50
832	46 43 47 60
833	83 75 99 24
834	49 46 95 37
835	33 25 56 66
836	81 69 43 51
837	75 89 78 7
838	93 81 59 8
839	57 29 19 49
840	1 58 55 10
841	13 56 65 64
842	44 95 3 84
843	88 39 98 23
844	57 73 100 79
845	80 65 84 30
846	54 21 20 57
847	61 94 38 100
848	63 3 66 60
849	97 9 99 72
850	31 66 60 47
851	16 39 45 57
852	64 37 7 98
853	88 11 35 23
854	80 12 97 57
855	100 96 58 97
856	48 18 19 28
857	89 65 2 27
858	15 80 10 81
859	29 98 32 55
860	43 9 8 37
861	88 57 77 96
862	66 25 70 76
863	34 54 82 76
864	90 67 77 84
865	9 21 81 80
866	19 45 97 2
867	95 26 78 72
868	99 88 6 67
869	82 43 96 7
870	74 7 51 4
871	43 41 94 27
872	19 63 95 58
873	70 31 73 42
874	92 15 69 67
875	69 60 32 19
876	87 86 1 23
877	24 15 39 75
878	83 96 49 2
879	93 91 89 63
880	29 74 90 99
881	98 27 20 32
882	58 60 64 11
883	58 5 41 18
884	26 4 70 13
885	61 94 8 76
886	16 62 39 53
887	69 94 42 82
888	88 80 96 40
889	57 41 55 36
890	81 86 29 16
891	81 94 83 89
892	72 74 47 54
893	23 69 83 79
894	90 15 51 14
895	31 58 82 46
896	15 29 16 62
897	83 23 29 82
898	59 19 39 51
899	2 9 8 14
900	45 92 15 60
901	26 71 64 58
902	7 85 31 78
903	76 81 75 52
904	34 2 9 3
905	22 17 53 85
906	36 65 61 76
907	56 94 17 60
908	81 54 47 4
909	7 16 98 19
910	71 99 68 52
911	81 13 82 41
912	91 80 14 85
913	31 43 90 44
914	27 89 13 70
915	65 44 96 35
916	78 77 12 6
917	10 2 44 89
918	74 43 15 83
919	34 41 26 100
920	90 74 96 64
921	42 29 55 21
922	43 2 62 92
923	30 59 71 16
924	82 90 51 49
925	62 17 46 74
926	73 26 89 24
927	61 60 48 33
928	66 10 65 73
929	37 60 56 95
930	28 89 74 67
931	46 8 12 68
932	4 90 97 12
933	73 67 45 92
934	30 90 65 38
935	69 7 99 58
936	6 49 24 26
937	3 94 53 12
938	18 86 73 8
939	4 53 18 71
940	86 22 10 60
941	50 51 68 53
942	86 23 17 47
943	20 65 64 32
944	26 3 75 30
945	83 95 90 69
946	29 74 76 95
947	18 61 92 29
948	12 78 56 4
949	7 98 97 72
950	70 86 8 97
951	10 33 67 89
952	52 13 81 36
953	34 41 74 5
954	21 34 95 5
955	59 25 85 43
956	93 3 92 15
957	24 84 43 74
958	91 89 25 62
959	83 69 85 48
960	83 7 64 49
961	62 69 43 28
962	80 98 25 29
963	62 86 30 35
964	87 59 42 67
965	10 100 22 61
966	21 80 91 66
967	86 36 9 33
968	20 57 2 100
969	74 13 10 43
970	72 45 20 2
971	95 67 74 100
972	80 20 82 49
973	17 83 47 61
974	96 9 75 14
975	93 99 38 50
976	16 87 96 3
977	96 17 60 92
978	81 13 44 62
979	7 15 37 11
980	40 78 90 44
981	62 23 5 8
982	14 97 72 83
983	87 88 3 75
984	75 29 1 77
985	67 80 78 73
986	79 77 85 14
987	42 23 69 6
988	79 52 50 62
989	45 88 40 13
990	10 90 81 93
991	5 98 66 15
992	16 40 26 61
993	37 77 81 26
994	67 34 57 64
995	54 70 56 98
996	26 34 51 27
997	95 85 28 18
998	20 66 29 98
999	63 53 88 44
1000	56 45 3 43
1001	13 16 33 76
1002	29 71 73 2
1003	98 49 88 51
1004	92 36 83 52
1005	39 64 17 9
1006	17 91 84 18
1007	45 37 69 15
1008	98 24 81 72
1009	86 94 15 66
1010	9 24 85 61
1011	22 86 89 91
1012	71 15 88 52
1013	76 12 62 16
1014	87 69 45 4
1015	10 17 26 41
1016	82 87 12 28
1017	58 51 85 25
1018	60 32 37 73
1019	62 70 8 39
1020	98 87 80 96
1021	43 99 75 45
1022	62 7 42 27
1023	15 57 1 41
1024	69 2 88 74
1025	24 43 49 86
1026	44 39 14 30
1027	3 80 16 15
1028	17 12 50 3
1029	81 33 84 12
1030	19 32 100 14
1031	92 26 89 31
1032	79 34 72 99
1033	51 3 83 61
1034	3 15 16 68
1035	75 88 47 37
1036	75 67 23 7
1037	39 41 80 27
1038	33 86 98 60
1039	91 4 100 10
1040	62 92 8 52
1041	35 93 72 39
1042	86 40 92 4
1043	14 1 80 18
1044	70 28 43 65
1045	51 10 66 76
1046	18 91 60 52
1047	89 80 14 71
1048	91 81 93 3
1049	89 79 22 94
1050	35 19 66 81
1051	93 5 41 61
1052	39 51 38 8
1053	8 4 39 82
1054	21 49 26 71
1055	71 57 74 97
1056	42 52 58 36
1057	21 97 23 35
1058	34 45 32 24
1059	66 36 97 19
1060	88 58 84 99
1061	98 21 20 14
1062	28 41 32 71
1063	46 81 69 86
1064	67 25 77 74
1065	22 77 38 69
1066	78 34 65 26
1067	7 95 61 52
1068	36 75 88 74
1069	21 11 94 66
1070	33 1 24 39
1071	35 20 59 85
1072	50 27 84 98
1073	1 61 32 13
1074	72 1 7 33
1075	84 53 66 71
1076	5 45 87 10
1077	47 68 31 70
1078	57 66 8 80
1079	20 66 7 37
1080	92 19 94 65
1081	73 71 81 9
1082	16 61 65 84
1083	79 3 1 34
1084	74 31 54 60
1085	92 9 2 1
1086	44 70 48 65
1087	27 93 36 77
1088	41 49 65 27
1089	26 47 13 77
1090	13 38 14 67
1091	47 24 49 35
1092	62 79 39 87
1093	20 16 18 14
1094	13 39 74 45
1095	88 25 87 43
1096	95 49 41 32
1097	80 47 72 20
1098	86 15 12 43
1099	99 65 5 79
1100	59 18 51 37
1101	53 40 75 41
1102	47 84 74 45
1103	70 71 26 23
1104	23 6 91 14
1105	51 22 67 62
1106	92 80 35 47
1107	40 17 80 50
1108	19 46 86 35
1109	72 50 95 88
1110	63 67 53 41
1111	6 39 29 65
1112	38 15 21 36
1113	13 60 90 50
1114	71 70 87 2
1115	13 54 58 99
1116	83 80 48 56
1117	49 29 39 6
1118	54 18 45 52
1119	82 33 73 81
1120	47 2 18 94
1121	18 11 73 8
1122	8 64 42 3
1123	24 41 29 23
1124	45 70 8 25
1125	37 57 8 23
1126	9 79 32 17
1127	88 70 8 79
1128	96 13 27 65
1129	10 81 7 99
1130	32 86 27 49
1131	30 59 94 22
1132	44 75 56 42
1133	28 92 61 5
1134	40 69 23 45
1135	45 47 38 80
1136	55 96 57 28
1137	29 68 56 74
1138	93 19 12 58
1139	99 83 84 97
1140	47 55 62 17
1141	23 1 46 86
1142	6 36 22 70
1143	13 14 94 90
1144	98 60 26 66
1145	81 80 40 94
1146	68 74 72 7
1147	96 49 13 4
1148	88 17 72 1
1149	45 100 47 67
1150	81 9 1 86
1151	40 24 53 64
1152	59 11 29 61
1153	97 6 100 44
1154	11 74 26 97
1155	28 24 39 18
1156	32 51 45 60
1157	10 27 80 66
1158	32 82 36 50
1159	3 9 42 20
1160	67 30 88 48
1161	31 55 3 89
1162	86 42 47 25
1163	69 100 45 15
1164	70 80 34 61
1165	52 78 73 15
1166	42 75 95 12
1167	75 44 34 26
1168	74 70 68 69
1169	35 78 46 58
1170	22 55 17 71
1171	7 84 49 87
1172	32 71 11 28
1173	36 63 77 31
1174	57 73 96 35
1175	36 51 34 56
1176	21 75 24 60
1177	22 57 52 73
1178	99 58 13 96
1179	86 85 53 16
1180	53 37 47 19
1181	27 41 39 26
1182	45 20 9 54
1183	12 9 36 82
1184	27 57 76 61
1185	99 72 79 41
1186	42 46 31 64
1187	24 95 43 98
1188	77 6 35 34
1189	87 83 41 55
1190	53 4 57 66
1191	33 13 9 17
1192	16 10 30 65
1193	3 12 22 48
1194	28 91 72 34
1195	24 26 23 98
1196	89 58 31 71
1197	19 65 93 95
1198	77 51 68 52
1199	39 29 89 42
1200	76 32 16 14
1201	55 91 99 73
1202	21 33 65 81
1203	21 52 63 41
1204	13 99 33 96
1205	63 21 87 72
1206	70 69 94 84
1207	68 71 81 3
1208	5 1 93 51
1209	24 16 8 41
1210	68 98 100 32
1211	88 92 97 73
1212	22 92 80 8
1213	11 21 55 84
1214	55 27 96 50
1215	6 15 2 46
1216	36 22 56 62
1217	65 92 80 55
1218	9 8 96 85
1219	35 89 81 79
1220	62 22 54 36
1221	66 80 100 15
1222	88 83 70 13
1223	94 7 83 68
1224	76 29 78 54
1225	63 7 71 20
1226	19 44 2 60
1227	29 98 82 8
1228	65 20 26 62
1229	10 29 95 32
1230	32 82 51 68
1231	85 56 28 91
1232	21 52 86 31
1233	32 25 39 43
1234	69 96 41 90
1235	87 5 59 2
1236	53 82 81 96
1237	39 37 94 62
1238	16 70 4 91
1239	9 84 59 34
1240	25 92 89 44
1241	1 53 55 9
1242	92 48 97 40
1243	98 25 69 95
1244	25 36 28 65
1245	98 69 59 70
1246	74 41 95 6
1247	79 36 57 5
1248	45 92 35 44
1249	63 53 86 9
1250	53 11 75 12
1251	12 67 34 91
1252	50 73 31 49
1253	89 8 61 93
1254	69 12 78 71
1255	28 11 92 52
1256	40 1 11 60
1257	50 1 84 78
1258	66 93 1 71
1259	66 3 89 44
1260	93 46 76 17
1261	49 21 97 52
1262	50 93 51 23
1263	86 83 7 8
1264	65 89 12 8
1265	9 57 60 52
1266	61 79 80 66
1267	29 56 64 52
1268	88 51 76 15
1269	63 39 84 76
1270	79 99 71 91
1271	52 62 53 45
1272	81 4 43 77
1273	14 68 66 73
1274	31 71 42 47
1275	62 38 35 95
1276	66 31 62 58
1277	11 94 88 68
1278	20 96 21 14
1279	31 18 10 58
1280	14 99 39 4
1281	77 43 70 24
1282	20 31 15 59
1283	100 94 74 77
1284	9 93 95 34
1285	66 73 99 83
1286	31 85 66 59
1287	15 12 78 89
1288	85 77 45 71
1289	69 81 75 19
1290	13 88 69 95
1291	34 8 95 74
1292	56 84 22 73
1293	61 100 65 64
1294	70 28 3 37
1295	32 42 81 91
1296	52 64 46 15
1297	29 49 56 78
1298	89 57 87 82
1299	51 86 70 22
1300	21 88 33 28
1301	46 5 38 27
1302	100 10 77 47
1303	55 34 23 64
1304	88 94 56 35
1305	18 10 5 17
1306	89 25 13 51
1307	58 99 2 51
1308	48 27 67 33
1309	52 86 10 58
1310	89 20 63 36
1311	78 91 45 7
1312	85 30 97 5
1313	33 73 70 7
1314	10 56 48 82
1315	76 80 12 42
1316	45 43 82 64
1317	16 7 30 73
1318	43 86 37 96
1319	94 10 20 71
1320	36 44 82 60
1321	41 52 42 32
1322	70 8 83 97
1323	10 21 58 6
1324	4 90 60 36
1325	71 4 30 79
1326	98 2 69 39
1327	87 80 78 24
1328	5 15 92 44
1329	44 91 87 6
1330	96 95 74 80
1331	46 18 73 9
1332	92 72 98 87
1333	69 62 89 59
1334	81 96 97 94
1335	29 95 69 66
1336	35 39 43 15
1337	56 64 45 59
1338	96 83 76 13
1339	92 72 85 84
1340	5 20 87 40
1341	96 54 91 2
1342	29 19 25 75
1343	59 13 32 94
1344	40 23 44 6
1345	40 19 63 56
1346	65 74 9 15
1347	18 11 32 80
1348	18 59 44 32
1349	84 1 51 36
1350	23 19 88 18
1351	23 55 90 46
1352	85 69 12 40
1353	81 6 37 80
1354	62 54 63 69
1355	33 2 61 12
1356	41 15 56 44
1357	90 41 48 9
1358	94 44 85 18
1359	21 96 70 33
1360	2 49 58 84
1361	15 47 88 57
1362	84 7 9 78
1363	90 80 70 23
1364	38 11 39 30
1365	22 80 66 69
1366	16 61 42 1
1367	67 52 87 15
1368	55 13 30 54
1369	30 27 87 78
1370	37 42 87 31
1371	29 23 43 52
1372	76 93 22 80
1373	77 18 71 52
1374	89 7 95 87
1375	19 48 17 72
1376	62 32 90 17
1377	86 65 54 75
1378	18 37 33 44
1379	77 51 15 26
1380	49 24 67 29
1381	4 51 6 19
1382	39 47 80 19
1383	24 35 68 39
1384	10 41 29 40
1385	99 5 90 58
1386	98 29 91 87
1387	91 100 63 14
1388	84 90 52 43
1389	52 76 61 46
1390	85 84 70 44
1391	17 27 30 8
1392	57 79 81 31
1393	75 65 90 52
1394	21 14 55 71
1395	4 34 11 67
1396	75 78 1 19
1397	46 25 96 93
1398	6 82 92 15
1399	40 13 1 26
1400	44 16 98 83
1401	94 38 15 51
1402	50 54 48 40
1403	98 73 88 89
1404	90 61 34 54
1405	19 45 92 8
1406	55 28 44 54
1407	61 98 86 68
1408	5 66 39 96
1409	51 66 31 41
1410	30 51 59 76
1411	93 97 30 12
1412	71 11 29 65
1413	49 27 24 44
1414	20 4 96 65
1415	8 41 25 45
1416	70 17 48 89
1417	20 83 41 71
1418	6 53 34 11
1419	78 57 56 80
1420	21 75 25 50
1421	68 22 11 45
1422	50 32 37 48
1423	89 66 49 80
1424	1 62 49 66
1425	48 12 41 78
1426	58 99 52 56
1427	65 54 44 59
1428	41 13 1 16
1429	76 80 89 40
1430	15 30 62 39
1431	79 63 90 66
1432	76 79 36 85
1433	64 99 38 97
1434	52 41 44 28
1435	74 23 42 86
1436	64 21 48 33
1437	57 20 40 67
1438	39 26 58 47
1439	25 60 10 24
1440	65 64 50 93
1441	53 36 28 33
1442	9 100 95 35
1443	100 33 87 47
1444	77 7 3 72
1445	76 74 78 46
1446	5 22 49 21
1447	70 52 45 6
1448	33 87 86 55
1449	62 42 2 30
1450	75 93 4 89
1451	64 43 46 5
1452	95 39 30 41
1453	100 61 85 14
1454	25 32 65 58
1455	20 41 80 61
1456	79 34 53 46
1457	4 12 30 22
1458	10 63 18 17
1459	54 74 62 80
1460	54 7 29 14
1461	53 46 8 69
1462	45 3 40 55
1463	90 70 40 89
1464	86 7 4 57
1465	2 95 27 98
1466	86 76 52 21
1467	100 79 49 83
1468	27 15 95 13
1469	97 76 40 98
1470	73 7 99 40
1471	61 99 76 28
1472	92 50 72 69
1473	57 14 21 81
1474	6 45 68 98
1475	62 47 40 86
1476	28 78 47 83
1477	27 10 38 32
1478	80 36 62 45
1479	44 48 97 70
1480	52 59 43 9
1481	87 3 63 6
1482	15 47 44 64
1483	21 94 87 71
1484	31 62 72 2
1485	67 47 76 26
1486	60 3 55 75
1487	28 69 31 25
1488	1 77 54 75
1489	55 60 74 38
1490	30 42 28 56
1491	85 24 43 32
1492	84 31 40 50
1493	55 9 1 25
1494	47 59 91 18
1495	31 41 55 68
1496	85 65 74 100
1497	4 95 92 20
1498	2 9 91 1
1499	36 32 55 93
1500	84 66 71 24
1501	40 20 37 77
1502	29 14 6 85
1503	30 4 60 65
1504	49 7 68 100
1505	96 56 1 5
1506	83 86 43 42
1507	93 87 77 30
1508	55 26 67 18
1509	69 39 65 51
1510	59 67 31 70
1511	3 94 16 53
1512	65 35 90 85
1513	63 67 7 79
1514	35 55 78 33
1515	64 54 1 24
1516	74 4 39 27
1517	68 30 75 60
1518	46 91 24 38
1519	22 75 96 67
1520	13 95 43 35
1521	65 95 97 17
1522	9 36 23 90
1523	28 38 98 33
1524	90 84 15 62
1525	74 86 56 76
1526	90 55 70 34
1527	30 28 87 52
1528	39 33 77 78
1529	13 95 20 77
1530	50 80 24 10
1531	54 34 24 77
1532	49 46 91 62
1533	11 24 42 6
1534	33 61 85 89
1535	24 85 13 65
1536	84 98 1 17
1537	15 48 17 52
1538	66 7 34 37
1539	61 20 37 23
1540	63 37 35 77
1541	81 91 87 72
1542	22 26 49 48
1543	35 64 18 52
1544	18 68 19 56
1545	7 87 48 96
1546	64 94 32 29
1547	54 40 81 29
1548	88 77 94 64
1549	70 27 96 68
1550	20 85 91 39
1551	81 100 61 76
1552	64 7 26 22
1553	50 60 46 24
1554	6 98 34 100
1555	49 75 17 41
1556	79 32 49 87
1557	23 2 20 65
1558	77 81 96 52
1559	36 30 99 90
1560	84 28 37 87
1561	97 37 91 47
1562	81 38 56 45
1563	10 71 49 59
1564	78 39 92 70
1565	99 97 78 38
1566	90 36 19 73
1567	48 33 89 15
1568	86 15 22 19
1569	31 67 41 61
1570	6 93 30 35
1571	53 42 67 55
1572	18 64 84 5
1573	81 72 16 97
1574	42 40 58 12
1575	50 32 48 91
1576	59 48 60 85
1577	10 84 99 43
1578	58 11 93 83
1579	41 31 93 70
1580	31 49 37 5
1581	35 23 85 14
1582	45 38 39 11
1583	58 84 62 30
1584	42 23 8 96
1585	51 86 23 65
1586	4 47 22 94
1587	12 38 77 25
1588	56 53 86 44
1589	26 31 77 40
1590	89 9 6 91
1591	10 93 38 14
1592	95 53 26 46
1593	61 64 100 97
1594	30 55 4 88
1595	9 88 66 28
1596	49 14 26 75
1597	52 38 51 83
1598	22 55 56 47
1599	14 74 51 33
1600	99 70 42 69
1601	39 29 72 95
1602	38 9 29 77
1603	33 61 36 85
1604	46 29 68 61
1605	54 70 45 7
1606	38 31 62 3
1607	23 99 71 19
1608	78 87 17 47
1609	8 88 4 71
1610	74 36 64 80
1611	35 18 8 82
1612	68 25 53 30
1613	37 100 28 43
1614	19 66 1 53
1615	27 62 67 51
1616	70 52 54 9
1617	4 12 55 65
1618	20 28 33 30
1619	87 1 81 38
1620	72 37 24 42
1621	59 90 17 70
1622	76 32 56 64
1623	21 23 88 9
1624	60 56 71 12
1625	61 57 47 65
1626	17 41 56 12
1627	79 57 5 95
1628	95 15 34 33
1629	26 52 30 94
1630	33 57 96 87
1631	75 28 54 82
1632	80 26 48 10
1633	93 100 9 4
1634	23 81 34 13
1635	14 98 41 42
1636	92 91 46 71
1637	14 61 29 49
1638	60 85 10 43
1639	71 51 18 79
1640	74 36 21 50
1641	23 12 31 10
1642	85 5 65 67
1643	27 3 62 42
1644	47 58 24 43
1645	19 37 33 61
1646	63 71 77 19
1647	44 100 42 29
1648	12 78 56 75
1649	21 50 91 85
1650	34 93 18 95
1651	42 48 26 19
1652	52 99 35 2
1653	79 32 16 95
1654	17 48 33 93
1655	19 31 73 24
1656	97 50 21 62
1657	54 72 66 50
1658	82 5 71 83
1659	16 50 91 44
1660	73 100 36 35
1661	28 25 24 74
1662	34 50 24 5
1663	91 98 78 71
1664	84 29 62 98
1665	51 85 87 29
1666	95 87 100 30
1667	12 15 21 5
1668	32 40 97 56
1669	20 28 15 59
1670	40 59 29 22
1671	37 67 46 25
1672	53 67 22 1
1673	72 76 99 28
1674	94 35 15 9
1675	4 68 22 77
1676	54 13 10 34
1677	26 19 53 6
1678	48 21 16 98
1679	6 1 51 43
1680	7 46 25 51
1681	48 58 20 47
1682	92 2 21 12
1683	2 41 54 47
1684	41 45 80 60
1685	86 15 44 19
1686	5 63 2 69
1687	9 100 53 16
1688	23 95 42 92
1689	9 25 97 49
1690	1 76 11 28
1691	98 17 7 20
1692	60 11 6 42
1693	100 48 85 47
1694	76 62 81 13
1695	39 45 43 24
1696	79 57 86 77
1697	14 44 93 76
1698	37 93 64 44
1699	56 44 35 75
1700	57 73 85 95
1701	75 69 12 76
1702	28 32 69 56
1703	11 27 89 5
1704	92 10 27 47
1705	66 67 8 23
1706	67 45 32 57
1707	22 29 66 70
1708	78 81 83 27
1709	17 46 35 23
1710	37 52 82 31
1711	63 93 3 24
1712	38 13 80 47
1713	98 79 17 9
1714	15 33 74 81
1715	87 11 90 67
1716	95 40 26 99
1717	82 97 49 7
1718	48 63 43 54
1719	11 20 1 79
1720	64 46 32 13
1721	46 1 52 74
1722	73 48 40 39
1723	70 13 19 87
1724	94 85 20 54
1725	56 10 39 4
1726	39 44 54 64
1727	27 24 78 5
1728	20 44 3 54
1729	8 71 38 6
1730	18 96 24 35
1731	89 5 18 36
1732	26 3 92 78
1733	8 98 67 92
1734	90 14 86 91
1735	60 6 30 22
1736	13 30 51 63
1737	28 29 67 57
1738	34 84 22 63
1739	56 5 32 85
1740	23 20 13 80
1741	63 9 24 14
1742	80 71 5 68
1743	27 75 6 1
1744	86 30 29 18
1745	70 29 45 22
1746	88 67 44 73
1747	87 70 84 61
1748	14 3 78 87
1749	94 70 36 59
1750	100 90 11 41
1751	68 64 90 96
1752	31 48 28 32
1753	7 33 41 6
1754	86 46 37 56
1755	14 95 60 48
1756	83 57 63 47
1757	57 100 64 34
1758	13 89 41 15
1759	31 65 52 11
1760	26 81 68 48
1761	85 54 80 94
1762	68 18 78 57
1763	15 72 55 58
1764	29 47 75 72
1765	56 96 47 36
1766	65 55 72 89
1767	11 68 61 99
1768	4 72 62 43
1769	39 98 36 53
1770	22 90 95 19
1771	51 11 49 87
1772	10 49 47 99
1773	6 43 1 96
1774	31 43 48 99
1775	58 13 55 21
1776	1 53 62 83
1777	93 8 44 88
1778	2 52 25 20
1779	77 19 55 2
1780	50 68 17 15
1781	9 67 33 51
1782	13 23 52 90
1783	80 96 10 22
1784	36 18 54 32
1785	73 4 54 89
1786	79 63 82 96
1787	94 81 34 29
1788	74 15 87 27
1789	10 4 78 22
1790	62 43 97 13
1791	74 68 36 51
1792	75 40 82 13
1793	8 3 37 78
1794	41 100 61 16
1795	77 21 5 87
1796	96 80 6 14
1797	12 80 78 88
1798	17 77 71 33
1799	29 40 28 38
1800	25 62 59 85
1801	50 33 45 44
1802	14 82 100 41
1803	31 44 25 69
1804	71 13 39 76
1805	51 11 92 85
1806	67 82 26 16
1807	5 32 28 51
1808	97 1 25 48
1809	50 31 29 84
1810	24 60 67 100
1811	40 79 3 75
1812	59 37 100 57
1813	25 63 76 38
1814	18 9 94 83
1815	56 16 43 82
1816	73 77 90 55
1817	3 91 17 34
1818	76 15 71 53
1819	50 39 33 48
1820	10 35 99 18
1821	83 3 81 70
1822	87 6 90 82
1823	55 16 95 30
1824	73 56 81 53
1825	95 31 92 52
1826	60 35 82 12
1827	3 67 45 78
1828	5 24 76 53
1829	47 60 72 39
1830	8 37 26 44
1831	74 81 17 8
1832	5 86 59 31
1833	55 15 4 17
1834	89 32 58 63
1835	82 24 66 31
1836	87 33 51 66
1837	36 22 97 67
1838	13 43 100 52
1839	31 43 32 37
1840	86 71 97 87
1841	42 54 33 35
1842	24 84 88 53
1843	73 5 81 10
1844	15 53 86 81
1845	27 35 12 44
1846	49 70 77 44
1847	70 40 64 63
1848	46 100 87 66
1849	25 82 34 15
1850	33 96 63 46
1851	94 3 20 60
1852	13 79 54 81
1853	87 42 30 2
1854	64 1 27 26
1855	3 25 16 39
1856	78 97 70 12
1857	42 97 10 47
1858	7 6 38 46
1859	88 18 53 72
1860	83 20 61 91
1861	39 8 31 51
1862	23 16 62 9
1863	14 30 39 8
1864	97 6 40 66
1865	49 33 38 37
1866	21 49 32 11
1867	97 76 22 59
1868	96 51 74 45
1869	14 55 19 75
1870	47 3 50 9
1871	48 86 1 20
1872	38 98 21 28
1873	75 67 19 12
1874	27 29 31 53
1875	51 71 63 56
1876	56 49 95 19
1877	91 94 75 28
1878	23 22 97 1
1879	76 63 51 5
1880	25 29 91 67
1881	68 83 22 2
1882	63 92 42 33
1883	41 15 68 19
1884	32 71 36 8
1885	19 2 54 6
1886	21 62 93 4
1887	52 39 88 45
1888	36 14 97 66
1889	41 17 100 22
1890	36 33 22 69
1891	66 62 48 4
1892	27 94 2 38
1893	58 50 82 21
1894	1 95 65 33
1895	3 92 18 97
1896	83 21 96 16
1897	12 27 89 91
1898	73 71 70 96
1899	58 49 25 70
1900	39 8 25 63
1901	67 76 17 49
1902	91 13 68 18
1903	55 16 54 12
1904	49 85 11 57
1905	43 71 19 10
1906	72 6 46 94
1907	98 2 13 88
1908	60 81 96 18
1909	45 58 98 1
1910	83 31 47 95
1911	95 75 25 17
1912	24 5 6 17
1913	59 3 29 65
1914	2 6 84 43
1915	44 58 79 34
1916	99 4 27 79
1917	4 5 79 13
1918	74 17 23 81
1919	93 54 44 10
1920	81 70 38 65
1921	96 4 21 80
1922	18 95 40 6
1923	81 22 48 47
1924	50 4 30 7
1925	4 51 78 37
1926	8 54 27 87
1927	21 61 32 63
1928	99 1 87 4
1929	65 38 44 55
1930	21 30 74 40
1931	78 32 57 19
1932	68 75 19 11
1933	8 69 12 78
1934	25 39 82 12
1935	25 24 91 78
1936	94 17 18 10
1937	26 94 33 55
1938	92 62 90 18
1939	74 87 33 37
1940	99 87 64 42
1941	48 75 68 61
1942	5 74 19 8
1943	29 79 17 8
1944	31 95 51 87
1945	4 96 29 25
1946	60 57 32 36
1947	56 99 1 86
1948	82 30 51 17
1949	86 92 34 70
1950	55 7 78 13
1951	52 18 66 59
1952	76 8 63 66
1953	93 2 16 49
1954	99 50 79 95
1955	89 3 63 66
1956	26 56 67 59
1957	22 54 91 81
1958	20 87 12 78
1959	24 77 46 25
1960	75 16 31 39
1961	76 30 37 8
1962	94 63 3 71
1963	70 80 93 37
1964	16 67 85 29
1965	9 82 39 70
1966	78 49 92 37
1967	45 25 86 8
1968	67 45 80 43
1969	28 7 85 20
1970	98 52 22 44
1971	82 29 38 11
1972	89 86 72 79
1973	94 10 11 8
1974	44 51 29 82
1975	72 55 95 64
1976	43 56 86 55
1977	64 17 14 15
1978	55 31 20 28
1979	72 42 63 56
1980	12 27 75 20
1981	68 39 45 1
1982	33 43 3 59
1983	98 12 73 57
1984	29 46 42 47
1985	28 24 34 46
1986	49 33 60 23
1987	51 1 38 55
1988	36 83 56 10
1989	21 73 29 32
1990	77 84 49 89
1991	19 37 13 86
1992	27 52 26 1
1993	95 91 18 98
1994	77 92 64 38
1995	40 14 19 91
1996	18 5 8 42
1997	72 100 71 58
1998	22 58 94 85
1999	8 27 5 13
2000	21 24 58 10
2001	95 26 23 71
2002	25 72 55 22
2003	62 78 45 29
2004	42 69 65 64
2005	16 51 71 96
2006	32 20 88 24
2007	97 62 5 61
2008	12 62 20 47
2009	28 68 72 81
2010	67 37 43 82
2011	78 90 30 34
2012	27 99 2 5
2013	78 13 60 56
2014	52 96 18 46
2015	12 24 61 64
2016	35 96 46 29
2017	41 16 38 46
2018	98 76 28 47
2019	48 29 71 78
2020	86 73 28 45
2021	56 63 69 2
2022	84 42 39 46
2023	23 20 19 21
2024	82 48 28 55
2025	62 40 75 12
2026	36 95 29 2
2027	7 42 19 64
2028	52 82 20 6
2029	43 70 97 23
2030	70 65 71 32
2031	29 39 22 19
2032	5 71 58 81
2033	90 48 21 61
2034	98 95 10 89
2035	76 6 77 80
2036	6 94 41 32
2037	61 66 49 6
2038	74 34 62 33
2039	43 48 11 96
2040	23 35 50 54
2041	22 74 16 64
2042	36 44 72 24
2043	36 35 44 14
2044	66 52 25 90
2045	12 63 45 18
2046	27 62 59 91
2047	86 96 24 99
2048	28 11 88 67
2049	86 47 38 93
2050	100 24 83 81
2051	81 54 87 9
2052	42 26 81 70
2053	86 10 9 81
2054	72 64 19 30
2055	52 71 98 30
2056	34 42 90 39
2057	99 27 5 21
2058	19 39 9 22
2059	17 42 39 23
2060	84 44 2 3
2061	39 86 49 79
2062	36 54 66 61
2063	68 12 8 48
2064	29 65 69 78
2065	26 72 85 5
2066	79 12 59 66
2067	50 82 32 45
2068	80 65 73 77
2069	55 70 26 78
2070	29 4 38 51
2071	15 23 72 10
2072	72 65 2 68
2073	32 7 46 62
2074	64 40 75 27
2075	81 51 58 29
2076	13 59 24 14
2077	14 72 16 74
2078	42 75 77 89
2079	11 44 49 85
2080	70 67 77 62
2081	25 95 31 12
2082	62 78 85 88
2083	2 10 48 41
2084	19 79 59 28
2085	48 45 67 8
2086	69 68 31 96
2087	27 15 25 37
2088	85 39 49 18
2089	50 19 64 7
2090	52 16 3 13
2091	25 58 74 50
2092	43 47 89 23
2093	61 51 7 31
2094	54 60 98 13
2095	26 46 12 14
2096	33 50 52 70
2097	86 77 34 47
2098	9 60 43 5
2099	96 56 11 90
2100	48 81 77 1
2101	22 65 72 91
2102	73 25 12 14
2103	57 25 90 84
2104	33 67 40 15
2105	14 69 55 60
2106	45 27 21 58
2107	72 71 27 30
2108	92 45 47 15
2109	23 57 92 7
2110	39 74 63 97
2111	28 36 78 27
2112	80 89 23 36
2113	26 88 96 56
2114	99 45 97 39
2115	11 23 69 99
2116	12 55 91 86
2117	66 74 81 85
2118	66 62 93 89
2119	52 65 30 54
2120	92 73 29 52
2121	67 74 71 45
2122	22 54 16 63
2123	17 50 74 84
2124	96 54 71 25
2125	90 50 80 77
2126	94 65 77 52
2127	38 86 71 19
2128	89 11 77 68
2129	24 6 47 33
2130	69 71 82 3
2131	16 98 9 49
2132	9 1 18 76
2133	20 30 16 44
2134	1 43 29 25
2135	73 58 53 26
2136	32 76 67 15
2137	42 61 14 54
2138	98 40 20 83
2139	74 60 52 97
2140	5 77 63 36
2141	41 77 3 43
2142	44 86 3 69
2143	91 86 9 4
2144	64 79 7 46
2145	51 92 18 36
2146	71 15 98 47
2147	97 25 2 90
2148	23 27 7 93
2149	22 65 82 5
2150	25 11 51 64
2151	9 19 31 23
2152	7 28 4 63
2153	64 88 60 41
2154	60 86 46 25
2155	82 68 42 93
2156	36 26 27 71
2157	97 43 27 55
2158	55 80 93 41
2159	95 92 91 13
2160	85 46 38 26
2161	95 59 52 38
2162	67 21 58 31
2163	73 93 70 74
2164	51 24 2 99
2165	81 59 85 65
2166	33 41 3 55
2167	40 43 72 1
2168	95 82 8 19
2169	8 86 80 91
2170	25 52 43 26
2171	85 45 65 15
2172	36 21 67 96
2173	53 61 100 38
2174	14 2 21 8
2175	62 65 10 78
2176	97 86 83 87
2177	57 41 66 42
2178	9 42 68 64
2179	88 77 92 54
2180	47 91 49 32
2181	99 81 16 14
2182	26 11 59 80
2183	60 65 77 74
2184	41 43 100 35
2185	60 9 91 27
2186	45 90 47 95
2187	33 85 39 52
2188	93 48 64 70
2189	64 100 9 1
2190	91 14 19 29
2191	52 35 85 91
2192	15 56 45 28
2193	70 83 72 35
2194	4 34 78 6
2195	51 63 44 98
2196	59 16 69 81
2197	10 46 80 63
2198	42 47 23 5
2199	34 90 86 69
2200	54 82 62 75
2201	65 88 13 55
2202	67 6 57 45
2203	84 54 59 100
2204	69 30 80 2
2205	22 13 37 38
2206	55 73 85 84
2207	5 85 87 51
2208	71 100 93 38
2209	32 87 33 17
2210	53 34 85 58
2211	86 31 99 82
2212	99 95 76 75
2213	99 94 58 63
2214	28 62 73 68
2215	87 70 3 46
2216	14 91 4 3
2217	75 25 35 7
2218	41 24 31 29
2219	6 9 14 60
2220	19 77 91 27
2221	58 45 81 8
2222	78 48 52 22
2223	84 21 2 26
2224	89 33 88 53
2225	33 81 88 3
2226	21 7 31 42
2227	48 21 32 43
2228	40 65 55 97
2229	71 97 35 52
2230	24 81 33 99
2231	9 85 66 37
2232	67 96 77 22
2233	21 4 54 32
2234	7 85 10 18
2235	30 65 83 81
2236	43 71 26 86
2237	70 30 50 9
2238	44 79 14 5
2239	40 99 67 90
2240	7 36 72 91
2241	51 66 44 40
2242	76 33 12 43
2243	89 67 62 58
2244	9 70 72 73
2245	7 5 45 78
2246	82 55 7 22
2247	50 84 10 33
2248	64 69 97 47
2249	81 51 52 36
2250	10 24 22 23
2251	8 3 9 82
2252	57 82 10 56
2253	95 51 41 44
2254	24 58 15 45
2255	45 64 30 20
2256	48 87 19 86
2257	40 19 10 42
2258	97 42 81 63
2259	58 61 35 84
2260	86 34 91 47
2261	46 91 86 57
2262	26 23 6 9
2263	76 48 100 63
2264	38 17 11 95
2265	61 16 97 73
2266	1 82 48 55
2267	46 85 4 28
2268	97 53 49 1
2269	85 80 26 68
2270	91 18 1 25
2271	96 70 14 62
2272	50 74 20 23
2273	14 27 100 71
2274	43 5 12 19
2275	98 7 23 79
2276	14 96 69 12
2277	26 54 99 29
2278	56 3 47 71
2279	3 21 2 40
2280	33 82 44 98
2281	40 47 82 60
2282	43 9 48 95
2283	83 73 89 14
2284	93 98 65 13
2285	50 88 30 80
2286	77 73 13 61
2287	27 58 75 11
2288	7 46 5 61
2289	97 85 76 94
2290	82 15 5 81
2291	35 52 66 92
2292	74 69 8 36
2293	36 66 39 35
2294	95 13 92 22
2295	90 63 12 57
2296	2 72 78 83
2297	41 31 58 59
2298	94 59 17 26
2299	47 69 98 38
2300	5 58 81 3
2301	81 1 8 96
2302	10 90 8 50
2303	65 29 73 55
2304	39 99 93 24
2305	56 24 64 92
2306	40 48 65 23
2307	93 3 78 34
2308	60 62 7 63
2309	79 97 14 63
2310	62 4 20 88
2311	81 40 89 69
2312	69 77 30 56
2313	34 76 18 59
2314	12 35 43 80
2315	84 33 90 71
2316	54 36 43 24
2317	24 68 86 78
2318	84 70 37 62
2319	59 40 61 46
2320	82 33 88 90
2321	100 47 13 14
2322	60 23 68 14
2323	86 20 16 100
2324	65 5 26 96
2325	39 27 82 4
2326	79 74 88 50
2327	67 42 49 44
2328	13 30 67 51
2329	2 73 50 15
2330	92 85 77 14
2331	70 53 63 64
2332	75 83 65 25
2333	100 58 46 96
2334	87 54 1 56
2335	34 22 96 74
2336	84 68 35 72
2337	34 81 76 61
2338	61 30 53 29
2339	50 99 56 57
2340	89 66 30 45
2341	10 100 91 11
2342	73 67 44 20
2343	75 42 47 85
2344	42 75 99 32
2345	23 60 73 84
2346	18 74 38 22
2347	58 17 39 49
2348	52 32 84 26
2349	71 9 56 1
2350	97 83 70 23
2351	75 65 5 53
2352	41 36 61 14
2353	49 28 53 57
2354	68 65 74 39
2355	5 84 47 50
2356	55 16 12 44
2357	10 40 97 50
2358	19 48 21 43
2359	92 97 71 22
2360	18 87 6 32
2361	43 96 71 81
2362	13 35 55 79
2363	70 86 38 39
2364	97 98 34 93
2365	5 50 90 81
2366	90 44 98 11
2367	22 36 37 1
2368	37 48 19 50
2369	12 4 10 5
2370	70 84 34 29
2371	38 89 18 84
2372	49 93 81 98
2373	47 21 66 14
2374	94 58 36 20
2375	68 50 39 24
2376	5 82 57 20
2377	51 94 6 38
2378	15 20 58 84
2379	90 68 55 99
2380	11 34 83 82
2381	91 51 78 34
2382	7 36 16 52
2383	39 50 78 33
2384	30 93 16 37
2385	98 96 2 95
2386	52 78 58 32
2387	49 33 98 24
2388	54 53 1 17
2389	17 72 64 23
2390	43 40 53 73
2391	2 16 48 86
2392	5 47 11 18
2393	43 78 68 62
2394	31 95 94 11
2395	87 72 79 41
2396	99 20 1 98
2397	9 34 97 80
2398	71 45 76 63
2399	45 8 58 21
2400	18 74 79 75
2401	75 38 96 98
2402	79 97 64 91
2403	65 50 36 92
2404	41 84 87 77
2405	75 11 36 87
2406	3 79 59 94
2407	1 91 95 33
2408	97 87 52 22
2409	83 34 46 52
2410	17 91 72 5
2411	60 63 59 8
2412	97 76 18 15
2413	83 18 17 60
2414	17 97 64 92
2415	90 16 53 56
2416	54 12 99 45
2417	29 100 44 65
2418	96 77 100 35
2419	72 79 10 96
2420	19 33 6 54
2421	9 70 89 14
2422	89 3 98 35
2423	7 100 99 3
2424	9 94 28 25
2425	24 97 29 26
2426	20 19 36 24
2427	43 61 70 2
2428	92 55 57 96
2429	16 99 71 85
2430	11 48 89 74
2431	14 33 69 55
2432	100 84 1 16
2433	74 67 97 61
2434	17 45 43 16
2435	85 16 54 80
2436	66 31 9 14
2437	4 95 86 9
2438	7 16 91 33
2439	33 71 60 87
2440	97 74 84 37
2441	74 61 20 39
2442	21 1 70 74
2443	80 22 39 42
2444	71 70 14 15
2445	87 63 1 31
2446	73 56 81 41
2447	26 71 91 24
2448	53 9 70 67
2449	56 19 61 30
2450	25 28 27 100
2451	34 18 81 90
2452	68 46 90 19
2453	14 39 42 77
2454	19 34 22 10
2455	41 45 6 15
2456	79 8 61 62
2457	27 39 32 1
2458	95 46 15 22
2459	74 71 17 49
2460	84 65 88 55
2461	49 36 98 79
2462	74 57 51 33
2463	15 69 79 7
2464	29 73 88 93
2465	69 82 61 17
2466	28 83 38 91
2467	40 75 69 58
2468	8 29 66 61
2469	31 76 94 20
2470	48 54 70 78
2471	63 73 54 3
2472	88 84 32 45
2473	57 69 6 98
2474	80 56 27 73
2475	13 9 88 46
2476	55 25 74 13
2477	78 98 21 2
2478	33 99 60 43
2479	19 21 56 25
2480	88 26 5 41
2481	14 7 62 9
2482	49 39 64 60
2483	93 70 18 67
2484	54 9 73 23
2485	55 69 25 65
2486	47 35 36 31
2487	44 15 33 32
2488	29 25 53 92
2489	31 3 15 22
2490	72 14 63 60
2491	42 100 52 37
2492	95 22 36 96
2493	38 77 18 33
2494	34 97 13 3
2495	28 65 52 22
2496	57 23 96 75
2497	53 92 27 93
2498	29 59 24 65
2499	14 5 1 96
2500	62 88 79 57
2501	28 97 95 1
2502	7 21 47 2
2503	79 90 52 67
2504	43 47 73 87
2505	31 30 45 67
2506	14 98 29 6
2507	65 28 42 19
2508	81 11 39 18
2509	2 7 75 80
2510	84 10 55 49
2511	31 29 6 10
2512	3 33 11 6
2513	44 16 78 48
2514	16 92 62 71
2515	97 77 44 25
2516	4 83 68 80
2517	60 5 33 49
2518	62 23 56 25
2519	2 19 16 79
2520	58 99 65 64
2521	37 9 21 56
2522	80 51 23 15
2523	37 40 75 78
2524	83 7 33 56
2525	16 97 89 77
2526	94 98 57 15
2527	45 58 3 22
2528	87 66 42 77
2529	98 92 84 56
2530	75 61 29 41
2531	68 51 52 85
2532	68 3 90 48
2533	44 16 21 43
2534	47 33 66 1
2535	95 31 81 11
2536	39 44 91 69
2537	49 18 33 3
2538	80 21 15 53
2539	25 97 57 91
2540	77 58 48 7
2541	23 27 61 41
2542	14 34 9 49
2543	64 51 73 26
2544	51 70 41 8
2545	95 25 49 62
2546	40 63 67 8
2547	54 71 97 55
2548	18 83 3 17
2549	18 49 75 23
2550	81 90 69 89
2551	48 96 79 58
2552	35 98 70 48
2553	73 78 41 42
2554	27 33 77 78
2555	91 11 72 53
2556	8 42 57 39
2557	32 70 93 87
2558	67 68 3 80
2559	60 50 58 57
2560	39 67 99 48
2561	31 95 97 44
2562	28 71 58 65
2563	19 93 80 95
2564	93 91 79 54
2565	84 65 24 40
2566	59 89 83 8
2567	81 78 16 79
2568	33 39 99 55
2569	94 44 55 38
2570	69 77 44 50
2571	93 95 63 56
2572	56 79 63 27
2573	19 43 18 27
2574	17 14 93 9
2575	32 69 14 93
2576	6 7 39 50
2577	9 93 62 49
2578	41 44 78 63
2579	47 69 34 17
2580	76 20 100 18
2581	42 34 91 35
2582	30 43 39 8
2583	49 33 80 12
2584	40 73 58 51
2585	40 21 92 11
2586	30 89 15 43
2587	53 59 79 75
2588	41 17 95 36
2589	85 49 39 79
2590	89 70 90 62
2591	74 26 56 58
2592	32 76 6 3
2593	81 37 63 71
2594	26 86 19 24
2595	56 58 8 59
2596	39 43 30 63
2597	58 11 98 73
2598	59 55 58 99
2599	20 9 52 74
2600	48 76 67 45
2601	97 48 54 62
2602	98 47 95 28
2603	66 43 34 50
2604	18 53 27 75
2605	19 15 67 63
2606	55 7 56 42
2607	61 20 3 18
2608	24 17 57 91
2609	97 10 18 89
2610	93 94 95 7
2611	88 63 91 94
2612	60 92 36 27
2613	75 51 16 14
2614	47 36 6 38
2615	58 40 60 59
2616	56 41 78 48
2617	50 92 51 14
2618	100 1 32 33
2619	79 44 27 13
2620	15 25 77 50
2621	50 47 44 52
2622	31 39 75 24
2623	43 40 81 84
2624	3 5 44 8
2625	36 75 84 55
2626	49 23 69 37
2627	73 61 80 53
2628	92 82 89 93
2629	1 11 100 16
2630	95 67 78 37
2631	32 45 99 62
2632	11 98 59 46
2633	24 25 81 20
2634	59 95 67 61
2635	29 86 21 28
2636	38 50 75 30
2637	77 6 30 70
2638	1 56 84 54
2639	38 20 98 36
2640	7 11 16 94
2641	19 26 30 46
2642	20 77 53 31
2643	23 61 14 9
2644	19 9 51 25
2645	96 22 100 50
2646	87 70 97 75
2647	88 23 62 46
2648	59 31 20 61
2649	31 2 75 53
2650	64 2 93 91
2651	49 17 36 66
2652	40 86 12 84
2653	2 80 68 9
2654	81 95 42 50
2655	3 54 35 87
2656	97 94 35 90
2657	59 16 91 12
2658	75 90 97 22
2659	89 92 81 78
2660	26 58 88 10
2661	70 26 64 66
2662	81 31 68 48
2663	54 12 72 23
2664	61 56 58 35
2665	31 14 85 92
2666	11 51 9 88
2667	14 3 51 57
2668	24 1 48 87
2669	88 97 51 72
2670	3 87 22 83
2671	72 15 23 75
2672	71 15 12 61
2673	32 52 27 100
2674	62 19 43 31
2675	86 61 53 31
2676	1 83 47 55
2677	100 9 44 64
2678	82 14 63 73
2679	15 66 33 70
2680	59 100 67 31
2681	7 30 28 62
2682	47 86 60 49
2683	100 35 76 23
2684	48 78 14 72
2685	16 1 80 42
2686	98 17 91 14
2687	87 69 95 84
2688	41 56 13 80
2689	65 61 80 97
2690	1 74 44 79
2691	60 88 89 86
2692	72 88 10 66
2693	23 67 35 1
2694	66 33 27 26
2695	58 55 43 92
2696	14 91 53 21
2697	60 82 27 41
2698	73 89 32 12
2699	67 7 29 57
2700	85 82 94 79
2701	54 5 4 11
2702	15 5 17 73
2703	29 34 53 49
2704	27 51 46 6
2705	60 20 36 50
2706	63 44 79 84
2707	15 74 83 14
2708	52 22 99 68
2709	25 4 28 54
2710	21 70 22 41
2711	25 1 66 38
2712	64 17 92 78
2713	14 26 46 87
2714	17 19 34 66
2715	48 31 8 78
2716	30 90 11 95
2717	39 26 72 47
2718	91 39 50 75
2719	69 73 42 5
2720	56 14 45 74
2721	31 45 46 71
2722	86 71 95 34
2723	76 41 82 88
2724	50 32 68 6
2725	4 84 87 34
2726	2 5 16 32
2727	38 10 99 88
2728	100 87 44 7
2729	77 24 73 57
2730	72 29 99 86
2731	40 48 53 56
2732	47 40 52 49
2733	34 22 6 96
2734	38 51 82 97
2735	23 73 57 82
2736	55 27 64 66
2737	58 12 1 9
2738	70 14 3 65
2739	94 19 100 37
2740	57 54 62 98
2741	96 16 30 55
2742	22 77 70 46
2743	7 16 96 41
2744	42 88 63 49
2745	25 57 86 21
2746	19 96 74 78
2747	35 33 93 89
2748	35 44 23 24
2749	12 66 29 26
2750	69 76 41 2
2751	53 14 39 28
2752	99 63 82 89
2753	39 35 69 5
2754	13 33 71 12
2755	40 83 53 33
2756	37 76 84 48
2757	33 24 46 71
2758	52 56 62 80
2759	30 60 15 62
2760	61 43 21 41
2761	10 73 6 95
2762	30 77 40 38
2763	49 8 57 16
2764	49 35 97 5
2765	31 71 15 7
2766	83 47 81 48
2767	57 4 30 93
2768	44 53 23 2
2769	97 55 94 33
2770	64 29 6 89
2771	78 48 56 1
2772	24 39 64 45
2773	14 53 100 93
2774	9 86 69 54
2775	77 4 45 78
2776	57 53 67 27
2777	52 61 16 3
2778	22 11 41 31
2779	75 17 100 6
2780	31 26 85 5
2781	7 26 41 78
2782	21 16 4 6
2783	98 71 65 36
2784	81 30 10 77
2785	9 14 88 28
2786	23 52 87 96
2787	34 54 59 77
2788	44 59 76 71
2789	4 86 48 99
2790	30 23 33 24
2791	32 57 72 3
2792	92 23 26 97
2793	86 68 85 51
2794	27 63 49 80
2795	78 80 98 71
2796	92 28 39 35
2797	53 46 78 3
2798	26 2 83 53
2799	81 48 99 44
2800	79 35 10 69
2801	88 64 81 100
2802	56 97 36 94
2803	47 11 45 55
2804	38 10 90 65
2805	23 21 77 9
2806	92 94 76 41
2807	19 75 36 74
2808	86 59 81 30
2809	88 95 59 96
2810	79 62 96 84
2811	66 94 36 64
2812	27 46 77 20
2813	70 4 99 51
2814	52 65 46 13
2815	45 71 91 51
2816	71 31 65 60
2817	95 52 61 24
2818	20 8 56 51
2819	49 53 56 97
2820	61 81 29 4
2821	35 23 67 68
2822	10 1 5 100
2823	83 48 65 22
2824	44 48 49 9
2825	49 10 48 22
2826	19 18 15 33
2827	7 79 92 10
2828	14 10 38 17
2829	67 38 45 41
2830	77 30 28 15
2831	41 35 3 44
2832	33 80 4 19
2833	53 70 64 37
2834	46 61 44 22
2835	40 91 93 37
2836	79 9 77 8
2837	80 18 9 56
2838	67 48 43 38
2839	93 39 77 49
2840	70 98 59 85
2841	39 69 58 21
2842	85 67 21 56
2843	81 30 90 12
2844	42 4 21 75
2845	65 36 63 67
2846	72 49 5 50
2847	3 39 8 35
2848	11 18 90 68
2849	17 71 47 19
2850	51 71 99 31
2851	13 8 42 80
2852	6 30 66 75
2853	65 76 38 93
2854	39 31 9 41
2855	49 53 99 40
2856	11 57 38 16
2857	30 81 12 44
2858	34 75 10 52
2859	50 75 47 32
2860	75 32 47 57
2861	75 89 24 76
2862	78 98 87 28
2863	16 67 21 68
2864	25 1 88 94
2865	21 27 37 40
2866	82 15 68 98
2867	30 76 12 64
2868	91 32 45 40
2869	35 33 11 76
2870	21 27 31 71
2871	33 39 11 86
2872	99 64 8 72
2873	91 63 16 32
2874	67 85 96 45
2875	57 44 79 15
2876	37 79 22 98
2877	16 83 9 58
2878	40 81 98 71
2879	6 70 54 60
2880	85 80 86 78
2881	83 61 50 57
2882	81 98 77 85
2883	44 63 82 31
2884	12 44 72 58
2885	59 31 100 80
2886	32 100 7 28
2887	2 86 89 57
2888	38 20 37 16
2889	26 34 17 27
2890	46 47 99 3
2891	16 36 61 13
2892	26 3 69 31
2893	6 3 78 49
2894	36 22 52 16
2895	2 92 72 3
2896	66 95 55 96
2897	86 71 51 62
2898	45 63 18 61
2899	92 74 62 25
2900	78 72 55 43
2901	32 73 20 65
2902	61 98 45 90
2903	94 11 25 62
2904	74 83 8 84
2905	12 4 1 24
2906	70 95 100 54
2907	19 9 95 37
2908	65 79 38 8
2909	81 9 11 35
2910	97 42 91 83
2911	35 17 43 81
2912	72 38 80 97
2913	44 25 97 95
2914	7 58 4 47
2915	54 16 55 50
2916	89 33 35 40
2917	69 18 99 55
2918	68 15 34 52
2919	44 4 59 46
2920	53 60 49 63
2921	96 4 80 82
2922	17 46 65 98
2923	7 52 16 19
2924	3 72 20 21
2925	51 49 89 71
2926	8 2 37 57
2927	83 62 25 27
2928	32 87 2 28
2929	94 26 49 34
2930	99 10 100 71
2931	30 29 85 5
2932	65 86 44 63
2933	6 87 74 38
2934	35 99 95 25
2935	56 2 32 82
2936	78 25 43 92
2937	73 83 65 55
2938	23 19 21 60
2939	42 31 8 11
2940	22 87 91 93
2941	31 13 95 45
2942	84 67 85 41
2943	83 70 43 50
2944	34 1 88 60
2945	82 98 92 21
2946	97 44 43 19
2947	48 15 55 8
2948	99 47 80 39
2949	100 63 38 60
2950	81 4 78 88
2951	2 59 21 68
2952	81 52 13 86
2953	52 1 78 41
2954	87 90 15 80
2955	4 30 32 41
2956	55 57 99 37
2957	14 48 40 27
2958	29 70 79 72
2959	14 80 41 64
2960	62 42 30 48
2961	34 6 99 72
2962	75 41 93 18
2963	6 12 88 49
2964	62 6 54 84
2965	46 96 85 55
2966	31 40 18 44
2967	86 41 73 31
2968	56 95 21 36
2969	46 50 84 26
2970	21 84 3 55
2971	6 41 17 58
2972	27 69 48 76
2973	62 6 48 8
2974	52 79 2 14
2975	11 66 18 90
2976	39 26 96 89
2977	90 18 40 41
2978	91 15 84 74
2979	83 15 59 28
2980	55 54 99 17
2981	31 5 58 40
2982	28 3 92 12
2983	96 76 45 55
2984	47 7 21 13
2985	77 80 70 67
2986	94 37 49 89
2987	44 3 40 83
2988	28 29 32 43
2989	94 14 1 5
2990	44 17 62 94
2991	77 95 55 19
2992	61 35 78 21
2993	89 35 69 73
2994	100 56 80 64
2995	79 100 84 92
2996	44 91 68 62
2997	53 51 27 88
2998	73 90 88 41
2999	34 84 73 32
3000	94 78 19 60
3001	83 35 30 18
3002	61 24 40 81
3003	46 16 78 97
3004	61 15 97 86
3005	98 19 73 6
3006	82 98 16 40
3007	51 84 53 24
3008	67 74 8 59
3009	87 2 62 52
3010	45 59 8 43
3011	69 65 99 13
3012	4 20 47 52
3013	23 6 93 10
3014	59 10 91 23
3015	23 81 47 40
3016	52 93 46 75
3017	44 85 100 93
3018	22 48 24 46
3019	99 37 76 13
3020	58 1 98 37
3021	51 94 67 6
3022	63 60 7 43
3023	16 98 56 25
3024	71 30 24 27
3025	21 62 13 38
3026	81 4 49 31
3027	63 51 9 31
3028	5 81 18 52
3029	43 38 50 46
3030	4 73 89 9
3031	26 95 60 7
3032	60 95 92 20
3033	67 46 18 100
3034	94 16 30 84
3035	38 21 75 68
3036	5 99 55 33
3037	88 57 38 64
3038	47 52 8 5
3039	66 33 100 84
3040	11 27 46 61
3041	94 61 35 100
3042	46 9 25 55
3043	60 51 17 97
3044	6 57 60 63
3045	5 42 52 80
3046	78 30 93 50
3047	8 14 74 27
3048	19 27 8 17
3049	42 29 37 45
3050	17 90 37 68
3051	61 20 54 28
3052	4 94 76 73
3053	21 43 16 69
3054	39 37 70 56
3055	81 69 74 89
3056	67 77 46 91
3057	78 30 67 48
3058	6 78 47 52
3059	74 17 19 34
3060	1 80 63 65
3061	57 9 97 56
3062	90 37 51 46
3063	35 51 44 8
3064	52 3 57 73
3065	69 65 45 67
3066	13 10 92 96
3067	57 16 12 6
3068	74 2 79 55
3069	38 53 56 14
3070	37 75 46 49
3071	96 64 72 31
3072	52 81 25 6
3073	100 87 59 23
3074	69 62 83 17
3075	46 87 63 100
3076	32 53 48 60
3077	41 27 6 44
3078	53 26 51 54
3079	72 75 81 50
3080	62 28 12 18
3081	12 42 58 21
3082	15 57 10 80
3083	85 21 63 98
3084	67 52 18 76
3085	89 92 9 15
3086	88 53 55 42
3087	57 79 71 47
3088	44 100 3 52
3089	65 41 3 85
3090	43 96 38 81
3091	71 7 26 62
3092	99 75 35 1
3093	29 33 2 70
3094	100 51 15 20
3095	37 58 7 83
3096	32 17 21 69
3097	1 28 40 22
3098	12 29 52 11
3099	93 100 91 79
3100	97 100 93 80
3101	6 81 68 31
3102	48 93 25 71
3103	84 11 26 92
3104	18 52 100 59
3105	39 73 35 96
3106	97 19 56 59
3107	61 100 76 52
3108	25 68 86 64
3109	61 34 81 23
3110	97 100 74 87
3111	4 25 86 69
3112	2 42 35 5
3113	48 7 34 54
3114	77 13 60 71
3115	66 88 12 74
3116	8 72 46 91
3117	54 90 23 20
3118	89 74 34 95
3119	76 84 46 54
3120	67 59 68 10
3121	37 92 71 7
3122	15 6 31 76
3123	16 42 97 96
3124	46 76 82 93
3125	29 95 97 14
3126	91 81 78 93
3127	95 55 57 68
3128	97 63 6 100
3129	50 26 39 36
3130	10 81 92 9
3131	84 1 88 73
3132	10 18 51 90
3133	96 63 20 40
3134	55 1 78 86
3135	29 58 62 34
3136	79 8 34 12
3137	18 84 86 39
3138	97 70 23 48
3139	85 96 60 4
3140	20 43 47 53
3141	93 32 46 33
3142	69 64 18 31
3143	66 17 59 50
3144	10 76 95 9
3145	6 29 65 80
3146	15 75 66 89
3147	48 43 9 88
3148	56 73 12 96
3149	75 44 43 85
3150	87 44 39 22
3151	79 92 44 83
3152	55 99 64 68
3153	72 1 29 79
3154	25 71 91 11
3155	17 85 9 7
3156	37 75 84 51
3157	46 81 4 53
3158	88 40 39 9
3159	84 35 24 95
3160	82 62 72 1
3161	61 45 13 55
3162	67 22 44 49
3163	24 74 12 55
3164	36 73 46 54
3165	38 28 53 16
3166	11 90 65 100
3167	97 77 32 54
3168	79 91 60 48
3169	23 54 61 89
3170	79 5 14 32
3171	49 47 79 37
3172	82 65 52 31
3173	56 70 52 18
3174	49 93 66 1
3175	91 57 2 77
3176	64 81 35 41
3177	13 82 93 57
3178	91 51 9 8
3179	63 90 52 29
3180	72 49 6 4
3181	30 19 42 11
3182	84 98 10 67
3183	46 61 81 80
3184	27 63 25 70
3185	85 65 22 94
3186	20 72 32 82
3187	78 57 69 4
3188	73 85 56 69
3189	8 83 35 31
3190	4 48 74 80
3191	75 8 71 62
3192	94 74 60 87
3193	27 2 11 98
3194	86 23 57 64
3195	13 31 48 20
3196	86 63 3 46
3197	66 81 25 44
3198	40 28 36 1
3199	17 13 30 35
3200	40 45 88 2
3201	98 66 25 26
3202	27 33 52 79
3203	43 39 58 36
3204	12 10 41 34
3205	43 1 18 20
3206	100 77 62 24
3207	30 45 46 76
3208	29 2 10 40
3209	90 8 36 89
3210	80 11 82 9
3211	80 99 27 56
3212	92 96 90 5
3213	68 10 73 6
3214	43 14 56 72
3215	73 4 14 28
3216	88 20 1 34
3217	7 46 60 29
3218	50 92 42 56
3219	37 60 35 12
3220	38 56 27 67
3221	81 54 90 77
3222	73 47 71 45
3223	3 95 30 45
3224	8 64 7 9
3225	56 6 58 14
3226	13 18 78 95
3227	29 78 19 53
3228	32 6 18 48
3229	58 29 57 75
3230	62 98 94 30
3231	34 8 95 88
3232	7 84 20 73
3233	10 32 52 23
3234	40 81 3 98
3235	90 47 70 91
3236	25 64 77 60
3237	94 80 60 95
3238	3 21 36 90
3239	60 96 20 70
3240	45 94 19 95
3241	30 88 21 51
3242	33 18 61 92
3243	57 4 73 41
3244	35 82 14 73
3245	85 63 93 82
3246	81 98 83 41
3247	96 18 51 78
3248	82 51 57 13
3249	97 5 45 49
3250	72 41 96 46
3251	42 75 89 96
3252	84 60 58 49
3253	90 94 45 6
3254	88 77 80 42
3255	76 6 88 86
3256	32 90 60 51
3257	89 56 16 39
3258	9 96 26 56
3259	21 92 47 86
3260	69 59 94 42
3261	87 29 36 82
3262	6 77 22 5
3263	65 74 26 47
3264	70 31 35 45
3265	52 84 10 60
3266	52 84 21 6
3267	17 48 98 80
3268	72 68 98 91
3269	4 87 9 7
3270	33 10 39 77
3271	93 55 88 58
3272	67 69 41 52
3273	90 33 87 3
3274	58 91 69 99
3275	86 22 23 35
3276	78 35 38 5
3277	36 77 39 4
3278	66 37 63 82
3279	42 13 16 92
3280	41 40 77 57
3281	66 83 73 64
3282	80 69 43 62
3283	91 6 68 5
3284	24 99 75 28
3285	51 72 15 34
3286	6 77 24 72
3287	51 83 79 59
3288	93 79 73 37
3289	32 90 96 19
3290	37 12 2 40
3291	100 92 40 51
3292	85 27 78 26
3293	55 73 98 27
3294	70 86 65 87
3295	100 99 36 86
3296	24 56 46 45
3297	33 52 17 30
3298	80 82 41 19
3299	27 46 74 6
3300	39 100 65 58
3301	52 1 38 9
3302	92 52 75 7
3303	69 2 85 52
3304	63 52 19 70
3305	90 98 45 19
3306	88 87 67 64
3307	39 36 3 68
3308	81 22 99 53
3309	29 88 1 83
3310	64 35 83 47
3311	83 19 55 15
3312	23 71 92 98
3313	23 90 91 7
3314	37 64 66 82
3315	41 5 10 6
3316	6 42 50 79
3317	47 85 19 18
3318	2 71 22 25
3319	64 95 54 43
3320	32 54 30 81
3321	66 63 46 60
3322	47 77 54 39
3323	14 3 5 40
3324	6 33 24 57
3325	92 100 68 10
3326	22 79 90 96
3327	59 68 64 96
3328	43 53 65 18
3329	70 78 98 80
3330	49 92 9 7
3331	89 91 82 84
3332	92 54 58 5
3333	58 38 28 53
3334	51 62 11 70
3335	69 3 28 25
3336	11 78 27 61
3337	52 30 49 14
3338	64 57 30 15
3339	31 93 78 45
3340	24 21 16 32
3341	49 11 48 100
3342	92 5 77 15
3343	68 89 90 2
3344	55 18 27 45
3345	32 39 70 96
3346	12 53 37 8
3347	5 56 30 81
3348	13 92 14 33
3349	87 42 77 40
3350	89 96 38 52
3351	88 82 34 55
3352	90 37 77 19
3353	42 49 46 67
3354	57 33 26 43
3355	42 93 30 41
3356	63 9 45 84
3357	49 94 33 21
3358	31 48 62 68
3359	4 46 99 12
3360	54 87 17 67
3361	81 12 95 36
3362	21 65 17 60
3363	2 92 45 23
3364	94 6 26 67
3365	72 50 65 55
3366	18 62 31 94
3367	94 22 42 29
3368	13 69 41 55
3369	84 16 35 94
3370	8 11 94 90
3371	1 29 70 9
3372	22 35 94 34
3373	32 65 62 12
3374	23 56 55 64
3375	14 31 62 72
3376	8 16 76 60
3377	51 23 88 83
3378	73 87 42 20
3379	54 14 3 61
3380	86 77 56 69
3381	7 78 42 4
3382	84 27 82 9
3383	96 31 93 76
3384	75 68 66 91
3385	18 52 16 46
3386	29 12 73 16
3387	32 74 98 36
3388	2 31 23 5
3389	72 46 55 84
3390	56 7 95 29
3391	25 62 31 37
3392	92 77 23 89
3393	70 48 89 31
3394	31 93 79 82
3395	33 62 40 52
3396	41 67 49 53
3397	43 99 30 45
3398	1 43 64 30
3399	88 70 78 4
3400	27 26 57 78
3401	20 94 64 88
3402	17 40 47 32
3403	85 91 64 3
3404	80 85 87 19
3405	44 67 86 26
3406	71 74 17 73
3407	79 95 33 29
3408	74 95 42 61
3409	75 12 18 83
3410	11 60 9 23
3411	67 73 23 36
3412	73 95 65 80
3413	64 49 94 31
3414	75 35 14 44
3415	83 51 4 29
3416	44 6 20 92
3417	31 54 62 90
3418	43 22 99 92
3419	13 15 83 71
3420	15 19 9 25
3421	83 37 23 84
3422	98 86 82 1
3423	87 22 57 100
3424	32 3 36 30
3425	82 10 17 5
3426	20 19 53 26
3427	94 2 74 14
3428	35 48 47 65
3429	26 95 87 76
3430	30 71 98 9
3431	17 42 91 72
3432	98 43 97 93
3433	24 11 81 55
3434	93 51 75 99
3435	72 60 62 15
3436	36 60 79 84
3437	74 72 64 67
3438	12 50 87 54
3439	6 48 39 22
3440	77 97 69 11
3441	56 22 82 69
3442	16 17 36 61
3443	35 4 78 73
3444	59 85 56 33
3445	13 47 68 66
3446	30 90 36 87
3447	49 46 45 32
3448	2 68 54 80
3449	32 85 46 30
3450	10 63 5 69
3451	81 100 74 95
3452	80 87 9 77
3453	38 87 19 33
3454	63 86 82 11
3455	83 71 67 37
3456	26 49 82 15
3457	82 17 66 23
3458	85 90 39 36
3459	5 8 46 29
3460	14 89 87 61
3461	3 76 94 81
3462	46 60 51 82
3463	23 27 65 1
3464	99 37 70 21
3465	57 11 4 28
3466	32 54 68 72
3467	33 22 51 56
3468	5 8 97 49
3469	73 42 87 22
3470	92 18 100 51
3471	80 57 70 51
3472	24 47 14 84
3473	55 73 100 4
3474	56 77 49 79
3475	1 65 25 8
3476	96 92 36 9
3477	42 10 64 37
3478	11 28 31 16
3479	89 25 46 56
3480	72 97 11 34
3481	29 52 28 45
3482	82 77 34 49
3483	3 16 28 18
3484	38 14 78 35
3485	93 91 18 13
3486	29 16 93 27
3487	6 84 67 50
3488	80 43 30 64
3489	32 64 39 22
3490	29 72 4 89
3491	98 84 6 25
3492	31 68 4 28
3493	10 65 11 1
3494	51 64 23 3
3495	98 70 48 67
3496	34 49 75 29
3497	52 14 34 99
3498	64 63 99 87
3499	68 93 91 76
3500	2 86 15 27
3501	43 8 66 45
3502	23 20 34 92
3503	44 13 98 2
3504	22 93 35 87
3505	52 100 93 58
3506	50 88 70 96
3507	82 6 13 74
3508	92 64 68 49
3509	77 12 61 17
3510	86 57 79 56
3511	77 72 68 64
3512	1 5 100 14
3513	66 7 27 48
3514	78 30 55 20
3515	77 58 32 62
3516	95 13 96 98
3517	31 23 54 92
3518	68 90 89 49
3519	46 16 85 82
3520	63 58 80 97
3521	70 55 2 63
3522	6 88 93 69
3523	21 94 18 28
3524	42 96 22 77
3525	57 75 13 90
3526	95 84 87 46
3527	35 40 64 15
3528	7 59 100 39
3529	68 75 47 21
3530	10 71 80 99
3531	99 100 63 51
3532	65 3 15 89
3533	91 50 29 78
3534	81 25 71 52
3535	19 54 93 83
3536	43 50 38 92
3537	26 1 64 36
3538	64 27 21 65
3539	29 15 75 95
3540	26 99 20 18
3541	25 92 37 75
3542	67 16 35 84
3543	82 44 35 39
3544	38 44 32 83
3545	60 27 50 15
3546	77 29 53 78
3547	17 78 43 25
3548	40 1 76 45
3549	9 95 6 15
3550	70 77 97 61
3551	75 50 40 18
3552	60 76 80 97
3553	34 36 37 5
3554	44 18 7 77
3555	84 45 35 54
3556	72 82 60 42
3557	26 38 64 48
3558	37 6 2 42
3559	44 19 99 50
3560	29 79 38 63
3561	27 48 45 41
3562	17 31 14 79
3563	89 52 95 70
3564	6 67 51 31
3565	59 38 50 24
3566	54 79 14 87
3567	19 22 27 74
3568	38 84 10 4
3569	7 69 60 28
3570	11 81 14 21
3571	16 24 84 59
3572	30 72 66 19
3573	51 43 87 98
3574	13 23 7 92
3575	81 61 27 78
3576	81 15 6 74
3577	36 58 74 87
3578	43 94 97 76
3579	94 29 77 63
3580	65 94 48 26
3581	49 15 99 72
3582	28 1 44 48
3583	14 83 15 30
3584	19 8 25 76
3585	21 17 12 53
3586	98 89 42 57
3587	85 23 26 60
3588	92 58 95 30
3589	95 51 17 58
3590	34 3 49 52
3591	67 34 56 38
3592	8 88 63 23
3593	27 81 62 31
3594	84 19 21 68
3595	7 37 85 56
3596	23 67 91 33
3597	80 9 53 65
3598	59 90 87 24
3599	83 80 10 79
3600	24 56 38 41
3601	5 86 54 2
3602	88 56 50 10
3603	77 45 87 74
3604	99 96 45 59
3605	43 86 6 96
3606	98 28 77 62
3607	62 81 17 15
3608	52 17 82 50
3609	76 25 30 17
3610	54 73 61 58
3611	94 48 35 80
3612	85 1 58 51
3613	9 49 55 54
3614	84 97 39 80
3615	2 15 48 61
3616	90 45 4 69
3617	48 2 91 42
3618	85 1 75 21
3619	11 32 78 92
3620	89 52 76 6
3621	77 8 73 6
3622	24 62 84 95
3623	67 14 82 70
3624	97 95 34 63
3625	53 33 44 51
3626	40 58 66 8
3627	4 83 69 55
3628	31 98 46 21
3629	23 70 13 54
3630	19 2 11 77
3631	81 11 14 22
3632	30 60 43 27
3633	59 46 6 60
3634	24 31 78 58
3635	26 58 25 95
3636	84 85 93 76
3637	18 26 19 45
3638	40 98 51 44
3639	86 43 69 24
3640	64 36 3 69
3641	41 78 99 12
3642	84 98 5 95
3643	85 21 15 43
3644	90 17 96 79
3645	80 95 74 18
3646	49 52 8 45
3647	83 6 32 25
3648	59 56 57 84
3649	28 30 73 61
3650	33 49 67 24
3651	7 31 21 84
3652	87 65 31 1
3653	43 86 66 79
3654	53 79 39 4
3655	69 55 79 91
3656	92 13 16 11
3657	30 67 19 96
3658	88 13 21 8
3659	69 31 100 66
3660	46 5 10 64
3661	34 91 69 73
3662	55 90 63 81
3663	11 88 12 55
3664	6 82 63 90
3665	95 27 38 7
3666	9 64 31 98
3667	26 95 70 21
3668	17 69 27 68
3669	8 80 86 78
3670	11 23 45 51
3671	86 80 95 39
3672	12 33 47 40
3673	60 31 29 10
3674	7 100 51 96
3675	94 82 66 77
3676	92 16 99 89
3677	21 34 13 54
3678	12 76 47 100
3679	19 33 7 11
3680	89 81 87 96
3681	75 38 96 93
3682	92 9 21 94
3683	75 97 76 94
3684	75 45 16 57
3685	16 2 11 70
3686	74 26 28 29
3687	23 10 7 71
3688	5 17 12 13
3689	76 40 7 62
3690	27 62 8 82
3691	56 15 30 12
3692	7 65 87 21
3693	92 13 93 71
3694	91 31 17 68
3695	96 86 92 1
3696	51 92 50 57
3697	12 71 17 10
3698	51 61 33 49
3699	100 71 53 11
3700	62 77 12 38
3701	97 85 71 74
3702	87 32 48 60
3703	68 7 47 60
3704	16 46 3 73
3705	40 97 56 33
3706	1 75 76 100
3707	89 88 34 39
3708	89 98 86 47
3709	77 30 41 38
3710	94 7 93 30
3711	92 34 97 31
3712	2 48 75 71
3713	9 16 72 12
3714	8 24 7 50
3715	79 28 33 94
3716	13 82 45 34
3717	28 79 87 92
3718	47 38 6 2
3719	42 37 4 24
3720	19 90 20 4
3721	31 71 69 90
3722	6 14 80 63
3723	22 74 73 95
3724	98 12 45 33
3725	43 59 54 62
3726	65 40 98 93
3727	90 89 46 31
3728	26 41 73 74
3729	32 97 81 58
3730	58 34 100 77
3731	99 61 91 23
3732	41 74 70 6
3733	23 46 71 33
3734	69 59 21 79
3735	55 98 15 66
3736	44 82 54 68
3737	91 70 7 73
3738	75 6 21 92
3739	52 25 4 70
3740	87 9 32 85
3741	95 71 86 94
3742	82 27 57 29
3743	45 40 5 43
3744	45 61 50 78
3745	62 33 64 50
3746	10 73 72 20
3747	51 34 26 16
3748	1 66 92 22
3749	80 7 93 31
3750	40 46 96 84
3751	36 68 64 29
3752	4 49 98 90
3753	98 49 28 93
3754	43 97 1 38
3755	14 61 46 5
3756	6 55 89 8
3757	58 74 49 45
3758	45 50 57 52
3759	70 57 39 84
3760	76 13 28 99
3761	6 11 22 92
3762	1 23 77 88
3763	98 71 86 81
3764	41 19 45 92
3765	44 62 2 1
3766	93 68 43 62
3767	95 17 45 6
3768	8 91 6 39
3769	25 96 41 56
3770	64 62 10 80
3771	58 53 74 22
3772	9 36 12 69
3773	25 11 31 85
3774	78 8 95 69
3775	37 13 16 31
3776	75 44 25 49
3777	28 59 42 94
3778	39 44 19 66
3779	52 10 14 67
3780	51 84 67 26
3781	95 53 60 33
3782	8 31 29 32
3783	70 75 26 30
3784	6 36 84 22
3785	35 66 32 42
3786	33 3 75 2
3787	5 51 17 92
3788	84 61 43 55
3789	76 12 92 27
3790	57 84 78 13
3791	22 37 11 33
3792	38 34 67 22
3793	96 80 62 83
3794	82 40 88 3
3795	51 79 55 26
3796	5 3 49 90
3797	81 15 97 3
3798	8 59 69 32
3799	2 13 41 46
3800	89 75 16 15
3801	35 33 42 27
3802	18 94 24 58
3803	77 88 80 70
3804	93 84 81 52
3805	58 67 41 53
3806	57 3 18 9
3807	39 54 88 58
3808	76 21 34 3
3809	90 4 11 39
3810	60 48 69 49
3811	60 59 69 46
3812	6 13 19 71
3813	92 24 36 96
3814	54 51 38 11
3815	17 11 26 21
3816	77 9 85 78
3817	53 67 22 33
3818	26 18 64 84
3819	75 80 66 9
3820	3 54 61 37
3821	94 62 80 85
3822	86 22 30 66
3823	17 86 14 62
3824	74 23 66 15
3825	43 64 42 48
3826	99 74 44 61
3827	67 73 21 58
3828	78 30 94 75
3829	89 66 45 23
3830	1 89 31 11
3831	42 22 15 13
3832	9 63 53 97
3833	51 97 88 34
3834	30 79 94 55
3835	6 46 99 42
3836	94 8 63 93
3837	24 44 21 43
3838	48 17 51 2
3839	83 51 9 92
3840	81 100 3 49
3841	42 34 51 19
3842	51 31 40 85
3843	83 55 16 34
3844	100 88 8 13
3845	30 65 91 27
3846	35 4 24 41
3847	97 82 99 56
3848	37 28 88 79
3849	7 90 55 96
3850	16 46 39 56
3851	95 31 89 1
3852	71 5 28 80
3853	60 14 95 55
3854	72 54 66 41
3855	33 9 2 38
3856	74 62 98 43
3857	45 32 9 60
3858	87 55 74 84
3859	82 71 5 84
3860	29 100 16 14
3861	79 16 96 58
3862	93 76 9 65
3863	88 78 87 15
3864	3 13 65 2
3865	22 96 34 73
3866	27 64 84 24
3867	84 6 74 30
3868	41 27 1 18
3869	40 67 30 32
3870	87 80 65 37
3871	40 89 68 22
3872	70 12 84 2
3873	16 84 33 61
3874	75 5 14 74
3875	49 40 85 76
3876	43 70 94 1
3877	44 37 15 36
3878	56 27 41 13
3879	85 88 34 7
3880	36 45 93 19
3881	42 16 57 52
3882	99 3 57 67
3883	93 97 77 99
3884	80 89 54 59
3885	64 99 51 44
3886	9 60 27 88
3887	90 43 21 8
3888	84 77 35 91
3889	25 44 24 22
3890	70 35 73 72
3891	93 17 31 10
3892	46 4 25 43
3893	13 70 63 15
3894	97 41 1 29
3895	55 3 77 95
3896	5 76 43 41
3897	99 93 76 29
3898	35 5 51 49
3899	86 14 68 5
3900	62 77 58 100
3901	76 53 80 68
3902	74 51 80 93
3903	20 94 8 49
3904	39 76 95 25
3905	43 9 99 44
3906	10 78 82 16
3907	13 3 6 35
3908	15 5 46 17
3909	18 81 45 74
3910	98 57 95 94
3911	46 53 6 67
3912	96 47 98 8
3913	89 100 14 13
3914	36 79 48 80
3915	71 69 15 3
3916	3 17 41 91
3917	96 63 10 33
3918	12 22 21 55
3919	16 10 11 75
3920	17 13 100 62
3921	65 61 97 25
3922	9 94 74 31
3923	81 47 76 66
3924	83 4 13 92
3925	21 60 19 89
3926	3 21 30 96
3927	23 48 67 35
3928	12 29 6 50
3929	87 62 58 80
3930	65 19 41 83
3931	38 70 53 66
3932	61 63 92 91
3933	77 31 3 7
3934	97 68 11 78
3935	64 26 8 14
3936	17 21 72 61
3937	83 3 40 14
3938	71 63 64 92
3939	5 76 39 23
3940	42 97 71 86
3941	81 62 98 65
3942	55 68 99 2
3943	36 5 30 58
3944	54 96 21 17
3945	18 60 68 51
3946	60 45 78 32
3947	36 50 9 49
3948	7 57 79 55
3949	47 23 94 68
3950	20 42 36 48
3951	57 51 42 54
3952	48 44 92 11
3953	57 77 32 83
3954	91 82 85 72
3955	71 82 7 31
3956	19 87 34 4
3957	54 76 34 63
3958	41 46 97 33
3959	82 60 43 92
3960	12 35 94 61
3961	53 72 50 99
3962	9 92 48 84
3963	5 34 75 68
3964	78 67 69 44
3965	11 27 46 20
3966	51 84 53 30
3967	38 17 47 45
3968	58 95 46 40
3969	100 81 71 89
3970	72 98 6 94
3971	42 16 45 84
3972	9 63 89 75
3973	9 36 100 24
3974	2 19 58 41
3975	1 10 12 92
3976	72 15 16 39
3977	42 81 50 68
3978	52 8 35 17
3979	27 19 79 57
3980	16 53 23 18
3981	79 11 85 98
3982	80 91 71 72
3983	17 46 47 89
3984	90 44 47 61
3985	86 13 22 49
3986	59 19 90 68
3987	80 42 51 92
3988	98 27 26 64
3989	8 25 82 45
3990	84 58 4 33
3991	76 65 34 94
3992	26 89 2 42
3993	3 84 46 7
3994	65 73 93 23
3995	38 48 85 98
3996	24 81 75 3
3997	90 88 9 58
3998	88 55 98 100
3999	59 1 96 86
4000	86 12 49 31
4001	89 82 97 54
4002	90 39 58 75
4003	65 57 18 80
4004	83 37 19 100
4005	68 22 21 76
4006	9 79 31 85
4007	26 34 100 80
4008	54 91 90 72
4009	55 13 99 36
4010	81 11 36 31
4011	47 27 91 12
4012	98 6 26 36
4013	87 67 41 25
4014	20 74 54 59
4015	38 26 24 88
4016	76 27 83 21
4017	84 11 76 44
4018	6 19 31 52
4019	17 87 25 72
4020	68 50 97 2
4021	6 39 88 78
4022	52 43 31 70
4023	49 68 10 13
4024	59 32 9 39
4025	96 95 64 9
4026	81 44 30 85
4027	20 70 80 100
4028	47 49 84 11
4029	63 68 11 71
4030	5 58 26 2
4031	64 99 65 82
4032	84 12 22 93
4033	10 40 65 15
4034	91 30 9 32
4035	79 76 7 55
4036	85 48 41 68
4037	75 79 92 16
4038	86 59 40 99
4039	88 64 2 83
4040	51 59 45 28
4041	44 73 48 95
4042	35 21 84 86
4043	30 23 17 63
4044	78 66 3 59
4045	69 76 14 94
4046	78 83 47 84
4047	36 46 14 49
4048	64 71 100 47
4049	74 13 92 26
4050	69 93 43 80
4051	19 65 2 51
4052	83 32 77 80
4053	52 79 77 95
4054	14 62 51 26
4055	61 77 14 46
4056	28 18 41 72
4057	56 7 83 55
4058	3 80 30 61
4059	76 66 14 44
4060	68 27 95 31
4061	100 93 20 65
4062	67 4 89 68
4063	23 14 40 88
4064	49 98 88 74
4065	73 72 33 71
4066	93 42 33 79
4067	23 25 55 69
4068	58 45 52 99
4069	44 47 15 9
4070	67 50 70 80
4071	65 61 17 52
4072	90 1 46 66
4073	84 71 99 95
4074	62 29 28 64
4075	46 35 68 94
4076	83 38 15 32
4077	82 15 38 77
4078	83 28 52 46
4079	80 4 12 44
4080	83 85 88 48
4081	12 79 15 37
4082	93 60 26 29
4083	39 56 48 96
4084	64 23 19 41
4085	49 63 65 56
4086	31 70 82 92
4087	63 70 26 71
4088	46 15 100 23
4089	20 13 18 64
4090	98 48 74 20
4091	24 44 80 82
4092	65 38 70 44
4093	32 53 92 63
4094	45 80 53 50
4095	39 94 29 6
4096	55 59 31 15
4097	44 24 15 92
4098	5 38 35 8
4099	35 3 24 93
4100	16 27 95 86
4101	15 83 54 97
4102	19 12 75 46
4103	31 53 47 23
4104	48 98 66 32
4105	15 68 29 73
4106	29 43 71 80
4107	16 86 99 4
4108	6 28 9 83
4109	99 53 98 1
4110	86 72 85 49
4111	71 16 22 73
4112	35 3 86 67
4113	49 91 85 24
4114	16 11 78 98
4115	26 81 48 69
4116	29 96 57 86
4117	98 29 12 39
4118	96 64 3 86
4119	61 68 79 23
4120	77 1 100 9
4121	94 17 25 3
4122	89 59 18 35
4123	21 66 49 17
4124	68 30 37 53
4125	78 44 3 50
4126	62 16 83 97
4127	39 53 31 56
4128	86 52 48 66
4129	66 46 1 19
4130	34 16 69 60
4131	22 67 35 74
4132	89 63 47 24
4133	49 66 97 81
4134	59 83 4 66
4135	41 90 61 34
4136	77 50 61 88
4137	85 97 74 61
4138	28 71 51 1
4139	37 97 92 70
4140	59 31 8 87
4141	71 20 12 42
4142	34 36 18 90
4143	46 61 51 50
4144	13 40 83 45
4145	91 70 3 58
4146	66 56 3 17
4147	97 44 9 53
4148	20 6 25 27
4149	100 57 96 25
4150	22 14 98 11
4151	14 2 74 10
4152	66 34 14 16
4153	98 40 64 97
4154	1 73 33 22
4155	19 99 28 60
4156	5 93 8 26
4157	12 85 59 37
4158	13 38 51 45
4159	56 94 22 1
4160	61 55 53 92
4161	60 77 27 59
4162	73 77 5 84
4163	90 29 64 42
4164	22 30 92 64
4165	84 24 43 26
4166	61 48 67 95
4167	57 76 33 79
4168	94 81 21 69
4169	74 35 21 22
4170	22 11 47 88
4171	18 17 100 1
4172	30 88 46 29
4173	14 68 40 57
4174	37 29 82 40
4175	95 78 96 65
4176	8 26 35 22
4177	81 78 54 18
4178	49 1 41 17
4179	50 8 36 15
4180	56 13 27 69
4181	28 5 55 9
4182	35 20 29 90
4183	18 55 25 28
4184	85 39 20 92
4185	77 26 82 54
4186	40 48 62 36
4187	72 86 69 82
4188	51 83 80 37
4189	58 34 82 98
4190	21 40 54 41
4191	27 31 90 86
4192	96 40 49 14
4193	52 96 61 34
4194	6 77 79 68
4195	36 64 91 12
4196	78 69 52 21
4197	92 44 23 74
4198	20 80 94 81
4199	52 63 48 76
4200	28 82 57 83
4201	27 66 16 26
4202	42 30 2 27
4203	11 86 40 21
4204	23 57 34 67
4205	29 8 22 4
4206	36 2 85 70
4207	67 1 86 25
4208	2 94 34 19
4209	90 17 70 81
4210	12 52 83 25
4211	82 98 92 57
4212	98 51 53 75
4213	64 62 84 91
4214	76 81 36 88
4215	55 46 92 98
4216	45 53 84 44
4217	58 14 99 4
4218	23 33 89 18
4219	71 77 97 99
4220	93 44 68 92
4221	88 31 57 84
4222	92 5 60 65
4223	96 49 29 20
4224	29 20 33 48
4225	55 68 36 63
4226	55 14 68 83
4227	63 57 68 51
4228	25 82 6 63
4229	43 90 93 21
4230	37 46 27 51
4231	80 54 15 16
4232	93 11 62 36
4233	99 97 88 15
4234	40 64 12 52
4235	16 92 75 20
4236	47 69 19 81
4237	17 73 37 19
4238	97 21 3 98
4239	23 29 59 38
4240	46 10 56 90
4241	34 22 84 91
4242	93 62 26 40
4243	76 96 36 50
4244	4 34 64 12
4245	56 40 28 19
4246	19 49 73 65
4247	72 66 17 46
4248	79 63 82 18
4249	14 92 45 77
4250	25 63 75 54
4251	75 90 37 16
4252	86 78 74 34
4253	77 23 5 64
4254	69 46 65 89
4255	16 50 10 2
4256	52 62 45 43
4257	53 90 75 25
4258	18 12 37 13
4259	6 38 96 72
4260	81 1 38 15
4261	77 81 99 98
4262	46 5 94 39
4263	99 75 54 23
4264	36 5 64 40
4265	34 1 100 76
4266	90 61 92 23
4267	18 63 64 39
4268	79 13 59 71
4269	62 6 99 9
4270	29 85 56 19
4271	1 95 38 83
4272	63 31 1 14
4273	87 10 70 46
4274	59 60 12 1
4275	75 2 62 88
4276	42 51 81 11
4277	1 47 31 36
4278	12 45 82 52
4279	64 81 59 22
4280	35 91 82 8
4281	94 24 73 17
4282	60 85 42 68
4283	72 26 18 30
4284	83 99 18 24
4285	75 67 69 79
4286	35 12 2 25
4287	32 54 35 24
4288	47 40 17 83
4289	1 18 75 92
4290	81 59 5 100
4291	17 2 41 9
4292	56 64 8 79
4293	38 25 21 16
4294	24 16 9 45
4295	11 48 100 9
4296	4 52 56 58
4297	18 48 9 34
4298	17 1 51 10
4299	7 82 73 24
4300	33 95 39 17
4301	13 80 63 72
4302	12 57 28 66
4303	74 8 30 60
4304	15 79 47 90
4305	34 1 38 35
4306	70 1 13 3
4307	91 52 69 1
4308	96 50 33 25
4309	47 53 27 10
4310	31 10 2 41
4311	17 39 52 94
4312	73 23 20 77
4313	4 6 35 26
4314	80 50 46 69
4315	43 60 77 32
4316	15 77 51 69
4317	25 52 84 71
4318	69 57 29 4
4319	41 55 36 71
4320	44 49 21 13
4321	94 64 15 100
4322	40 98 39 29
4323	65 37 19 32
4324	2 47 74 43
4325	92 39 87 63
4326	65 39 12 78
4327	41 75 73 98
4328	59 53 20 40
4329	86 75 98 80
4330	33 68 29 62
4331	15 99 1 96
4332	1 71 11 13
4333	68 98 12 23
4334	65 82 5 24
4335	60 96 94 26
4336	80 96 98 66
4337	2 57 10 86
4338	57 80 24 83
4339	3 93 27 21
4340	7 50 38 70
4341	14 59 98 27
4342	72 61 22 35
4343	69 53 10 88
4344	100 25 60 38
4345	84 22 49 30
4346	71 43 45 18
4347	55 9 27 97
4348	3 21 30 17
4349	99 67 84 35
4350	10 75 36 18
4351	88 61 66 57
4352	26 4 88 63
4353	35 51 41 54
4354	30 57 74 90
4355	37 25 18 48
4356	42 74 61 20
4357	96 40 86 78
4358	3 47 81 68
4359	98 23 89 96
4360	92 61 26 91
4361	51 57 43 65
4362	43 67 9 10
4363	13 46 63 88
4364	53 52 94 35
4365	97 18 11 15
4366	3 94 91 22
4367	59 35 85 100
4368	8 18 79 96
4369	88 40 70 26
4370	93 56 34 77
4371	20 66 2 3
4372	16 83 67 73
4373	62 26 14 50
4374	23 80 45 76
4375	93 90 66 21
4376	83 61 90 1
4377	90 78 72 100
4378	93 7 8 58
4379	47 39 4 56
4380	8 51 13 17
4381	40 32 86 75
4382	67 3 82 81
4383	76 47 91 29
4384	72 57 39 73
4385	57 37 31 77
4386	48 58 83 28
4387	70 73 27 25
4388	26 64 5 48
4389	45 18 27 21
4390	16 56 11 61
4391	77 36 8 75
4392	98 44 99 64
4393	43 82 83 15
4394	87 67 70 26
4395	54 75 2 60
4396	93 56 99 40
4397	8 14 58 44
4398	96 97 68 15
4399	32 58 9 62
4400	65 31 71 90
4401	37 31 78 93
4402	34 81 46 8
4403	13 63 80 33
4404	22 58 60 87
4405	48 59 68 93
4406	90 34 5 49
4407	87 94 35 13
4408	77 75 86 98
4409	8 96 62 35
4410	45 61 43 8
4411	30 93 28 94
4412	4 73 47 74
4413	10 16 27 79
4414	92 20 23 59
4415	79 54 63 17
4416	69 71 55 13
4417	39 91 64 3
4418	47 7 39 96
4419	70 20 36 51
4420	53 13 96 17
4421	85 71 13 77
4422	48 81 50 41
4423	2 37 52 29
4424	38 26 86 49
4425	42 12 85 68
4426	38 26 58 46
4427	5 23 34 14
4428	60 30 54 95
4429	60 29 21 4
4430	15 41 63 36
4431	49 46 77 87
4432	55 51 11 14
4433	35 13 4 72
4434	92 91 5 22
4435	93 92 52 100
4436	67 71 54 12
4437	81 69 26 41
4438	11 42 41 35
4439	4 42 68 61
4440	6 51 28 25
4441	86 9 84 92
4442	54 67 60 97
4443	64 41 89 43
4444	32 79 73 86
4445	19 44 42 16
4446	34 50 68 60
4447	83 60 100 52
4448	28 92 72 12
4449	1 95 89 83
4450	80 37 50 14
4451	61 13 17 32
4452	34 45 64 22
4453	59 75 98 95
4454	80 15 48 60
4455	23 16 24 95
4456	36 4 1 47
4457	34 35 36 76
4458	80 31 36 81
4459	41 100 40 58
4460	51 50 13 70
4461	52 92 68 61
4462	83 74 53 91
4463	79 38 34 81
4464	94 72 47 99
4465	13 51 30 60
4466	65 66 58 83
4467	28 49 95 46
4468	36 85 46 24
4469	91 52 9 40
4470	55 62 75 10
4471	11 33 82 19
4472	6 10 36 46
4473	21 94 92 17
4474	29 39 50 91
4475	63 98 97 5
4476	58 99 57 92
4477	93 39 23 74
4478	53 28 1 24
4479	55 42 16 65
4480	1 69 25 52
4481	53 69 40 99
4482	78 52 23 87
4483	17 36 14 8
4484	82 68 65 40
4485	1 38 78 59
4486	55 4 95 53
4487	85 96 88 83
4488	70 90 59 100
4489	22 98 50 88
4490	23 74 88 87
4491	100 98 12 50
4492	98 41 65 87
4493	80 23 60 27
4494	59 12 46 61
4495	81 27 70 9
4496	64 82 42 13
4497	13 93 2 81
4498	78 88 84 5
4499	36 82 44 18
4500	96 87 73 49
4501	6 4 37 58
4502	24 61 11 60
4503	96 67 60 40
4504	29 87 96 2
4505	38 5 63 2
4506	99 96 27 84
4507	40 12 69 60
4508	99 62 32 30
4509	2 6 66 28
4510	3 18 10 46
4511	2 18 62 68
4512	68 93 64 30
4513	68 12 21 98
4514	15 66 3 14
4515	48 85 56 20
4516	42 5 6 20
4517	42 4 85 14
4518	20 97 69 79
4519	18 75 45 96
4520	88 17 95 33
4521	16 46 69 7
4522	84 48 11 89
4523	100 10 63 15
4524	10 67 13 11
4525	43 24 35 50
4526	67 71 35 92
4527	2 56 72 30
4528	10 3 59 37
4529	7 23 4 52
4530	18 46 44 10
4531	72 65 84 28
4532	37 10 60 33
4533	44 90 89 71
4534	37 62 35 5
4535	38 81 37 68
4536	81 11 63 3
4537	8 83 68 90
4538	58 3 64 11
4539	20 13 21 39
4540	41 55 13 51
4541	13 46 95 63
4542	12 92 52 94
4543	80 8 43 68
4544	95 42 15 52
4545	4 39 74 76
4546	2 5 36 78
4547	47 81 59 49
4548	98 92 23 17
4549	14 25 31 51
4550	75 57 48 93
4551	54 30 49 65
4552	72 8 3 1
4553	84 43 81 6
4554	64 67 81 63
4555	54 90 16 66
4556	31 48 69 57
4557	51 41 9 56
4558	50 32 55 91
4559	28 8 39 20
4560	100 13 62 8
4561	28 38 97 86
4562	4 89 12 11
4563	70 34 47 59
4564	9 31 36 70
4565	55 85 36 97
4566	53 23 38 90
4567	66 93 12 74
4568	100 48 91 50
4569	35 5 38 41
4570	24 26 15 2
4571	31 18 38 37
4572	60 48 56 63
4573	89 56 81 52
4574	15 77 44 67
4575	92 38 18 37
4576	75 7 6 88
4577	97 61 31 78
4578	19 31 46 62
4579	44 27 49 9
4580	62 31 77 36
4581	53 26 41 88
4582	79 51 32 73
4583	55 85 14 65
4584	18 50 100 20
4585	100 71 82 44
4586	24 30 35 21
4587	11 84 13 82
4588	7 87 44 42
4589	84 55 41 34
4590	45 31 44 24
4591	53 87 10 28
4592	50 31 13 87
4593	51 50 27 94
4594	59 33 53 65
4595	49 41 76 30
4596	92 6 35 37
4597	94 92 82 3
4598	90 79 16 27
4599	48 81 65 75
4600	19 78 50 9
4601	33 42 26 18
4602	27 28 45 66
4603	29 20 88 10
4604	21 35 27 64
4605	32 92 52 14
4606	78 34 22 84
4607	38 4 97 64
4608	17 74 93 94
4609	63 92 80 64
4610	87 54 16 14
4611	71 70 86 29
4612	49 100 19 17
4613	34 8 6 4
4614	51 86 63 41
4615	81 3 86 85
4616	46 58 38 90
4617	25 79 27 1
4618	39 23 57 67
4619	92 25 28 49
4620	95 75 70 80
4621	20 70 91 46
4622	2 73 78 35
4623	14 92 89 70
4624	29 40 14 93
4625	22 66 20 47
4626	42 70 86 84
4627	3 11 92 55
4628	81 20 57 93
4629	6 46 10 57
4630	68 53 16 95
4631	90 19 14 52
4632	79 24 7 20
4633	22 27 82 59
4634	37 72 85 94
4635	89 85 64 21
4636	12 48 20 54
4637	52 6 5 56
4638	73 37 83 42
4639	49 54 2 80
4640	89 59 65 93
4641	25 85 23 39
4642	42 7 4 26
4643	27 48 23 8
4644	66 99 32 53
4645	52 39 76 51
4646	22 93 36 51
4647	90 91 33 26
4648	18 32 78 14
4649	25 87 88 82
4650	3 19 28 76
4651	73 18 66 8
4652	70 50 78 56
4653	93 53 66 29
4654	7 77 88 50
4655	44 99 40 80
4656	18 16 75 25
4657	40 37 11 44
4658	85 48 70 73
4659	53 11 20 12
4660	32 60 91 57
4661	20 88 9 74
4662	73 3 72 77
4663	52 100 13 19
4664	11 72 55 58
4665	66 11 57 65
4666	35 92 13 26
4667	28 31 98 49
4668	87 72 45 91
4669	88 35 69 74
4670	29 23 63 57
4671	38 32 8 97
4672	93 62 38 74
4673	29 85 76 97
4674	14 32 69 41
4675	56 31 94 78
4676	62 84 31 92
4677	24 59 47 35
4678	82 66 3 92
4679	92 70 72 68
4680	20 61 63 74
4681	15 85 67 81
4682	42 49 53 55
4683	52 79 58 35
4684	26 39 34 64
4685	19 56 61 41
4686	15 73 3 23
4687	26 99 51 42
4688	99 28 82 1
4689	93 95 67 3
4690	1 13 50 9
4691	1 61 72 79
4692	21 4 81 58
4693	95 70 84 73
4694	92 66 83 3
4695	29 53 42 47
4696	36 3 20 18
4697	85 56 78 7
4698	41 82 26 6
4699	22 70 80 28
4700	21 13 79 24
4701	38 20 6 22
4702	76 31 69 42
4703	54 61 62 21
4704	45 14 77 30
4705	99 18 87 5
4706	2 86 44 10
4707	47 74 9 29
4708	17 49 38 15
4709	47 45 42 39
4710	71 84 12 56
4711	46 15 69 61
4712	54 16 78 3
4713	99 51 52 16
4714	17 15 53 5
4715	54 98 62 28
4716	10 62 69 96
4717	29 74 25 97
4718	81 82 50 29
4719	34 100 16 20
4720	50 20 89 82
4721	23 36 79 11
4722	69 93 12 76
4723	94 61 14 11
4724	87 97 100 3
4725	51 5 70 87
4726	33 81 69 31
4727	36 22 70 69
4728	80 69 45 84
4729	67 28 5 99
4730	14 90 8 93
4731	59 6 20 9
4732	43 13 90 27
4733	43 67 13 92
4734	12 60 31 39
4735	58 75 92 27
4736	95 30 12 64
4737	94 46 66 62
4738	16 33 48 46
4739	24 15 20 58
4740	98 13 47 74
4741	3 11 45 37
4742	18 95 88 78
4743	24 70 50 21
4744	65 99 43 80
4745	68 32 83 31
4746	72 4 45 78
4747	36 94 34 40
4748	69 4 73 36
4749	29 48 87 91
4750	73 86 29 69
4751	66 44 64 95
4752	55 4 49 85
4753	99 35 34 66
4754	93 90 53 82
4755	100 20 19 1
4756	92 24 31 61
4757	50 76 99 74
4758	29 3 73 51
4759	52 62 92 13
4760	25 29 7 99
4761	5 75 96 21
4762	16 66 99 83
4763	61 27 20 77
4764	66 50 21 75
4765	18 28 64 68
4766	8 71 41 67
4767	17 79 68 38
4768	68 26 37 31
4769	85 15 80 8
4770	27 87 7 23
4771	22 67 79 56
4772	21 61 96 9
4773	43 7 29 79
4774	66 55 34 42
4775	13 68 56 49
4776	73 7 4 32
4777	98 41 33 6
4778	79 71 92 48
4779	95 66 63 22
4780	80 13 50 24
4781	77 82 44 59
4782	33 8 22 36
4783	41 40 55 94
4784	44 84 68 41
4785	8 83 39 62
4786	1 58 21 14
4787	66 69 91 30
4788	39 49 60 18
4789	91 38 30 72
4790	41 100 15 62
4791	71 19 63 22
4792	36 26 74 5
4793	39 40 34 80
4794	35 48 83 34
4795	5 33 78 83
4796	78 35 5 49
4797	84 9 79 56
4798	67 2 29 37
4799	61 55 6 69
4800	78 46 1 99
4801	6 8 35 16
4802	4 39 75 18
4803	57 72 79 29
4804	21 53 83 42
4805	100 81 89 82
4806	18 100 25 31
4807	49 57 77 60
4808	22 2 33 3
4809	92 64 10 62
4810	51 83 34 75
4811	93 48 65 19
4812	58 38 97 48
4813	89 54 78 76
4814	13 24 66 45
4815	89 56 97 59
4816	24 92 98 59
4817	58 84 73 44
4818	38 84 58 32
4819	9 87 64 65
4820	42 32 68 35
4821	51 25 70 92
4822	75 57 38 65
4823	91 79 46 32
4824	70 24 28 91
4825	61 48 72 98
4826	31 93 46 7
4827	66 76 62 60
4828	10 63 34 37
4829	47 96 43 35
4830	41 46 66 9
4831	81 5 11 92
4832	32 46 41 79
4833	52 96 99 38
4834	20 98 75 35
4835	73 76 61 90
4836	31 71 8 36
4837	31 76 41 17
4838	84 93 11 10
4839	9 77 56 26
4840	98 33 20 44
4841	23 25 22 91
4842	47 88 71 34
4843	25 22 100 3
4844	63 17 67 97
4845	55 10 74 70
4846	8 62 44 88
4847	84 48 41 47
4848	29 88 51 78
4849	87 91 28 4
4850	21 55 47 26
4851	9 27 38 14
4852	75 21 66 49
4853	66 92 19 30
4854	59 44 85 43
4855	30 21 88 19
4856	20 68 89 39
4857	26 98 50 5
4858	41 1 85 87
4859	30 39 20 88
4860	11 60 59 65
4861	34 45 99 79
4862	99 64 88 18
4863	94 66 65 29
4864	14 62 85 87
4865	17 69 94 9
4866	52 26 99 39
4867	75 80 22 24
4868	49 4 23 82
4869	47 15 42 27
4870	33 65 21 38
4871	21 55 79 9
4872	69 39 49 25
4873	47 30 11 40
4874	68 19 76 46
4875	91 71 23 50
4876	5 63 65 73
4877	59 61 28 48
4878	44 23 75 91
4879	59 70 90 67
4880	58 43 33 11
4881	78 32 66 14
4882	44 96 92 97
4883	56 45 13 12
4884	42 76 88 68
4885	61 62 47 79
4886	2 33 35 77
4887	71 22 89 50
4888	85 10 20 19
4889	76 89 26 41
4890	42 83 33 65
4891	48 40 25 34
4892	25 68 3 80
4893	87 68 7 86
4894	73 78 75 50
4895	4 45 1 73
4896	72 2 27 33
4897	32 64 80 44
4898	77 12 45 82
4899	22 28 31 49
4900	100 52 27 87
4901	49 38 60 35
4902	97 39 5 34
4903	35 5 52 21
4904	45 74 11 4
4905	79 70 33 13
4906	44 7 13 66
4907	90 18 20 75
4908	92 6 18 5
4909	12 53 92 74
4910	40 67 63 16
4911	13 48 59 71
4912	66 49 82 75
4913	17 36 20 10
4914	35 79 20 71
4915	61 13 46 94
4916	76 20 13 5
4917	97 46 29 25
4918	48 25 6 43
4919	2 51 5 53
4920	24 68 47 91
4921	28 30 39 2
4922	95 5 39 59
4923	19 14 92 34
4924	39 4 42 85
4925	40 23 99 81
4926	72 13 5 42
4927	46 54 95 88
4928	68 100 1 56
4929	48 96 100 2
4930	13 15 57 85
4931	25 95 1 9
4932	10 64 32 9
4933	52 38 47 24
4934	54 91 72 46
4935	36 29 16 47
4936	63 81 82 64
4937	61 80 75 33
4938	43 87 99 12
4939	66 93 37 50
4940	35 66 97 6
4941	24 70 33 90
4942	8 7 82 11
4943	91 1 96 30
4944	27 88 7 38
4945	49 36 60 77
4946	55 50 52 82
4947	94 35 54 95
4948	95 61 27 9
4949	51 20 47 59
4950	55 42 9 11
4951	57 38 89 11
4952	42 92 32 12
4953	77 57 50 53
4954	66 47 37 8
4955	86 47 15 57
4956	12 46 38 48
4957	82 40 81 86
4958	63 46 37 78
4959	60 55 37 5
4960	70 71 2 18
4961	46 83 24 73
4962	2 7 64 16
4963	9 12 7 42
4964	99 82 28 86
4965	85 80 22 45
4966	34 7 88 22
4967	75 80 57 97
4968	47 9 27 18
4969	67 36 54 29
4970	31 66 43 10
4971	99 14 11 60
4972	3 43 88 11
4973	50 80 94 25
4974	7 1 15 86
4975	43 37 4 92
4976	86 48 40 34
4977	7 33 6 63
4978	34 13 82 83
4979	38 20 69 74
4980	79 25 22 69
4981	89 60 34 27
4982	1 77 22 97
4983	13 93 56 32
4984	42 28 90 27
4985	61 28 82 63
4986	45 77 32 59
4987	62 51 3 46
4988	71 87 23 56
4989	90 72 7 28
4990	71 23 47 42
4991	32 19 77 28
4992	8 80 14 81
4993	92 22 43 40
4994	28 33 26 78
4995	54 97 36 23
4996	17 55 54 44
4997	57 44 53 36
4998	13 68 66 38
4999	49 12 7 67
5000	59 8 42 27
