Class Times	10
Rooms	150
1	666
2	20
3	365
4	732
5	186
6	984
7	33
8	793
9	476
10	471
11	372
12	133
13	456
14	226
15	948
16	738
17	442
18	418
19	144
20	288
21	760
22	400
23	876
24	396
25	259
26	947
27	154
28	888
29	878
30	701
31	314
32	755
33	762
34	163
35	10
36	899
37	278
38	110
39	596
40	542
41	694
42	505
43	583
44	895
45	766
46	234
47	163
48	732
49	995
50	823
51	394
52	105
53	896
54	496
55	350
56	386
57	874
58	904
59	908
60	14
61	165
62	300
63	363
64	679
65	595
66	331
67	357
68	306
69	466
70	203
71	555
72	188
73	636
74	300
75	605
76	907
77	166
78	156
79	494
80	56
81	542
82	504
83	22
84	909
85	881
86	588
87	207
88	881
89	53
90	576
91	416
92	285
93	246
94	797
95	492
96	907
97	777
98	594
99	921
100	250
101	209
102	426
103	605
104	70
105	793
106	270
107	137
108	481
109	538
110	983
111	213
112	637
113	737
114	783
115	751
116	198
117	292
118	399
119	380
120	149
121	242
122	89
123	159
124	660
125	709
126	36
127	331
128	166
129	436
130	212
131	57
132	620
133	342
134	509
135	665
136	967
137	212
138	776
139	179
140	564
141	277
142	573
143	214
144	993
145	785
146	65
147	25
148	867
149	777
150	541
Classes	1000
Teachers	500
1	434
2	85
3	417
4	5
5	284
6	180
7	228
8	310
9	314
10	287
11	54
12	377
13	241
14	450
15	103
16	34
17	204
18	452
19	489
20	167
21	177
22	150
23	3
24	238
25	253
26	311
27	456
28	144
29	286
30	456
31	220
32	381
33	140
34	434
35	17
36	260
37	368
38	26
39	251
40	185
41	24
42	298
43	243
44	88
45	379
46	233
47	420
48	447
49	213
50	359
51	91
52	395
53	316
54	484
55	50
56	475
57	462
58	211
59	449
60	338
61	119
62	244
63	232
64	183
65	106
66	132
67	193
68	375
69	368
70	350
71	378
72	458
73	198
74	27
75	178
76	90
77	439
78	334
79	367
80	316
81	243
82	35
83	334
84	17
85	470
86	420
87	170
88	223
89	264
90	296
91	58
92	468
93	77
94	51
95	320
96	159
97	16
98	173
99	242
100	479
101	105
102	284
103	120
104	114
105	438
106	485
107	171
108	259
109	398
110	107
111	351
112	224
113	208
114	125
115	126
116	358
117	129
118	228
119	156
120	106
121	154
122	238
123	301
124	352
125	56
126	158
127	94
128	280
129	246
130	494
131	150
132	457
133	283
134	444
135	143
136	210
137	414
138	295
139	465
140	328
141	95
142	162
143	158
144	59
145	52
146	171
147	413
148	224
149	307
150	402
151	7
152	217
153	293
154	453
155	315
156	296
157	208
158	242
159	216
160	5
161	364
162	327
163	26
164	196
165	336
166	78
167	184
168	216
169	72
170	117
171	160
172	27
173	82
174	211
175	51
176	121
177	412
178	10
179	255
180	458
181	78
182	234
183	337
184	247
185	157
186	172
187	403
188	9
189	398
190	375
191	49
192	81
193	172
194	442
195	260
196	107
197	328
198	326
199	469
200	406
201	23
202	202
203	289
204	45
205	125
206	388
207	174
208	7
209	312
210	63
211	128
212	185
213	336
214	308
215	131
216	206
217	366
218	321
219	461
220	350
221	315
222	451
223	207
224	308
225	74
226	139
227	358
228	91
229	160
230	421
231	220
232	332
233	394
234	412
235	71
236	295
237	168
238	252
239	50
240	154
241	42
242	381
243	97
244	474
245	495
246	20
247	71
248	33
249	417
250	265
251	191
252	354
253	9
254	29
255	112
256	207
257	304
258	366
259	475
260	292
261	223
262	484
263	252
264	361
265	179
266	282
267	82
268	197
269	439
270	170
271	31
272	115
273	349
274	118
275	38
276	349
277	129
278	241
279	58
280	291
281	146
282	21
283	339
284	151
285	99
286	2
287	190
288	276
289	111
290	142
291	401
292	425
293	235
294	39
295	32
296	319
297	138
298	401
299	219
300	408
301	31
302	479
303	237
304	87
305	307
306	251
307	291
308	404
309	100
310	415
311	343
312	382
313	292
314	134
315	254
316	326
317	10
318	230
319	258
320	445
321	497
322	335
323	178
324	212
325	311
326	209
327	131
328	423
329	362
330	339
331	59
332	418
333	419
334	282
335	118
336	55
337	299
338	442
339	215
340	119
341	2
342	360
343	331
344	215
345	408
346	306
347	436
348	281
349	29
350	146
351	174
352	184
353	137
354	151
355	218
356	147
357	54
358	36
359	377
360	116
361	455
362	139
363	98
364	39
365	387
366	372
367	11
368	429
369	261
370	57
371	191
372	250
373	176
374	176
375	453
376	265
377	371
378	35
379	436
380	52
381	61
382	365
383	441
384	255
385	246
386	441
387	222
388	201
389	72
390	21
391	203
392	190
393	67
394	438
395	304
396	454
397	73
398	62
399	75
400	203
401	142
402	267
403	440
404	499
405	355
406	382
407	16
408	413
409	234
410	205
411	206
412	394
413	70
414	143
415	83
416	370
417	314
418	342
419	449
420	20
421	348
422	186
423	266
424	500
425	469
426	46
427	471
428	488
429	100
430	297
431	468
432	493
433	466
434	473
435	25
436	115
437	49
438	299
439	473
440	111
441	331
442	276
443	56
444	467
445	422
446	390
447	46
448	419
449	361
450	212
451	42
452	8
453	152
454	397
455	226
456	466
457	355
458	165
459	68
460	81
461	373
462	498
463	460
464	281
465	323
466	183
467	192
468	386
469	109
470	340
471	157
472	112
473	15
474	286
475	44
476	128
477	105
478	114
479	495
480	357
481	197
482	459
483	24
484	362
485	345
486	410
487	301
488	45
489	462
490	236
491	271
492	218
493	485
494	444
495	427
496	38
497	113
498	435
499	338
500	153
501	8
502	87
503	245
504	374
505	490
506	443
507	264
508	437
509	359
510	64
511	194
512	67
513	189
514	200
515	364
516	400
517	18
518	163
519	132
520	149
521	433
522	493
523	343
524	345
525	43
526	227
527	351
528	430
529	391
530	322
531	435
532	290
533	202
534	12
535	165
536	175
537	226
538	391
539	268
540	28
541	231
542	145
543	229
544	450
545	134
546	55
547	446
548	455
549	428
550	491
551	162
552	289
553	75
554	214
555	222
556	465
557	110
558	372
559	457
560	36
561	181
562	421
563	65
564	405
565	335
566	89
567	189
568	280
569	471
570	193
571	365
572	386
573	3
574	452
575	399
576	488
577	478
578	269
579	102
580	454
581	447
582	144
583	13
584	378
585	285
586	47
587	353
588	383
589	297
590	130
591	37
592	285
593	13
594	481
595	411
596	263
597	383
598	482
599	376
600	499
601	290
602	98
603	96
604	410
605	85
606	287
607	141
608	104
609	102
610	405
611	369
612	147
613	288
614	248
615	152
616	164
617	34
618	470
619	141
620	367
621	253
622	44
623	194
624	427
625	186
626	487
627	83
628	122
629	237
630	348
631	404
632	68
633	249
634	371
635	494
636	303
637	266
638	347
639	256
640	415
641	396
642	476
643	416
644	425
645	463
646	303
647	40
648	84
649	96
650	344
651	130
652	175
653	62
654	248
655	283
656	395
657	66
658	500
659	385
660	138
661	360
662	77
663	14
664	104
665	196
666	181
667	490
668	161
669	244
670	74
671	440
672	389
673	86
674	402
675	443
676	177
677	431
678	321
679	344
680	298
681	169
682	397
683	108
684	403
685	313
686	270
687	380
688	445
689	79
690	463
691	84
692	148
693	103
694	390
695	121
696	489
697	409
698	133
699	322
700	43
701	60
702	48
703	426
704	88
705	461
706	411
707	15
708	300
709	86
710	330
711	233
712	231
713	388
714	273
715	92
716	332
717	109
718	370
719	145
720	373
721	113
722	269
723	340
724	437
725	396
726	313
727	369
728	498
729	80
730	156
731	227
732	122
733	12
734	148
735	357
736	240
737	477
738	263
739	320
740	116
741	163
742	23
743	492
744	317
745	239
746	423
747	293
748	40
749	256
750	459
751	199
752	92
753	164
754	214
755	347
756	393
757	180
758	204
759	384
760	64
761	318
762	200
763	97
764	187
765	380
766	250
767	240
768	492
769	247
770	30
771	37
772	155
773	482
774	257
775	201
776	496
777	14
778	11
779	272
780	337
781	431
782	53
783	329
784	123
785	25
786	422
787	18
788	120
789	259
790	235
791	161
792	341
793	353
794	149
795	416
796	325
797	135
798	123
799	94
800	267
801	374
802	133
803	47
804	406
805	323
806	312
807	483
808	239
809	209
810	389
811	486
812	324
813	341
814	173
815	95
816	418
817	225
818	53
819	249
820	467
821	317
822	136
823	61
824	430
825	478
826	245
827	277
828	257
829	213
830	179
831	329
832	392
833	385
834	153
835	229
836	48
837	376
838	126
839	346
840	354
841	219
842	392
843	73
844	302
845	28
846	300
847	460
848	451
849	324
850	319
851	198
852	486
853	352
854	79
855	273
856	254
857	330
858	230
859	117
860	407
861	274
862	57
863	414
864	481
865	169
866	65
867	399
868	80
869	327
870	6
871	1
872	182
873	302
874	409
875	432
876	90
877	22
878	192
879	333
880	225
881	306
882	325
883	432
884	464
885	277
886	310
887	275
888	182
889	195
890	476
891	356
892	188
893	448
894	483
895	63
896	400
897	272
898	76
899	474
900	167
901	76
902	480
903	22
904	110
905	268
906	407
907	188
908	271
909	30
910	363
911	70
912	19
913	168
914	480
915	270
916	472
917	464
918	99
919	433
920	424
921	429
922	496
923	387
924	159
925	342
926	278
927	258
928	89
929	135
930	356
931	448
932	446
933	333
934	384
935	294
936	199
937	305
938	346
939	137
940	288
941	217
942	232
943	187
944	274
945	19
946	4
947	136
948	4
949	221
950	491
951	93
952	487
953	66
954	275
955	1
956	379
957	166
958	278
959	261
960	424
961	393
962	60
963	497
964	155
965	32
966	195
967	236
968	210
969	294
970	309
971	69
972	309
973	108
974	93
975	41
976	279
977	205
978	101
979	41
980	69
981	363
982	221
983	166
984	6
985	428
986	140
987	472
988	101
989	279
990	262
991	305
992	33
993	127
994	124
995	477
996	262
997	124
998	426
999	127
1000	318
