Class Times	10
Rooms	150
1	529
2	970
3	209
4	791
5	978
6	23
7	648
8	447
9	560
10	33
11	766
12	677
13	243
14	987
15	408
16	459
17	450
18	252
19	553
20	577
21	835
22	841
23	731
24	23
25	134
26	662
27	717
28	635
29	927
30	979
31	937
32	417
33	523
34	818
35	484
36	809
37	916
38	758
39	812
40	414
41	424
42	364
43	853
44	92
45	668
46	384
47	807
48	541
49	729
50	947
51	330
52	125
53	123
54	868
55	605
56	388
57	135
58	519
59	297
60	237
61	553
62	796
63	494
64	900
65	310
66	544
67	667
68	442
69	834
70	772
71	896
72	647
73	244
74	74
75	386
76	380
77	959
78	726
79	387
80	729
81	943
82	484
83	548
84	832
85	165
86	799
87	626
88	181
89	273
90	650
91	520
92	844
93	628
94	292
95	185
96	330
97	960
98	864
99	571
100	191
101	671
102	425
103	371
104	927
105	394
106	208
107	645
108	419
109	676
110	965
111	204
112	523
113	577
114	302
115	355
116	604
117	864
118	532
119	92
120	792
121	251
122	297
123	580
124	202
125	246
126	193
127	39
128	664
129	759
130	633
131	28
132	571
133	444
134	578
135	98
136	919
137	490
138	704
139	442
140	159
141	540
142	819
143	159
144	403
145	314
146	845
147	741
148	208
149	915
150	788
Classes	1000
Teachers	500
1	264
2	419
3	181
4	33
5	397
6	356
7	238
8	487
9	198
10	379
11	41
12	475
13	222
14	69
15	174
16	469
17	440
18	469
19	445
20	293
21	181
22	78
23	107
24	334
25	221
26	141
27	277
28	43
29	123
30	449
31	53
32	187
33	143
34	122
35	209
36	59
37	155
38	356
39	113
40	114
41	353
42	100
43	71
44	114
45	120
46	387
47	485
48	155
49	326
50	290
51	311
52	76
53	267
54	286
55	396
56	257
57	133
58	466
59	481
60	76
61	322
62	288
63	8
64	286
65	440
66	254
67	126
68	249
69	232
70	123
71	483
72	157
73	369
74	195
75	468
76	234
77	389
78	19
79	148
80	342
81	345
82	81
83	339
84	118
85	486
86	229
87	253
88	421
89	229
90	313
91	112
92	454
93	256
94	139
95	393
96	261
97	219
98	161
99	167
100	49
101	485
102	429
103	426
104	183
105	496
106	39
107	157
108	118
109	145
110	481
111	255
112	94
113	328
114	67
115	494
116	321
117	450
118	257
119	62
120	47
121	163
122	478
123	55
124	29
125	292
126	148
127	24
128	254
129	304
130	483
131	231
132	253
133	285
134	362
135	414
136	190
137	243
138	445
139	93
140	454
141	451
142	108
143	499
144	197
145	271
146	374
147	449
148	77
149	344
150	383
151	250
152	63
153	207
154	6
155	172
156	142
157	267
158	471
159	380
160	374
161	233
162	432
163	33
164	446
165	245
166	368
167	401
168	29
169	19
170	159
171	246
172	85
173	161
174	226
175	153
176	471
177	314
178	353
179	386
180	422
181	258
182	341
183	361
184	435
185	180
186	119
187	263
188	75
189	139
190	251
191	279
192	43
193	484
194	396
195	422
196	37
197	39
198	437
199	447
200	211
201	238
202	27
203	195
204	67
205	347
206	425
207	93
208	245
209	487
210	391
211	478
212	404
213	216
214	59
215	405
216	391
217	219
218	302
219	192
220	271
221	439
222	475
223	205
224	404
225	489
226	45
227	436
228	329
229	470
230	457
231	340
232	177
233	416
234	451
235	498
236	399
237	69
238	477
239	235
240	132
241	490
242	207
243	414
244	199
245	82
246	434
247	99
248	424
249	240
250	240
251	421
252	220
253	372
254	393
255	381
256	305
257	329
258	401
259	218
260	120
261	221
262	362
263	302
264	308
265	128
266	146
267	231
268	420
269	32
270	330
271	458
272	318
273	25
274	468
275	17
276	313
277	62
278	54
279	415
280	149
281	352
282	198
283	109
284	379
285	350
286	7
287	5
288	41
289	450
290	20
291	125
292	208
293	494
294	57
295	176
296	182
297	78
298	293
299	448
300	23
301	184
302	299
303	103
304	291
305	237
306	350
307	216
308	319
309	405
310	63
311	80
312	322
313	274
314	260
315	320
316	137
317	60
318	337
319	500
320	121
321	418
322	248
323	460
324	58
325	218
326	136
327	116
328	444
329	244
330	290
331	215
332	115
333	361
334	420
335	68
336	126
337	217
338	459
339	2
340	149
341	48
342	129
343	203
344	432
345	128
346	99
347	176
348	226
349	389
350	424
351	11
352	53
353	166
354	269
355	54
356	295
357	189
358	108
359	339
360	316
361	486
362	496
363	285
364	44
365	160
366	7
367	173
368	368
369	130
370	214
371	324
372	234
373	79
374	121
375	307
376	489
377	390
378	42
379	98
380	83
381	409
382	153
383	337
384	87
385	25
386	9
387	11
388	79
389	13
390	315
391	175
392	311
393	90
394	31
395	28
396	55
397	246
398	426
399	392
400	211
401	4
402	184
403	173
404	87
405	23
406	465
407	111
408	60
409	343
410	141
411	256
412	135
413	70
414	395
415	150
416	319
417	497
418	179
419	443
420	217
421	86
422	304
423	348
424	429
425	341
426	408
427	364
428	199
429	363
430	376
431	74
432	434
433	365
434	259
435	443
436	97
437	175
438	493
439	197
440	466
441	418
442	273
443	94
444	191
445	273
446	183
447	320
448	354
449	65
450	330
451	344
452	247
453	378
454	490
455	402
456	369
457	364
458	34
459	36
460	146
461	492
462	213
463	295
464	196
465	417
466	124
467	399
468	220
469	312
470	206
471	24
472	22
473	150
474	336
475	135
476	292
477	90
478	473
479	255
480	467
481	265
482	283
483	178
484	392
485	202
486	208
487	484
488	204
489	180
490	437
491	459
492	1
493	279
494	463
495	15
496	358
497	81
498	167
499	242
500	335
501	213
502	438
503	442
504	415
505	12
506	244
507	323
508	110
509	151
510	98
511	10
512	22
513	384
514	131
515	96
516	130
517	200
518	228
519	127
520	250
521	177
522	308
523	376
524	284
525	75
526	70
527	17
528	328
529	423
530	461
531	457
532	233
533	13
534	30
535	448
536	66
537	423
538	133
539	342
540	276
541	61
542	131
543	397
544	303
545	241
546	333
547	223
548	462
549	73
550	493
551	225
552	30
553	105
554	112
555	200
556	166
557	467
558	189
559	278
560	103
561	335
562	239
563	89
564	331
565	42
566	64
567	355
568	170
569	291
570	65
571	498
572	435
573	274
574	419
575	186
576	436
577	122
578	162
579	52
580	270
581	325
582	236
583	305
584	444
585	452
586	10
587	178
588	4
589	45
590	243
591	102
592	104
593	9
594	37
595	316
596	109
597	5
598	34
599	124
600	453
601	446
602	38
603	463
604	95
605	169
606	169
607	20
608	425
609	3
610	479
611	172
612	375
613	64
614	224
615	400
616	355
617	317
618	105
619	1
620	35
621	343
622	242
623	360
624	71
625	251
626	127
627	222
628	6
629	96
630	388
631	159
632	427
633	49
634	210
635	205
636	143
637	97
638	92
639	152
640	428
641	187
642	334
643	381
644	144
645	170
646	299
647	378
648	113
649	203
650	476
651	272
652	363
653	147
654	190
655	479
656	439
657	204
658	132
659	455
660	278
661	474
662	442
663	66
664	438
665	500
666	58
667	230
668	104
669	297
670	85
671	348
672	288
673	461
674	202
675	249
676	410
677	100
678	276
679	80
680	477
681	239
682	294
683	158
684	402
685	237
686	266
687	306
688	294
689	140
690	215
691	116
692	223
693	491
694	315
695	452
696	91
697	300
698	92
699	14
700	398
701	370
702	455
703	349
704	390
705	306
706	230
707	380
708	407
709	499
710	191
711	193
712	464
713	412
714	349
715	145
716	52
717	395
718	8
719	394
720	156
721	56
722	309
723	470
724	312
725	36
726	129
727	28
728	225
729	347
730	110
731	179
732	321
733	115
734	259
735	408
736	156
737	171
738	263
739	280
740	74
741	214
742	407
743	491
744	317
745	209
746	260
747	333
748	447
749	35
750	111
751	224
752	228
753	370
754	464
755	431
756	193
757	323
758	272
759	165
760	27
761	12
762	430
763	16
764	277
765	89
766	268
767	403
768	310
769	416
770	48
771	281
772	252
773	188
774	287
775	174
776	91
777	119
778	296
779	283
780	398
781	151
782	212
783	50
784	252
785	134
786	15
787	268
788	51
789	154
790	495
791	137
792	82
793	472
794	357
795	258
796	431
797	73
798	247
799	262
800	326
801	18
802	428
803	140
804	16
805	206
806	107
807	352
808	476
809	409
810	158
811	38
812	465
813	417
814	262
815	47
816	51
817	32
818	77
819	327
820	160
821	152
822	264
823	458
824	201
825	84
826	289
827	384
828	325
829	441
830	456
831	210
832	57
833	72
834	14
835	359
836	303
837	460
838	462
839	375
840	382
841	287
842	366
843	410
844	125
845	164
846	406
847	154
848	346
849	164
850	134
851	40
852	102
853	21
854	453
855	382
856	138
857	388
858	72
859	472
860	387
861	406
862	201
863	336
864	171
865	101
866	236
867	61
868	163
869	497
870	194
871	386
872	101
873	18
874	359
875	456
876	492
877	385
878	275
879	488
880	56
881	165
882	488
883	3
884	182
885	265
886	340
887	261
888	106
889	372
890	346
891	309
892	50
893	345
894	307
895	314
896	31
897	433
898	192
899	281
900	194
901	26
902	433
903	357
904	413
905	2
906	106
907	280
908	21
909	310
910	298
911	248
912	441
913	282
914	366
915	298
916	480
917	324
918	367
919	411
920	269
921	400
922	338
923	26
924	427
925	196
926	144
927	411
928	385
929	473
930	185
931	403
932	266
933	88
934	351
935	232
936	474
937	117
938	235
939	168
940	300
941	68
942	297
943	40
944	282
945	270
946	142
947	83
948	162
949	241
950	495
951	212
952	86
953	367
954	383
955	331
956	394
957	480
958	318
959	185
960	351
961	430
962	412
963	358
964	284
965	88
966	95
967	332
968	365
969	44
970	332
971	46
972	136
973	338
974	227
975	360
976	301
977	296
978	373
979	482
980	138
981	147
982	327
983	227
984	413
985	373
986	275
987	354
988	377
989	377
990	371
991	482
992	186
993	371
994	46
995	117
996	84
997	301
998	188
999	168
1000	289
