Class Times	10
Rooms	150
1	804
2	397
3	321
4	773
5	386
6	414
7	35
8	258
9	890
10	205
11	814
12	71
13	478
14	906
15	424
16	575
17	831
18	505
19	428
20	908
21	694
22	827
23	485
24	373
25	305
26	235
27	56
28	166
29	240
30	871
31	457
32	258
33	150
34	631
35	722
36	356
37	141
38	760
39	776
40	716
41	576
42	903
43	158
44	494
45	788
46	221
47	108
48	989
49	718
50	207
51	231
52	260
53	881
54	979
55	661
56	897
57	603
58	921
59	255
60	555
61	969
62	616
63	462
64	721
65	688
66	73
67	366
68	119
69	34
70	51
71	621
72	11
73	476
74	311
75	864
76	971
77	308
78	907
79	197
80	72
81	556
82	835
83	178
84	579
85	753
86	517
87	936
88	920
89	718
90	563
91	717
92	436
93	76
94	840
95	920
96	259
97	350
98	123
99	417
100	163
101	150
102	384
103	205
104	60
105	428
106	280
107	240
108	105
109	352
110	803
111	557
112	576
113	902
114	801
115	21
116	611
117	605
118	333
119	37
120	260
121	64
122	449
123	873
124	498
125	637
126	413
127	920
128	366
129	723
130	814
131	570
132	111
133	151
134	890
135	66
136	192
137	994
138	74
139	551
140	46
141	914
142	997
143	397
144	787
145	43
146	985
147	864
148	476
149	16
150	658
Classes	1000
Teachers	500
1	203
2	204
3	63
4	382
5	390
6	319
7	136
8	215
9	179
10	464
11	17
12	481
13	307
14	50
15	189
16	18
17	93
18	440
19	3
20	257
21	196
22	43
23	222
24	377
25	353
26	454
27	221
28	147
29	434
30	141
31	78
32	150
33	413
34	363
35	216
36	363
37	409
38	77
39	447
40	306
41	358
42	36
43	412
44	78
45	408
46	61
47	32
48	434
49	87
50	197
51	217
52	116
53	187
54	304
55	145
56	228
57	494
58	242
59	176
60	150
61	458
62	135
63	262
64	25
65	368
66	307
67	11
68	478
69	32
70	282
71	246
72	473
73	160
74	116
75	459
76	99
77	295
78	35
79	41
80	374
81	238
82	367
83	109
84	158
85	381
86	450
87	206
88	62
89	333
90	148
91	391
92	263
93	455
94	478
95	185
96	402
97	17
98	187
99	88
100	314
101	418
102	315
103	181
104	96
105	291
106	492
107	90
108	185
109	498
110	64
111	405
112	496
113	151
114	237
115	228
116	26
117	282
118	235
119	381
120	7
121	390
122	103
123	294
124	432
125	44
126	426
127	291
128	435
129	348
130	70
131	367
132	436
133	457
134	6
135	146
136	342
137	364
138	30
139	256
140	55
141	250
142	466
143	289
144	479
145	300
146	461
147	252
148	66
149	260
150	104
151	446
152	378
153	194
154	251
155	29
156	304
157	444
158	97
159	166
160	486
161	194
162	462
163	470
164	50
165	96
166	483
167	263
168	57
169	316
170	271
171	288
172	5
173	87
174	41
175	337
176	66
177	226
178	431
179	264
180	494
181	125
182	294
183	112
184	95
185	254
186	314
187	435
188	111
189	39
190	215
191	95
192	382
193	262
194	246
195	244
196	350
197	361
198	242
199	346
200	67
201	205
202	288
203	1
204	479
205	174
206	452
207	133
208	259
209	444
210	496
211	79
212	349
213	68
214	43
215	388
216	202
217	86
218	93
219	240
220	198
221	24
222	35
223	189
224	379
225	40
226	164
227	315
228	118
229	265
230	30
231	469
232	145
233	437
234	209
235	20
236	351
237	36
238	400
239	406
240	459
241	296
242	232
243	368
244	132
245	234
246	5
247	252
248	51
249	330
250	73
251	92
252	354
253	476
254	190
255	158
256	68
257	2
258	477
259	167
260	254
261	77
262	340
263	287
264	380
265	22
266	455
267	412
268	42
269	9
270	473
271	460
272	249
273	460
274	55
275	258
276	429
277	37
278	245
279	259
280	29
281	420
282	139
283	265
284	120
285	235
286	205
287	346
288	112
289	203
290	119
291	423
292	220
293	481
294	178
295	358
296	372
297	226
298	244
299	388
300	1
301	255
302	331
303	176
304	433
305	65
306	499
307	19
308	174
309	225
310	31
311	16
312	465
313	393
314	195
315	490
316	468
317	245
318	21
319	231
320	410
321	290
322	137
323	200
324	12
325	156
326	216
327	138
328	86
329	317
330	223
331	250
332	182
333	229
334	343
335	333
336	239
337	331
338	251
339	13
340	468
341	212
342	297
343	92
344	126
345	334
346	255
347	349
348	380
349	49
350	303
351	465
352	179
353	325
354	113
355	439
356	273
357	334
358	59
359	115
360	345
361	224
362	327
363	46
364	184
365	345
366	135
367	27
368	287
369	110
370	51
371	354
372	364
373	81
374	11
375	351
376	464
377	227
378	418
379	184
380	448
381	437
382	227
383	492
384	452
385	348
386	151
387	467
388	10
389	103
390	2
391	373
392	210
393	472
394	399
395	275
396	393
397	69
398	34
399	76
400	302
401	258
402	122
403	292
404	448
405	328
406	24
407	132
408	42
409	284
410	284
411	379
412	302
413	124
414	27
415	489
416	165
417	62
418	113
419	289
420	281
421	8
422	324
423	422
424	70
425	389
426	213
427	342
428	218
429	153
430	100
431	421
432	370
433	409
434	366
435	353
436	117
437	376
438	114
439	321
440	9
441	397
442	318
443	80
444	108
445	60
446	60
447	428
448	195
449	316
450	180
451	157
452	385
453	126
454	199
455	220
456	347
457	268
458	40
459	204
460	198
461	22
462	170
463	355
464	12
465	171
466	223
467	54
468	407
469	71
470	433
471	217
472	470
473	441
474	312
475	277
476	272
477	475
478	98
479	125
480	182
481	356
482	472
483	107
484	208
485	121
486	206
487	14
488	429
489	130
490	67
491	450
492	131
493	476
494	386
495	157
496	3
497	317
498	218
499	266
500	202
501	253
502	378
503	471
504	109
505	240
506	224
507	90
508	365
509	441
510	445
511	374
512	85
513	148
514	281
515	297
516	336
517	415
518	386
519	99
520	392
521	170
522	146
523	336
524	482
525	327
526	485
527	471
528	141
529	343
530	285
531	201
532	306
533	167
534	114
535	489
536	493
537	260
538	372
539	160
540	295
541	420
542	321
543	102
544	159
545	149
546	447
547	499
548	13
549	214
550	416
551	45
552	233
553	8
554	119
555	273
556	23
557	162
558	193
559	270
560	370
561	210
562	339
563	82
564	427
565	312
566	79
567	461
568	323
569	94
570	454
571	239
572	440
573	188
574	497
575	169
576	270
577	365
578	71
579	300
580	360
581	97
582	299
583	396
584	88
585	313
586	428
587	340
588	249
589	414
590	186
591	397
592	462
593	361
594	155
595	178
596	371
597	230
598	274
599	451
600	156
601	308
602	164
603	431
604	432
605	483
606	219
607	212
608	293
609	399
610	438
611	221
612	446
613	485
614	46
615	230
616	231
617	180
618	276
619	356
620	339
621	290
622	402
623	442
624	396
625	56
626	422
627	423
628	201
629	166
630	188
631	329
632	383
633	169
634	183
635	347
636	149
637	183
638	163
639	392
640	222
641	80
642	373
643	266
644	389
645	326
646	193
647	129
648	445
649	144
650	234
651	384
652	74
653	329
654	232
655	469
656	117
657	477
658	74
659	154
660	335
661	325
662	131
663	458
664	419
665	7
666	165
667	285
668	105
669	405
670	219
671	94
672	268
673	493
674	344
675	484
676	395
677	318
678	286
679	123
680	64
681	144
682	18
683	498
684	47
685	261
686	474
687	75
688	98
689	369
690	257
691	10
692	161
693	171
694	311
695	186
696	283
697	335
698	102
699	21
700	256
701	45
702	395
703	411
704	37
705	54
706	419
707	267
708	213
709	401
710	200
711	121
712	57
713	486
714	310
715	280
716	416
717	463
718	385
719	320
720	237
721	129
722	330
723	76
724	376
725	133
726	118
727	25
728	398
729	172
730	359
731	61
732	337
733	65
734	292
735	377
736	175
737	128
738	177
739	19
740	4
741	320
742	426
743	305
744	430
745	328
746	261
747	350
748	271
749	357
750	26
751	123
752	48
753	106
754	134
755	138
756	276
757	324
758	488
759	467
760	301
761	474
762	480
763	20
764	413
765	127
766	264
767	398
768	319
769	147
770	241
771	56
772	301
773	403
774	303
775	414
776	387
777	4
778	280
779	208
780	73
781	82
782	338
783	375
784	247
785	122
786	115
787	475
788	277
789	401
790	366
791	106
792	425
793	487
794	269
795	308
796	177
797	279
798	85
799	107
800	383
801	81
802	58
803	136
804	154
805	480
806	286
807	52
808	233
809	69
810	425
811	482
812	357
813	163
814	134
815	322
816	155
817	344
818	168
819	338
820	313
821	38
822	153
823	487
824	159
825	457
826	84
827	439
828	253
829	225
830	438
831	267
832	500
833	191
834	309
835	456
836	415
837	72
838	322
839	38
840	430
841	128
842	140
843	391
844	241
845	192
846	443
847	442
848	191
849	75
850	406
851	48
852	108
853	247
854	296
855	488
856	495
857	63
858	453
859	352
860	491
861	411
862	484
863	59
864	384
865	152
866	33
867	394
868	305
869	197
870	72
871	293
872	500
873	127
874	84
875	491
876	124
877	323
878	190
879	91
880	211
881	34
882	497
883	275
884	214
885	408
886	309
887	104
888	181
889	142
890	375
891	278
892	407
893	387
894	495
895	15
896	175
897	449
898	100
899	152
900	341
901	490
902	421
903	207
904	44
905	105
906	142
907	369
908	172
909	410
910	311
911	16
912	278
913	326
914	283
915	192
916	400
917	404
918	33
919	52
920	451
921	199
922	394
923	403
924	360
925	355
926	49
927	298
928	371
929	91
930	272
931	23
932	453
933	298
934	229
935	463
936	39
937	143
938	53
939	238
940	168
941	243
942	248
943	101
944	143
945	196
946	456
947	449
948	274
949	47
950	209
951	6
952	359
953	466
954	137
955	139
956	443
957	162
958	31
959	269
960	243
961	14
962	15
963	417
964	83
965	248
966	120
967	236
968	111
969	110
970	299
971	83
972	310
973	58
974	279
975	101
976	173
977	424
978	161
979	28
980	53
981	207
982	140
983	352
984	89
985	436
986	417
987	211
988	89
989	332
990	427
991	424
992	130
993	28
994	404
995	362
996	332
997	173
998	236
999	341
1000	362
