Class Times	10
Rooms	150
1	139
2	631
3	158
4	419
5	339
6	322
7	584
8	228
9	191
10	307
11	60
12	669
13	452
14	396
15	882
16	438
17	661
18	365
19	49
20	839
21	432
22	400
23	271
24	244
25	149
26	701
27	553
28	440
29	158
30	268
31	78
32	282
33	622
34	652
35	99
36	895
37	546
38	934
39	739
40	777
41	328
42	290
43	883
44	734
45	127
46	893
47	281
48	662
49	675
50	846
51	195
52	864
53	699
54	487
55	833
56	384
57	422
58	239
59	151
60	44
61	495
62	761
63	869
64	537
65	67
66	280
67	513
68	30
69	934
70	856
71	199
72	170
73	117
74	486
75	92
76	492
77	574
78	869
79	246
80	505
81	550
82	337
83	493
84	209
85	248
86	140
87	84
88	889
89	69
90	636
91	665
92	564
93	657
94	266
95	936
96	491
97	359
98	477
99	665
100	255
101	120
102	809
103	631
104	419
105	794
106	313
107	322
108	241
109	818
110	489
111	736
112	939
113	184
114	250
115	871
116	163
117	720
118	826
119	354
120	401
121	246
122	221
123	19
124	636
125	287
126	940
127	46
128	572
129	789
130	780
131	518
132	982
133	941
134	471
135	824
136	387
137	55
138	500
139	439
140	298
141	239
142	129
143	245
144	884
145	861
146	436
147	816
148	855
149	752
150	322
Classes	1000
Teachers	500
1	473
2	331
3	454
4	56
5	451
6	261
7	97
8	82
9	473
10	10
11	475
12	212
13	156
14	299
15	330
16	389
17	93
18	256
19	240
20	150
21	391
22	269
23	158
24	131
25	109
26	309
27	401
28	351
29	8
30	428
31	132
32	431
33	319
34	357
35	352
36	210
37	286
38	160
39	106
40	414
41	102
42	378
43	216
44	190
45	482
46	367
47	36
48	110
49	455
50	234
51	274
52	343
53	453
54	180
55	87
56	225
57	410
58	101
59	314
60	233
61	51
62	138
63	78
64	324
65	38
66	42
67	250
68	294
69	65
70	395
71	461
72	27
73	192
74	226
75	406
76	375
77	362
78	194
79	159
80	259
81	125
82	49
83	177
84	22
85	104
86	260
87	103
88	403
89	158
90	183
91	222
92	13
93	454
94	478
95	399
96	450
97	271
98	320
99	42
100	276
101	60
102	188
103	333
104	167
105	175
106	190
107	33
108	334
109	144
110	367
111	143
112	197
113	129
114	427
115	445
116	7
117	208
118	246
119	309
120	386
121	185
122	440
123	494
124	390
125	81
126	438
127	100
128	295
129	254
130	246
131	70
132	369
133	426
134	460
135	2
136	452
137	148
138	79
139	474
140	237
141	23
142	145
143	61
144	230
145	489
146	469
147	41
148	284
149	140
150	197
151	245
152	231
153	162
154	344
155	149
156	231
157	164
158	23
159	237
160	11
161	304
162	248
163	112
164	110
165	81
166	266
167	276
168	335
169	244
170	335
171	320
172	5
173	299
174	53
175	317
176	56
177	464
178	16
179	377
180	432
181	284
182	262
183	250
184	166
185	208
186	1
187	161
188	470
189	95
190	374
191	137
192	355
193	58
194	465
195	448
196	363
197	435
198	69
199	228
200	1
201	106
202	221
203	280
204	461
205	134
206	234
207	478
208	214
209	488
210	200
211	477
212	163
213	175
214	54
215	59
216	116
217	380
218	499
219	115
220	498
221	238
222	436
223	371
224	302
225	466
226	476
227	178
228	475
229	382
230	305
231	10
232	386
233	69
234	490
235	225
236	252
237	368
238	480
239	432
240	305
241	19
242	206
243	104
244	18
245	163
246	198
247	141
248	422
249	312
250	488
251	372
252	18
253	134
254	374
255	162
256	280
257	466
258	272
259	57
260	308
261	416
262	282
263	108
264	193
265	121
266	268
267	22
268	217
269	118
270	38
271	311
272	41
273	438
274	36
275	330
276	121
277	92
278	29
279	33
280	87
281	63
282	174
283	443
284	78
285	441
286	457
287	328
288	397
289	96
290	376
291	371
292	490
293	117
294	323
295	384
296	264
297	364
298	399
299	278
300	323
301	479
302	71
303	4
304	214
305	183
306	167
307	338
308	395
309	369
310	221
311	126
312	76
313	303
314	385
315	8
316	283
317	165
318	140
319	445
320	236
321	333
322	112
323	297
324	393
325	439
326	271
327	290
328	89
329	239
330	303
331	487
332	427
333	192
334	138
335	462
336	142
337	16
338	263
339	15
340	146
341	375
342	341
343	173
344	410
345	471
346	288
347	319
348	226
349	177
350	383
351	366
352	185
353	200
354	458
355	494
356	390
357	161
358	381
359	397
360	15
361	137
362	359
363	174
364	176
365	147
366	352
367	247
368	457
369	329
370	263
371	450
372	57
373	220
374	76
375	424
376	312
377	489
378	370
379	178
380	132
381	422
382	304
383	290
384	39
385	373
386	364
387	254
388	287
389	164
390	219
391	127
392	193
393	108
394	384
395	430
396	13
397	168
398	429
399	388
400	465
401	365
402	230
403	458
404	179
405	74
406	452
407	105
408	49
409	99
410	498
411	45
412	117
413	249
414	63
415	362
416	418
417	322
418	402
419	288
420	99
421	136
422	4
423	310
424	5
425	383
426	148
427	361
428	308
429	337
430	206
431	381
432	463
433	97
434	248
435	95
436	447
437	283
438	497
439	157
440	415
441	210
442	66
443	79
444	393
445	328
446	58
447	66
448	411
449	90
450	156
451	115
452	327
453	316
454	471
455	387
456	173
457	43
458	351
459	431
460	424
461	113
462	294
463	360
464	391
465	45
466	423
467	499
468	349
469	209
470	189
471	109
472	322
473	433
474	52
475	107
476	145
477	460
478	243
479	92
480	80
481	293
482	409
483	37
484	126
485	168
486	282
487	405
488	107
489	60
490	456
491	406
492	71
493	420
494	50
495	220
496	119
497	293
498	487
499	34
500	128
501	146
502	356
503	111
504	415
505	344
506	35
507	434
508	336
509	443
510	497
511	198
512	295
513	347
514	261
515	416
516	485
517	451
518	12
519	334
520	3
521	449
522	441
523	429
524	142
525	255
526	463
527	205
528	96
529	285
530	236
531	456
532	187
533	459
534	249
535	37
536	343
537	307
538	327
539	59
540	119
541	73
542	62
543	442
544	34
545	446
546	128
547	124
548	479
549	433
550	176
551	14
552	239
553	73
554	326
555	492
556	434
557	401
558	245
559	492
560	297
561	40
562	296
563	411
564	170
565	368
566	339
567	159
568	113
569	472
570	281
571	354
572	91
573	227
574	306
575	296
576	493
577	14
578	481
579	414
580	417
581	152
582	135
583	120
584	495
585	150
586	187
587	270
588	17
589	361
590	353
591	258
592	338
593	54
594	387
595	377
596	310
597	62
598	346
599	278
600	472
601	122
602	360
603	448
604	9
605	435
606	77
607	467
608	247
609	255
610	372
611	493
612	85
613	182
614	51
615	88
616	80
617	207
618	196
619	12
620	135
621	251
622	224
623	405
624	474
625	68
626	339
627	449
628	83
629	229
630	222
631	28
632	94
633	345
634	436
635	262
636	207
637	332
638	315
639	151
640	240
641	353
642	122
643	470
644	348
645	409
646	442
647	423
648	357
649	160
650	155
651	476
652	444
653	407
654	61
655	349
656	67
657	216
658	398
659	31
660	459
661	224
662	400
663	124
664	186
665	90
666	39
667	314
668	211
669	233
670	31
671	420
672	252
673	358
674	141
675	2
676	166
677	19
678	202
679	317
680	120
681	64
682	101
683	356
684	274
685	325
686	235
687	485
688	227
689	440
690	455
691	64
692	307
693	217
694	70
695	272
696	388
697	486
698	496
699	118
700	46
701	298
702	184
703	182
704	123
705	172
706	385
707	189
708	219
709	439
710	380
711	462
712	181
713	21
714	253
715	446
716	483
717	165
718	419
719	65
720	313
721	350
722	453
723	199
724	102
725	483
726	275
727	77
728	467
729	105
730	46
731	259
732	98
733	287
734	306
735	147
736	346
737	29
738	171
739	407
740	354
741	300
742	103
743	6
744	264
745	136
746	139
747	302
748	20
749	340
750	238
751	366
752	169
753	125
754	123
755	68
756	235
757	268
758	404
759	155
760	32
761	348
762	269
763	251
764	201
765	326
766	311
767	47
768	157
769	298
770	30
771	355
772	28
773	212
774	292
775	359
776	378
777	260
778	482
779	321
780	332
781	203
782	151
783	75
784	464
785	86
786	376
787	318
788	379
789	484
790	84
791	98
792	491
793	258
794	266
795	468
796	315
797	84
798	468
799	25
800	325
801	419
802	342
803	194
804	93
805	412
806	396
807	243
808	152
809	495
810	491
811	179
812	7
813	363
814	11
815	181
816	389
817	275
818	428
819	114
820	114
821	292
822	313
823	447
824	180
825	111
826	201
827	218
828	205
829	172
830	257
831	400
832	75
833	82
834	279
835	365
836	89
837	153
838	285
839	444
840	211
841	480
842	358
843	131
844	9
845	154
846	209
847	345
848	279
849	301
850	55
851	213
852	170
853	331
854	342
855	20
856	318
857	350
858	403
859	6
860	408
861	392
862	408
863	418
864	149
865	27
866	130
867	382
868	321
869	204
870	72
871	204
872	469
873	213
874	35
875	337
876	199
877	253
878	116
879	417
880	17
881	300
882	496
883	144
884	340
885	55
886	40
887	347
888	481
889	130
890	47
891	3
892	44
893	394
894	218
895	484
896	437
897	24
898	477
899	195
900	277
901	223
902	228
903	437
904	425
905	421
906	44
907	301
908	191
909	256
910	277
911	267
912	267
913	72
914	186
915	26
916	273
917	169
918	402
919	133
920	392
921	86
922	94
923	52
924	421
925	413
926	143
927	191
928	30
929	394
930	195
931	26
932	133
933	32
934	127
935	100
936	43
937	291
938	202
939	196
940	373
941	336
942	153
943	270
944	412
945	289
946	396
947	379
948	273
949	85
950	257
951	265
952	50
953	129
954	88
955	286
956	404
957	370
958	215
959	229
960	244
961	316
962	154
963	215
964	430
965	329
966	21
967	232
968	223
969	426
970	242
971	48
972	486
973	171
974	241
975	74
976	242
977	289
978	139
979	265
980	398
981	425
982	291
983	188
984	48
985	232
986	281
987	83
988	324
989	341
990	67
991	91
992	500
993	24
994	25
995	184
996	53
997	413
998	241
999	500
1000	203
