Class Times	10
Rooms	150
1	512
2	195
3	506
4	833
5	913
6	627
7	406
8	66
9	397
10	967
11	859
12	232
13	430
14	968
15	757
16	832
17	191
18	802
19	693
20	873
21	35
22	621
23	914
24	198
25	415
26	92
27	445
28	243
29	411
30	575
31	550
32	60
33	161
34	483
35	338
36	582
37	845
38	403
39	330
40	78
41	791
42	316
43	530
44	322
45	888
46	100
47	162
48	219
49	327
50	562
51	467
52	47
53	710
54	239
55	33
56	541
57	410
58	437
59	219
60	152
61	337
62	160
63	924
64	277
65	180
66	219
67	242
68	747
69	120
70	144
71	171
72	58
73	384
74	102
75	324
76	731
77	753
78	638
79	415
80	135
81	245
82	43
83	379
84	674
85	142
86	368
87	953
88	252
89	576
90	214
91	451
92	573
93	43
94	678
95	28
96	793
97	501
98	527
99	534
100	213
101	489
102	66
103	438
104	900
105	962
106	803
107	743
108	346
109	234
110	659
111	591
112	95
113	918
114	628
115	977
116	807
117	197
118	793
119	450
120	136
121	699
122	604
123	456
124	30
125	415
126	35
127	275
128	888
129	558
130	729
131	376
132	414
133	125
134	951
135	864
136	971
137	895
138	861
139	623
140	672
141	17
142	68
143	409
144	163
145	870
146	785
147	510
148	928
149	853
150	207
Classes	1000
Teachers	500
1	157
2	378
3	239
4	127
5	240
6	140
7	334
8	450
9	122
10	133
11	106
12	235
13	158
14	198
15	331
16	251
17	471
18	416
19	296
20	419
21	196
22	210
23	22
24	237
25	342
26	196
27	317
28	269
29	264
30	289
31	262
32	199
33	485
34	297
35	210
36	208
37	289
38	67
39	76
40	204
41	466
42	230
43	379
44	358
45	52
46	232
47	276
48	35
49	446
50	218
51	323
52	412
53	215
54	4
55	106
56	32
57	130
58	150
59	73
60	339
61	237
62	352
63	372
64	415
65	115
66	195
67	108
68	79
69	221
70	17
71	243
72	194
73	138
74	200
75	177
76	192
77	225
78	164
79	408
80	413
81	185
82	296
83	121
84	331
85	266
86	499
87	394
88	262
89	279
90	194
91	455
92	347
93	246
94	136
95	35
96	109
97	145
98	23
99	78
100	349
101	351
102	468
103	98
104	441
105	487
106	40
107	43
108	351
109	191
110	261
111	427
112	62
113	95
114	166
115	350
116	416
117	457
118	257
119	278
120	44
121	377
122	483
123	413
124	178
125	213
126	492
127	130
128	497
129	203
130	356
131	316
132	70
133	390
134	338
135	493
136	281
137	487
138	232
139	158
140	321
141	254
142	254
143	427
144	399
145	215
146	391
147	441
148	34
149	318
150	304
151	173
152	274
153	272
154	190
155	70
156	431
157	171
158	205
159	436
160	358
161	494
162	173
163	423
164	322
165	376
166	52
167	414
168	144
169	438
170	2
171	434
172	124
173	95
174	426
175	32
176	440
177	108
178	137
179	239
180	288
181	350
182	236
183	72
184	472
185	307
186	369
187	185
188	24
189	247
190	182
191	399
192	314
193	434
194	83
195	9
196	242
197	277
198	127
199	322
200	258
201	385
202	349
203	2
204	163
205	306
206	455
207	389
208	473
209	64
210	74
211	198
212	165
213	102
214	79
215	450
216	246
217	388
218	391
219	366
220	167
221	3
222	271
223	124
224	205
225	153
226	209
227	14
228	43
229	436
230	167
231	9
232	428
233	297
234	490
235	484
236	88
237	120
238	48
239	258
240	86
241	3
242	292
243	4
244	12
245	31
246	28
247	66
248	107
249	5
250	37
251	302
252	11
253	88
254	474
255	57
256	376
257	225
258	290
259	87
260	48
261	464
262	172
263	165
264	387
265	499
266	206
267	397
268	283
269	495
270	204
271	197
272	304
273	476
274	171
275	352
276	112
277	132
278	340
279	317
280	402
281	101
282	125
283	290
284	366
285	446
286	332
287	472
288	361
289	162
290	12
291	122
292	169
293	57
294	268
295	105
296	495
297	159
298	343
299	212
300	218
301	78
302	294
303	473
304	136
305	6
306	375
307	368
308	214
309	406
310	164
311	93
312	49
313	490
314	107
315	310
316	42
317	188
318	134
319	27
320	396
321	75
322	123
323	166
324	329
325	278
326	260
327	261
328	396
329	240
330	72
331	99
332	189
333	61
334	46
335	24
336	191
337	359
338	497
339	82
340	163
341	168
342	423
343	200
344	14
345	459
346	470
347	486
348	488
349	126
350	241
351	466
352	382
353	175
354	161
355	169
356	143
357	235
358	406
359	357
360	238
361	500
362	49
363	74
364	408
365	425
366	371
367	440
368	404
369	207
370	184
371	307
372	247
373	336
374	460
375	222
376	54
377	415
378	221
379	66
380	407
381	468
382	56
383	161
384	463
385	340
386	59
387	385
388	132
389	131
390	25
391	69
392	303
393	64
394	392
395	412
396	1
397	373
398	426
399	302
400	374
401	224
402	62
403	236
404	211
405	259
406	343
407	50
408	113
409	375
410	248
411	272
412	407
413	279
414	486
415	266
416	197
417	91
418	207
419	449
420	410
421	362
422	50
423	430
424	178
425	320
426	238
427	327
428	55
429	82
430	370
431	265
432	253
433	86
434	33
435	13
436	288
437	177
438	15
439	365
440	260
441	118
442	89
443	405
444	314
445	357
446	192
447	75
448	10
449	387
450	6
451	286
452	478
453	270
454	479
455	96
456	439
457	383
458	137
459	439
460	84
461	421
462	111
463	141
464	172
465	482
466	179
467	141
468	313
469	168
470	430
471	293
472	458
473	206
474	293
475	362
476	377
477	151
478	150
479	390
480	134
481	27
482	142
483	424
484	291
485	38
486	308
487	380
488	397
489	140
490	80
491	99
492	121
493	432
494	311
495	484
496	433
497	332
498	19
499	482
500	115
501	270
502	481
503	243
504	421
505	176
506	431
507	371
508	193
509	433
510	305
511	372
512	326
513	442
514	305
515	448
516	330
517	269
518	420
519	15
520	120
521	193
522	195
523	458
524	84
525	125
526	36
527	403
528	153
529	116
530	156
531	111
532	245
533	452
534	435
535	300
536	280
537	68
538	257
539	309
540	393
541	144
542	389
543	452
544	162
545	113
546	7
547	170
548	252
549	25
550	456
551	483
552	250
553	274
554	28
555	395
556	364
557	284
558	311
559	190
560	476
561	429
562	295
563	11
564	477
565	187
566	251
567	273
568	202
569	480
570	489
571	20
572	199
573	470
574	139
575	353
576	478
577	231
578	471
579	109
580	346
581	142
582	36
583	213
584	259
585	37
586	284
587	93
588	460
589	313
590	485
591	245
592	338
593	7
594	461
595	143
596	342
597	119
598	379
599	183
600	227
601	85
602	336
603	60
604	341
605	409
606	47
607	333
608	10
609	445
610	39
611	22
612	189
613	489
614	353
615	465
616	55
617	321
618	38
619	67
620	219
621	491
622	283
623	223
624	369
625	209
626	402
627	395
628	310
629	105
630	91
631	112
632	386
633	344
634	250
635	157
636	155
637	34
638	451
639	411
640	494
641	17
642	422
643	263
644	65
645	58
646	147
647	404
648	405
649	133
650	77
651	65
652	201
653	159
654	47
655	131
656	417
657	94
658	462
659	382
660	465
661	212
662	114
663	123
664	409
665	453
666	300
667	188
668	454
669	491
670	128
671	418
672	457
673	394
674	420
675	337
676	30
677	359
678	224
679	60
680	71
681	5
682	363
683	1
684	8
685	428
686	392
687	481
688	97
689	316
690	114
691	148
692	223
693	325
694	21
695	347
696	381
697	461
698	56
699	126
700	282
701	156
702	249
703	229
704	83
705	424
706	229
707	31
708	268
709	463
710	59
711	233
712	437
713	263
714	160
715	183
716	244
717	447
718	451
719	139
720	294
721	422
722	80
723	271
724	479
725	30
726	360
727	380
728	241
729	456
730	287
731	228
732	492
733	477
734	187
735	102
736	292
737	309
738	356
739	295
740	255
741	217
742	61
743	315
744	400
745	335
746	116
747	403
748	373
749	346
750	344
751	45
752	151
753	94
754	160
755	182
756	154
757	388
758	71
759	33
760	447
761	154
762	370
763	16
764	242
765	454
766	248
767	334
768	291
769	58
770	308
771	81
772	282
773	365
774	256
775	92
776	326
777	315
778	437
779	367
780	417
781	175
782	319
783	265
784	442
785	152
786	453
787	425
788	324
789	244
790	355
791	249
792	493
793	68
794	19
795	18
796	281
797	467
798	90
799	186
800	386
801	445
802	100
803	256
804	41
805	444
806	98
807	414
808	429
809	222
810	101
811	500
812	233
813	69
814	319
815	327
816	23
817	444
818	301
819	355
820	155
821	384
822	76
823	231
824	323
825	449
826	462
827	374
828	81
829	180
830	18
831	474
832	90
833	13
834	216
835	348
836	226
837	118
838	480
839	329
840	217
841	264
842	280
843	267
844	393
845	400
846	475
847	41
848	63
849	255
850	298
851	203
852	44
853	103
854	20
855	360
856	432
857	230
858	228
859	85
860	363
861	337
862	181
863	147
864	117
865	202
866	129
867	298
868	96
869	73
870	364
871	16
872	8
873	277
874	401
875	103
876	410
877	318
878	77
879	435
880	306
881	149
882	367
883	180
884	401
885	324
886	286
887	276
888	170
889	211
890	39
891	275
892	378
893	339
894	419
895	145
896	443
897	128
898	40
899	152
900	46
901	186
902	63
903	148
904	488
905	219
906	119
907	253
908	301
909	234
910	176
911	97
912	330
913	411
914	146
915	89
916	345
917	384
918	252
919	179
920	443
921	448
922	464
923	92
924	345
925	328
926	201
927	496
928	361
929	275
930	348
931	368
932	100
933	303
934	418
935	498
936	51
937	325
938	287
939	45
940	129
941	226
942	104
943	149
944	42
945	312
946	498
947	234
948	135
949	438
950	333
951	227
952	53
953	208
954	381
955	104
956	54
957	216
958	273
959	135
960	341
961	51
962	467
963	110
964	469
965	299
966	181
967	459
968	214
969	328
970	320
971	335
972	174
973	26
974	53
975	299
976	117
977	174
978	26
979	475
980	87
981	496
982	184
983	138
984	285
985	29
986	220
987	398
988	110
989	220
990	29
991	354
992	267
993	398
994	469
995	354
996	285
997	21
998	383
999	312
1000	146
