Class Times	10
Rooms	150
1	146
2	242
3	246
4	388
5	592
6	21
7	143
8	902
9	543
10	294
11	249
12	322
13	802
14	466
15	983
16	247
17	828
18	179
19	570
20	126
21	540
22	135
23	193
24	955
25	768
26	906
27	430
28	599
29	411
30	935
31	387
32	422
33	310
34	702
35	494
36	601
37	413
38	466
39	352
40	802
41	468
42	231
43	269
44	73
45	408
46	799
47	76
48	468
49	111
50	745
51	907
52	991
53	502
54	963
55	701
56	811
57	603
58	77
59	320
60	273
61	579
62	591
63	831
64	681
65	588
66	42
67	851
68	17
69	308
70	862
71	413
72	167
73	265
74	227
75	514
76	338
77	934
78	765
79	629
80	626
81	642
82	941
83	203
84	215
85	207
86	416
87	295
88	656
89	381
90	85
91	459
92	389
93	293
94	948
95	479
96	540
97	351
98	229
99	271
100	208
101	759
102	792
103	811
104	919
105	370
106	752
107	446
108	481
109	781
110	178
111	285
112	288
113	761
114	796
115	770
116	548
117	657
118	895
119	337
120	868
121	428
122	895
123	268
124	970
125	25
126	934
127	964
128	847
129	266
130	996
131	822
132	410
133	469
134	961
135	573
136	531
137	586
138	797
139	154
140	564
141	624
142	239
143	609
144	619
145	130
146	951
147	948
148	306
149	780
150	304
Classes	200
Teachers	100
1	59
2	66
3	80
4	51
5	41
6	39
7	37
8	84
9	40
10	97
11	25
12	98
13	33
14	51
15	43
16	55
17	78
18	72
19	59
20	5
21	64
22	90
23	21
24	46
25	62
26	87
27	24
28	20
29	71
30	89
31	73
32	20
33	72
34	16
35	16
36	3
37	52
38	49
39	87
40	67
41	6
42	60
43	18
44	70
45	33
46	14
47	43
48	74
49	11
50	84
51	9
52	58
53	99
54	82
55	73
56	96
57	12
58	41
59	96
60	57
61	29
62	71
63	75
64	37
65	12
66	52
67	76
68	85
69	91
70	83
71	8
72	62
73	77
74	38
75	93
76	27
77	22
78	39
79	13
80	91
81	40
82	98
83	27
84	57
85	2
86	58
87	77
88	48
89	76
90	11
91	14
92	24
93	5
94	22
95	69
96	88
97	32
98	63
99	54
100	4
101	13
102	6
103	46
104	54
105	25
106	67
107	93
108	2
109	83
110	9
111	49
112	7
113	23
114	21
115	56
116	70
117	44
118	53
119	69
120	95
121	26
122	66
123	55
124	74
125	56
126	10
127	1
128	10
129	94
130	86
131	86
132	95
133	48
134	28
135	97
136	75
137	50
138	17
139	19
140	88
141	60
142	85
143	15
144	80
145	64
146	47
147	35
148	26
149	94
150	15
151	32
152	79
153	99
154	29
155	53
156	8
157	3
158	38
159	63
160	45
161	42
162	23
163	82
164	68
165	30
166	89
167	47
168	1
169	30
170	36
171	28
172	100
173	18
174	81
175	17
176	34
177	35
178	61
179	50
180	31
181	79
182	4
183	100
184	31
185	78
186	44
187	19
188	61
189	81
190	68
191	7
192	92
193	36
194	42
195	92
196	45
197	65
198	34
199	65
200	90
