Class Times	10
Rooms	150
1	626
2	248
3	564
4	520
5	375
6	503
7	885
8	177
9	976
10	809
11	105
12	524
13	996
14	766
15	543
16	502
17	926
18	470
19	775
20	419
21	286
22	474
23	609
24	775
25	568
26	543
27	177
28	180
29	96
30	592
31	985
32	839
33	696
34	57
35	460
36	676
37	766
38	143
39	502
40	311
41	785
42	939
43	507
44	651
45	539
46	373
47	575
48	218
49	528
50	928
51	215
52	299
53	578
54	289
55	577
56	904
57	81
58	915
59	807
60	504
61	958
62	148
63	197
64	211
65	96
66	676
67	607
68	356
69	853
70	991
71	220
72	747
73	110
74	537
75	879
76	779
77	263
78	258
79	62
80	280
81	581
82	82
83	653
84	79
85	559
86	136
87	473
88	613
89	275
90	428
91	659
92	205
93	941
94	356
95	348
96	907
97	133
98	621
99	145
100	772
101	514
102	995
103	827
104	837
105	72
106	630
107	978
108	823
109	422
110	380
111	770
112	332
113	340
114	49
115	345
116	508
117	99
118	873
119	196
120	528
121	147
122	188
123	158
124	197
125	855
126	383
127	479
128	729
129	382
130	318
131	770
132	485
133	750
134	402
135	104
136	130
137	106
138	948
139	630
140	96
141	510
142	290
143	899
144	319
145	323
146	770
147	942
148	559
149	888
150	40
Classes	200
Teachers	100
1	46
2	79
3	34
4	51
5	42
6	42
7	58
8	94
9	50
10	63
11	60
12	27
13	37
14	38
15	83
16	9
17	29
18	12
19	45
20	12
21	1
22	82
23	2
24	1
25	49
26	93
27	83
28	53
29	22
30	99
31	84
32	100
33	33
34	18
35	6
36	6
37	96
38	3
39	86
40	66
41	97
42	62
43	41
44	11
45	35
46	99
47	46
48	87
49	34
50	92
51	7
52	86
53	39
54	13
55	92
56	14
57	48
58	57
59	73
60	50
61	66
62	47
63	63
64	35
65	64
66	22
67	5
68	20
69	8
70	77
71	36
72	85
73	31
74	95
75	33
76	59
77	54
78	17
79	10
80	19
81	76
82	90
83	68
84	44
85	21
86	41
87	89
88	45
89	55
90	69
91	69
92	16
93	26
94	18
95	51
96	56
97	27
98	38
99	75
100	64
101	54
102	24
103	98
104	81
105	56
106	91
107	3
108	100
109	39
110	25
111	75
112	47
113	9
114	88
115	57
116	24
117	19
118	36
119	29
120	88
121	48
122	25
123	89
124	17
125	26
126	44
127	58
128	76
129	61
130	16
131	98
132	94
133	84
134	65
135	11
136	2
137	61
138	91
139	52
140	21
141	53
142	73
143	85
144	43
145	15
146	90
147	8
148	71
149	65
150	14
151	68
152	78
153	74
154	43
155	74
156	77
157	59
158	79
159	96
160	13
161	49
162	5
163	67
164	15
165	95
166	72
167	60
168	7
169	97
170	93
171	40
172	40
173	67
174	30
175	55
176	62
177	87
178	10
179	72
180	70
181	80
182	80
183	70
184	20
185	28
186	32
187	28
188	23
189	71
190	32
191	30
192	4
193	31
194	81
195	4
196	37
197	23
198	78
199	52
200	82
