Class Times	10
Rooms	150
1	525
2	269
3	54
4	322
5	765
6	730
7	649
8	328
9	990
10	60
11	86
12	321
13	69
14	342
15	595
16	999
17	44
18	910
19	802
20	831
21	995
22	950
23	930
24	854
25	683
26	238
27	734
28	928
29	767
30	791
31	870
32	234
33	756
34	99
35	120
36	264
37	685
38	565
39	903
40	314
41	823
42	778
43	380
44	168
45	325
46	716
47	628
48	707
49	237
50	437
51	337
52	965
53	808
54	486
55	658
56	750
57	339
58	766
59	840
60	388
61	535
62	454
63	146
64	586
65	24
66	533
67	407
68	676
69	552
70	637
71	146
72	920
73	53
74	520
75	422
76	489
77	68
78	109
79	261
80	278
81	618
82	40
83	820
84	31
85	211
86	940
87	965
88	328
89	694
90	507
91	407
92	553
93	224
94	50
95	526
96	122
97	408
98	630
99	481
100	26
101	751
102	474
103	685
104	660
105	789
106	699
107	365
108	33
109	773
110	398
111	275
112	589
113	657
114	92
115	871
116	183
117	18
118	481
119	244
120	546
121	188
122	649
123	193
124	367
125	316
126	359
127	993
128	43
129	151
130	742
131	357
132	445
133	692
134	295
135	712
136	593
137	360
138	818
139	302
140	290
141	62
142	459
143	734
144	220
145	964
146	148
147	398
148	185
149	758
150	273
Classes	200
Teachers	100
1	54
2	27
3	76
4	98
5	53
6	15
7	24
8	11
9	29
10	12
11	52
12	68
13	8
14	82
15	90
16	33
17	78
18	13
19	74
20	65
21	56
22	8
23	38
24	1
25	45
26	84
27	82
28	46
29	26
30	96
31	4
32	74
33	16
34	36
35	83
36	97
37	2
38	16
39	30
40	65
41	55
42	57
43	12
44	4
45	21
46	97
47	66
48	52
49	41
50	44
51	48
52	59
53	56
54	68
55	66
56	3
57	77
58	99
59	2
60	95
61	75
62	21
63	88
64	77
65	92
66	5
67	11
68	3
69	9
70	55
71	18
72	20
73	49
74	69
75	51
76	54
77	98
78	43
79	37
80	30
81	93
82	43
83	24
84	59
85	53
86	50
87	50
88	39
89	75
90	60
91	22
92	13
93	93
94	46
95	80
96	69
97	83
98	23
99	28
100	27
101	44
102	58
103	71
104	45
105	37
106	39
107	79
108	70
109	41
110	35
111	63
112	1
113	31
114	95
115	42
116	94
117	81
118	33
119	5
120	86
121	18
122	35
123	62
124	6
125	29
126	58
127	20
128	32
129	64
130	94
131	23
132	90
133	14
134	28
135	40
136	7
137	61
138	51
139	85
140	48
141	36
142	31
143	22
144	15
145	87
146	6
147	7
148	25
149	62
150	91
151	71
152	96
153	79
154	92
155	86
156	60
157	81
158	14
159	72
160	70
161	49
162	84
163	61
164	25
165	64
166	72
167	10
168	34
169	78
170	42
171	80
172	99
173	34
174	40
175	73
176	73
177	57
178	91
179	38
180	87
181	67
182	76
183	9
184	10
185	17
186	85
187	47
188	89
189	32
190	67
191	17
192	63
193	47
194	19
195	88
196	19
197	100
198	26
199	89
200	100
