Class Times	10
Rooms	150
1	902
2	408
3	887
4	275
5	483
6	405
7	392
8	283
9	268
10	856
11	48
12	986
13	637
14	440
15	410
16	398
17	523
18	144
19	44
20	101
21	436
22	490
23	105
24	976
25	228
26	813
27	119
28	939
29	288
30	569
31	91
32	250
33	102
34	467
35	768
36	454
37	291
38	521
39	99
40	483
41	302
42	418
43	243
44	394
45	550
46	846
47	642
48	143
49	506
50	348
51	413
52	552
53	408
54	107
55	580
56	417
57	943
58	700
59	990
60	794
61	804
62	527
63	952
64	371
65	491
66	650
67	352
68	628
69	156
70	975
71	527
72	447
73	288
74	277
75	745
76	177
77	953
78	135
79	250
80	234
81	376
82	16
83	732
84	254
85	566
86	777
87	225
88	105
89	829
90	963
91	959
92	525
93	990
94	712
95	964
96	430
97	715
98	540
99	86
100	526
101	675
102	915
103	281
104	963
105	129
106	932
107	221
108	763
109	548
110	98
111	627
112	35
113	104
114	631
115	225
116	982
117	418
118	382
119	872
120	152
121	43
122	486
123	11
124	106
125	998
126	918
127	930
128	949
129	476
130	207
131	309
132	265
133	416
134	362
135	220
136	106
137	822
138	165
139	682
140	62
141	62
142	697
143	901
144	260
145	736
146	77
147	824
148	816
149	118
150	971
Classes	200
Teachers	100
1	52
2	24
3	20
4	89
5	11
6	58
7	86
8	6
9	86
10	71
11	46
12	36
13	84
14	36
15	98
16	53
17	3
18	94
19	2
20	17
21	85
22	94
23	3
24	95
25	37
26	44
27	9
28	91
29	67
30	80
31	7
32	80
33	77
34	33
35	70
36	97
37	29
38	28
39	52
40	70
41	60
42	5
43	39
44	35
45	4
46	25
47	14
48	38
49	21
50	88
51	83
52	82
53	23
54	32
55	85
56	18
57	34
58	46
59	97
60	29
61	5
62	43
63	74
64	34
65	65
66	42
67	64
68	68
69	30
70	76
71	4
72	33
73	11
74	7
75	16
76	91
77	73
78	59
79	73
80	81
81	24
82	28
83	54
84	27
85	20
86	26
87	60
88	14
89	22
90	32
91	67
92	9
93	41
94	2
95	42
96	98
97	15
98	84
99	47
100	75
101	71
102	64
103	41
104	10
105	6
106	53
107	31
108	1
109	15
110	95
111	26
112	57
113	82
114	83
115	1
116	30
117	50
118	69
119	74
120	37
121	87
122	27
123	50
124	99
125	75
126	65
127	77
128	93
129	45
130	79
131	76
132	8
133	68
134	48
135	79
136	61
137	16
138	72
139	61
140	40
141	57
142	59
143	8
144	96
145	90
146	25
147	43
148	88
149	35
150	47
151	12
152	21
153	87
154	51
155	55
156	93
157	55
158	78
159	90
160	100
161	96
162	78
163	40
164	38
165	58
166	51
167	49
168	10
169	69
170	62
171	66
172	17
173	12
174	45
175	22
176	66
177	72
178	19
179	31
180	54
181	49
182	23
183	99
184	92
185	89
186	100
187	63
188	19
189	92
190	13
191	18
192	48
193	63
194	62
195	44
196	39
197	81
198	13
199	56
200	56
