Class Times	10
Rooms	150
1	712
2	798
3	190
4	237
5	43
6	85
7	13
8	746
9	688
10	591
11	982
12	240
13	530
14	41
15	869
16	332
17	717
18	68
19	452
20	944
21	737
22	679
23	987
24	455
25	792
26	824
27	188
28	845
29	222
30	458
31	708
32	25
33	662
34	289
35	53
36	334
37	92
38	631
39	464
40	493
41	558
42	183
43	485
44	655
45	581
46	679
47	77
48	419
49	279
50	474
51	802
52	292
53	22
54	711
55	394
56	923
57	694
58	585
59	209
60	635
61	405
62	673
63	785
64	268
65	836
66	627
67	968
68	768
69	23
70	309
71	752
72	256
73	17
74	392
75	580
76	99
77	305
78	893
79	18
80	450
81	390
82	100
83	435
84	583
85	315
86	637
87	580
88	728
89	640
90	497
91	551
92	599
93	792
94	46
95	632
96	912
97	873
98	793
99	805
100	102
101	664
102	187
103	478
104	77
105	172
106	962
107	294
108	402
109	336
110	775
111	576
112	124
113	461
114	509
115	888
116	632
117	798
118	941
119	353
120	411
121	446
122	355
123	509
124	320
125	932
126	323
127	467
128	27
129	347
130	629
131	175
132	628
133	690
134	599
135	384
136	623
137	134
138	284
139	887
140	260
141	240
142	941
143	234
144	862
145	856
146	39
147	340
148	882
149	186
150	705
Classes	200
Teachers	100
1	50
2	46
3	28
4	9
5	25
6	83
7	12
8	77
9	58
10	26
11	69
12	99
13	3
14	46
15	70
16	48
17	91
18	99
19	50
20	54
21	20
22	72
23	26
24	44
25	31
26	42
27	25
28	22
29	3
30	2
31	81
32	38
33	44
34	54
35	91
36	51
37	80
38	20
39	10
40	79
41	78
42	6
43	76
44	41
45	58
46	36
47	28
48	97
49	32
50	15
51	83
52	66
53	63
54	65
55	98
56	67
57	97
58	11
59	43
60	38
61	24
62	67
63	98
64	40
65	36
66	15
67	34
68	57
69	35
70	89
71	24
72	61
73	71
74	12
75	21
76	92
77	8
78	60
79	100
80	29
81	72
82	53
83	10
84	90
85	70
86	6
87	85
88	34
89	39
90	2
91	49
92	80
93	71
94	19
95	90
96	41
97	65
98	64
99	93
100	19
101	59
102	56
103	47
104	55
105	23
106	52
107	78
108	94
109	60
110	69
111	62
112	35
113	82
114	51
115	37
116	48
117	27
118	42
119	11
120	23
121	32
122	87
123	81
124	49
125	43
126	95
127	100
128	4
129	94
130	87
131	18
132	1
133	62
134	17
135	40
136	4
137	22
138	9
139	74
140	27
141	84
142	84
143	37
144	96
145	63
146	96
147	92
148	13
149	17
150	88
151	29
152	88
153	53
154	7
155	30
156	56
157	61
158	76
159	1
160	57
161	13
162	73
163	33
164	18
165	8
166	45
167	55
168	64
169	66
170	82
171	95
172	68
173	74
174	7
175	79
176	77
177	75
178	52
179	14
180	59
181	86
182	39
183	85
184	5
185	75
186	16
187	31
188	93
189	16
190	73
191	68
192	14
193	21
194	30
195	33
196	47
197	89
198	5
199	45
200	86
