Class Times	10
Rooms	150
1	990
2	209
3	146
4	80
5	514
6	659
7	65
8	746
9	374
10	369
11	540
12	972
13	725
14	838
15	339
16	358
17	428
18	483
19	165
20	938
21	838
22	226
23	434
24	45
25	903
26	424
27	186
28	306
29	868
30	937
31	518
32	203
33	299
34	97
35	628
36	187
37	177
38	481
39	523
40	611
41	949
42	111
43	175
44	382
45	42
46	322
47	535
48	29
49	850
50	68
51	140
52	924
53	934
54	860
55	791
56	974
57	26
58	402
59	505
60	255
61	684
62	398
63	775
64	901
65	756
66	522
67	341
68	606
69	790
70	68
71	668
72	409
73	200
74	910
75	363
76	676
77	408
78	860
79	553
80	499
81	545
82	285
83	423
84	20
85	58
86	529
87	836
88	495
89	636
90	287
91	156
92	305
93	247
94	683
95	723
96	218
97	30
98	334
99	447
100	258
101	753
102	118
103	28
104	110
105	932
106	44
107	286
108	339
109	974
110	86
111	285
112	911
113	824
114	368
115	56
116	393
117	320
118	614
119	944
120	591
121	194
122	162
123	720
124	685
125	997
126	364
127	247
128	158
129	491
130	790
131	209
132	856
133	91
134	161
135	574
136	371
137	794
138	922
139	677
140	724
141	627
142	673
143	511
144	218
145	791
146	845
147	977
148	952
149	204
150	662
Classes	400
Teachers	200
1	163
2	56
3	56
4	161
5	1
6	31
7	194
8	10
9	120
10	86
11	46
12	151
13	106
14	199
15	111
16	172
17	64
18	66
19	144
20	82
21	29
22	128
23	146
24	64
25	77
26	116
27	164
28	17
29	153
30	181
31	169
32	118
33	199
34	142
35	113
36	169
37	137
38	32
39	108
40	155
41	42
42	61
43	140
44	137
45	76
46	76
47	177
48	63
49	84
50	42
51	174
52	185
53	175
54	53
55	131
56	126
57	22
58	173
59	19
60	183
61	52
62	173
63	151
64	25
65	57
66	83
67	61
68	24
69	139
70	140
71	46
72	134
73	179
74	134
75	143
76	9
77	82
78	193
79	98
80	141
81	94
82	86
83	38
84	55
85	7
86	83
87	135
88	78
89	88
90	127
91	190
92	180
93	14
94	53
95	182
96	99
97	27
98	12
99	168
100	156
101	65
102	190
103	88
104	23
105	172
106	35
107	123
108	100
109	74
110	2
111	73
112	154
113	162
114	186
115	12
116	179
117	21
118	110
119	20
120	21
121	195
122	4
123	11
124	161
125	15
126	150
127	3
128	197
129	159
130	26
131	36
132	144
133	138
134	19
135	25
136	99
137	142
138	106
139	9
140	63
141	166
142	146
143	18
144	92
145	113
146	139
147	75
148	150
149	196
150	143
151	78
152	114
153	181
154	22
155	160
156	90
157	129
158	1
159	131
160	39
161	71
162	163
163	160
164	141
165	104
166	90
167	149
168	145
169	103
170	155
171	37
172	87
173	175
174	73
175	152
176	191
177	95
178	32
179	23
180	177
181	85
182	197
183	34
184	126
185	157
186	71
187	45
188	102
189	100
190	92
191	14
192	192
193	148
194	130
195	18
196	51
197	6
198	7
199	95
200	8
201	62
202	127
203	105
204	166
205	180
206	6
207	30
208	189
209	128
210	176
211	33
212	110
213	60
214	200
215	89
216	105
217	24
218	198
219	133
220	98
221	5
222	29
223	130
224	69
225	36
226	147
227	50
228	192
229	147
230	135
231	171
232	52
233	183
234	72
235	58
236	200
237	156
238	75
239	57
240	51
241	66
242	149
243	41
244	87
245	171
246	104
247	2
248	145
249	27
250	196
251	120
252	62
253	60
254	33
255	58
256	121
257	101
258	103
259	26
260	124
261	68
262	91
263	91
264	67
265	16
266	17
267	96
268	115
269	44
270	84
271	69
272	162
273	138
274	118
275	68
276	59
277	178
278	174
279	136
280	185
281	132
282	4
283	74
284	5
285	37
286	45
287	189
288	43
289	111
290	176
291	168
292	39
293	132
294	148
295	115
296	116
297	72
298	43
299	41
300	153
301	80
302	44
303	15
304	112
305	3
306	55
307	107
308	8
309	194
310	186
311	81
312	109
313	50
314	11
315	159
316	94
317	93
318	54
319	182
320	121
321	170
322	10
323	184
324	49
325	164
326	16
327	28
328	198
329	13
330	31
331	93
332	40
333	67
334	28
335	54
336	122
337	97
338	79
339	178
340	167
341	167
342	101
343	77
344	125
345	80
346	59
347	107
348	47
349	30
350	47
351	122
352	133
353	184
354	119
355	187
356	157
357	49
358	102
359	38
360	124
361	117
362	65
363	70
364	96
365	48
366	125
367	112
368	117
369	158
370	85
371	97
372	195
373	152
374	48
375	114
376	119
377	158
378	109
379	34
380	129
381	123
382	79
383	170
384	20
385	13
386	70
387	81
388	40
389	188
390	154
391	89
392	187
393	193
394	136
395	165
396	35
397	108
398	191
399	188
400	165
