Class Times	10
Rooms	150
1	725
2	96
3	745
4	909
5	248
6	734
7	834
8	585
9	918
10	108
11	900
12	178
13	76
14	791
15	658
16	286
17	56
18	479
19	530
20	857
21	675
22	284
23	997
24	923
25	84
26	960
27	854
28	97
29	762
30	916
31	532
32	464
33	766
34	740
35	369
36	862
37	84
38	428
39	763
40	954
41	414
42	663
43	756
44	803
45	238
46	853
47	241
48	191
49	440
50	357
51	368
52	865
53	437
54	476
55	553
56	723
57	934
58	135
59	831
60	872
61	357
62	920
63	744
64	546
65	245
66	452
67	442
68	585
69	481
70	621
71	300
72	69
73	85
74	605
75	854
76	180
77	274
78	477
79	121
80	378
81	680
82	669
83	22
84	814
85	378
86	692
87	996
88	420
89	418
90	309
91	444
92	317
93	969
94	145
95	394
96	672
97	253
98	886
99	637
100	645
101	26
102	59
103	740
104	51
105	296
106	526
107	75
108	561
109	834
110	62
111	421
112	549
113	218
114	19
115	909
116	343
117	966
118	390
119	909
120	465
121	149
122	456
123	884
124	231
125	740
126	951
127	993
128	713
129	957
130	226
131	521
132	13
133	226
134	342
135	683
136	303
137	531
138	281
139	649
140	693
141	634
142	160
143	982
144	770
145	565
146	346
147	231
148	347
149	344
150	227
Classes	400
Teachers	200
1	198
2	177
3	45
4	60
5	74
6	103
7	131
8	174
9	57
10	157
11	106
12	52
13	24
14	6
15	134
16	60
17	106
18	52
19	179
20	34
21	104
22	61
23	36
24	73
25	165
26	184
27	170
28	101
29	107
30	119
31	121
32	61
33	118
34	84
35	28
36	94
37	162
38	68
39	80
40	174
41	188
42	23
43	164
44	96
45	66
46	159
47	39
48	47
49	133
50	1
51	4
52	35
53	200
54	14
55	58
56	57
57	163
58	17
59	180
60	107
61	172
62	120
63	30
64	146
65	56
66	173
67	36
68	195
69	21
70	19
71	171
72	25
73	69
74	88
75	111
76	31
77	134
78	123
79	141
80	50
81	177
82	121
83	90
84	94
85	149
86	4
87	29
88	63
89	147
90	64
91	12
92	14
93	12
94	183
95	54
96	129
97	168
98	160
99	119
100	65
101	79
102	50
103	6
104	11
105	44
106	29
107	166
108	151
109	81
110	28
111	198
112	171
113	69
114	16
115	143
116	157
117	199
118	47
119	100
120	95
121	197
122	184
123	118
124	35
125	110
126	197
127	108
128	158
129	22
130	190
131	45
132	54
133	109
134	24
135	148
136	127
137	88
138	97
139	116
140	51
141	145
142	66
143	9
144	185
145	167
146	172
147	193
148	7
149	143
150	65
151	165
152	46
153	78
154	25
155	162
156	92
157	99
158	92
159	40
160	196
161	122
162	190
163	17
164	149
165	112
166	64
167	89
168	16
169	15
170	95
171	189
172	87
173	110
174	86
175	139
176	32
177	126
178	142
179	7
180	183
181	104
182	159
183	98
184	74
185	99
186	156
187	41
188	20
189	193
190	115
191	166
192	151
193	138
194	89
195	43
196	132
197	136
198	70
199	120
200	146
201	140
202	48
203	169
204	71
205	122
206	182
207	81
208	1
209	82
210	76
211	86
212	51
213	192
214	75
215	136
216	10
217	59
218	63
219	87
220	123
221	164
222	103
223	196
224	192
225	114
226	138
227	3
228	131
229	40
230	168
231	115
232	27
233	126
234	179
235	5
236	181
237	73
238	101
239	181
240	160
241	200
242	129
243	48
244	140
245	93
246	23
247	132
248	167
249	163
250	158
251	11
252	38
253	199
254	125
255	195
256	71
257	83
258	130
259	55
260	70
261	90
262	55
263	145
264	91
265	2
266	38
267	173
268	175
269	9
270	180
271	42
272	53
273	75
274	153
275	152
276	26
277	76
278	147
279	49
280	141
281	97
282	78
283	188
284	139
285	59
286	58
287	153
288	182
289	44
290	30
291	112
292	27
293	152
294	109
295	137
296	33
297	31
298	127
299	189
300	117
301	72
302	124
303	37
304	83
305	10
306	111
307	128
308	155
309	5
310	114
311	142
312	84
313	49
314	116
315	156
316	187
317	98
318	186
319	117
320	175
321	124
322	8
323	15
324	102
325	113
326	178
327	20
328	148
329	96
330	46
331	161
332	77
333	42
334	26
335	186
336	191
337	113
338	77
339	108
340	56
341	155
342	169
343	194
344	93
345	33
346	135
347	154
348	43
349	187
350	8
351	133
352	3
353	128
354	2
355	39
356	144
357	41
358	62
359	13
360	150
361	137
362	18
363	18
364	191
365	34
366	67
367	91
368	80
369	32
370	176
371	53
372	102
373	170
374	67
375	21
376	125
377	185
378	135
379	72
380	144
381	150
382	161
383	130
384	178
385	82
386	37
387	79
388	176
389	85
390	85
391	100
392	62
393	105
394	105
395	68
396	22
397	19
398	194
399	154
400	13
