Class Times	10
Rooms	150
1	740
2	448
3	220
4	139
5	785
6	788
7	635
8	453
9	260
10	876
11	116
12	673
13	445
14	975
15	649
16	391
17	724
18	600
19	363
20	835
21	679
22	902
23	298
24	207
25	838
26	812
27	250
28	333
29	897
30	570
31	352
32	796
33	340
34	383
35	788
36	568
37	675
38	992
39	213
40	122
41	552
42	476
43	852
44	909
45	519
46	614
47	329
48	832
49	93
50	345
51	944
52	96
53	794
54	422
55	762
56	793
57	671
58	148
59	520
60	718
61	62
62	673
63	314
64	222
65	302
66	563
67	185
68	590
69	72
70	106
71	515
72	586
73	214
74	906
75	589
76	635
77	918
78	637
79	907
80	990
81	66
82	737
83	698
84	231
85	450
86	526
87	993
88	653
89	887
90	571
91	728
92	796
93	994
94	225
95	747
96	205
97	145
98	175
99	428
100	598
101	390
102	885
103	982
104	431
105	32
106	988
107	196
108	774
109	433
110	456
111	542
112	78
113	28
114	795
115	202
116	865
117	992
118	136
119	970
120	321
121	88
122	182
123	866
124	203
125	997
126	11
127	490
128	777
129	502
130	694
131	24
132	691
133	85
134	830
135	894
136	783
137	965
138	606
139	486
140	40
141	930
142	438
143	637
144	953
145	505
146	702
147	329
148	214
149	515
150	173
Classes	400
Teachers	200
1	72
2	42
3	75
4	124
5	99
6	188
7	55
8	150
9	22
10	108
11	15
12	16
13	96
14	137
15	141
16	86
17	181
18	27
19	138
20	179
21	105
22	83
23	38
24	161
25	69
26	130
27	138
28	69
29	187
30	126
31	25
32	164
33	10
34	155
35	65
36	54
37	87
38	126
39	157
40	95
41	145
42	101
43	63
44	150
45	152
46	84
47	30
48	94
49	40
50	186
51	88
52	96
53	67
54	39
55	66
56	120
57	51
58	188
59	194
60	111
61	162
62	137
63	191
64	114
65	140
66	94
67	119
68	29
69	56
70	1
71	32
72	42
73	39
74	82
75	5
76	176
77	166
78	75
79	145
80	158
81	112
82	175
83	29
84	105
85	152
86	101
87	36
88	164
89	7
90	169
91	93
92	136
93	183
94	53
95	45
96	165
97	154
98	5
99	60
100	50
101	30
102	50
103	95
104	90
105	200
106	78
107	90
108	68
109	59
110	123
111	71
112	34
113	47
114	110
115	77
116	179
117	63
118	163
119	7
120	183
121	52
122	154
123	11
124	55
125	199
126	77
127	148
128	155
129	147
130	159
131	70
132	73
133	35
134	43
135	35
136	85
137	200
138	41
139	56
140	53
141	162
142	92
143	178
144	191
145	172
146	174
147	33
148	186
149	117
150	28
151	148
152	58
153	49
154	8
155	134
156	10
157	122
158	149
159	72
160	71
161	92
162	110
163	88
164	18
165	142
166	189
167	60
168	130
169	36
170	99
171	133
172	181
173	16
174	93
175	136
176	189
177	107
178	9
179	38
180	43
181	18
182	22
183	13
184	146
185	114
186	80
187	76
188	2
189	78
190	27
191	14
192	74
193	28
194	2
195	123
196	158
197	172
198	153
199	100
200	106
201	125
202	3
203	91
204	79
205	87
206	129
207	31
208	19
209	40
210	146
211	108
212	197
213	80
214	115
215	163
216	52
217	11
218	143
219	8
220	12
221	113
222	91
223	98
224	109
225	98
226	165
227	102
228	125
229	6
230	47
231	49
232	169
233	117
234	161
235	51
236	89
237	83
238	170
239	129
240	79
241	12
242	193
243	190
244	128
245	193
246	192
247	68
248	128
249	15
250	86
251	135
252	21
253	178
254	151
255	112
256	64
257	120
258	3
259	176
260	14
261	149
262	132
263	199
264	26
265	131
266	195
267	111
268	74
269	31
270	107
271	196
272	134
273	13
274	73
275	81
276	157
277	173
278	124
279	48
280	174
281	119
282	132
283	100
284	144
285	89
286	113
287	115
288	84
289	97
290	81
291	26
292	104
293	118
294	102
295	45
296	142
297	37
298	25
299	57
300	6
301	34
302	153
303	192
304	194
305	190
306	32
307	82
308	184
309	135
310	127
311	65
312	122
313	85
314	156
315	9
316	170
317	106
318	61
319	17
320	197
321	64
322	144
323	147
324	185
325	118
326	173
327	17
328	167
329	168
330	4
331	168
332	4
333	19
334	160
335	104
336	46
337	46
338	67
339	57
340	116
341	61
342	59
343	160
344	184
345	127
346	171
347	175
348	23
349	151
350	143
351	23
352	187
353	159
354	62
355	103
356	121
357	156
358	109
359	167
360	24
361	37
362	166
363	182
364	33
365	76
366	48
367	103
368	198
369	171
370	121
371	198
372	20
373	141
374	1
375	182
376	58
377	195
378	133
379	131
380	54
381	70
382	66
383	62
384	177
385	139
386	139
387	24
388	177
389	41
390	116
391	44
392	20
393	185
394	196
395	21
396	180
397	97
398	180
399	44
400	140
