Class Times	10
Rooms	150
1	443
2	553
3	364
4	161
5	157
6	430
7	226
8	554
9	576
10	768
11	602
12	950
13	396
14	262
15	100
16	74
17	54
18	484
19	978
20	316
21	528
22	941
23	993
24	649
25	929
26	787
27	477
28	132
29	178
30	531
31	192
32	574
33	227
34	880
35	702
36	140
37	666
38	59
39	352
40	87
41	221
42	274
43	335
44	238
45	628
46	490
47	344
48	136
49	984
50	104
51	209
52	948
53	706
54	477
55	69
56	896
57	59
58	556
59	940
60	36
61	707
62	574
63	888
64	53
65	339
66	42
67	481
68	786
69	449
70	37
71	12
72	675
73	947
74	820
75	258
76	139
77	671
78	91
79	950
80	732
81	189
82	251
83	783
84	932
85	280
86	631
87	919
88	585
89	289
90	988
91	931
92	698
93	906
94	681
95	570
96	381
97	288
98	916
99	500
100	394
101	724
102	432
103	706
104	845
105	189
106	88
107	642
108	589
109	728
110	863
111	777
112	152
113	261
114	905
115	324
116	20
117	646
118	855
119	878
120	440
121	84
122	284
123	91
124	20
125	729
126	311
127	13
128	915
129	199
130	245
131	525
132	427
133	245
134	512
135	313
136	180
137	997
138	285
139	216
140	800
141	613
142	114
143	441
144	822
145	476
146	738
147	223
148	21
149	443
150	125
Classes	400
Teachers	200
1	88
2	115
3	184
4	135
5	20
6	151
7	111
8	67
9	48
10	14
11	150
12	134
13	170
14	116
15	72
16	11
17	110
18	17
19	133
20	83
21	83
22	157
23	102
24	90
25	159
26	167
27	52
28	120
29	69
30	89
31	167
32	27
33	165
34	125
35	46
36	128
37	90
38	154
39	5
40	89
41	67
42	35
43	179
44	171
45	137
46	15
47	53
48	128
49	42
50	94
51	108
52	88
53	33
54	63
55	95
56	127
57	57
58	142
59	43
60	151
61	122
62	47
63	162
64	78
65	195
66	184
67	49
68	146
69	169
70	158
71	156
72	126
73	112
74	159
75	166
76	146
77	144
78	63
79	73
80	131
81	179
82	200
83	94
84	156
85	17
86	6
87	25
88	39
89	130
90	191
91	162
92	152
93	65
94	76
95	119
96	11
97	59
98	45
99	134
100	148
101	197
102	79
103	117
104	65
105	32
106	68
107	188
108	57
109	58
110	45
111	16
112	19
113	104
114	95
115	173
116	73
117	138
118	138
119	44
120	200
121	20
122	96
123	109
124	193
125	41
126	148
127	21
128	106
129	40
130	58
131	105
132	137
133	78
134	80
135	169
136	5
137	199
138	85
139	38
140	132
141	174
142	36
143	139
144	158
145	192
146	92
147	112
148	32
149	133
150	30
151	121
152	185
153	171
154	27
155	111
156	117
157	68
158	9
159	16
160	145
161	149
162	26
163	196
164	170
165	24
166	175
167	131
168	197
169	87
170	102
171	101
172	178
173	31
174	113
175	15
176	160
177	142
178	174
179	64
180	141
181	135
182	66
183	129
184	123
185	55
186	166
187	190
188	91
189	23
190	55
191	56
192	4
193	41
194	160
195	14
196	7
197	100
198	70
199	10
200	195
201	192
202	56
203	190
204	64
205	34
206	19
207	154
208	7
209	93
210	85
211	92
212	118
213	129
214	161
215	153
216	165
217	81
218	8
219	110
220	157
221	172
222	185
223	38
224	150
225	47
226	114
227	50
228	50
229	188
230	119
231	34
232	108
233	23
234	114
235	136
236	127
237	182
238	105
239	178
240	4
241	2
242	104
243	100
244	97
245	183
246	187
247	116
248	172
249	182
250	71
251	124
252	24
253	51
254	153
255	152
256	26
257	60
258	149
259	173
260	132
261	81
262	87
263	31
264	75
265	28
266	60
267	54
268	155
269	61
270	48
271	163
272	43
273	99
274	33
275	76
276	69
277	22
278	13
279	75
280	97
281	144
282	125
283	22
284	196
285	139
286	3
287	120
288	71
289	113
290	49
291	177
292	42
293	62
294	70
295	51
296	59
297	101
298	186
299	8
300	77
301	37
302	12
303	176
304	199
305	13
306	124
307	155
308	6
309	194
310	77
311	80
312	37
313	44
314	189
315	118
316	30
317	29
318	145
319	29
320	99
321	10
322	103
323	82
324	2
325	136
326	143
327	9
328	143
329	189
330	168
331	181
332	35
333	194
334	121
335	66
336	198
337	198
338	181
339	109
340	180
341	164
342	130
343	84
344	74
345	115
346	1
347	74
348	161
349	93
350	175
351	187
352	106
353	126
354	84
355	61
356	36
357	52
358	103
359	107
360	163
361	122
362	72
363	107
364	3
365	183
366	164
367	28
368	39
369	54
370	176
371	12
372	140
373	123
374	191
375	177
376	186
377	98
378	25
379	91
380	168
381	46
382	1
383	180
384	140
385	40
386	141
387	62
388	98
389	193
390	82
391	96
392	147
393	53
394	21
395	79
396	18
397	18
398	86
399	147
400	86
