Class Times	10
Rooms	150
1	441
2	492
3	56
4	421
5	220
6	26
7	418
8	173
9	925
10	235
11	765
12	857
13	130
14	851
15	237
16	864
17	260
18	54
19	908
20	503
21	254
22	461
23	491
24	560
25	336
26	373
27	841
28	580
29	669
30	504
31	144
32	522
33	522
34	808
35	543
36	800
37	903
38	867
39	859
40	378
41	667
42	906
43	913
44	440
45	657
46	641
47	229
48	146
49	242
50	997
51	827
52	581
53	694
54	852
55	944
56	15
57	640
58	143
59	620
60	508
61	148
62	785
63	742
64	886
65	834
66	794
67	541
68	816
69	498
70	757
71	70
72	647
73	791
74	81
75	846
76	244
77	690
78	461
79	63
80	793
81	123
82	411
83	297
84	769
85	482
86	655
87	252
88	342
89	497
90	377
91	294
92	146
93	203
94	674
95	779
96	435
97	181
98	81
99	408
100	422
101	665
102	506
103	504
104	452
105	815
106	672
107	706
108	936
109	688
110	439
111	851
112	122
113	432
114	102
115	95
116	619
117	96
118	188
119	293
120	365
121	87
122	669
123	981
124	229
125	673
126	64
127	930
128	643
129	217
130	333
131	709
132	14
133	849
134	376
135	248
136	570
137	177
138	464
139	330
140	722
141	970
142	423
143	761
144	824
145	607
146	818
147	57
148	10
149	474
150	533
Classes	400
Teachers	200
1	82
2	105
3	172
4	187
5	30
6	129
7	18
8	103
9	78
10	64
11	83
12	89
13	161
14	90
15	73
16	80
17	98
18	177
19	146
20	45
21	106
22	168
23	99
24	172
25	83
26	102
27	98
28	157
29	146
30	145
31	75
32	160
33	184
34	7
35	97
36	109
37	51
38	125
39	93
40	131
41	123
42	88
43	155
44	110
45	41
46	77
47	118
48	131
49	147
50	199
51	142
52	190
53	170
54	111
55	62
56	152
57	127
58	9
59	169
60	62
61	22
62	130
63	3
64	101
65	104
66	22
67	68
68	145
69	27
70	108
71	18
72	164
73	120
74	46
75	149
76	78
77	53
78	147
79	190
80	3
81	36
82	95
83	112
84	32
85	199
86	53
87	42
88	170
89	94
90	81
91	19
92	176
93	173
94	120
95	6
96	161
97	44
98	138
99	114
100	192
101	149
102	109
103	200
104	1
105	132
106	135
107	189
108	143
109	163
110	46
111	148
112	154
113	86
114	77
115	191
116	169
117	129
118	148
119	75
120	27
121	10
122	184
123	136
124	9
125	95
126	55
127	176
128	82
129	30
130	93
131	124
132	43
133	79
134	114
135	192
136	10
137	121
138	132
139	90
140	115
141	187
142	119
143	63
144	59
145	174
146	19
147	45
148	185
149	100
150	66
151	111
152	108
153	198
154	186
155	7
156	136
157	70
158	200
159	113
160	135
161	65
162	122
163	96
164	160
165	94
166	88
167	15
168	153
169	92
170	2
171	116
172	157
173	138
174	58
175	80
176	23
177	25
178	48
179	139
180	141
181	195
182	106
183	55
184	76
185	101
186	87
187	171
188	69
189	162
190	24
191	127
192	97
193	47
194	70
195	60
196	54
197	151
198	158
199	64
200	8
201	110
202	103
203	175
204	185
205	61
206	186
207	168
208	165
209	130
210	16
211	92
212	72
213	173
214	79
215	141
216	156
217	107
218	119
219	116
220	11
221	153
222	134
223	181
224	189
225	100
226	152
227	50
228	21
229	107
230	57
231	8
232	29
233	89
234	124
235	26
236	73
237	162
238	171
239	74
240	197
241	28
242	52
243	50
244	56
245	67
246	36
247	26
248	16
249	52
250	180
251	193
252	59
253	174
254	76
255	183
256	178
257	122
258	47
259	134
260	164
261	121
262	17
263	40
264	39
265	39
266	156
267	29
268	183
269	38
270	21
271	20
272	166
273	86
274	44
275	74
276	151
277	41
278	28
279	102
280	128
281	43
282	133
283	196
284	4
285	128
286	99
287	91
288	144
289	165
290	180
291	1
292	144
293	69
294	85
295	115
296	193
297	11
298	182
299	85
300	15
301	40
302	37
303	139
304	6
305	49
306	23
307	155
308	72
309	159
310	58
311	37
312	4
313	31
314	143
315	126
316	182
317	57
318	34
319	5
320	54
321	14
322	181
323	13
324	71
325	137
326	167
327	113
328	42
329	154
330	67
331	177
332	12
333	91
334	104
335	178
336	71
337	38
338	17
339	65
340	63
341	49
342	191
343	150
344	112
345	197
346	198
347	196
348	35
349	68
350	24
351	179
352	12
353	51
354	60
355	158
356	117
357	188
358	166
359	66
360	179
361	150
362	25
363	105
364	61
365	2
366	159
367	137
368	5
369	33
370	175
371	20
372	123
373	34
374	84
375	33
376	31
377	140
378	87
379	84
380	142
381	125
382	163
383	48
384	167
385	13
386	56
387	195
388	140
389	81
390	194
391	188
392	35
393	32
394	133
395	194
396	117
397	118
398	14
399	96
400	126
