Class Times	8
Rooms	20
1	818
2	162
3	699
4	116
5	391
6	65
7	905
8	337
9	317
10	817
11	171
12	26
13	614
14	550
15	526
16	481
17	886
18	473
19	645
20	847
Classes	100
Teachers	50
1	35
2	33
3	46
4	21
5	11
6	45
7	22
8	4
9	26
10	16
11	11
12	30
13	47
14	18
15	50
16	13
17	17
18	47
19	9
20	1
21	3
22	1
23	49
24	36
25	35
26	26
27	42
28	41
29	14
30	9
31	20
32	25
33	6
34	7
35	21
36	19
37	16
38	34
39	10
40	25
41	46
42	42
43	33
44	12
45	40
46	37
47	13
48	28
49	8
50	6
51	27
52	19
53	45
54	28
55	38
56	31
57	34
58	41
59	39
60	36
61	14
62	31
63	27
64	40
65	44
66	38
67	23
68	29
69	22
70	29
71	39
72	37
73	30
74	2
75	10
76	15
77	50
78	17
79	15
80	7
81	23
82	4
83	49
84	32
85	5
86	43
87	12
88	20
89	43
90	3
91	5
92	24
93	8
94	2
95	44
96	18
97	48
98	32
99	24
100	48
