Class Times	8
Rooms	20
1	731
2	345
3	128
4	38
5	128
6	274
7	652
8	11
9	553
10	693
11	515
12	842
13	62
14	172
15	306
16	795
17	442
18	194
19	134
20	69
Classes	100
Teachers	50
1	16
2	25
3	32
4	39
5	37
6	15
7	20
8	29
9	5
10	8
11	6
12	23
13	42
14	28
15	45
16	41
17	2
18	3
19	39
20	28
21	45
22	50
23	19
24	30
25	38
26	12
27	49
28	43
29	43
30	32
31	48
32	1
33	33
34	6
35	20
36	11
37	33
38	19
39	42
40	15
41	18
42	17
43	21
44	41
45	36
46	5
47	2
48	7
49	44
50	3
51	46
52	12
53	14
54	38
55	22
56	8
57	9
58	48
59	4
60	11
61	47
62	14
63	46
64	18
65	22
66	23
67	7
68	35
69	47
70	30
71	17
72	50
73	49
74	4
75	34
76	40
77	16
78	1
79	10
80	24
81	35
82	29
83	31
84	10
85	27
86	40
87	24
88	25
89	21
90	31
91	13
92	36
93	26
94	26
95	9
96	34
97	37
98	27
99	13
100	44
