Class Times	8
Rooms	20
1	962
2	650
3	676
4	897
5	462
6	289
7	205
8	908
9	635
10	53
11	462
12	690
13	908
14	741
15	504
16	432
17	758
18	273
19	560
20	191
Classes	100
Teachers	50
1	48
2	29
3	5
4	23
5	49
6	27
7	7
8	27
9	5
10	2
11	44
12	34
13	7
14	31
15	23
16	22
17	31
18	38
19	22
20	41
21	29
22	49
23	37
24	34
25	33
26	30
27	43
28	35
29	3
30	47
31	43
32	32
33	44
34	47
35	3
36	12
37	39
38	30
39	41
40	42
41	32
42	20
43	35
44	38
45	26
46	39
47	21
48	24
49	21
50	10
51	25
52	16
53	13
54	25
55	37
56	2
57	50
58	46
59	20
60	36
61	19
62	13
63	36
64	19
65	28
66	40
67	17
68	1
69	17
70	18
71	28
72	40
73	16
74	18
75	14
76	11
77	15
78	9
79	15
80	6
81	50
82	8
83	8
84	42
85	1
86	9
87	46
88	11
89	10
90	6
91	33
92	26
93	24
94	4
95	12
96	14
97	4
98	48
99	45
100	45
