Class Times	8
Rooms	20
1	396
2	274
3	221
4	812
5	385
6	585
7	991
8	299
9	261
10	885
11	874
12	839
13	367
14	119
15	67
16	67
17	868
18	974
19	103
20	150
Classes	100
Teachers	50
1	18
2	16
3	50
4	50
5	25
6	12
7	47
8	7
9	1
10	34
11	46
12	42
13	32
14	35
15	27
16	12
17	13
18	32
19	19
20	2
21	22
22	20
23	37
24	24
25	6
26	20
27	17
28	22
29	19
30	49
31	28
32	11
33	30
34	28
35	2
36	14
37	35
38	8
39	47
40	24
41	33
42	14
43	38
44	8
45	46
46	41
47	39
48	15
49	27
50	29
51	26
52	39
53	44
54	17
55	31
56	11
57	29
58	9
59	48
60	44
61	10
62	18
63	16
64	7
65	48
66	5
67	37
68	26
69	36
70	9
71	41
72	5
73	45
74	30
75	36
76	49
77	31
78	3
79	25
80	10
81	33
82	23
83	21
84	42
85	38
86	1
87	13
88	21
89	15
90	34
91	4
92	45
93	4
94	40
95	23
96	6
97	43
98	3
99	40
100	43
