Class Times	8
Rooms	20
1	978
2	164
3	767
4	862
5	860
6	571
7	322
8	153
9	313
10	154
11	714
12	239
13	876
14	159
15	527
16	789
17	783
18	678
19	132
20	752
Classes	100
Teachers	50
1	46
2	1
3	19
4	9
5	15
6	34
7	5
8	18
9	17
10	5
11	44
12	7
13	35
14	30
15	2
16	13
17	34
18	50
19	9
20	19
21	2
22	42
23	30
24	44
25	18
26	48
27	17
28	26
29	33
30	22
31	36
32	49
33	4
34	47
35	29
36	16
37	15
38	3
39	43
40	14
41	37
42	7
43	36
44	40
45	39
46	25
47	1
48	50
49	37
50	46
51	12
52	8
53	10
54	22
55	40
56	29
57	47
58	33
59	11
60	3
61	12
62	31
63	49
64	25
65	21
66	35
67	39
68	45
69	32
70	31
71	26
72	42
73	21
74	14
75	4
76	27
77	8
78	48
79	28
80	10
81	11
82	28
83	6
84	45
85	38
86	38
87	27
88	43
89	16
90	13
91	23
92	24
93	20
94	24
95	6
96	20
97	32
98	23
99	41
100	41
