Class Times	8
Rooms	20
1	930
2	81
3	910
4	734
5	101
6	482
7	187
8	540
9	270
10	166
11	589
12	855
13	545
14	310
15	28
16	908
17	99
18	612
19	822
20	860
Classes	100
Teachers	50
1	9
2	9
3	21
4	49
5	30
6	42
7	34
8	45
9	15
10	37
11	38
12	8
13	32
14	47
15	46
16	13
17	6
18	41
19	43
20	24
21	19
22	44
23	22
24	41
25	42
26	37
27	25
28	31
29	10
30	19
31	23
32	24
33	27
34	4
35	29
36	25
37	20
38	43
39	23
40	50
41	22
42	14
43	27
44	45
45	11
46	38
47	1
48	46
49	47
50	3
51	14
52	33
53	29
54	44
55	11
56	18
57	36
58	36
59	34
60	1
61	12
62	31
63	5
64	33
65	28
66	7
67	39
68	16
69	8
70	16
71	6
72	2
73	30
74	28
75	17
76	7
77	32
78	21
79	10
80	20
81	26
82	5
83	49
84	2
85	35
86	17
87	13
88	48
89	39
90	50
91	4
92	15
93	48
94	3
95	26
96	12
97	40
98	35
99	18
100	40
