Class Times	8
Rooms	20
1	548
2	559
3	797
4	538
5	262
6	407
7	54
8	567
9	279
10	210
11	983
12	198
13	690
14	542
15	275
16	697
17	152
18	413
19	708
20	405
Classes	100
Teachers	50
1	41
2	7
3	44
4	30
5	17
6	47
7	21
8	16
9	3
10	42
11	34
12	15
13	37
14	47
15	8
16	15
17	40
18	38
19	48
20	1
21	12
22	29
23	31
24	31
25	43
26	50
27	37
28	29
29	43
30	21
31	33
32	40
33	32
34	45
35	8
36	46
37	7
38	33
39	26
40	9
41	17
42	22
43	24
44	5
45	35
46	46
47	19
48	16
49	45
50	22
51	11
52	12
53	49
54	38
55	14
56	30
57	24
58	9
59	1
60	6
61	4
62	44
63	25
64	28
65	32
66	13
67	36
68	19
69	3
70	10
71	26
72	41
73	28
74	36
75	4
76	20
77	20
78	5
79	35
80	34
81	39
82	11
83	10
84	2
85	2
86	25
87	42
88	23
89	50
90	39
91	14
92	49
93	27
94	23
95	13
96	27
97	6
98	18
99	18
100	48
