Class Times	8
Rooms	20
1	856
2	750
3	702
4	643
5	915
6	806
7	383
8	950
9	393
10	25
11	756
12	398
13	719
14	60
15	108
16	306
17	194
18	204
19	652
20	525
Classes	100
Teachers	50
1	11
2	18
3	15
4	13
5	8
6	5
7	9
8	31
9	23
10	29
11	39
12	4
13	3
14	43
15	16
16	32
17	17
18	32
19	16
20	5
21	39
22	22
23	9
24	43
25	7
26	40
27	45
28	8
29	41
30	2
31	26
32	7
33	19
34	47
35	40
36	38
37	36
38	48
39	37
40	18
41	12
42	25
43	46
44	14
45	11
46	35
47	20
48	49
49	37
50	41
51	26
52	22
53	38
54	36
55	48
56	34
57	4
58	12
59	28
60	45
61	34
62	50
63	6
64	29
65	13
66	25
67	44
68	1
69	21
70	2
71	35
72	46
73	23
74	30
75	30
76	50
77	14
78	28
79	42
80	47
81	27
82	15
83	6
84	17
85	42
86	3
87	21
88	44
89	24
90	19
91	24
92	33
93	27
94	33
95	31
96	49
97	20
98	1
99	10
100	10
