Class Times	8
Rooms	20
1	179
2	873
3	545
4	319
5	104
6	578
7	547
8	13
9	437
10	433
11	653
12	969
13	99
14	451
15	749
16	195
17	464
18	709
19	34
20	811
Classes	100
Teachers	50
1	29
2	32
3	2
4	33
5	35
6	36
7	7
8	35
9	4
10	36
11	15
12	7
13	31
14	23
15	48
16	8
17	37
18	20
19	48
20	9
21	5
22	29
23	25
24	39
25	11
26	21
27	12
28	37
29	22
30	21
31	41
32	11
33	49
34	26
35	9
36	47
37	30
38	30
39	25
40	24
41	49
42	1
43	8
44	47
45	20
46	43
47	38
48	1
49	31
50	22
51	28
52	44
53	17
54	40
55	6
56	45
57	13
58	44
59	26
60	27
61	2
62	13
63	23
64	39
65	38
66	19
67	10
68	33
69	14
70	43
71	45
72	5
73	6
74	40
75	32
76	10
77	15
78	41
79	50
80	12
81	24
82	18
83	34
84	3
85	19
86	42
87	46
88	4
89	17
90	16
91	18
92	34
93	42
94	46
95	3
96	50
97	16
98	14
99	27
100	28
