Class Times	8
Rooms	20
1	654
2	25
3	258
4	586
5	258
6	167
7	793
8	91
9	232
10	440
11	464
12	393
13	242
14	876
15	941
16	709
17	980
18	245
19	26
20	28
Classes	100
Teachers	50
1	18
2	1
3	44
4	25
5	19
6	11
7	34
8	5
9	9
10	8
11	31
12	28
13	45
14	36
15	39
16	11
17	21
18	34
19	39
20	43
21	42
22	13
23	35
24	28
25	18
26	35
27	41
28	2
29	23
30	7
31	23
32	22
33	24
34	43
35	50
36	41
37	17
38	8
39	48
40	3
41	10
42	1
43	9
44	50
45	20
46	49
47	3
48	24
49	21
50	30
51	19
52	31
53	26
54	30
55	6
56	10
57	32
58	32
59	45
60	7
61	16
62	6
63	40
64	14
65	12
66	26
67	37
68	15
69	15
70	17
71	4
72	33
73	48
74	47
75	20
76	36
77	27
78	49
79	46
80	47
81	16
82	5
83	40
84	44
85	12
86	27
87	37
88	14
89	29
90	46
91	33
92	25
93	2
94	38
95	38
96	22
97	42
98	4
99	13
100	29
