Class Times	8
Rooms	20
1	60
2	287
3	625
4	649
5	736
6	772
7	64
8	76
9	131
10	641
11	77
12	310
13	704
14	898
15	858
16	322
17	811
18	187
19	104
20	115
Classes	100
Teachers	50
1	4
2	22
3	3
4	21
5	36
6	14
7	34
8	45
9	17
10	17
11	40
12	49
13	3
14	42
15	8
16	22
17	46
18	34
19	49
20	39
21	26
22	47
23	33
24	20
25	40
26	28
27	7
28	9
29	32
30	16
31	36
32	24
33	38
34	7
35	27
36	8
37	11
38	12
39	23
40	28
41	5
42	31
43	23
44	5
45	30
46	2
47	4
48	19
49	2
50	45
51	29
52	21
53	35
54	48
55	42
56	20
57	37
58	37
59	18
60	31
61	35
62	12
63	19
64	30
65	26
66	9
67	33
68	13
69	1
70	46
71	24
72	27
73	25
74	43
75	41
76	44
77	13
78	25
79	16
80	15
81	50
82	10
83	41
84	32
85	48
86	39
87	14
88	38
89	15
90	29
91	47
92	6
93	1
94	6
95	18
96	10
97	11
98	43
99	44
100	50
