Class Times	8
Rooms	20
1	436
2	378
3	632
4	518
5	748
6	504
7	169
8	907
9	463
10	803
11	104
12	137
13	24
14	435
15	923
16	417
17	299
18	826
19	551
20	887
Classes	100
Teachers	50
1	50
2	43
3	34
4	28
5	44
6	32
7	31
8	47
9	50
10	23
11	33
12	46
13	34
14	33
15	8
16	20
17	32
18	4
19	5
20	9
21	6
22	37
23	38
24	24
25	30
26	4
27	45
28	1
29	25
30	39
31	44
32	35
33	35
34	16
35	45
36	12
37	36
38	28
39	15
40	26
41	15
42	21
43	13
44	7
45	2
46	40
47	38
48	48
49	14
50	26
51	29
52	13
53	30
54	40
55	3
56	41
57	37
58	25
59	10
60	5
61	23
62	27
63	24
64	8
65	1
66	18
67	16
68	14
69	46
70	6
71	9
72	21
73	31
74	7
75	36
76	19
77	48
78	47
79	27
80	17
81	18
82	19
83	49
84	43
85	3
86	2
87	22
88	12
89	41
90	10
91	22
92	39
93	17
94	42
95	20
96	11
97	11
98	29
99	42
100	49
