Class Times	8
Rooms	20
1	402
2	303
3	481
4	416
5	945
6	765
7	388
8	523
9	735
10	467
11	217
12	677
13	402
14	906
15	751
16	84
17	954
18	715
19	899
20	887
Classes	100
Teachers	50
1	20
2	4
3	48
4	4
5	20
6	43
7	32
8	19
9	48
10	49
11	12
12	15
13	30
14	36
15	3
16	36
17	2
18	28
19	27
20	38
21	39
22	11
23	45
24	30
25	26
26	22
27	11
28	16
29	14
30	33
31	38
32	10
33	14
34	3
35	10
36	23
37	42
38	16
39	40
40	22
41	35
42	24
43	9
44	49
45	25
46	43
47	26
48	1
49	39
50	42
51	5
52	50
53	50
54	1
55	7
56	7
57	2
58	37
59	40
60	31
61	9
62	28
63	29
64	33
65	34
66	24
67	23
68	47
69	5
70	27
71	19
72	13
73	6
74	41
75	32
76	15
77	18
78	18
79	41
80	34
81	25
82	35
83	21
84	13
85	12
86	44
87	17
88	47
89	31
90	37
91	45
92	8
93	17
94	6
95	29
96	46
97	44
98	21
99	8
100	46
