Class Times	8
Rooms	20
1	645
2	679
3	966
4	452
5	463
6	319
7	169
8	237
9	268
10	984
11	141
12	123
13	304
14	308
15	100
16	877
17	908
18	139
19	427
20	781
Classes	100
Teachers	50
1	39
2	5
3	3
4	5
5	33
6	40
7	19
8	11
9	43
10	46
11	28
12	31
13	14
14	48
15	11
16	4
17	1
18	31
19	44
20	17
21	20
22	29
23	40
24	17
25	3
26	15
27	49
28	39
29	30
30	8
31	6
32	44
33	48
34	50
35	7
36	49
37	46
38	26
39	22
40	38
41	24
42	28
43	21
44	16
45	21
46	23
47	12
48	12
49	9
50	6
51	8
52	18
53	20
54	42
55	15
56	24
57	2
58	25
59	34
60	10
61	33
62	50
63	23
64	38
65	32
66	43
67	41
68	41
69	10
70	2
71	7
72	27
73	22
74	29
75	4
76	42
77	19
78	16
79	9
80	32
81	14
82	18
83	36
84	13
85	34
86	30
87	27
88	47
89	45
90	45
91	1
92	36
93	47
94	37
95	25
96	35
97	26
98	13
99	37
100	35
