Class Times	8
Rooms	20
1	497
2	776
3	809
4	804
5	886
6	568
7	371
8	849
9	147
10	373
11	308
12	712
13	272
14	415
15	64
16	490
17	938
18	276
19	364
20	283
Classes	100
Teachers	50
1	33
2	5
3	1
4	22
5	45
6	30
7	47
8	5
9	22
10	27
11	1
12	17
13	20
14	44
15	20
16	35
17	25
18	35
19	10
20	2
21	28
22	17
23	19
24	14
25	24
26	39
27	46
28	3
29	6
30	37
31	26
32	31
33	25
34	16
35	43
36	38
37	28
38	9
39	6
40	43
41	47
42	46
43	12
44	39
45	9
46	42
47	33
48	24
49	50
50	15
51	49
52	31
53	34
54	45
55	50
56	10
57	40
58	34
59	4
60	29
61	38
62	7
63	16
64	23
65	41
66	29
67	32
68	19
69	49
70	18
71	7
72	11
73	37
74	48
75	13
76	4
77	32
78	44
79	23
80	48
81	2
82	8
83	8
84	11
85	36
86	12
87	30
88	27
89	41
90	40
91	14
92	18
93	15
94	21
95	3
96	26
97	21
98	36
99	42
100	13
