Class Times	8
Rooms	20
1	50
2	814
3	509
4	540
5	214
6	241
7	617
8	267
9	505
10	503
11	22
12	10
13	666
14	877
15	989
16	280
17	252
18	74
19	357
20	550
Classes	100
Teachers	50
1	40
2	32
3	1
4	11
5	9
6	1
7	19
8	4
9	22
10	25
11	36
12	50
13	30
14	28
15	4
16	21
17	45
18	7
19	23
20	41
21	5
22	33
23	6
24	47
25	28
26	13
27	23
28	20
29	43
30	43
31	19
32	35
33	33
34	14
35	26
36	3
37	34
38	45
39	50
40	22
41	10
42	24
43	26
44	20
45	34
46	15
47	2
48	13
49	12
50	38
51	10
52	6
53	49
54	39
55	37
56	44
57	47
58	41
59	7
60	42
61	15
62	48
63	40
64	24
65	31
66	36
67	32
68	14
69	5
70	2
71	48
72	8
73	31
74	17
75	42
76	21
77	29
78	16
79	38
80	25
81	37
82	44
83	12
84	49
85	27
86	30
87	17
88	8
89	16
90	29
91	9
92	3
93	11
94	27
95	18
96	18
97	46
98	46
99	39
100	35
