Class Times	8
Rooms	20
1	754
2	147
3	906
4	651
5	206
6	767
7	953
8	532
9	409
10	49
11	168
12	909
13	434
14	714
15	830
16	83
17	898
18	207
19	512
20	800
Classes	100
Teachers	50
1	45
2	39
3	11
4	38
5	2
6	13
7	12
8	23
9	28
10	19
11	47
12	15
13	7
14	17
15	1
16	40
17	45
18	40
19	29
20	12
21	15
22	38
23	13
24	43
25	3
26	48
27	25
28	33
29	17
30	35
31	4
32	24
33	11
34	16
35	28
36	24
37	50
38	9
39	37
40	47
41	5
42	43
43	6
44	16
45	5
46	10
47	22
48	7
49	9
50	21
51	29
52	21
53	50
54	25
55	3
56	8
57	10
58	22
59	41
60	18
61	18
62	27
63	8
64	6
65	19
66	44
67	31
68	35
69	36
70	33
71	27
72	44
73	34
74	2
75	26
76	32
77	1
78	31
79	46
80	26
81	20
82	32
83	36
84	4
85	23
86	48
87	30
88	14
89	14
90	39
91	41
92	42
93	49
94	42
95	30
96	20
97	49
98	37
99	34
100	46
