Class Times	8
Rooms	20
1	783
2	74
3	715
4	384
5	74
6	782
7	434
8	973
9	472
10	334
11	12
12	788
13	767
14	884
15	402
16	982
17	442
18	48
19	309
20	807
Classes	100
Teachers	50
1	45
2	46
3	1
4	43
5	41
6	37
7	47
8	18
9	36
10	4
11	23
12	22
13	39
14	44
15	42
16	20
17	17
18	23
19	36
20	46
21	26
22	11
23	45
24	2
25	4
26	1
27	34
28	13
29	49
30	43
31	25
32	49
33	25
34	13
35	9
36	16
37	29
38	32
39	40
40	5
41	18
42	38
43	12
44	38
45	40
46	47
47	7
48	5
49	10
50	19
51	27
52	31
53	29
54	3
55	32
56	6
57	31
58	44
59	19
60	9
61	6
62	48
63	24
64	7
65	28
66	16
67	2
68	15
69	39
70	50
71	34
72	14
73	15
74	12
75	35
76	27
77	50
78	24
79	11
80	37
81	21
82	30
83	14
84	8
85	22
86	48
87	41
88	8
89	33
90	33
91	3
92	26
93	17
94	28
95	10
96	21
97	20
98	30
99	42
100	35
