Class Times	8
Rooms	20
1	346
2	382
3	986
4	272
5	206
6	327
7	435
8	792
9	873
10	101
11	476
12	761
13	203
14	973
15	817
16	260
17	674
18	635
19	546
20	90
Classes	100
Teachers	50
1	30
2	35
3	19
4	7
5	16
6	23
7	1
8	23
9	2
10	26
11	12
12	37
13	50
14	6
15	39
16	32
17	50
18	2
19	29
20	41
21	14
22	45
23	38
24	21
25	16
26	29
27	45
28	11
29	24
30	35
31	46
32	39
33	44
34	20
35	32
36	30
37	21
38	12
39	18
40	31
41	18
42	22
43	41
44	4
45	42
46	4
47	47
48	49
49	26
50	5
51	33
52	34
53	6
54	3
55	47
56	40
57	24
58	37
59	10
60	5
61	25
62	10
63	42
64	27
65	49
66	36
67	14
68	9
69	19
70	28
71	22
72	27
73	40
74	36
75	8
76	25
77	31
78	20
79	11
80	17
81	34
82	46
83	28
84	44
85	1
86	9
87	3
88	8
89	7
90	17
91	38
92	15
93	48
94	43
95	15
96	48
97	43
98	13
99	33
100	13
