Class Times	8
Rooms	20
1	281
2	947
3	297
4	417
5	425
6	805
7	142
8	925
9	688
10	835
11	178
12	423
13	319
14	416
15	874
16	947
17	97
18	686
19	255
20	561
Classes	100
Teachers	50
1	37
2	38
3	6
4	36
5	37
6	5
7	28
8	9
9	50
10	32
11	10
12	19
13	24
14	44
15	43
16	44
17	40
18	25
19	30
20	38
21	4
22	28
23	8
24	32
25	9
26	39
27	18
28	46
29	5
30	2
31	48
32	14
33	20
34	18
35	4
36	40
37	31
38	10
39	45
40	17
41	6
42	27
43	42
44	46
45	35
46	50
47	36
48	27
49	19
50	21
51	39
52	48
53	21
54	7
55	22
56	20
57	42
58	49
59	12
60	7
61	25
62	13
63	22
64	29
65	12
66	49
67	34
68	47
69	15
70	3
71	34
72	16
73	43
74	2
75	24
76	41
77	15
78	23
79	1
80	41
81	31
82	35
83	23
84	13
85	26
86	30
87	8
88	45
89	17
90	16
91	3
92	11
93	26
94	11
95	14
96	47
97	29
98	1
99	33
100	33
