Students	1000
1	95 67 56 82
2	31 67 91 58
3	33 14 27 56
4	24 49 61 23
5	17 45 38 42
6	19 74 17 56
7	89 38 33 29
8	95 42 70 69
9	26 27 45 11
10	25 71 28 43
11	73 81 35 57
12	81 14 65 67
13	47 66 96 6
14	87 80 70 17
15	59 90 66 7
16	73 25 46 21
17	91 46 57 20
18	81 53 90 70
19	60 81 27 96
20	70 47 21 28
21	42 17 5 86
22	82 5 31 57
23	25 76 35 37
24	46 95 42 24
25	54 84 38 71
26	85 2 77 65
27	63 23 39 71
28	13 11 17 83
29	68 13 31 62
30	36 92 51 11
31	30 49 73 17
32	23 57 77 36
33	81 7 41 26
34	32 59 35 47
35	73 56 93 92
36	38 66 93 92
37	82 70 75 37
38	75 36 79 4
39	56 39 18 96
40	94 22 23 12
41	100 13 71 40
42	64 69 57 23
43	90 38 76 40
44	76 87 43 33
45	41 85 29 61
46	4 94 66 73
47	90 22 34 4
48	72 91 40 95
49	17 94 74 88
50	84 21 15 29
51	96 19 10 82
52	74 25 34 65
53	1 32 11 53
54	1 56 55 44
55	90 28 31 13
56	54 17 8 21
57	95 94 88 57
58	46 20 83 27
59	50 72 16 45
60	26 44 14 73
61	22 92 72 62
62	26 38 8 41
63	80 86 57 66
64	28 37 58 92
65	64 50 95 93
66	27 68 99 74
67	18 74 22 36
68	91 6 20 83
69	93 23 74 84
70	1 9 73 14
71	70 73 12 92
72	9 87 15 82
73	40 42 11 83
74	55 33 72 22
75	46 70 21 49
76	91 43 68 63
77	8 91 54 57
78	63 70 90 85
79	53 5 82 40
80	72 55 15 93
81	29 86 26 3
82	42 76 26 97
83	94 34 69 27
84	52 83 62 8
85	79 3 21 78
86	9 98 64 39
87	57 14 26 86
88	84 75 58 78
89	87 90 20 88
90	27 24 96 60
91	81 58 43 34
92	27 66 86 78
93	95 59 94 99
94	93 52 49 79
95	47 60 79 77
96	42 85 66 4
97	83 24 65 23
98	36 72 48 22
99	87 29 74 2
100	59 12 89 42
101	56 75 87 69
102	93 8 61 58
103	1 74 51 21
104	3 6 97 59
105	57 18 51 27
106	78 46 1 24
107	38 45 22 51
108	6 76 22 62
109	78 40 93 51
110	50 19 40 17
111	75 27 83 90
112	69 87 9 31
113	27 70 7 77
114	97 23 48 93
115	51 48 1 84
116	65 80 73 72
117	49 70 88 15
118	97 47 87 100
119	33 40 4 52
120	98 23 80 1
121	77 31 69 75
122	13 38 71 8
123	28 86 54 32
124	1 63 26 14
125	71 90 10 15
126	76 66 30 77
127	96 61 48 45
128	5 80 22 7
129	13 71 25 51
130	85 31 21 96
131	8 44 79 28
132	52 91 68 82
133	12 57 77 51
134	28 54 90 57
135	68 72 64 44
136	65 86 76 37
137	48 69 2 18
138	29 32 77 19
139	17 50 34 49
140	19 23 62 95
141	55 4 39 79
142	25 33 21 5
143	7 6 49 10
144	29 67 31 2
145	46 4 57 41
146	88 70 16 78
147	84 97 54 21
148	74 30 56 32
149	35 98 45 23
150	44 17 95 2
151	54 71 92 64
152	91 81 87 35
153	84 29 32 11
154	43 81 42 61
155	13 89 93 41
156	7 42 27 54
157	60 47 15 64
158	70 53 67 37
159	29 9 16 79
160	83 3 89 60
161	60 9 2 15
162	86 66 21 65
163	56 11 69 68
164	70 14 88 5
165	90 62 61 93
166	62 53 31 71
167	6 33 29 59
168	29 60 64 44
169	92 20 31 63
170	76 79 24 23
171	12 27 52 37
172	74 36 55 88
173	63 27 93 43
174	32 90 60 40
175	72 89 41 53
176	7 34 28 8
177	100 93 90 80
178	33 58 90 36
179	70 62 91 1
180	95 54 63 6
181	24 92 45 6
182	24 14 3 86
183	87 33 78 62
184	99 40 97 37
185	97 55 19 28
186	2 53 8 84
187	1 47 25 61
188	80 62 46 44
189	26 27 54 23
190	23 26 53 32
191	73 20 54 53
192	87 95 52 91
193	52 86 43 60
194	21 24 15 41
195	70 55 49 10
196	87 58 94 3
197	68 23 56 79
198	70 56 23 19
199	98 32 10 77
200	22 71 13 52
201	94 58 61 32
202	59 61 40 18
203	67 70 27 63
204	46 15 97 68
205	81 11 58 74
206	60 39 57 70
207	43 34 32 11
208	31 74 44 23
209	46 24 29 97
210	18 14 39 36
211	25 15 16 56
212	97 31 62 5
213	53 45 19 11
214	75 22 52 39
215	84 7 47 78
216	35 9 75 47
217	15 21 86 48
218	18 27 23 73
219	89 18 3 5
220	4 27 100 14
221	18 46 24 17
222	52 72 55 17
223	61 59 54 2
224	84 69 36 72
225	64 81 52 77
226	96 11 92 82
227	75 3 61 78
228	58 100 39 97
229	75 51 61 15
230	11 60 31 75
231	60 12 95 94
232	34 33 2 91
233	14 88 65 34
234	35 96 78 67
235	83 5 73 85
236	63 64 8 10
237	98 63 13 8
238	43 35 49 59
239	1 70 92 34
240	47 98 58 44
241	77 62 8 33
242	10 41 68 58
243	52 43 29 57
244	3 78 77 6
245	13 80 77 69
246	21 36 10 52
247	31 33 96 42
248	97 88 15 64
249	37 90 58 94
250	26 13 92 91
251	30 64 59 95
252	88 15 64 97
253	92 59 60 56
254	59 89 99 35
255	58 67 79 29
256	94 78 31 20
257	10 28 60 68
258	77 49 39 31
259	62 49 6 76
260	77 76 25 64
261	86 70 65 64
262	55 61 88 21
263	89 71 2 34
264	84 77 70 24
265	68 10 49 19
266	49 79 77 14
267	52 8 93 74
268	74 48 62 11
269	79 51 46 81
270	15 68 64 3
271	80 63 65 21
272	86 37 77 43
273	33 56 92 39
274	10 56 33 26
275	67 36 4 80
276	15 4 95 75
277	43 1 72 23
278	67 40 87 56
279	29 55 48 54
280	72 5 64 37
281	40 15 34 29
282	31 23 17 76
283	53 18 67 72
284	75 52 40 20
285	14 1 68 12
286	56 14 22 99
287	10 35 76 61
288	25 91 45 27
289	95 22 57 62
290	4 88 77 42
291	5 42 15 9
292	16 33 21 64
293	61 21 45 30
294	21 86 76 44
295	77 28 83 100
296	1 80 97 79
297	51 62 4 35
298	3 66 81 47
299	44 51 35 99
300	12 100 1 68
301	8 61 86 52
302	15 50 75 95
303	54 80 82 27
304	44 36 68 43
305	84 96 65 39
306	24 20 94 64
307	18 72 10 100
308	8 63 65 29
309	92 86 16 41
310	69 54 100 71
311	34 77 28 2
312	49 93 82 39
313	59 92 8 100
314	62 96 26 53
315	30 55 35 69
316	72 15 82 86
317	55 45 46 47
318	57 56 100 40
319	54 64 50 39
320	2 27 29 75
321	80 69 63 62
322	48 5 88 71
323	63 24 3 76
324	15 19 13 55
325	21 45 71 80
326	55 94 43 50
327	76 59 55 79
328	59 83 52 27
329	8 87 15 54
330	67 26 22 39
331	36 43 66 97
332	46 63 9 31
333	78 32 16 87
334	27 97 39 11
335	89 95 41 60
336	21 29 42 37
337	85 27 45 25
338	38 22 37 35
339	93 64 32 8
340	9 88 52 34
341	18 38 82 20
342	45 86 73 33
343	90 49 89 43
344	3 57 84 85
345	32 14 73 50
346	26 23 32 57
347	8 59 18 98
348	68 51 38 30
349	65 16 89 95
350	27 37 28 19
351	94 7 95 49
352	96 94 88 56
353	48 22 13 10
354	46 27 13 8
355	23 21 17 58
356	48 28 39 9
357	8 47 15 5
358	74 66 42 5
359	28 53 20 49
360	83 41 2 57
361	70 51 71 41
362	58 10 66 68
363	19 21 38 79
364	3 6 29 26
365	67 80 71 100
366	92 17 77 15
367	33 27 29 77
368	87 84 77 91
369	47 94 13 71
370	61 100 46 29
371	38 75 33 13
372	57 61 63 98
373	89 69 18 88
374	65 43 73 89
375	26 87 25 37
376	3 2 31 85
377	25 61 17 30
378	28 25 57 59
379	18 49 35 38
380	10 42 61 100
381	44 6 3 87
382	79 37 35 80
383	48 51 46 10
384	42 50 85 16
385	33 87 78 57
386	50 79 65 46
387	18 90 41 99
388	20 87 88 69
389	98 20 26 36
390	73 53 63 29
391	43 5 38 53
392	83 5 27 80
393	89 41 37 24
394	21 34 25 40
395	43 20 72 6
396	47 64 58 31
397	63 31 73 47
398	13 72 47 95
399	18 83 4 48
400	1 5 2 69
401	99 86 64 47
402	34 45 31 61
403	53 11 99 51
404	67 11 70 6
405	57 53 48 17
406	50 54 59 42
407	14 51 61 63
408	24 89 8 26
409	6 54 41 99
410	68 19 74 98
411	85 4 25 36
412	49 65 60 21
413	21 86 2 14
414	62 7 42 46
415	32 99 95 28
416	36 51 66 10
417	51 71 52 66
418	63 15 57 4
419	15 16 30 50
420	68 37 71 12
421	23 83 99 81
422	86 28 11 100
423	19 56 69 100
424	96 88 43 7
425	21 2 90 25
426	35 88 7 54
427	37 60 33 56
428	60 96 28 40
429	86 83 12 62
430	95 45 56 84
431	46 41 56 60
432	3 56 65 80
433	15 38 43 81
434	66 2 26 7
435	44 65 10 11
436	37 92 70 84
437	57 7 46 72
438	65 41 99 57
439	63 8 57 70
440	8 56 37 73
441	15 29 45 49
442	51 75 98 49
443	89 38 92 71
444	74 26 85 24
445	8 79 22 1
446	47 63 39 77
447	40 31 45 64
448	32 41 36 6
449	80 74 16 63
450	28 77 48 65
451	27 20 23 36
452	99 22 69 47
453	56 66 14 2
454	96 23 86 89
455	91 25 7 67
456	71 47 41 12
457	78 79 67 44
458	86 40 63 45
459	78 4 46 20
460	6 73 29 24
461	85 51 66 100
462	53 44 54 37
463	16 53 87 69
464	19 15 35 69
465	7 97 58 35
466	88 29 90 84
467	100 51 11 71
468	35 90 58 92
469	5 3 57 11
470	46 60 31 96
471	13 46 24 94
472	9 14 35 83
473	8 78 55 79
474	47 93 89 42
475	95 56 67 92
476	45 34 68 16
477	29 96 54 23
478	24 63 98 64
479	36 76 20 1
480	99 69 42 17
481	71 94 50 62
482	50 6 15 43
483	59 64 24 100
484	12 27 56 91
485	94 5 26 84
486	64 9 82 33
487	60 22 71 4
488	34 77 91 60
489	22 16 88 11
490	25 80 88 81
491	48 58 41 92
492	46 87 94 80
493	47 80 23 54
494	45 33 30 100
495	23 56 92 36
496	72 50 3 42
497	47 36 42 45
498	81 34 52 84
499	51 76 54 40
500	50 32 100 40
501	18 49 13 66
502	90 46 28 3
503	28 62 85 11
504	9 7 77 65
505	90 83 6 97
506	75 55 22 98
507	34 15 73 52
508	78 42 57 90
509	54 15 69 93
510	87 22 63 27
511	77 10 83 67
512	96 4 7 46
513	48 15 86 76
514	38 51 100 27
515	18 75 89 3
516	14 20 21 76
517	76 78 50 100
518	70 89 68 78
519	36 75 99 77
520	44 81 68 83
521	25 54 7 9
522	55 64 70 10
523	96 57 60 11
524	19 78 72 56
525	9 83 98 66
526	75 95 47 20
527	80 94 2 13
528	55 82 31 54
529	31 10 80 1
530	91 100 77 46
531	24 75 43 71
532	2 74 17 27
533	1 52 61 94
534	88 19 60 85
535	35 30 39 70
536	35 31 99 4
537	2 13 40 1
538	80 40 91 64
539	85 36 72 59
540	93 57 74 63
541	65 32 43 40
542	9 21 81 80
543	51 73 58 52
544	42 38 75 14
545	13 33 97 22
546	51 9 81 45
547	48 93 77 100
548	66 71 25 85
549	42 75 81 16
550	24 15 52 70
551	30 42 36 56
552	3 13 85 71
553	5 40 100 85
554	28 29 1 84
555	84 22 47 46
556	91 56 100 71
557	44 21 32 49
558	21 88 70 66
559	73 6 66 26
560	14 48 17 2
561	76 73 88 17
562	69 71 5 15
563	34 59 72 22
564	3 98 1 2
565	89 17 9 2
566	24 22 11 17
567	82 95 43 76
568	21 14 45 47
569	29 4 24 73
570	29 50 25 23
571	45 56 43 78
572	50 94 25 2
573	79 94 45 15
574	32 5 47 44
575	82 12 9 20
576	86 10 6 89
577	71 86 5 68
578	73 18 33 78
579	64 74 28 66
580	65 69 21 95
581	3 16 20 79
582	90 15 66 19
583	64 19 57 65
584	70 16 67 60
585	79 93 46 78
586	61 9 64 25
587	44 76 20 8
588	95 89 1 9
589	64 55 34 14
590	58 25 13 57
591	56 51 34 42
592	100 67 62 99
593	83 54 55 1
594	88 66 55 93
595	91 95 88 21
596	94 22 17 90
597	37 66 98 3
598	2 36 98 88
599	21 6 82 31
600	76 5 52 13
601	43 66 18 79
602	84 89 5 66
603	87 14 83 92
604	52 45 72 61
605	98 21 84 81
606	44 19 22 3
607	20 33 88 40
608	81 61 62 75
609	57 72 40 9
610	80 50 78 9
611	79 21 86 5
612	16 41 62 47
613	8 31 56 70
614	73 35 79 9
615	70 37 86 6
616	1 88 41 40
617	19 26 60 100
618	64 49 57 58
619	10 82 49 4
620	57 90 8 46
621	37 82 22 61
622	41 24 60 20
623	30 28 11 57
624	93 38 20 64
625	8 74 17 73
626	88 91 47 33
627	17 34 6 97
628	92 55 49 84
629	98 46 83 9
630	71 83 50 79
631	100 89 97 32
632	48 85 15 66
633	5 73 91 50
634	27 71 94 84
635	84 61 80 29
636	90 11 25 63
637	41 94 69 98
638	17 52 74 96
639	100 59 97 9
640	16 56 17 76
641	27 73 81 13
642	58 13 31 14
643	38 21 47 5
644	55 42 11 84
645	31 32 84 6
646	18 39 21 73
647	2 96 51 5
648	78 74 12 32
649	65 10 51 30
650	3 65 73 11
651	73 83 13 25
652	89 58 86 21
653	4 28 21 12
654	11 28 15 23
655	89 76 38 80
656	87 41 82 61
657	67 2 26 96
658	45 25 67 59
659	87 43 86 71
660	74 96 73 68
661	28 29 49 3
662	33 19 26 53
663	53 88 75 15
664	88 5 8 67
665	8 5 84 71
666	83 42 9 70
667	76 53 71 82
668	81 20 88 44
669	66 67 94 41
670	69 8 28 15
671	6 62 24 29
672	89 95 15 72
673	78 46 96 85
674	43 27 100 46
675	51 29 39 28
676	35 19 73 85
677	94 83 23 97
678	91 66 28 78
679	71 63 88 36
680	86 98 43 89
681	93 48 24 1
682	4 19 3 77
683	54 48 13 53
684	54 60 65 15
685	78 54 22 40
686	27 81 8 75
687	79 98 56 74
688	87 92 88 85
689	92 71 31 54
690	83 21 33 52
691	6 83 35 13
692	19 25 78 15
693	45 68 99 54
694	24 14 26 79
695	40 98 44 71
696	73 15 78 85
697	63 41 42 54
698	28 77 38 9
699	59 27 44 75
700	7 11 32 65
701	26 13 71 24
702	44 8 39 53
703	25 2 80 94
704	77 94 22 56
705	46 3 26 68
706	78 34 18 96
707	82 69 30 54
708	17 84 94 89
709	10 88 39 43
710	10 84 23 30
711	21 86 26 96
712	5 89 34 67
713	51 18 53 34
714	34 38 72 42
715	48 7 92 78
716	15 95 33 53
717	37 60 93 54
718	81 28 36 10
719	6 24 9 3
720	55 43 59 89
721	68 82 84 98
722	78 19 31 54
723	56 53 11 5
724	12 52 91 4
725	82 21 84 51
726	92 98 57 5
727	27 15 42 73
728	94 43 2 74
729	34 14 52 41
730	66 97 84 21
731	90 47 86 61
732	10 27 81 92
733	80 78 65 40
734	1 4 95 83
735	50 65 34 53
736	25 71 48 79
737	92 58 93 67
738	65 99 32 61
739	91 44 41 45
740	26 71 64 58
741	42 99 74 51
742	52 34 62 82
743	53 89 47 80
744	4 20 81 40
745	98 82 14 10
746	34 63 62 84
747	64 60 78 13
748	59 80 62 14
749	66 7 2 25
750	11 45 23 38
751	1 33 80 10
752	83 4 50 34
753	63 13 44 47
754	38 78 5 66
755	62 6 30 4
756	76 79 75 51
757	11 52 37 41
758	83 40 8 92
759	52 92 30 58
760	98 64 32 29
761	85 28 59 46
762	43 29 2 38
763	45 91 10 63
764	64 56 46 49
765	44 58 11 47
766	22 37 5 11
767	17 49 9 33
768	56 84 67 81
769	66 62 25 65
770	5 62 50 72
771	45 67 54 90
772	33 55 14 3
773	77 58 69 15
774	49 71 37 57
775	57 18 86 14
776	23 7 17 83
777	88 60 72 29
778	93 54 17 23
779	58 4 11 30
780	63 73 37 80
781	71 59 91 47
782	6 14 79 44
783	10 91 20 35
784	95 27 19 40
785	37 38 18 90
786	15 4 95 84
787	47 52 67 34
788	33 25 77 62
789	86 63 7 13
790	37 93 11 28
791	19 100 48 59
792	71 12 47 75
793	76 83 47 24
794	75 90 58 13
795	16 9 21 62
796	10 94 1 18
797	5 39 99 70
798	65 69 66 12
799	82 72 22 54
800	27 94 15 90
801	11 57 53 20
802	92 91 94 29
803	37 50 40 76
804	7 46 14 31
805	36 80 91 16
806	27 41 5 86
807	68 18 37 46
808	96 1 48 60
809	5 84 48 64
810	48 98 50 37
811	50 28 35 94
812	65 34 57 56
813	19 63 7 72
814	37 21 51 27
815	12 6 4 94
816	76 95 41 96
817	71 75 78 81
818	84 15 77 74
819	64 90 34 50
820	95 32 33 54
821	24 97 47 32
822	21 9 66 55
823	35 66 53 93
824	7 71 56 28
825	8 34 82 61
826	84 66 39 24
827	8 37 36 7
828	9 57 94 74
829	30 63 46 32
830	64 2 1 80
831	35 71 29 66
832	87 60 18 37
833	15 17 53 29
834	99 81 26 69
835	77 82 61 83
836	19 22 52 16
837	96 40 54 85
838	23 16 80 2
839	100 47 27 76
840	52 92 10 44
841	70 54 9 62
842	1 19 99 23
843	73 74 19 32
844	70 57 27 99
845	27 92 35 59
846	39 68 8 94
847	57 10 23 2
848	69 14 50 36
849	9 29 26 47
850	52 72 56 47
851	5 20 66 97
852	47 97 94 87
853	37 35 75 30
854	86 70 21 65
855	10 68 73 88
856	93 69 100 94
857	90 67 10 13
858	42 40 49 39
859	90 15 14 62
860	50 62 57 79
861	14 70 89 7
862	1 7 42 23
863	54 67 62 42
864	8 61 26 36
865	22 63 33 98
866	25 20 92 6
867	30 60 38 80
868	17 32 26 90
869	96 74 53 51
870	50 31 47 89
871	29 35 78 90
872	25 12 88 63
873	37 42 95 94
874	46 18 62 37
875	12 90 19 94
876	32 23 1 9
877	79 63 4 65
878	15 79 53 62
879	8 59 19 56
880	99 18 59 58
881	46 37 73 31
882	92 11 4 62
883	67 1 24 36
884	7 9 50 17
885	51 23 53 78
886	80 90 99 84
887	98 77 13 25
888	77 50 72 47
889	38 93 91 33
890	23 39 66 10
891	36 90 95 64
892	61 75 89 50
893	55 6 7 99
894	84 48 31 33
895	26 66 89 50
896	87 53 50 67
897	95 56 51 7
898	2 7 6 75
899	55 75 37 17
900	76 28 13 75
901	30 33 37 1
902	60 61 20 1
903	61 41 7 20
904	75 80 12 96
905	48 78 38 100
906	56 62 67 31
907	34 46 15 70
908	23 19 15 85
909	15 21 68 12
910	59 20 65 90
911	100 13 8 60
912	58 87 90 8
913	29 72 70 10
914	7 67 1 65
915	88 53 98 45
916	88 39 57 36
917	94 48 27 51
918	16 70 35 39
919	34 73 26 47
920	24 18 75 19
921	3 25 45 66
922	69 99 1 71
923	12 62 13 14
924	29 78 18 6
925	85 58 46 57
926	10 89 7 2
927	6 23 61 26
928	13 71 72 18
929	39 56 1 74
930	58 61 11 47
931	66 98 57 88
932	84 32 51 49
933	95 33 12 51
934	5 54 19 90
935	69 11 34 49
936	4 35 70 77
937	61 21 16 52
938	24 70 19 36
939	38 2 60 26
940	2 37 52 49
941	94 19 26 6
942	4 21 69 45
943	84 34 46 96
944	95 86 30 81
945	39 83 76 48
946	63 3 78 27
947	85 23 26 29
948	65 73 76 68
949	5 43 80 31
950	68 42 64 54
951	39 54 36 44
952	79 84 57 71
953	35 78 40 74
954	56 68 80 53
955	15 97 38 93
956	56 37 97 81
957	22 99 40 63
958	82 34 11 90
959	39 61 95 84
960	40 89 60 14
961	55 29 23 82
962	73 22 41 94
963	64 19 53 75
964	10 72 28 95
965	38 37 53 14
966	78 44 10 62
967	17 53 62 14
968	75 85 46 88
969	2 60 65 4
970	26 48 1 42
971	93 82 16 89
972	31 51 75 71
973	12 54 70 48
974	69 38 86 40
975	77 23 35 10
976	99 7 98 82
977	87 54 96 13
978	94 81 12 87
979	87 21 4 10
980	62 18 6 49
981	87 4 55 88
982	26 48 36 65
983	11 5 77 3
984	67 95 83 31
985	48 22 33 25
986	74 99 47 46
987	13 19 9 69
988	76 74 51 44
989	21 9 67 22
990	100 64 30 11
991	40 49 8 81
992	8 49 56 16
993	56 66 1 41
994	88 96 86 95
995	11 8 91 63
996	34 40 94 96
997	85 100 37 42
998	39 94 81 86
999	77 87 86 73
1000	43 9 47 97
