Students	1000
1	21 27 88 36
2	26 65 14 25
3	83 73 13 21
4	25 60 2 58
5	19 39 1 11
6	60 74 50 49
7	44 2 87 49
8	56 87 99 43
9	7 25 8 69
10	65 12 37 13
11	91 38 6 21
12	62 75 10 80
13	26 81 94 73
14	76 68 35 98
15	80 51 53 37
16	11 61 70 22
17	73 23 44 76
18	51 73 62 12
19	56 69 70 67
20	96 28 40 8
21	73 2 77 81
22	80 13 15 2
23	75 9 51 79
24	50 94 17 6
25	77 99 16 43
26	43 4 57 69
27	65 15 29 85
28	54 63 20 89
29	27 54 3 23
30	64 72 36 58
31	78 35 8 64
32	35 31 3 73
33	38 49 22 87
34	64 8 98 34
35	2 29 33 55
36	81 52 8 83
37	86 68 41 7
38	60 50 28 33
39	10 8 7 43
40	95 59 26 19
41	14 94 25 69
42	8 22 24 34
43	2 33 76 48
44	63 91 18 69
45	51 79 29 24
46	65 83 71 3
47	4 5 45 66
48	60 6 62 4
49	57 99 18 44
50	91 62 94 45
51	21 94 16 48
52	42 21 98 87
53	34 25 48 50
54	35 60 13 92
55	19 31 80 100
56	45 85 18 52
57	78 7 76 58
58	99 82 51 60
59	57 43 100 25
60	58 60 64 12
61	98 89 31 3
62	5 31 1 76
63	13 79 35 29
64	71 51 42 69
65	83 74 47 93
66	72 32 97 21
67	31 68 81 51
68	85 59 57 6
69	82 34 98 4
70	88 34 96 21
71	61 92 48 53
72	86 35 62 83
73	83 76 14 39
74	81 24 19 54
75	42 44 64 34
76	69 8 60 39
77	4 6 36 89
78	85 49 94 73
79	77 69 2 24
80	72 12 25 60
81	19 18 75 94
82	100 81 85 64
83	97 62 4 45
84	38 69 93 29
85	53 24 37 40
86	58 82 29 64
87	3 30 5 54
88	61 22 68 97
89	51 75 37 80
90	64 98 73 12
91	5 18 72 17
92	24 17 26 54
93	62 95 26 96
94	40 12 66 97
95	19 82 34 14
96	40 93 6 56
97	52 95 21 39
98	85 31 83 34
99	28 92 30 45
100	31 24 73 54
101	20 15 23 80
102	5 75 55 22
103	33 84 55 89
104	13 24 10 63
105	15 28 13 63
106	31 24 27 51
107	73 86 95 77
108	16 48 92 10
109	43 48 7 99
110	48 91 61 28
111	87 80 71 41
112	90 89 42 70
113	17 43 20 39
114	87 32 9 8
115	100 19 13 44
116	21 4 13 94
117	31 4 81 8
118	38 57 13 64
119	49 7 31 88
120	90 94 50 100
121	48 37 3 25
122	1 91 55 18
123	21 11 35 95
124	21 20 61 64
125	30 54 76 98
126	69 100 22 48
127	53 19 63 17
128	23 12 24 40
129	69 55 30 64
130	2 62 24 7
131	25 1 45 19
132	3 6 1 51
133	91 83 12 50
134	97 80 60 27
135	9 84 36 4
136	22 35 76 47
137	8 100 95 30
138	7 67 19 42
139	76 79 60 73
140	38 90 16 39
141	64 50 79 67
142	95 44 24 23
143	92 64 22 20
144	7 82 1 2
145	46 72 21 49
146	14 97 13 2
147	33 18 14 17
148	34 62 20 12
149	49 62 40 7
150	98 12 75 28
151	81 85 17 18
152	12 74 27 53
153	55 39 4 68
154	16 37 91 96
155	52 34 33 64
156	47 50 75 81
157	44 37 17 79
158	44 83 1 97
159	26 60 29 18
160	3 32 67 89
161	47 37 54 55
162	83 60 94 35
163	98 49 45 8
164	89 10 42 22
165	15 13 68 97
166	69 32 54 2
167	44 41 83 9
168	5 39 36 83
169	100 85 8 39
170	86 99 5 17
171	31 19 22 78
172	64 65 85 49
173	82 62 70 71
174	25 75 36 83
175	99 64 96 20
176	36 3 38 37
177	71 39 65 97
178	81 91 33 6
179	18 77 46 80
180	12 74 80 65
181	90 70 69 48
182	99 20 3 61
183	94 37 98 55
184	65 2 70 92
185	7 5 89 82
186	45 73 52 23
187	18 59 15 27
188	65 81 26 56
189	100 83 82 26
190	8 48 22 5
191	87 2 3 40
192	13 61 32 60
193	2 96 45 35
194	80 20 44 78
195	30 43 88 28
196	25 29 92 16
197	68 72 20 28
198	51 80 43 63
199	73 6 7 51
200	93 32 6 7
201	24 31 61 92
202	38 77 61 80
203	60 73 67 7
204	58 81 97 25
205	16 21 4 28
206	4 46 76 23
207	24 46 77 23
208	100 31 76 78
209	19 95 52 35
210	81 52 68 53
211	79 72 13 12
212	63 71 87 31
213	20 5 39 43
214	37 64 74 6
215	34 31 55 2
216	23 25 30 90
217	45 55 88 47
218	61 64 65 27
219	71 67 89 65
220	66 33 15 40
221	11 69 6 42
222	63 7 56 78
223	43 95 4 83
224	70 10 31 17
225	76 27 24 92
226	24 38 5 75
227	100 90 64 9
228	44 42 67 6
229	23 12 49 55
230	23 66 1 19
231	28 50 56 96
232	61 64 46 67
233	75 29 40 48
234	66 53 90 99
235	75 55 20 17
236	17 80 38 60
237	10 79 77 41
238	7 98 9 55
239	53 9 23 62
240	39 9 59 37
241	17 18 4 9
242	87 91 15 42
243	2 61 12 13
244	5 9 53 80
245	53 71 94 13
246	78 12 67 31
247	46 32 68 30
248	49 16 23 10
249	84 85 63 4
250	98 17 95 24
251	82 2 36 100
252	56 7 66 87
253	17 45 34 66
254	41 44 50 81
255	85 35 9 37
256	70 72 14 68
257	80 21 41 36
258	16 39 91 5
259	36 85 27 41
260	94 29 9 35
261	92 6 23 30
262	74 17 9 81
263	33 50 70 23
264	59 6 3 91
265	33 88 22 65
266	96 18 84 61
267	32 49 62 35
268	47 75 99 50
269	5 38 18 37
270	52 10 95 12
271	69 3 33 32
272	77 58 78 25
273	85 19 5 88
274	33 26 86 59
275	8 27 94 78
276	90 80 41 95
277	26 44 43 96
278	7 100 49 62
279	72 18 17 1
280	83 72 90 28
281	78 97 41 30
282	95 53 6 51
283	2 12 66 32
284	6 75 56 64
285	49 21 56 92
286	87 93 79 9
287	68 22 85 20
288	15 83 62 18
289	3 31 68 25
290	86 32 40 6
291	61 72 76 74
292	96 28 21 60
293	30 22 92 64
294	29 87 74 16
295	2 45 60 71
296	19 10 13 53
297	23 54 10 84
298	32 31 91 68
299	11 12 21 32
300	67 17 8 85
301	55 43 56 49
302	36 86 61 4
303	57 19 56 59
304	58 85 92 7
305	37 89 75 68
306	76 100 82 46
307	70 26 89 72
308	65 89 42 61
309	5 19 35 39
310	95 39 78 12
311	74 49 35 9
312	81 84 54 88
313	62 31 85 90
314	49 76 4 7
315	94 42 95 64
316	1 22 4 12
317	70 61 62 93
318	12 74 10 96
319	32 1 41 76
320	11 4 14 64
321	86 12 2 92
322	62 92 63 36
323	11 10 18 2
324	9 72 44 85
325	58 12 8 54
326	91 53 60 12
327	46 42 57 28
328	96 29 33 27
329	49 96 84 65
330	93 54 68 11
331	82 75 95 11
332	7 35 58 33
333	51 35 25 13
334	18 20 72 36
335	11 10 36 45
336	82 48 88 65
337	92 40 35 32
338	85 16 31 54
339	87 5 100 88
340	77 57 27 64
341	22 7 92 3
342	77 81 71 72
343	35 64 82 43
344	72 67 76 26
345	94 87 76 36
346	21 19 57 46
347	8 13 2 90
348	8 43 42 39
349	11 69 20 45
350	37 89 38 87
351	87 56 38 85
352	56 87 78 71
353	75 41 9 24
354	24 18 55 9
355	61 18 17 74
356	69 60 83 96
357	19 6 55 35
358	58 20 76 78
359	92 24 98 46
360	14 60 43 49
361	62 23 88 85
362	50 76 28 98
363	12 77 94 6
364	89 73 87 18
365	98 55 27 29
366	11 17 76 66
367	99 89 55 33
368	30 2 22 69
369	77 76 23 17
370	15 60 84 91
371	4 15 67 52
372	89 54 31 45
373	48 79 81 52
374	96 16 7 99
375	1 56 19 40
376	76 19 58 46
377	73 41 24 1
378	53 73 98 49
379	7 86 33 19
380	37 90 96 29
381	38 57 28 17
382	63 59 38 76
383	89 93 20 25
384	71 40 20 63
385	4 94 67 87
386	95 85 63 21
387	76 54 39 35
388	88 67 30 95
389	28 50 96 24
390	41 7 48 14
391	51 94 84 23
392	71 66 2 40
393	44 19 65 33
394	38 79 78 39
395	95 83 16 76
396	63 5 60 89
397	76 10 44 52
398	43 72 4 78
399	100 84 23 67
400	31 96 9 85
401	24 43 7 41
402	63 81 79 11
403	71 56 76 97
404	48 95 8 42
405	56 53 98 55
406	71 58 6 44
407	90 71 7 35
408	10 79 61 78
409	87 49 69 40
410	67 22 59 62
411	17 92 30 73
412	73 58 97 28
413	25 83 35 42
414	57 43 41 34
415	35 87 92 79
416	33 90 50 38
417	14 16 61 65
418	84 22 77 78
419	3 80 17 9
420	2 28 47 15
421	28 80 37 12
422	65 13 4 99
423	67 20 51 75
424	95 43 1 11
425	33 80 55 89
426	89 34 100 53
427	37 27 86 44
428	93 88 37 36
429	47 67 2 29
430	43 61 22 13
431	34 27 23 55
432	33 84 92 24
433	64 35 6 61
434	59 10 20 53
435	72 55 81 76
436	31 85 77 39
437	32 97 52 79
438	1 78 94 44
439	4 56 94 1
440	85 3 95 63
441	55 28 90 69
442	27 87 23 59
443	91 32 39 37
444	19 24 95 81
445	55 35 60 38
446	18 70 92 91
447	89 18 76 17
448	15 43 1 33
449	27 10 15 43
450	34 17 3 85
451	98 50 42 19
452	66 96 80 51
453	96 51 83 76
454	15 55 67 50
455	59 89 44 92
456	57 4 77 43
457	73 41 64 4
458	10 27 54 86
459	77 63 97 74
460	80 4 44 96
461	9 10 12 81
462	48 3 77 33
463	63 20 53 36
464	80 77 98 89
465	14 89 37 83
466	41 78 81 28
467	53 80 81 62
468	97 8 11 34
469	63 61 56 8
470	32 43 69 68
471	43 15 32 86
472	96 63 4 99
473	83 61 20 92
474	69 52 99 8
475	58 66 35 32
476	39 45 7 44
477	30 2 91 22
478	64 99 36 7
479	95 39 4 76
480	22 2 66 30
481	53 52 79 44
482	75 48 65 5
483	22 83 81 35
484	68 31 37 77
485	19 73 93 67
486	49 29 32 19
487	3 28 24 10
488	18 21 81 79
489	28 26 60 39
490	36 65 39 77
491	36 56 88 71
492	3 36 39 60
493	80 55 23 46
494	2 37 32 47
495	97 50 96 16
496	84 13 64 46
497	69 61 38 39
498	69 97 92 90
499	80 74 65 48
500	94 10 60 91
501	24 46 65 40
502	64 92 41 54
503	92 69 36 55
504	91 27 97 5
505	57 41 63 33
506	39 18 28 15
507	1 66 9 2
508	96 45 59 22
509	84 74 39 78
510	81 12 66 83
511	87 90 12 5
512	76 83 3 11
513	35 88 25 6
514	39 16 98 47
515	82 87 88 39
516	83 74 62 17
517	56 21 27 50
518	34 71 65 14
519	27 54 13 84
520	27 20 37 94
521	47 32 66 5
522	98 33 85 16
523	42 36 4 44
524	94 82 57 44
525	33 75 36 82
526	28 89 97 60
527	75 2 90 67
528	33 59 55 80
529	79 18 10 76
530	64 89 95 42
531	23 37 38 80
532	70 98 50 30
533	61 94 41 53
534	83 85 77 5
535	21 24 29 100
536	8 63 100 61
537	82 36 80 19
538	87 55 98 64
539	87 63 91 64
540	29 14 67 87
541	50 30 46 57
542	31 34 75 65
543	2 62 39 40
544	94 4 60 56
545	52 7 15 61
546	94 37 4 86
547	80 92 82 97
548	2 88 33 4
549	100 23 73 15
550	87 53 74 13
551	24 41 86 33
552	45 7 37 38
553	28 94 5 14
554	59 56 78 37
555	82 72 19 99
556	50 43 24 65
557	27 69 83 72
558	36 34 6 19
559	91 35 47 2
560	6 69 50 49
561	36 89 48 30
562	8 41 100 3
563	13 100 72 75
564	62 68 46 70
565	26 46 13 40
566	41 72 46 50
567	80 85 41 22
568	96 95 91 17
569	8 11 27 26
570	78 59 74 51
571	34 77 8 52
572	62 69 55 33
573	83 23 10 63
574	90 68 11 44
575	64 53 49 81
576	41 21 90 97
577	16 76 58 56
578	66 55 18 24
579	61 42 70 47
580	56 37 87 83
581	11 52 88 87
582	77 20 98 16
583	46 94 48 80
584	46 73 36 64
585	16 65 51 67
586	54 47 69 82
587	51 35 3 14
588	86 24 39 78
589	33 57 20 46
590	41 22 46 50
591	26 88 36 8
592	80 78 93 29
593	90 71 72 57
594	79 22 70 71
595	72 44 14 63
596	98 41 27 87
597	94 81 31 86
598	56 17 26 34
599	22 58 35 23
600	74 39 14 82
601	8 52 84 10
602	77 55 41 4
603	78 25 63 13
604	99 82 73 55
605	49 9 35 86
606	30 45 93 49
607	95 91 84 31
608	26 1 60 84
609	34 16 68 66
610	55 85 12 38
611	33 42 2 87
612	77 18 25 40
613	78 42 15 37
614	67 64 4 24
615	15 57 12 63
616	84 13 79 70
617	1 40 48 52
618	27 5 83 96
619	73 38 46 97
620	30 39 65 66
621	78 66 36 100
622	47 98 14 99
623	11 98 79 20
624	38 74 48 68
625	14 25 33 27
626	77 57 73 47
627	4 51 52 11
628	21 26 42 99
629	36 18 90 33
630	76 89 83 9
631	53 24 49 91
632	24 51 45 21
633	3 95 23 91
634	27 61 74 76
635	71 2 51 97
636	19 76 30 38
637	95 15 67 17
638	61 51 16 26
639	66 56 20 54
640	72 71 48 10
641	23 42 51 47
642	44 59 84 35
643	76 10 81 13
644	45 24 96 83
645	11 26 83 68
646	22 56 94 100
647	65 58 24 45
648	67 55 76 40
649	14 94 46 86
650	7 4 78 65
651	86 78 15 47
652	53 52 19 30
653	23 88 87 35
654	40 54 95 11
655	69 68 64 74
656	53 54 99 88
657	89 6 59 33
658	71 84 91 86
659	8 33 99 48
660	37 83 92 81
661	35 54 36 74
662	70 9 24 83
663	28 18 55 6
664	80 67 98 17
665	48 31 35 67
666	58 77 74 79
667	63 74 54 35
668	100 3 75 42
669	74 52 94 20
670	80 32 62 78
671	24 61 73 7
672	99 19 14 56
673	79 88 34 98
674	17 63 94 35
675	26 23 65 30
676	59 2 4 98
677	9 65 74 89
678	4 71 12 75
679	43 45 42 87
680	65 67 90 47
681	77 41 1 82
682	36 80 90 65
683	76 35 11 86
684	60 64 42 96
685	5 45 7 30
686	95 98 31 70
687	73 37 83 80
688	53 78 25 12
689	42 27 100 44
690	30 58 44 60
691	21 61 86 50
692	29 18 37 81
693	29 97 58 72
694	45 88 4 47
695	97 89 41 59
696	45 18 46 8
697	85 30 72 17
698	93 99 27 50
699	62 12 79 30
700	97 89 64 22
701	15 97 96 31
702	88 94 2 43
703	24 69 26 94
704	5 87 15 89
705	85 35 16 74
706	60 18 79 23
707	10 28 73 12
708	42 90 6 66
709	10 52 93 23
710	37 19 89 95
711	13 18 98 83
712	6 11 94 16
713	39 63 38 87
714	24 96 57 74
715	24 88 33 67
716	13 76 15 79
717	51 72 35 37
718	100 23 30 40
719	38 79 64 5
720	55 41 20 79
721	74 50 19 80
722	70 8 17 10
723	17 12 27 11
724	65 41 21 2
725	16 3 65 24
726	34 16 49 97
727	41 40 31 53
728	61 91 55 72
729	52 92 54 15
730	63 51 62 78
731	74 15 22 70
732	77 75 19 9
733	8 67 22 47
734	88 98 90 34
735	58 67 82 3
736	93 29 69 42
737	36 4 66 50
738	49 21 63 40
739	54 20 83 62
740	1 70 12 59
741	29 36 70 83
742	28 15 82 92
743	15 38 48 90
744	69 63 82 54
745	28 23 18 63
746	7 94 21 23
747	68 13 83 48
748	76 16 88 53
749	69 14 12 66
750	72 17 34 15
751	11 60 42 20
752	3 4 41 21
753	93 64 73 88
754	32 49 35 1
755	100 71 36 21
756	23 35 66 11
757	26 58 75 34
758	36 40 49 89
759	52 61 79 45
760	91 59 5 34
761	31 25 70 47
762	61 72 66 75
763	18 36 59 25
764	75 87 28 25
765	35 45 65 81
766	60 18 54 19
767	28 90 55 26
768	77 97 87 4
769	52 13 10 62
770	55 98 75 19
771	77 89 84 73
772	64 89 19 45
773	22 15 6 54
774	29 97 61 96
775	40 1 56 35
776	19 45 63 53
777	95 22 93 55
778	65 66 89 77
779	28 56 84 14
780	62 99 100 22
781	61 9 99 74
782	72 18 59 68
783	72 73 9 16
784	42 48 83 18
785	56 28 94 79
786	61 74 65 80
787	11 1 45 68
788	31 68 15 27
789	87 7 95 6
790	32 12 10 43
791	5 50 45 30
792	50 5 89 33
793	67 63 14 69
794	8 30 18 100
795	7 12 47 18
796	8 54 95 41
797	43 36 41 20
798	34 28 33 4
799	65 95 59 12
800	50 63 67 42
801	62 90 99 28
802	97 65 22 30
803	38 21 71 47
804	22 6 19 96
805	23 29 26 4
806	56 48 3 80
807	41 76 29 91
808	24 14 86 78
809	74 41 65 76
810	98 61 78 57
811	63 83 86 57
812	88 80 89 7
813	90 55 60 79
814	27 41 36 18
815	20 61 31 23
816	12 44 66 61
817	21 67 98 41
818	83 51 64 52
819	26 87 57 28
820	38 42 58 45
821	96 43 60 29
822	18 75 19 9
823	56 8 90 46
824	86 29 64 30
825	44 55 9 62
826	29 35 60 100
827	35 37 63 22
828	83 67 12 64
829	99 77 18 37
830	12 63 74 68
831	36 43 7 91
832	27 88 99 43
833	89 46 11 92
834	28 20 100 82
835	48 83 73 50
836	25 43 51 90
837	71 63 100 49
838	65 27 62 25
839	31 79 94 38
840	22 11 74 65
841	38 14 78 94
842	14 63 66 87
843	36 48 51 7
844	56 3 58 92
845	49 40 38 69
846	46 39 53 13
847	6 46 60 9
848	52 31 65 95
849	33 91 28 51
850	47 59 49 88
851	95 98 80 31
852	15 31 85 17
853	70 62 91 66
854	78 83 39 54
855	9 95 24 63
856	89 67 65 21
857	12 56 36 42
858	60 82 14 31
859	76 18 71 23
860	5 87 28 36
861	6 11 46 33
862	15 71 95 23
863	89 49 29 32
864	22 43 8 47
865	72 85 37 79
866	65 98 12 2
867	3 10 13 26
868	55 54 10 32
869	15 30 9 25
870	74 32 23 38
871	60 50 55 46
872	70 87 22 82
873	59 43 42 55
874	46 59 44 37
875	80 71 74 62
876	3 87 79 88
877	68 74 65 79
878	94 55 39 26
879	17 57 8 37
880	94 75 53 77
881	3 38 87 76
882	59 79 26 91
883	19 60 69 7
884	99 86 26 2
885	5 97 46 83
886	4 68 50 74
887	10 29 18 15
888	46 18 10 13
889	9 11 31 91
890	12 27 42 79
891	90 83 2 21
892	46 22 40 57
893	19 66 57 71
894	58 51 41 31
895	64 81 7 75
896	59 55 94 9
897	42 16 60 49
898	10 76 64 98
899	24 28 9 91
900	97 25 32 27
901	69 30 68 34
902	99 13 30 43
903	32 2 69 57
904	25 10 1 18
905	79 75 94 36
906	24 22 30 37
907	2 19 87 68
908	5 51 27 88
909	67 52 50 62
910	78 24 31 73
911	58 8 19 95
912	20 84 74 15
913	35 40 89 30
914	15 98 83 10
915	95 85 58 14
916	98 25 11 30
917	6 51 26 30
918	80 7 86 88
919	49 85 100 23
920	37 22 82 5
921	65 34 10 1
922	47 26 60 83
923	63 51 13 46
924	41 64 10 20
925	83 89 86 75
926	35 89 19 91
927	85 25 92 71
928	66 7 32 25
929	18 95 65 92
930	6 47 33 39
931	5 91 82 78
932	21 54 45 66
933	25 34 78 62
934	28 70 9 61
935	52 4 20 5
936	28 15 33 67
937	25 98 62 80
938	89 99 93 55
939	85 9 6 41
940	60 96 8 70
941	24 95 38 15
942	41 11 65 46
943	11 57 15 100
944	83 86 17 85
945	77 82 32 51
946	85 59 17 12
947	90 25 41 56
948	55 7 18 54
949	58 94 24 91
950	49 78 85 44
951	12 100 70 91
952	54 69 57 8
953	4 37 18 32
954	71 2 5 77
955	38 78 31 25
956	82 23 68 28
957	89 41 49 22
958	89 30 73 49
959	40 95 14 22
960	43 74 67 35
961	80 68 39 75
962	2 33 20 90
963	85 90 56 52
964	26 57 15 38
965	75 17 62 28
966	63 85 53 37
967	54 50 44 53
968	17 73 2 61
969	9 10 40 61
970	72 90 40 81
971	81 26 56 36
972	35 27 50 26
973	34 44 76 59
974	12 39 41 54
975	71 35 11 75
976	17 79 62 15
977	20 60 19 79
978	16 93 69 96
979	15 100 68 80
980	37 26 36 96
981	65 22 2 20
982	67 97 71 16
983	96 53 55 41
984	93 4 29 88
985	77 18 13 69
986	17 28 64 74
987	62 24 29 51
988	97 30 100 66
989	98 18 69 11
990	36 34 82 61
991	27 31 51 85
992	50 64 36 8
993	84 9 99 50
994	83 98 89 24
995	58 43 39 53
996	93 53 72 18
997	22 11 19 47
998	2 11 6 35
999	69 48 84 1
1000	76 3 80 87
