Students	1000
1	29 33 77 37
2	48 89 64 84
3	68 52 9 84
4	56 13 64 61
5	83 48 79 74
6	6 52 69 11
7	42 49 90 53
8	95 71 63 97
9	97 39 52 20
10	67 77 93 21
11	16 18 34 96
12	14 16 50 67
13	27 92 67 13
14	14 1 37 28
15	89 70 76 49
16	40 61 73 15
17	74 1 91 75
18	33 1 73 25
19	16 60 11 36
20	95 39 92 19
21	2 17 53 92
22	22 48 75 36
23	11 5 66 100
24	76 17 21 91
25	95 55 45 91
26	36 31 64 97
27	69 95 33 26
28	76 19 94 34
29	23 86 69 11
30	62 97 70 55
31	12 33 89 94
32	90 43 9 8
33	54 10 72 1
34	72 50 58 87
35	3 21 64 78
36	22 99 89 74
37	55 95 31 96
38	72 11 3 96
39	76 83 11 2
40	85 4 57 16
41	54 34 70 68
42	32 84 20 83
43	80 100 84 50
44	27 11 68 64
45	28 64 17 99
46	35 59 45 83
47	47 58 6 48
48	61 92 80 35
49	17 40 18 95
50	88 25 64 70
51	38 40 20 84
52	46 81 19 16
53	28 77 70 86
54	82 45 47 98
55	14 84 17 100
56	53 89 41 71
57	72 29 8 62
58	26 99 17 55
59	28 41 18 95
60	10 5 88 62
61	80 32 82 36
62	41 47 39 78
63	86 18 1 51
64	10 24 29 46
65	84 82 54 96
66	22 85 86 42
67	6 80 65 8
68	96 78 77 51
69	48 10 58 92
70	55 99 85 94
71	1 16 10 75
72	35 50 49 62
73	71 28 52 39
74	72 39 44 17
75	79 99 1 22
76	28 61 80 38
77	86 44 63 55
78	42 29 48 23
79	55 69 54 20
80	85 72 73 58
81	64 1 91 25
82	12 31 81 22
83	61 72 73 100
84	59 98 28 60
85	83 8 32 55
86	10 84 55 22
87	50 35 25 38
88	43 72 99 24
89	62 22 69 72
90	69 92 90 8
91	34 80 16 51
92	11 44 29 90
93	11 86 88 92
94	73 49 16 98
95	76 96 1 82
96	26 6 44 77
97	65 100 18 81
98	92 82 83 70
99	33 11 39 88
100	92 50 42 26
101	4 28 90 17
102	60 27 7 39
103	20 19 9 22
104	89 87 51 49
105	23 25 44 63
106	18 98 88 75
107	27 22 5 21
108	53 4 68 8
109	9 88 34 42
110	58 90 65 95
111	100 98 27 16
112	87 3 97 52
113	40 42 73 48
114	29 78 90 6
115	14 99 73 70
116	49 64 94 3
117	52 8 3 47
118	32 49 23 56
119	91 34 58 41
120	23 14 30 55
121	49 58 11 61
122	84 47 85 24
123	20 61 44 50
124	73 10 62 4
125	83 10 71 100
126	86 88 100 6
127	17 48 35 95
128	8 74 84 42
129	46 13 91 78
130	40 30 100 7
131	66 97 8 70
132	95 32 54 76
133	67 9 15 84
134	19 27 11 18
135	5 31 45 23
136	35 19 25 39
137	47 40 81 61
138	61 57 67 71
139	14 76 29 21
140	63 11 15 31
141	6 64 37 25
142	74 22 13 49
143	72 56 37 78
144	53 68 5 24
145	71 7 57 62
146	24 19 43 39
147	5 10 7 19
148	100 7 54 45
149	77 68 60 58
150	22 75 79 69
151	36 50 29 1
152	61 47 64 85
153	70 86 23 75
154	31 72 82 37
155	48 32 39 74
156	36 72 22 86
157	61 64 49 4
158	40 39 49 46
159	95 23 7 49
160	78 25 41 93
161	79 95 30 87
162	94 88 19 89
163	72 48 62 9
164	36 29 78 55
165	63 28 52 74
166	75 35 28 50
167	18 34 1 58
168	67 81 27 66
169	74 98 79 80
170	31 99 7 3
171	71 48 37 11
172	23 43 82 46
173	54 69 71 72
174	40 89 24 22
175	30 50 59 43
176	1 58 10 100
177	42 88 14 70
178	84 4 47 87
179	47 19 49 58
180	73 52 93 12
181	16 51 23 97
182	50 98 100 70
183	42 23 45 41
184	98 46 48 12
185	49 30 27 96
186	9 76 19 35
187	17 44 79 22
188	2 7 33 16
189	73 20 57 7
190	25 4 44 92
191	16 71 1 54
192	73 92 83 46
193	9 1 88 78
194	99 87 98 97
195	55 26 87 99
196	71 56 67 96
197	17 11 33 53
198	18 39 66 6
199	93 77 98 65
200	39 69 8 32
201	30 40 49 2
202	8 93 62 36
203	57 95 96 60
204	48 54 35 10
205	1 66 91 72
206	60 89 79 8
207	71 64 21 87
208	19 72 14 4
209	84 25 16 71
210	36 72 100 14
211	13 89 99 65
212	13 58 78 56
213	64 44 50 7
214	43 50 44 85
215	8 93 34 56
216	75 83 70 47
217	57 72 92 10
218	10 5 3 18
219	34 71 81 72
220	46 66 58 12
221	1 25 71 10
222	44 13 57 37
223	9 40 43 94
224	52 14 6 18
225	66 48 46 18
226	6 99 37 22
227	96 36 67 13
228	4 90 98 22
229	77 51 89 78
230	59 89 77 79
231	85 92 54 94
232	38 63 81 93
233	37 6 62 100
234	79 90 32 43
235	54 60 96 72
236	22 27 89 57
237	77 99 35 21
238	32 66 85 48
239	95 7 33 24
240	67 15 28 85
241	7 27 84 21
242	22 66 80 47
243	63 94 85 93
244	21 32 20 39
245	65 49 11 52
246	37 40 14 100
247	51 96 95 94
248	2 44 16 61
249	92 94 31 52
250	66 14 23 79
251	33 34 12 56
252	43 21 18 27
253	90 17 32 30
254	1 92 89 70
255	47 44 89 38
256	29 50 30 3
257	50 83 47 43
258	13 84 74 81
259	62 38 89 11
260	57 14 13 19
261	7 9 76 48
262	62 56 31 18
263	33 79 4 10
264	5 24 74 4
265	80 13 96 58
266	14 35 1 23
267	79 97 16 22
268	50 25 98 10
269	9 11 67 25
270	14 28 88 55
271	70 64 7 78
272	42 11 33 14
273	95 96 97 82
274	6 74 26 9
275	71 97 35 33
276	6 48 99 56
277	52 28 94 58
278	42 23 98 64
279	79 78 30 94
280	76 99 93 75
281	26 74 6 28
282	60 89 47 82
283	43 82 50 11
284	14 7 2 8
285	72 92 38 18
286	50 60 57 68
287	65 89 58 31
288	43 87 38 54
289	49 15 53 86
290	13 11 47 14
291	37 65 49 81
292	40 41 82 6
293	37 18 81 45
294	53 75 34 74
295	11 48 53 40
296	34 50 98 75
297	83 21 90 35
298	30 28 62 26
299	32 38 77 82
300	67 11 78 81
301	63 100 32 2
302	86 45 87 85
303	61 29 87 1
304	59 73 100 62
305	51 97 71 31
306	54 66 51 73
307	15 6 9 33
308	53 45 30 80
309	71 93 26 62
310	18 3 69 9
311	87 34 49 55
312	31 12 32 42
313	67 3 30 75
314	86 93 42 92
315	73 44 46 77
316	72 81 29 52
317	84 61 44 40
318	7 78 44 52
319	70 31 85 43
320	19 21 47 69
321	27 56 6 7
322	1 73 29 88
323	15 69 52 84
324	23 96 32 20
325	80 88 62 43
326	99 79 48 40
327	72 90 93 2
328	87 17 25 83
329	11 58 19 55
330	15 9 91 46
331	80 90 39 69
332	19 65 20 73
333	82 24 8 54
334	81 70 76 88
335	23 70 79 76
336	76 48 61 71
337	47 66 56 41
338	37 5 62 25
339	95 1 12 62
340	65 6 31 80
341	9 52 93 29
342	44 81 51 70
343	61 90 5 8
344	8 74 52 60
345	7 59 30 64
346	98 8 62 31
347	83 32 82 6
348	60 6 2 38
349	10 70 63 27
350	25 20 30 11
351	23 78 60 67
352	6 22 95 60
353	83 69 76 73
354	16 60 100 59
355	35 69 60 44
356	12 29 28 38
357	70 74 59 50
358	40 5 26 68
359	18 19 48 43
360	65 10 64 8
361	41 96 58 100
362	60 42 72 22
363	21 54 75 11
364	46 78 58 55
365	85 98 86 84
366	53 45 71 24
367	98 5 4 1
368	30 53 50 6
369	71 34 43 19
370	60 45 3 85
371	56 34 92 26
372	64 98 72 39
373	91 100 49 75
374	75 76 8 83
375	27 93 71 7
376	92 95 53 26
377	48 1 66 18
378	79 88 13 45
379	58 92 52 29
380	56 78 79 39
381	11 74 61 15
382	68 84 64 11
383	20 10 86 5
384	36 100 58 12
385	91 73 49 46
386	23 58 82 86
387	2 87 35 38
388	58 6 11 1
389	35 64 3 84
390	36 75 57 55
391	3 12 74 79
392	87 12 53 49
393	47 46 97 8
394	69 76 41 55
395	61 24 14 42
396	42 28 24 97
397	76 43 60 68
398	41 54 46 26
399	56 78 36 94
400	45 21 18 71
401	60 74 95 100
402	79 95 4 93
403	46 88 66 41
404	1 53 2 67
405	60 58 83 64
406	46 22 30 91
407	37 1 33 61
408	10 33 85 50
409	99 40 95 45
410	100 38 48 63
411	7 88 50 94
412	88 32 25 15
413	89 87 59 84
414	35 16 32 71
415	98 84 7 8
416	38 89 82 21
417	6 30 53 49
418	72 27 94 56
419	67 45 3 41
420	63 75 11 95
421	81 65 70 72
422	24 53 99 44
423	36 82 71 23
424	36 65 40 25
425	82 100 32 55
426	28 45 91 33
427	71 32 64 35
428	56 13 88 83
429	19 90 24 3
430	10 27 70 20
431	78 81 22 42
432	34 3 1 53
433	86 29 74 68
434	19 42 49 20
435	35 24 11 7
436	41 14 46 15
437	68 14 93 66
438	12 31 83 51
439	17 6 16 70
440	8 86 38 24
441	78 93 79 34
442	45 44 36 54
443	32 77 64 65
444	78 46 63 71
445	94 19 45 56
446	3 99 20 23
447	27 99 17 74
448	91 47 31 48
449	97 53 30 76
450	38 82 88 10
451	39 89 87 5
452	7 36 71 85
453	14 3 58 33
454	39 82 79 47
455	5 50 23 73
456	13 62 18 31
457	54 57 82 43
458	53 19 100 8
459	80 71 22 2
460	36 96 76 52
461	14 72 58 60
462	74 71 97 62
463	93 27 38 7
464	85 28 41 55
465	5 18 29 51
466	19 54 5 35
467	22 75 65 33
468	43 74 15 97
469	18 8 6 25
470	20 68 2 78
471	35 6 65 60
472	92 38 84 82
473	53 8 71 35
474	77 78 46 32
475	86 85 26 35
476	3 48 90 18
477	35 78 69 41
478	79 70 19 37
479	42 26 78 73
480	97 40 31 45
481	58 10 93 78
482	23 59 1 40
483	5 42 91 68
484	70 25 27 32
485	26 20 91 81
486	10 80 45 67
487	29 15 34 33
488	64 61 40 74
489	95 23 68 37
490	82 88 40 83
491	4 27 33 78
492	50 71 51 60
493	42 43 86 38
494	44 99 10 66
495	37 82 39 65
496	93 46 3 13
497	13 99 49 58
498	14 34 1 65
499	55 38 94 66
500	44 16 35 93
501	29 64 94 3
502	16 57 87 34
503	40 16 55 34
504	100 36 13 86
505	45 52 93 77
506	96 91 78 39
507	70 62 97 35
508	88 15 16 82
509	74 11 54 71
510	91 86 100 55
511	46 34 49 9
512	72 24 20 16
513	64 55 70 51
514	25 28 44 52
515	89 23 73 68
516	56 99 82 72
517	90 44 88 62
518	71 76 77 70
519	14 77 25 34
520	40 19 32 73
521	21 15 92 68
522	22 49 38 10
523	98 40 70 79
524	19 23 8 46
525	24 27 87 54
526	22 88 77 75
527	13 52 71 42
528	77 71 95 32
529	99 17 63 84
530	61 2 100 60
531	22 13 63 75
532	67 17 81 71
533	29 34 18 71
534	53 12 91 29
535	40 74 52 36
536	80 54 38 61
537	58 15 61 94
538	50 19 69 44
539	38 66 90 74
540	74 21 48 57
541	20 38 51 2
542	56 75 5 87
543	4 67 29 14
544	26 35 72 54
545	21 28 19 55
546	100 87 57 93
547	8 22 79 72
548	21 5 31 88
549	20 79 96 14
550	20 30 33 70
551	71 53 43 2
552	38 28 94 97
553	75 55 22 51
554	56 94 88 24
555	28 5 37 43
556	35 30 90 28
557	97 58 50 48
558	95 43 38 84
559	82 17 11 28
560	32 26 25 22
561	57 12 9 40
562	57 44 37 73
563	52 85 49 38
564	37 94 86 1
565	99 1 75 7
566	10 12 54 57
567	35 70 13 15
568	95 85 66 29
569	77 67 83 41
570	55 88 60 66
571	63 62 74 65
572	17 37 27 43
573	20 41 63 22
574	27 19 89 26
575	5 38 45 4
576	65 82 83 97
577	90 79 26 45
578	61 36 66 84
579	59 21 4 97
580	32 41 13 4
581	71 79 74 7
582	93 86 24 84
583	75 51 22 24
584	42 12 81 9
585	77 6 16 20
586	90 22 92 83
587	85 36 8 62
588	10 35 64 54
589	58 14 1 64
590	59 81 8 63
591	65 28 59 9
592	77 93 46 53
593	100 90 64 53
594	45 33 36 3
595	62 30 2 91
596	41 37 53 88
597	18 95 39 71
598	8 98 72 94
599	44 72 97 1
600	4 25 70 72
601	28 34 93 53
602	26 49 3 1
603	28 51 94 50
604	65 35 4 56
605	56 85 94 47
606	15 49 4 20
607	26 51 83 9
608	14 97 34 96
609	93 26 36 39
610	17 85 79 31
611	69 6 36 22
612	70 52 68 13
613	44 5 23 10
614	4 42 71 41
615	70 32 20 78
616	96 39 91 40
617	24 71 19 22
618	39 27 65 81
619	71 43 11 100
620	78 38 39 52
621	67 88 60 36
622	64 84 9 47
623	3 74 39 23
624	37 70 84 72
625	27 5 62 38
626	91 57 37 11
627	81 59 93 16
628	93 74 22 38
629	84 3 74 34
630	41 95 100 81
631	35 19 63 52
632	100 19 87 69
633	95 25 46 47
634	46 7 54 82
635	48 64 98 41
636	19 7 44 69
637	60 77 33 24
638	5 100 41 89
639	65 21 4 78
640	100 86 15 69
641	73 43 54 41
642	79 66 77 37
643	72 27 22 71
644	97 86 68 80
645	91 56 52 53
646	48 3 27 84
647	82 67 53 43
648	22 26 50 9
649	46 19 51 35
650	65 78 24 15
651	66 38 14 43
652	23 68 49 72
653	61 99 11 89
654	74 85 86 11
655	57 51 88 47
656	24 36 96 79
657	95 29 66 84
658	83 99 77 2
659	62 42 31 97
660	21 83 96 81
661	76 100 81 2
662	14 17 86 59
663	76 60 31 32
664	99 96 69 71
665	6 82 58 98
666	62 58 77 71
667	6 90 65 43
668	89 95 47 63
669	29 98 88 47
670	33 3 87 8
671	29 3 4 97
672	93 16 91 66
673	98 55 15 46
674	21 59 28 16
675	70 48 45 67
676	70 36 24 87
677	18 4 86 40
678	4 62 5 72
679	13 87 56 94
680	46 35 76 9
681	20 74 96 73
682	39 20 96 26
683	42 68 89 44
684	7 99 91 14
685	5 42 9 38
686	26 95 96 51
687	9 58 37 76
688	100 60 71 26
689	71 24 63 39
690	5 69 43 48
691	2 15 88 46
692	54 16 71 60
693	99 24 90 36
694	65 10 31 41
695	85 46 24 17
696	18 74 72 88
697	52 93 61 31
698	32 99 22 61
699	9 6 85 15
700	95 59 96 58
701	38 12 84 10
702	51 45 56 99
703	90 42 38 64
704	5 3 92 16
705	64 84 79 90
706	69 97 84 3
707	80 45 28 17
708	79 71 66 11
709	31 85 90 65
710	24 62 81 23
711	74 60 84 27
712	23 78 54 45
713	26 18 78 74
714	78 87 40 61
715	38 61 76 60
716	8 98 15 56
717	41 70 88 84
718	41 63 69 81
719	31 69 47 25
720	20 68 87 30
721	6 35 97 58
722	65 37 2 91
723	76 19 35 18
724	25 91 64 19
725	4 79 9 94
726	52 30 50 46
727	32 44 79 45
728	70 85 40 83
729	93 43 50 45
730	25 47 41 62
731	7 51 24 31
732	92 74 86 22
733	97 84 90 51
734	69 58 36 100
735	89 54 64 37
736	30 11 54 40
737	91 20 18 49
738	62 71 24 34
739	82 61 76 15
740	48 99 24 10
741	83 30 56 55
742	15 59 20 97
743	8 55 28 50
744	31 12 13 71
745	99 91 47 78
746	97 8 2 25
747	24 64 87 2
748	84 12 85 20
749	42 37 84 1
750	26 2 72 49
751	4 89 40 77
752	27 57 98 84
753	35 87 38 56
754	54 27 14 97
755	62 13 25 56
756	26 94 49 80
757	22 95 36 41
758	44 36 40 92
759	37 35 58 12
760	67 34 85 3
761	5 26 36 78
762	12 4 82 92
763	58 30 26 5
764	35 5 3 21
765	23 83 70 38
766	22 71 66 82
767	39 7 41 21
768	53 40 75 72
769	90 4 81 7
770	83 71 21 8
771	26 19 94 56
772	50 61 7 38
773	70 82 57 25
774	68 10 29 51
775	74 7 88 78
776	90 46 14 20
777	74 68 85 31
778	48 70 31 52
779	48 46 71 78
780	99 51 48 74
781	73 87 56 16
782	10 23 72 87
783	98 71 78 30
784	53 57 71 63
785	58 37 46 1
786	1 76 82 56
787	16 69 31 7
788	46 39 53 76
789	54 50 100 20
790	75 19 92 40
791	55 70 6 68
792	3 76 22 31
793	13 5 51 32
794	18 19 92 98
795	26 3 57 43
796	85 72 78 94
797	93 80 91 81
798	12 58 53 15
799	17 36 66 75
800	29 46 8 9
801	43 7 95 34
802	42 88 50 15
803	43 94 3 79
804	99 78 44 21
805	81 97 28 60
806	35 26 39 60
807	73 50 18 60
808	47 60 20 22
809	19 70 37 100
810	32 93 36 20
811	4 83 49 85
812	54 21 90 31
813	29 96 65 31
814	80 10 93 75
815	64 53 3 74
816	93 63 90 8
817	97 30 56 51
818	24 43 82 75
819	38 30 56 20
820	11 97 100 31
821	99 13 28 67
822	39 64 21 93
823	91 17 81 12
824	84 78 41 38
825	10 25 76 78
826	59 93 63 9
827	60 17 48 32
828	79 48 3 93
829	32 43 90 46
830	31 52 41 84
831	17 73 32 62
832	60 49 17 36
833	34 30 97 33
834	46 48 95 11
835	89 47 32 70
836	14 13 95 41
837	22 61 76 30
838	44 20 56 96
839	41 61 78 79
840	41 4 71 98
841	53 90 31 83
842	6 10 19 44
843	53 82 8 91
844	21 49 20 68
845	67 45 98 26
846	39 75 91 70
847	22 80 73 95
848	55 66 99 88
849	71 88 66 27
850	82 74 47 32
851	17 67 86 91
852	80 97 54 14
853	74 100 5 59
854	27 88 86 37
855	97 39 64 78
856	49 59 47 88
857	13 49 54 5
858	36 3 82 59
859	31 96 27 91
860	12 49 87 80
861	2 21 10 57
862	77 42 9 68
863	94 41 5 20
864	70 17 89 38
865	55 37 76 100
866	65 58 21 12
867	48 52 95 99
868	79 63 19 93
869	68 26 88 55
870	22 57 52 10
871	42 23 3 88
872	37 41 58 49
873	100 51 26 53
874	26 37 21 18
875	13 34 2 50
876	19 98 55 43
877	38 36 12 70
878	99 21 64 12
879	6 63 41 44
880	47 87 88 45
881	31 93 33 5
882	91 58 13 43
883	49 20 53 5
884	63 80 52 13
885	33 9 46 40
886	61 16 60 75
887	21 40 61 85
888	35 96 16 70
889	25 87 10 77
890	76 23 7 33
891	67 25 12 21
892	89 86 34 12
893	84 61 49 30
894	83 12 7 43
895	9 3 27 68
896	87 99 98 44
897	25 53 80 15
898	33 95 96 1
899	19 48 43 100
900	7 26 79 91
901	35 38 64 57
902	84 2 72 12
903	50 64 96 43
904	98 90 91 38
905	47 24 58 100
906	4 38 63 85
907	35 47 48 97
908	47 60 1 51
909	80 86 14 40
910	45 5 77 99
911	67 82 4 49
912	84 6 23 36
913	60 59 98 46
914	80 4 8 64
915	26 8 98 71
916	62 59 53 87
917	5 92 59 78
918	45 70 12 15
919	5 42 35 28
920	23 62 57 13
921	22 17 96 77
922	22 30 80 69
923	86 78 37 30
924	51 35 50 64
925	75 89 18 32
926	9 77 15 76
927	21 39 71 79
928	11 66 54 36
929	25 87 84 57
930	94 4 18 90
931	91 22 47 68
932	61 12 19 78
933	30 55 86 42
934	67 78 16 48
935	48 45 55 94
936	66 43 63 12
937	91 40 68 46
938	86 21 32 87
939	13 2 32 33
940	8 79 69 94
941	54 59 58 13
942	82 30 45 31
943	24 61 100 23
944	93 46 88 65
945	15 14 44 1
946	56 61 33 2
947	11 33 37 12
948	8 31 85 79
949	96 94 64 99
950	98 88 99 19
951	44 34 12 19
952	24 17 86 75
953	61 69 21 12
954	34 47 4 31
955	74 23 7 77
956	42 65 54 30
957	78 91 95 59
958	49 10 12 62
959	21 54 78 94
960	28 22 7 46
961	72 43 41 38
962	24 100 86 4
963	71 13 8 65
964	78 77 36 21
965	97 30 82 34
966	40 57 53 84
967	81 63 28 72
968	62 90 25 15
969	16 22 32 88
970	24 81 78 32
971	8 55 99 24
972	6 41 64 59
973	76 46 73 10
974	59 84 10 11
975	62 99 72 42
976	10 90 24 38
977	9 13 10 5
978	75 91 73 23
979	31 75 15 99
980	47 78 57 20
981	83 96 23 4
982	71 7 87 95
983	14 31 88 87
984	6 34 42 92
985	92 81 100 10
986	47 55 32 8
987	57 88 17 78
988	59 55 85 37
989	67 74 4 93
990	45 27 11 19
991	96 60 70 85
992	82 77 46 63
993	33 28 13 18
994	20 29 52 92
995	42 50 60 35
996	46 51 59 56
997	53 20 49 75
998	3 88 74 40
999	49 82 24 38
1000	59 2 53 34
