Students	1000
1	90 26 96 88
2	4 88 12 71
3	75 7 11 45
4	56 78 35 38
5	20 57 74 24
6	15 6 8 65
7	36 41 70 22
8	27 74 23 85
9	61 63 57 53
10	73 77 59 57
11	72 9 94 38
12	66 61 57 35
13	83 67 49 56
14	31 43 64 91
15	25 62 55 18
16	38 65 15 69
17	85 39 25 99
18	19 73 53 27
19	88 30 2 52
20	80 19 21 76
21	47 55 43 83
22	86 74 29 21
23	9 94 51 83
24	93 98 55 34
25	32 35 47 75
26	26 45 46 29
27	29 36 71 34
28	27 34 79 23
29	3 68 62 24
30	24 55 57 7
31	60 1 49 7
32	75 19 74 84
33	71 74 17 62
34	38 67 96 65
35	1 41 6 63
36	31 3 17 66
37	89 10 50 61
38	98 32 89 92
39	63 41 17 55
40	82 49 52 14
41	67 88 84 18
42	99 57 31 26
43	47 93 31 4
44	23 94 72 58
45	81 70 51 52
46	61 67 6 2
47	94 35 82 98
48	92 69 21 99
49	99 83 7 98
50	46 12 87 95
51	40 56 28 77
52	37 57 4 1
53	24 8 7 89
54	74 56 96 71
55	4 36 20 30
56	15 38 88 51
57	25 46 92 59
58	32 54 73 72
59	57 17 78 41
60	2 77 62 22
61	32 98 66 54
62	65 55 87 57
63	7 36 19 6
64	36 45 73 57
65	26 74 51 41
66	23 9 31 94
67	36 55 53 39
68	13 56 41 40
69	68 87 99 64
70	64 37 41 79
71	4 42 45 84
72	16 45 84 32
73	14 94 19 50
74	48 70 15 22
75	7 76 62 11
76	21 32 9 42
77	23 14 26 27
78	57 19 70 4
79	98 17 66 11
80	34 9 50 72
81	62 91 16 11
82	95 48 28 12
83	74 62 71 72
84	73 3 61 20
85	8 67 14 90
86	93 85 8 67
87	49 15 2 51
88	36 49 15 67
89	37 92 59 87
90	66 29 46 2
91	51 47 52 7
92	75 89 57 62
93	83 54 55 87
94	94 97 79 77
95	16 3 4 100
96	72 6 82 58
97	89 65 74 97
98	17 78 29 58
99	59 20 75 72
100	67 16 55 92
101	15 72 32 34
102	88 8 72 89
103	59 8 71 29
104	92 81 97 31
105	3 76 5 87
106	4 75 2 98
107	100 86 64 30
108	1 41 53 38
109	89 94 44 19
110	83 59 70 5
111	55 97 26 24
112	53 30 35 5
113	32 56 34 91
114	17 71 25 63
115	77 33 16 74
116	44 17 90 60
117	72 17 5 48
118	48 40 94 74
119	32 15 12 72
120	6 79 45 41
121	17 8 93 83
122	65 68 89 64
123	85 22 20 44
124	21 88 14 1
125	47 67 11 87
126	13 70 16 27
127	30 63 19 76
128	12 88 81 87
129	69 8 82 47
130	58 44 39 43
131	30 27 6 22
132	19 77 85 92
133	65 42 32 33
134	52 45 9 40
135	94 68 63 78
136	51 31 83 1
137	10 42 56 95
138	72 69 78 12
139	96 63 33 6
140	27 53 52 71
141	18 2 58 85
142	79 96 40 47
143	93 65 17 66
144	54 71 96 51
145	27 73 3 66
146	34 74 10 71
147	92 24 22 29
148	75 35 54 93
149	41 95 71 21
150	41 34 7 78
151	76 1 41 93
152	53 1 35 22
153	97 85 13 35
154	86 27 25 49
155	75 2 8 82
156	67 3 72 95
157	15 63 37 99
158	82 57 17 80
159	86 68 77 67
160	92 42 60 2
161	11 33 20 32
162	55 64 74 32
163	17 69 36 18
164	69 67 62 17
165	67 19 33 78
166	98 27 42 80
167	100 60 47 63
168	50 29 89 14
169	26 32 52 40
170	86 45 57 44
171	24 71 82 47
172	41 5 69 97
173	40 7 63 39
174	21 75 32 85
175	90 33 39 32
176	89 9 36 13
177	100 76 5 83
178	44 51 43 47
179	90 42 98 25
180	89 13 49 12
181	87 9 48 3
182	52 21 79 68
183	47 72 29 57
184	22 51 86 60
185	17 50 69 89
186	81 41 100 14
187	68 32 66 41
188	47 54 14 66
189	4 19 25 28
190	89 56 37 100
191	56 21 89 59
192	37 2 71 4
193	13 50 45 28
194	98 32 44 15
195	74 10 26 31
196	37 41 49 77
197	39 66 35 42
198	22 57 30 9
199	34 74 84 19
200	13 23 46 74
201	2 78 66 24
202	92 74 67 51
203	70 52 61 2
204	67 38 94 21
205	83 70 72 60
206	55 3 94 59
207	16 81 67 36
208	57 59 77 35
209	95 16 75 89
210	100 66 70 81
211	71 33 83 37
212	3 60 1 82
213	8 74 48 58
214	30 50 7 100
215	9 75 71 63
216	62 95 24 18
217	47 34 56 24
218	48 45 42 60
219	39 89 95 92
220	37 77 84 88
221	7 84 73 18
222	63 93 13 84
223	44 98 70 2
224	23 81 42 92
225	23 87 33 39
226	94 62 92 72
227	62 89 42 98
228	6 14 13 18
229	38 96 94 82
230	27 66 50 63
231	54 18 57 90
232	90 94 33 87
233	84 16 96 4
234	37 95 88 30
235	48 66 63 70
236	71 11 50 75
237	31 21 52 26
238	31 61 69 28
239	86 12 94 16
240	60 74 37 77
241	7 80 22 60
242	51 77 63 17
243	60 68 89 34
244	28 21 77 94
245	90 74 14 28
246	61 48 98 43
247	67 94 29 54
248	20 44 67 37
249	52 80 74 54
250	82 31 24 2
251	61 20 82 91
252	29 3 14 99
253	35 68 30 77
254	46 59 86 25
255	54 95 36 47
256	80 66 5 94
257	83 50 35 55
258	50 24 33 69
259	25 29 54 81
260	8 30 18 84
261	78 80 42 86
262	33 97 96 4
263	96 53 49 65
264	41 52 77 34
265	81 33 21 25
266	8 63 5 16
267	20 56 52 84
268	55 76 80 97
269	72 6 54 60
270	7 28 10 72
271	94 96 92 43
272	47 69 21 92
273	92 88 81 41
274	3 35 21 73
275	95 54 32 1
276	21 95 10 69
277	9 96 61 23
278	6 81 10 59
279	93 98 2 88
280	83 55 18 4
281	66 74 67 46
282	5 34 96 62
283	21 65 3 9
284	33 68 87 1
285	37 83 36 52
286	6 43 33 35
287	51 83 13 15
288	48 55 44 8
289	30 5 67 83
290	11 80 27 13
291	3 20 99 58
292	16 84 59 3
293	28 63 79 33
294	36 56 47 63
295	80 15 24 29
296	11 7 31 53
297	7 73 65 38
298	89 8 26 65
299	78 20 75 79
300	29 58 42 76
301	18 37 10 72
302	54 90 19 6
303	32 20 23 16
304	56 16 10 94
305	57 48 49 21
306	99 15 87 89
307	8 25 12 5
308	72 8 27 31
309	9 8 81 80
310	90 93 21 41
311	5 61 7 92
312	22 45 17 13
313	36 41 91 83
314	84 81 45 19
315	18 9 27 73
316	41 13 20 5
317	21 54 100 25
318	93 90 5 23
319	51 100 76 8
320	49 71 36 73
321	15 98 57 99
322	23 31 5 26
323	91 7 35 60
324	14 100 63 10
325	8 83 68 34
326	42 21 75 50
327	54 85 40 58
328	48 20 72 76
329	11 46 58 59
330	78 10 79 28
331	65 9 58 73
332	10 65 72 49
333	59 90 69 16
334	48 92 53 30
335	61 69 49 41
336	65 17 61 80
337	57 62 53 65
338	85 54 75 55
339	5 72 35 74
340	55 42 4 95
341	18 29 61 93
342	7 19 51 32
343	37 63 18 70
344	53 44 81 48
345	72 14 28 94
346	96 8 73 41
347	10 48 91 98
348	39 84 24 26
349	93 37 18 76
350	59 62 80 63
351	72 27 35 25
352	39 56 97 19
353	74 80 22 27
354	72 22 12 45
355	61 95 21 5
356	94 43 88 10
357	53 3 4 1
358	23 40 98 54
359	41 10 26 54
360	68 71 89 10
361	35 39 23 63
362	44 5 69 28
363	25 76 75 1
364	18 3 95 10
365	51 79 56 42
366	42 22 58 67
367	16 11 31 36
368	82 99 94 28
369	24 11 90 43
370	79 60 75 49
371	90 38 95 23
372	20 61 96 40
373	22 6 86 51
374	74 56 34 19
375	61 64 53 41
376	19 95 1 42
377	73 15 36 55
378	26 44 82 36
379	35 17 13 60
380	79 9 5 18
381	56 25 45 41
382	10 28 71 4
383	15 18 45 16
384	34 76 84 93
385	42 41 64 100
386	7 70 56 30
387	58 50 1 9
388	96 43 49 86
389	65 38 52 26
390	25 88 77 33
391	34 68 44 30
392	84 75 4 91
393	45 64 55 24
394	89 20 92 13
395	34 74 69 63
396	39 6 90 12
397	40 81 96 3
398	8 96 25 7
399	47 97 50 73
400	95 93 8 96
401	91 63 68 95
402	69 21 53 80
403	88 34 33 50
404	84 87 93 58
405	17 93 15 95
406	73 56 83 45
407	100 61 13 88
408	49 23 19 73
409	10 95 13 30
410	44 79 24 84
411	33 1 74 100
412	1 58 23 86
413	21 86 69 84
414	79 24 41 74
415	2 84 12 5
416	68 64 32 57
417	86 96 98 10
418	50 48 94 32
419	77 28 39 30
420	2 79 54 93
421	59 56 42 61
422	45 61 98 26
423	32 13 51 69
424	49 12 66 59
425	79 76 53 26
426	90 93 87 19
427	35 31 7 22
428	94 39 15 100
429	72 83 75 58
430	76 73 40 62
431	55 61 7 34
432	28 12 38 84
433	96 10 65 51
434	65 44 95 49
435	51 54 45 89
436	96 10 66 49
437	43 49 10 33
438	23 62 33 18
439	35 28 83 30
440	86 63 77 93
441	63 94 98 2
442	100 40 32 41
443	83 23 8 61
444	56 31 77 35
445	8 1 58 7
446	92 47 72 87
447	52 2 98 6
448	53 9 100 15
449	77 26 100 9
450	76 67 88 47
451	68 15 25 92
452	9 10 24 70
453	12 78 37 22
454	58 91 73 23
455	33 32 46 65
456	74 97 7 62
457	53 15 11 64
458	99 20 57 35
459	62 22 28 16
460	34 2 87 4
461	83 37 27 100
462	82 24 98 18
463	95 48 99 30
464	7 73 19 77
465	39 42 17 67
466	51 24 77 50
467	12 26 78 97
468	49 57 68 97
469	42 61 55 60
470	25 64 59 81
471	70 33 31 66
472	25 46 26 3
473	9 20 97 61
474	42 55 44 33
475	4 5 33 14
476	52 61 46 23
477	13 24 32 18
478	16 75 97 82
479	28 83 7 95
480	1 84 56 11
481	15 20 54 22
482	60 7 78 3
483	61 25 93 87
484	44 55 30 20
485	65 7 91 67
486	73 13 80 12
487	80 91 70 76
488	24 80 18 26
489	79 2 25 69
490	11 58 37 100
491	13 68 22 23
492	11 80 48 76
493	41 40 54 56
494	72 36 63 70
495	26 94 11 52
496	13 49 2 52
497	41 67 77 66
498	57 52 36 18
499	63 56 76 51
500	56 84 64 30
501	36 78 42 73
502	86 58 54 77
503	30 90 80 51
504	88 9 70 56
505	68 52 32 23
506	64 75 11 26
507	57 3 6 41
508	41 37 35 58
509	53 15 75 65
510	23 64 69 34
511	81 97 83 40
512	53 39 11 77
513	34 11 100 94
514	68 15 22 81
515	36 67 10 47
516	44 17 41 71
517	53 86 79 44
518	25 82 77 90
519	48 100 83 22
520	95 82 35 2
521	10 21 3 56
522	68 100 58 63
523	4 54 76 71
524	72 15 45 41
525	79 19 33 90
526	41 3 54 55
527	30 92 82 83
528	18 84 1 93
529	81 53 20 96
530	51 67 53 99
531	84 97 24 95
532	86 12 43 67
533	26 10 89 76
534	51 33 97 7
535	29 5 39 3
536	81 94 66 63
537	61 67 53 77
538	69 95 7 52
539	23 89 47 57
540	16 73 50 58
541	18 54 82 34
542	67 86 3 36
543	54 21 42 91
544	28 27 76 71
545	86 92 12 100
546	87 46 89 75
547	63 80 4 87
548	51 46 10 67
549	84 59 41 22
550	78 92 12 5
551	58 99 67 100
552	57 66 53 81
553	59 67 73 48
554	50 9 38 71
555	93 22 91 25
556	89 79 54 100
557	71 59 47 79
558	19 3 18 9
559	12 71 73 87
560	10 53 89 92
561	5 91 70 7
562	57 96 48 94
563	13 42 57 59
564	26 67 81 68
565	5 66 94 62
566	25 83 3 99
567	37 39 45 75
568	99 40 75 25
569	69 99 79 4
570	30 93 46 26
571	41 86 26 58
572	99 10 40 15
573	79 56 71 100
574	50 5 97 80
575	29 84 46 14
576	53 67 82 22
577	48 57 26 53
578	20 24 46 32
579	60 100 85 27
580	62 28 97 67
581	44 92 54 45
582	31 92 93 88
583	45 46 83 85
584	79 37 42 47
585	4 82 77 68
586	82 58 84 65
587	26 27 63 75
588	100 71 46 30
589	51 42 13 68
590	99 4 1 48
591	48 81 79 36
592	44 68 84 92
593	34 45 51 3
594	80 49 53 13
595	46 20 43 36
596	45 17 34 75
597	62 6 96 99
598	71 82 87 55
599	42 49 92 77
600	81 85 11 36
601	95 12 93 56
602	25 87 19 30
603	50 57 1 23
604	9 61 67 73
605	75 61 53 30
606	45 53 76 73
607	11 63 77 36
608	42 33 21 15
609	47 13 67 75
610	64 24 30 41
611	87 12 2 66
612	51 25 95 13
613	21 22 23 85
614	47 10 29 79
615	77 74 60 92
616	2 57 9 18
617	35 52 30 60
618	43 67 79 52
619	28 74 91 22
620	56 15 64 26
621	10 87 31 97
622	30 20 29 78
623	44 74 34 89
624	6 58 90 98
625	22 95 86 84
626	36 81 40 61
627	20 85 58 99
628	23 90 78 26
629	16 2 6 25
630	12 90 71 16
631	60 48 5 28
632	24 61 99 85
633	42 76 2 55
634	3 81 4 24
635	52 62 71 68
636	98 96 74 72
637	1 56 86 11
638	50 46 74 68
639	12 10 21 70
640	57 58 62 61
641	8 42 10 52
642	100 59 94 35
643	7 22 12 29
644	75 87 100 27
645	54 64 18 71
646	86 78 37 89
647	45 18 57 81
648	42 26 35 17
649	83 95 25 99
650	66 80 30 86
651	100 63 37 5
652	64 92 4 25
653	47 86 18 60
654	19 75 71 6
655	17 11 99 46
656	50 20 29 12
657	93 6 21 30
658	91 80 88 12
659	38 76 50 25
660	20 26 3 95
661	16 96 29 72
662	42 5 92 59
663	99 60 12 39
664	50 86 47 43
665	95 4 57 36
666	79 99 67 76
667	10 43 100 20
668	8 51 45 40
669	29 94 37 86
670	67 90 2 73
671	30 57 31 58
672	64 55 22 88
673	31 61 38 1
674	69 66 64 85
675	63 87 40 19
676	87 55 21 81
677	44 1 78 86
678	32 41 64 74
679	12 89 7 94
680	29 14 97 16
681	50 61 44 78
682	11 66 91 72
683	52 14 25 70
684	59 44 48 3
685	87 46 69 58
686	95 96 28 20
687	96 36 35 63
688	63 7 24 31
689	41 44 52 62
690	95 43 20 99
691	88 36 52 32
692	55 31 84 24
693	68 83 15 8
694	15 66 59 78
695	26 69 63 2
696	66 95 90 89
697	70 20 31 69
698	35 73 33 16
699	19 49 76 30
700	4 73 36 13
701	27 72 58 54
702	47 12 89 15
703	7 31 8 2
704	73 5 40 84
705	43 54 20 73
706	15 98 37 60
707	98 30 88 92
708	79 54 56 2
709	78 81 26 34
710	23 60 59 84
711	93 26 67 87
712	95 8 18 47
713	6 11 33 34
714	86 9 77 11
715	59 86 74 41
716	62 8 73 67
717	89 8 42 73
718	25 13 63 35
719	15 18 38 29
720	65 13 43 66
721	96 43 74 12
722	13 38 9 31
723	22 33 67 84
724	84 12 3 31
725	50 47 61 88
726	72 66 77 44
727	17 35 63 38
728	76 69 41 77
729	74 16 3 9
730	64 86 100 90
731	36 27 63 30
732	56 79 28 6
733	44 26 32 60
734	86 54 89 18
735	6 46 45 89
736	5 37 40 71
737	63 69 26 11
738	80 28 67 53
739	53 63 76 55
740	40 61 41 47
741	32 70 7 43
742	95 43 92 64
743	48 89 80 85
744	95 68 98 77
745	54 29 63 81
746	63 79 92 88
747	28 91 36 69
748	47 40 22 33
749	4 75 62 99
750	51 44 39 4
751	47 26 58 5
752	77 100 69 22
753	52 87 26 41
754	70 21 98 14
755	31 26 36 4
756	25 84 58 46
757	49 16 8 88
758	23 18 11 54
759	65 98 74 71
760	76 1 55 73
761	30 75 33 35
762	68 76 60 69
763	96 61 12 17
764	64 66 17 58
765	61 89 23 77
766	36 100 47 57
767	9 91 58 65
768	88 43 67 73
769	30 20 40 35
770	25 47 65 7
771	20 5 28 27
772	6 9 93 97
773	62 36 22 83
774	44 40 75 72
775	28 30 35 56
776	45 84 6 96
777	49 79 40 9
778	98 76 41 59
779	40 44 39 2
780	9 45 58 26
781	17 45 69 60
782	94 55 7 96
783	93 70 27 91
784	65 36 62 8
785	32 20 55 11
786	84 65 94 29
787	42 60 100 82
788	68 67 37 53
789	78 4 13 22
790	85 31 80 86
791	60 86 92 14
792	6 16 40 80
793	71 13 79 5
794	46 31 6 94
795	64 18 11 23
796	48 25 4 80
797	53 31 73 7
798	41 33 29 96
799	51 14 89 5
800	20 50 7 41
801	66 47 12 73
802	97 47 43 36
803	17 15 86 95
804	31 39 27 95
805	45 73 72 62
806	80 88 73 56
807	5 51 10 34
808	76 90 44 16
809	97 27 16 98
810	77 10 8 1
811	54 21 96 18
812	45 32 5 27
813	30 15 94 53
814	57 2 48 17
815	5 84 64 60
816	12 45 24 20
817	85 98 42 25
818	40 9 76 88
819	12 37 33 39
820	26 22 59 48
821	48 25 22 50
822	79 51 13 33
823	56 71 55 67
824	93 70 87 56
825	64 2 71 56
826	24 59 91 64
827	66 8 43 17
828	28 66 37 93
829	40 51 13 91
830	57 92 59 69
831	36 3 29 21
832	84 66 62 6
833	56 60 83 26
834	22 95 36 99
835	38 48 72 93
836	90 75 74 54
837	94 68 86 13
838	36 38 4 23
839	77 36 56 21
840	26 35 55 1
841	48 15 67 44
842	65 43 96 92
843	32 52 86 61
844	33 47 76 22
845	41 56 8 39
846	79 16 9 74
847	31 54 1 24
848	10 93 84 74
849	78 12 70 82
850	92 88 83 84
851	30 47 43 84
852	98 76 17 53
853	58 40 86 13
854	17 49 78 93
855	9 58 23 36
856	26 36 89 41
857	80 32 10 20
858	11 28 2 44
859	2 8 20 95
860	8 70 82 84
861	17 99 26 48
862	84 32 4 65
863	27 99 89 47
864	26 97 16 6
865	89 74 67 35
866	92 97 82 28
867	80 37 87 94
868	88 48 30 81
869	82 58 11 39
870	73 36 58 100
871	51 29 45 80
872	46 24 73 39
873	67 15 64 24
874	13 28 54 52
875	77 71 90 9
876	82 53 35 93
877	8 20 45 55
878	56 80 57 55
879	28 38 42 80
880	97 92 13 94
881	85 96 8 29
882	82 17 52 79
883	90 16 86 99
884	11 27 98 8
885	19 50 48 10
886	75 18 52 89
887	14 77 71 72
888	9 20 40 88
889	71 34 80 82
890	36 41 17 2
891	19 74 78 53
892	81 39 54 76
893	87 75 28 92
894	65 78 88 19
895	96 35 9 25
896	3 4 86 62
897	12 87 30 88
898	51 26 72 37
899	68 5 35 59
900	98 29 7 96
901	32 91 23 92
902	85 18 24 58
903	12 42 64 100
904	50 42 83 7
905	23 92 46 34
906	22 84 10 14
907	18 86 12 14
908	75 57 72 69
909	62 12 68 60
910	25 36 60 64
911	27 69 20 100
912	35 77 97 18
913	80 53 95 45
914	23 6 30 13
915	61 89 90 13
916	65 71 59 20
917	86 93 94 10
918	3 65 57 79
919	97 62 2 70
920	59 62 47 77
921	73 78 54 34
922	22 26 5 7
923	43 27 66 80
924	16 70 29 96
925	34 85 41 66
926	16 50 64 60
927	21 42 64 15
928	29 35 88 11
929	20 8 57 40
930	43 75 4 24
931	40 27 73 94
932	30 70 10 50
933	75 51 69 2
934	38 7 86 60
935	67 37 63 49
936	83 36 90 62
937	66 73 53 17
938	44 38 84 68
939	57 34 86 79
940	87 4 50 13
941	77 40 44 79
942	45 85 62 42
943	30 61 4 38
944	48 16 3 8
945	65 25 78 93
946	29 61 6 38
947	20 44 16 23
948	21 86 100 1
949	10 80 81 88
950	38 31 11 70
951	13 75 82 46
952	40 78 47 5
953	15 42 31 85
954	92 21 70 12
955	75 44 59 13
956	83 64 79 1
957	21 71 3 22
958	85 71 20 82
959	8 32 95 56
960	42 52 20 27
961	51 20 79 23
962	6 45 26 20
963	10 70 44 66
964	98 25 79 74
965	3 89 66 58
966	18 65 32 94
967	18 43 93 39
968	11 46 54 44
969	46 6 67 17
970	100 6 95 91
971	50 91 32 36
972	85 5 43 27
973	98 50 1 21
974	51 75 76 86
975	91 12 5 65
976	26 86 6 81
977	3 53 25 83
978	74 72 91 80
979	7 22 30 75
980	53 87 10 89
981	84 15 79 73
982	99 95 20 92
983	93 20 95 4
984	78 87 58 17
985	23 40 77 55
986	49 43 32 34
987	84 99 85 93
988	97 72 24 65
989	15 97 47 23
990	16 37 77 22
991	52 57 2 89
992	97 54 39 15
993	46 95 68 43
994	72 74 16 92
995	96 56 33 63
996	67 46 30 59
997	86 38 84 34
998	21 91 17 71
999	48 63 45 18
1000	16 23 98 34
