Students	1000
1	49 87 85 70
2	39 37 34 93
3	25 38 16 21
4	2 46 52 20
5	21 29 84 11
6	58 69 53 44
7	24 39 15 88
8	69 12 46 61
9	83 11 60 50
10	22 86 45 47
11	97 82 96 95
12	41 17 49 90
13	16 14 59 41
14	92 13 93 2
15	85 60 86 24
16	71 77 45 6
17	75 51 67 12
18	74 46 56 43
19	100 78 20 57
20	38 7 51 81
21	7 78 2 40
22	72 48 20 10
23	57 63 30 100
24	7 45 60 94
25	79 33 21 62
26	95 4 79 74
27	1 20 41 83
28	25 41 33 23
29	18 13 65 59
30	16 26 72 35
31	76 11 22 12
32	28 34 49 81
33	16 31 51 56
34	92 11 35 49
35	49 88 8 42
36	94 65 57 40
37	42 1 87 44
38	95 8 67 79
39	51 56 39 44
40	33 73 9 22
41	70 94 43 32
42	69 10 14 39
43	1 64 92 36
44	60 89 97 59
45	97 96 88 94
46	17 31 85 52
47	82 34 9 23
48	66 94 69 73
49	78 32 25 20
50	100 65 96 77
51	41 30 88 32
52	87 79 10 46
53	92 32 13 26
54	57 20 74 31
55	8 49 95 51
56	6 40 15 26
57	100 4 61 62
58	69 51 38 32
59	3 74 44 14
60	10 4 1 74
61	99 12 41 15
62	3 42 34 31
63	34 78 17 30
64	76 14 34 69
65	74 36 3 75
66	34 16 1 98
67	13 90 10 54
68	64 87 68 8
69	98 54 15 14
70	7 67 93 72
71	57 51 36 61
72	19 35 25 67
73	40 57 37 16
74	97 59 85 20
75	29 24 14 40
76	36 21 72 30
77	77 23 95 28
78	86 23 25 29
79	43 33 31 61
80	28 68 51 84
81	22 80 48 36
82	47 42 35 58
83	45 55 44 92
84	75 90 34 13
85	40 31 97 20
86	24 49 26 99
87	34 24 51 85
88	76 94 12 24
89	100 30 55 17
90	86 51 6 70
91	63 88 35 59
92	84 50 95 20
93	26 40 86 5
94	60 21 100 28
95	83 64 57 47
96	55 60 89 39
97	4 30 18 9
98	54 80 95 21
99	71 63 51 76
100	44 47 30 90
101	21 7 94 17
102	48 26 18 98
103	79 24 97 48
104	53 29 70 3
105	83 56 85 45
106	66 39 7 43
107	61 29 79 33
108	52 58 94 41
109	60 83 64 38
110	55 21 95 89
111	27 45 1 47
112	66 53 65 83
113	51 42 94 2
114	54 68 6 34
115	12 73 70 42
116	19 92 62 55
117	83 8 95 39
118	8 2 21 93
119	67 2 75 64
120	78 34 65 76
121	85 31 3 7
122	75 24 83 57
123	31 60 72 82
124	45 58 85 66
125	97 54 82 68
126	94 22 62 29
127	42 23 56 92
128	64 34 62 46
129	86 93 51 85
130	86 18 81 53
131	88 23 97 43
132	52 80 48 100
133	80 2 25 89
134	20 73 89 68
135	11 51 41 43
136	78 61 75 4
137	62 61 92 25
138	64 57 34 36
139	18 61 26 37
140	35 30 68 40
141	57 89 82 39
142	100 57 53 50
143	56 23 68 72
144	88 21 36 32
145	18 42 82 83
146	80 99 96 49
147	68 88 91 92
148	45 82 83 7
149	56 18 38 87
150	67 40 29 28
151	13 15 7 54
152	86 15 94 64
153	97 74 96 82
154	95 70 81 72
155	71 4 68 60
156	71 12 52 57
157	94 20 34 33
158	84 92 79 36
159	13 69 37 42
160	34 8 9 14
161	93 2 53 31
162	41 92 9 24
163	89 79 34 70
164	61 69 70 59
165	16 87 62 72
166	97 57 34 51
167	6 83 64 59
168	55 78 10 29
169	83 77 53 89
170	10 99 77 75
171	55 84 23 4
172	85 78 70 57
173	19 52 2 53
174	51 77 53 71
175	73 89 2 93
176	10 33 40 13
177	31 45 66 73
178	92 64 55 3
179	54 17 13 24
180	95 49 29 30
181	99 73 22 13
182	37 23 11 18
183	65 91 39 32
184	79 81 20 53
185	76 61 87 71
186	78 43 12 69
187	100 66 45 12
188	68 73 39 51
189	87 35 38 48
190	6 8 64 47
191	85 72 8 67
192	59 40 90 5
193	69 33 64 44
194	57 54 62 66
195	92 26 5 50
196	71 17 75 99
197	75 49 99 1
198	29 98 96 62
199	13 64 20 4
200	49 27 91 26
201	82 32 31 67
202	100 52 21 85
203	38 97 67 18
204	75 28 87 58
205	55 5 73 46
206	27 61 50 29
207	9 7 47 31
208	68 50 14 73
209	65 67 32 69
210	9 26 53 97
211	57 18 73 86
212	96 48 3 24
213	73 3 33 85
214	48 88 78 8
215	33 17 32 91
216	18 9 63 82
217	8 21 69 57
218	33 4 28 99
219	8 19 72 37
220	6 92 70 19
221	21 65 86 41
222	35 30 40 64
223	92 89 47 9
224	60 2 97 79
225	74 6 29 40
226	95 90 76 51
227	88 58 26 59
228	75 22 99 72
229	12 87 7 93
230	30 8 11 96
231	1 20 76 34
232	41 48 76 88
233	27 79 41 31
234	94 10 66 52
235	76 67 87 93
236	97 43 8 89
237	82 23 3 75
238	47 46 77 71
239	52 18 19 4
240	96 67 34 71
241	93 66 12 90
242	64 94 7 37
243	37 3 19 10
244	75 95 17 65
245	94 84 53 76
246	55 30 47 38
247	16 19 49 8
248	23 35 68 85
249	92 86 100 42
250	32 61 28 88
251	69 83 12 4
252	14 13 17 21
253	49 65 15 50
254	25 38 82 72
255	27 45 69 10
256	8 29 74 9
257	89 41 68 90
258	98 2 48 4
259	51 16 85 79
260	35 68 75 20
261	15 94 56 42
262	57 66 49 100
263	94 12 36 34
264	22 58 40 84
265	33 59 44 90
266	66 42 64 50
267	30 54 40 71
268	32 36 93 13
269	11 34 74 60
270	58 11 96 5
271	72 51 77 23
272	53 83 39 97
273	95 34 59 99
274	1 83 21 31
275	11 45 33 26
276	71 52 21 78
277	22 7 75 29
278	39 7 43 94
279	61 23 75 17
280	24 88 67 37
281	29 81 82 40
282	52 31 20 58
283	78 91 19 48
284	90 21 27 46
285	42 22 68 98
286	68 13 14 34
287	80 90 81 17
288	89 86 51 59
289	95 7 82 51
290	29 90 1 19
291	92 15 36 87
292	85 50 67 6
293	54 1 14 32
294	44 67 81 91
295	59 80 32 14
296	60 17 54 76
297	50 32 90 59
298	81 13 58 99
299	59 4 83 77
300	77 9 88 19
301	52 62 80 58
302	10 68 46 93
303	51 62 82 13
304	13 54 59 52
305	29 88 82 17
306	12 42 77 63
307	35 97 53 88
308	33 34 75 20
309	12 3 20 44
310	31 3 65 93
311	53 86 6 8
312	47 56 30 15
313	50 61 20 23
314	47 63 53 46
315	45 94 21 79
316	2 25 1 72
317	38 64 70 9
318	81 10 36 53
319	16 65 64 45
320	64 67 98 15
321	79 61 21 42
322	71 23 1 38
323	93 50 79 21
324	100 64 96 42
325	84 28 52 81
326	26 48 15 78
327	33 88 44 42
328	67 77 57 50
329	12 52 45 36
330	25 34 38 69
331	71 74 97 22
332	65 72 85 77
333	53 91 92 2
334	66 24 99 89
335	60 17 2 28
336	29 73 35 3
337	30 87 61 49
338	90 57 2 54
339	100 19 54 22
340	48 58 94 70
341	89 82 58 65
342	73 54 51 80
343	8 26 66 93
344	25 53 64 59
345	42 95 71 9
346	72 36 47 77
347	15 44 48 61
348	18 17 76 47
349	64 6 36 20
350	34 17 66 14
351	32 4 16 60
352	29 31 51 75
353	6 94 66 28
354	26 96 64 51
355	88 19 33 38
356	76 16 84 38
357	6 35 12 24
358	90 64 49 39
359	61 46 10 70
360	5 25 68 28
361	82 24 44 89
362	32 99 89 71
363	57 28 29 82
364	30 76 90 91
365	21 91 75 92
366	11 8 65 21
367	19 8 52 1
368	21 69 86 99
369	4 71 97 78
370	51 83 93 55
371	14 41 43 45
372	71 10 48 2
373	10 56 70 55
374	7 94 31 67
375	12 65 20 14
376	99 4 73 95
377	82 60 85 86
378	68 66 58 67
379	60 30 88 13
380	60 80 54 4
381	55 86 71 56
382	65 78 69 42
383	74 72 96 54
384	54 8 22 55
385	47 63 10 78
386	74 46 83 91
387	4 53 11 82
388	83 25 21 38
389	56 30 89 94
390	14 18 74 26
391	41 56 53 65
392	35 6 31 94
393	74 82 78 34
394	44 71 9 14
395	51 10 31 44
396	89 91 48 96
397	67 8 60 91
398	93 89 27 76
399	50 79 67 80
400	47 85 13 23
401	85 77 91 13
402	43 17 54 74
403	12 82 54 8
404	77 55 51 67
405	63 24 73 53
406	14 23 99 15
407	63 96 7 38
408	90 34 26 6
409	12 35 73 23
410	31 1 60 42
411	89 74 84 83
412	65 25 3 28
413	98 44 26 37
414	58 2 38 91
415	64 88 87 99
416	6 53 81 1
417	84 90 94 54
418	42 81 46 35
419	79 55 82 64
420	2 9 39 28
421	66 81 50 97
422	78 47 48 22
423	28 87 29 10
424	93 2 11 30
425	87 17 75 100
426	70 57 52 16
427	21 93 37 33
428	29 16 44 70
429	71 7 50 87
430	58 71 13 92
431	90 74 77 86
432	11 62 34 35
433	75 55 21 46
434	30 14 41 50
435	15 99 92 1
436	35 67 2 20
437	14 8 69 83
438	58 50 28 100
439	13 7 50 8
440	3 88 32 72
441	8 84 54 70
442	90 29 23 58
443	99 77 72 75
444	11 17 98 95
445	11 50 48 63
446	79 45 67 73
447	19 32 33 95
448	30 25 57 2
449	1 84 61 32
450	7 84 70 16
451	13 68 3 53
452	86 75 90 66
453	18 8 99 63
454	89 12 13 62
455	39 67 85 37
456	10 97 36 39
457	90 45 27 65
458	55 11 85 50
459	74 45 35 21
460	54 92 100 83
461	56 69 99 29
462	59 13 32 96
463	65 76 15 51
464	51 73 59 6
465	61 74 10 71
466	92 16 18 87
467	42 6 22 83
468	45 32 54 38
469	4 91 79 93
470	59 31 33 4
471	96 69 92 64
472	60 79 85 76
473	87 40 34 77
474	78 3 22 68
475	35 87 5 83
476	27 59 73 60
477	21 45 74 71
478	5 100 89 57
479	86 25 58 5
480	64 100 24 20
481	20 61 50 71
482	98 9 45 25
483	44 54 32 62
484	66 64 79 77
485	31 59 11 100
486	40 68 90 77
487	41 42 10 8
488	3 8 1 94
489	11 21 26 42
490	37 25 52 34
491	10 43 93 66
492	21 32 60 19
493	50 47 62 1
494	48 27 40 68
495	71 2 48 86
496	53 35 95 39
497	37 96 82 76
498	20 77 93 43
499	42 8 47 83
500	3 2 34 65
501	80 21 75 3
502	38 42 75 99
503	75 17 65 61
504	40 24 70 23
505	36 98 23 73
506	22 5 42 84
507	69 61 11 32
508	79 97 3 82
509	38 83 30 58
510	66 74 56 82
511	86 34 7 5
512	30 79 73 53
513	41 25 47 74
514	16 13 17 35
515	40 45 55 65
516	83 89 99 85
517	88 83 1 24
518	1 81 95 30
519	26 75 39 21
520	71 43 75 48
521	57 5 44 92
522	61 47 5 45
523	42 71 43 81
524	83 37 15 8
525	18 15 27 74
526	13 57 25 1
527	78 52 38 98
528	92 33 6 9
529	69 88 65 23
530	82 6 78 86
531	48 28 39 42
532	73 67 18 2
533	70 23 60 13
534	75 89 82 60
535	78 73 12 34
536	7 23 17 36
537	73 65 30 19
538	92 21 43 98
539	36 24 6 35
540	8 10 90 7
541	12 65 4 94
542	93 53 34 13
543	98 82 39 65
544	49 92 86 71
545	71 12 15 99
546	46 29 64 86
547	96 59 79 2
548	23 99 91 26
549	85 6 90 4
550	61 69 34 55
551	47 35 91 95
552	86 18 22 83
553	70 10 15 86
554	4 87 84 39
555	76 49 28 68
556	63 23 27 49
557	48 51 92 21
558	83 17 36 23
559	20 41 1 76
560	35 90 29 28
561	100 79 10 47
562	20 98 75 99
563	48 19 74 52
564	42 8 56 89
565	76 85 92 45
566	65 52 20 47
567	26 30 59 50
568	69 39 49 45
569	35 96 55 23
570	36 96 51 55
571	9 33 21 85
572	14 69 3 42
573	98 81 44 89
574	82 92 57 42
575	42 81 15 25
576	66 50 70 87
577	43 64 75 14
578	37 61 77 75
579	41 9 38 1
580	65 88 39 36
581	43 32 53 46
582	58 25 18 4
583	67 2 78 51
584	98 2 54 19
585	31 82 41 45
586	59 23 70 18
587	16 62 33 85
588	41 54 73 63
589	4 83 50 15
590	83 94 16 48
591	30 57 79 65
592	57 60 8 34
593	62 35 28 91
594	28 53 72 62
595	38 50 86 56
596	69 42 61 30
597	90 2 41 79
598	31 100 35 29
599	67 38 6 27
600	35 43 40 64
601	11 66 44 67
602	75 30 51 44
603	31 5 47 30
604	90 36 40 22
605	48 52 95 20
606	14 61 63 62
607	38 64 69 90
608	50 10 22 63
609	47 12 81 10
610	96 78 54 22
611	67 43 47 19
612	66 27 81 65
613	83 97 40 84
614	98 95 19 62
615	35 85 68 33
616	69 16 74 28
617	60 47 18 2
618	80 92 91 5
619	75 96 97 16
620	24 94 34 16
621	80 38 82 85
622	89 59 38 57
623	5 51 85 46
624	72 85 42 41
625	47 31 41 71
626	6 24 35 12
627	95 15 44 87
628	71 4 90 63
629	27 56 60 93
630	73 9 77 50
631	57 52 91 94
632	47 92 63 33
633	3 13 11 49
634	53 93 89 88
635	66 12 4 90
636	35 17 8 43
637	84 30 75 56
638	71 20 82 97
639	53 57 65 48
640	44 91 3 65
641	91 57 92 25
642	18 47 69 78
643	56 12 57 58
644	23 11 81 44
645	93 51 19 24
646	11 2 3 23
647	94 56 78 4
648	51 86 100 48
649	33 31 79 5
650	49 67 17 34
651	36 82 79 85
652	100 12 49 96
653	70 94 18 92
654	18 16 13 74
655	88 7 50 61
656	16 87 36 18
657	45 30 10 69
658	11 68 13 73
659	22 4 8 95
660	36 100 12 9
661	16 80 67 24
662	79 41 68 17
663	20 82 51 40
664	32 24 4 94
665	46 22 44 24
666	38 10 2 82
667	97 51 95 78
668	41 94 72 9
669	29 79 56 21
670	88 1 14 8
671	37 31 2 9
672	38 65 28 62
673	84 83 39 37
674	8 89 90 12
675	59 7 68 62
676	43 64 48 38
677	62 40 22 66
678	58 71 80 84
679	79 25 24 58
680	84 91 94 50
681	34 77 96 73
682	87 33 51 27
683	56 92 76 60
684	50 29 22 64
685	70 74 93 19
686	22 34 16 23
687	25 20 84 79
688	4 72 27 36
689	12 7 14 99
690	6 74 5 43
691	55 27 50 38
692	49 79 68 46
693	5 49 65 99
694	90 26 21 27
695	94 93 83 54
696	6 73 28 55
697	16 98 5 10
698	35 8 11 83
699	9 36 72 95
700	85 2 5 1
701	49 58 5 3
702	26 11 72 48
703	7 51 87 64
704	50 37 97 33
705	68 83 89 33
706	79 12 5 8
707	23 54 19 42
708	27 15 60 6
709	44 16 22 43
710	39 77 83 56
711	45 82 92 55
712	23 71 13 68
713	16 52 48 90
714	36 41 100 60
715	30 73 51 16
716	34 64 13 19
717	85 74 36 15
718	89 79 67 73
719	66 74 62 98
720	29 82 56 61
721	45 67 43 2
722	9 6 20 87
723	39 44 46 36
724	62 7 22 14
725	29 65 13 75
726	85 36 30 67
727	74 69 25 59
728	41 81 76 73
729	49 72 66 23
730	25 98 4 41
731	20 54 69 44
732	20 10 32 28
733	50 63 60 3
734	20 34 76 36
735	25 95 59 86
736	96 19 73 17
737	4 30 65 56
738	27 32 63 16
739	46 82 54 14
740	40 36 48 16
741	12 44 93 9
742	50 91 54 64
743	90 95 37 87
744	70 14 58 30
745	81 8 64 12
746	50 80 76 88
747	87 83 17 72
748	83 45 87 96
749	61 90 65 55
750	16 39 9 78
751	10 3 35 68
752	30 40 82 92
753	66 15 20 53
754	75 79 67 21
755	63 41 30 78
756	14 12 98 36
757	71 30 40 33
758	88 38 78 72
759	92 72 65 40
760	62 7 90 52
761	91 86 59 62
762	27 87 57 97
763	67 11 5 2
764	94 70 14 40
765	50 27 6 56
766	84 76 9 54
767	81 24 97 93
768	91 79 41 73
769	69 56 41 24
770	53 8 97 33
771	15 88 67 81
772	91 53 75 67
773	95 10 23 20
774	23 25 75 21
775	60 61 25 78
776	7 36 27 84
777	43 25 14 92
778	89 45 61 85
779	12 67 38 95
780	50 19 8 62
781	86 8 20 48
782	77 100 57 31
783	12 83 82 4
784	10 80 3 89
785	98 30 19 40
786	57 96 39 14
787	61 52 41 74
788	24 29 81 77
789	82 4 84 68
790	61 66 83 13
791	17 91 85 4
792	51 44 38 73
793	80 27 92 1
794	9 20 88 59
795	69 57 7 43
796	16 20 85 57
797	30 21 91 60
798	52 4 80 32
799	16 52 69 91
800	51 16 36 27
801	40 83 58 18
802	79 43 33 59
803	72 83 3 75
804	39 42 18 60
805	75 7 73 95
806	30 67 28 6
807	14 16 29 12
808	95 47 60 7
809	99 79 4 27
810	58 71 56 64
811	5 49 97 82
812	100 37 76 2
813	82 71 51 7
814	46 51 17 87
815	26 10 99 3
816	48 27 73 72
817	31 28 24 4
818	18 27 66 71
819	46 12 69 47
820	51 19 15 87
821	33 71 38 70
822	78 52 37 66
823	57 20 60 5
824	57 54 41 45
825	40 54 21 91
826	2 87 19 39
827	37 28 7 59
828	15 66 64 38
829	89 21 24 88
830	73 91 58 3
831	92 85 8 22
832	77 69 2 3
833	45 30 7 54
834	49 80 66 65
835	81 76 36 13
836	92 12 86 79
837	80 12 84 14
838	71 23 81 10
839	31 94 34 77
840	13 85 47 65
841	26 54 8 91
842	3 94 44 53
843	88 32 81 12
844	43 58 26 4
845	92 51 46 70
846	52 76 90 14
847	3 76 80 5
848	11 21 28 50
849	91 4 63 25
850	70 75 86 69
851	58 14 4 17
852	77 23 32 61
853	51 81 86 85
854	3 95 21 80
855	61 33 60 13
856	11 14 2 85
857	84 73 78 99
858	61 62 78 32
859	23 7 71 26
860	30 42 8 57
861	53 16 62 17
862	42 74 60 89
863	83 5 15 25
864	34 24 2 68
865	97 36 27 65
866	65 15 87 4
867	83 84 94 12
868	1 30 32 13
869	40 26 39 49
870	37 92 95 71
871	23 87 56 5
872	73 62 36 84
873	88 80 70 13
874	29 81 35 41
875	92 81 65 74
876	49 35 25 27
877	73 88 44 30
878	60 28 50 100
879	2 54 55 77
880	57 5 34 89
881	45 56 60 4
882	99 53 72 77
883	76 49 18 41
884	80 19 5 22
885	4 17 44 20
886	45 36 71 39
887	76 9 13 83
888	54 75 40 19
889	37 45 36 59
890	43 10 46 75
891	57 54 95 36
892	56 13 34 9
893	7 84 21 57
894	42 61 41 100
895	91 35 95 68
896	54 82 81 23
897	92 52 48 100
898	9 31 29 11
899	98 5 7 85
900	97 56 93 13
901	85 93 7 71
902	41 65 86 78
903	74 19 68 43
904	55 81 1 88
905	95 71 57 74
906	63 43 61 66
907	4 67 23 43
908	33 86 18 99
909	8 46 14 30
910	85 5 8 4
911	6 70 17 63
912	33 95 73 85
913	18 65 63 10
914	56 41 39 54
915	34 14 64 52
916	36 11 62 59
917	10 60 23 34
918	52 15 3 59
919	40 7 68 94
920	14 59 67 5
921	63 33 10 75
922	72 42 21 43
923	79 61 21 13
924	6 27 32 5
925	23 81 63 29
926	35 40 12 19
927	96 56 74 93
928	22 14 24 40
929	83 17 56 4
930	16 95 22 44
931	32 75 3 43
932	30 36 17 80
933	43 57 82 75
934	75 59 61 100
935	3 21 76 45
936	71 9 45 57
937	87 85 38 11
938	45 37 69 100
939	15 49 87 63
940	59 9 99 41
941	28 61 67 6
942	59 12 91 2
943	61 94 99 64
944	21 16 80 47
945	61 34 18 8
946	58 50 48 40
947	51 52 95 9
948	40 58 89 94
949	65 52 21 48
950	68 43 42 39
951	91 61 21 6
952	17 15 7 4
953	2 16 4 31
954	100 96 17 7
955	62 83 2 67
956	76 83 79 42
957	30 2 10 64
958	3 85 75 40
959	18 94 55 4
960	49 62 61 70
961	52 56 36 78
962	88 66 90 81
963	98 56 83 71
964	78 6 86 46
965	57 19 50 98
966	21 86 31 51
967	23 90 17 10
968	9 68 18 50
969	10 77 30 97
970	62 88 99 34
971	84 4 37 8
972	95 80 14 11
973	73 28 74 82
974	80 23 73 60
975	56 88 27 25
976	49 23 64 46
977	48 12 77 22
978	43 39 96 77
979	4 5 64 38
980	95 28 83 55
981	30 41 46 96
982	21 18 1 46
983	41 16 91 1
984	97 25 28 44
985	94 8 100 41
986	48 9 47 33
987	18 97 22 53
988	4 82 65 89
989	73 34 100 83
990	40 88 41 9
991	98 23 9 77
992	79 61 86 34
993	73 100 82 23
994	36 63 55 32
995	32 58 31 87
996	91 57 77 40
997	80 11 62 14
998	49 92 20 1
999	10 100 81 2
1000	26 61 77 45
