Students	1000
1	45 13 78 4
2	55 99 44 96
3	55 63 14 69
4	61 4 73 63
5	8 12 99 89
6	79 10 50 46
7	24 41 72 83
8	5 70 8 23
9	60 14 30 24
10	27 32 98 96
11	51 7 58 95
12	5 55 12 89
13	20 2 79 80
14	51 48 54 96
15	4 14 66 11
16	7 91 59 53
17	91 90 57 13
18	68 42 14 74
19	12 9 71 78
20	75 43 41 46
21	1 79 95 36
22	50 37 88 28
23	3 20 100 48
24	23 61 89 6
25	27 9 10 26
26	8 85 76 67
27	62 37 94 74
28	59 60 98 14
29	8 75 7 88
30	91 53 7 65
31	43 93 27 62
32	45 29 41 68
33	12 47 39 42
34	16 65 32 50
35	52 16 25 45
36	78 20 42 39
37	85 11 35 75
38	13 92 8 43
39	68 100 11 54
40	14 78 63 33
41	50 97 18 52
42	70 55 68 67
43	99 40 68 48
44	96 7 43 77
45	47 56 31 37
46	64 36 61 26
47	51 57 90 42
48	36 14 65 70
49	8 47 34 63
50	83 37 97 45
51	21 16 60 45
52	6 63 85 92
53	96 81 47 77
54	24 59 99 98
55	29 54 95 48
56	8 3 46 36
57	18 35 47 63
58	24 65 89 90
59	13 80 2 29
60	14 63 44 74
61	1 19 39 6
62	71 98 61 31
63	87 63 94 42
64	99 7 8 98
65	68 25 83 61
66	64 92 45 44
67	29 10 47 70
68	53 91 19 9
69	56 67 23 64
70	51 87 2 88
71	96 72 12 24
72	81 46 84 79
73	71 93 90 16
74	60 1 97 79
75	83 73 17 31
76	75 55 65 25
77	30 48 59 60
78	71 54 56 55
79	14 70 92 95
80	52 26 94 7
81	45 1 12 85
82	51 44 30 96
83	27 60 47 9
84	91 93 58 52
85	31 59 57 93
86	14 17 49 41
87	53 86 75 65
88	49 17 71 80
89	52 18 48 25
90	25 17 80 1
91	33 93 81 55
92	7 42 62 38
93	81 17 64 53
94	45 22 62 47
95	79 7 10 42
96	88 5 83 33
97	93 67 5 31
98	27 54 56 68
99	19 74 25 48
100	71 77 15 67
101	12 46 14 78
102	6 82 98 65
103	91 90 30 81
104	44 45 49 46
105	48 9 77 54
106	40 69 80 62
107	58 98 38 93
108	6 67 39 14
109	43 41 32 33
110	77 78 5 55
111	44 51 42 88
112	94 95 69 22
113	2 80 84 23
114	58 49 71 69
115	50 65 67 87
116	98 23 35 88
117	76 42 97 61
118	99 73 20 94
119	57 83 60 54
120	100 76 8 40
121	14 20 68 6
122	16 71 40 28
123	11 14 55 87
124	59 53 25 13
125	1 60 13 72
126	37 95 71 39
127	45 60 11 65
128	18 75 88 27
129	85 75 27 34
130	96 72 20 39
131	46 49 9 3
132	84 48 78 17
133	69 50 32 48
134	15 27 32 72
135	93 69 31 67
136	77 12 43 67
137	16 61 30 24
138	18 5 4 97
139	41 85 87 21
140	46 70 41 54
141	18 12 54 50
142	25 86 67 38
143	80 100 43 36
144	60 68 1 13
145	71 18 40 7
146	38 16 89 81
147	85 97 23 28
148	5 100 27 44
149	98 78 80 73
150	30 14 55 15
151	37 77 76 56
152	32 78 39 56
153	99 78 18 22
154	8 79 52 76
155	74 93 79 40
156	59 58 89 42
157	20 90 86 78
158	52 40 100 45
159	99 12 74 26
160	32 28 94 33
161	51 48 71 62
162	55 10 86 16
163	66 30 57 2
164	77 73 79 11
165	14 61 40 12
166	35 5 37 2
167	50 71 30 26
168	14 91 44 80
169	71 30 87 43
170	76 13 88 45
171	80 68 65 4
172	37 24 76 2
173	32 89 36 31
174	37 44 12 16
175	51 69 40 36
176	81 19 90 48
177	34 67 44 2
178	14 48 23 24
179	2 39 53 8
180	16 35 45 11
181	3 89 74 32
182	77 34 22 55
183	8 32 85 14
184	75 66 88 62
185	84 43 30 16
186	90 66 36 81
187	90 37 85 1
188	8 70 78 37
189	2 83 54 76
190	91 44 82 78
191	46 62 25 13
192	51 32 84 75
193	55 77 94 22
194	55 94 23 15
195	28 39 72 82
196	39 81 41 85
197	95 62 40 8
198	8 89 35 94
199	3 99 68 12
200	13 83 57 34
201	74 52 36 88
202	60 73 80 62
203	66 91 47 81
204	9 15 92 72
205	75 18 94 16
206	20 90 57 33
207	76 8 43 63
208	53 25 38 49
209	31 69 22 12
210	67 83 89 32
211	44 65 67 8
212	51 68 77 92
213	62 35 57 3
214	28 32 18 25
215	98 25 84 95
216	3 48 42 7
217	96 14 64 80
218	8 72 1 15
219	86 69 21 45
220	52 38 66 67
221	77 53 38 61
222	78 7 88 100
223	59 93 41 47
224	64 55 22 72
225	11 60 37 40
226	79 19 51 88
227	94 36 99 14
228	3 50 42 20
229	34 47 58 64
230	52 31 33 10
231	27 41 80 87
232	41 44 48 9
233	36 35 58 15
234	28 4 97 90
235	68 100 81 62
236	65 50 21 32
237	97 96 82 65
238	86 54 73 20
239	8 82 46 71
240	21 96 43 93
241	16 48 59 52
242	85 31 21 49
243	88 42 48 67
244	54 3 87 13
245	72 75 40 43
246	56 77 82 80
247	61 90 82 26
248	85 18 96 5
249	7 20 8 47
250	79 61 78 16
251	93 98 66 92
252	22 59 82 63
253	54 33 2 99
254	70 23 85 6
255	39 98 29 84
256	78 19 21 16
257	2 85 95 100
258	35 74 20 84
259	74 87 17 52
260	74 52 10 44
261	72 95 96 1
262	86 100 43 74
263	71 86 54 53
264	5 29 99 57
265	65 51 98 15
266	67 5 65 53
267	90 38 71 65
268	93 24 18 50
269	61 45 63 97
270	22 18 93 38
271	13 72 8 64
272	86 10 94 82
273	88 28 79 38
274	49 47 96 40
275	29 70 51 23
276	100 59 77 22
277	68 46 19 24
278	85 97 58 51
279	25 87 49 89
280	20 46 30 51
281	5 21 11 62
282	9 63 39 62
283	16 18 26 52
284	7 23 33 28
285	68 74 92 78
286	66 54 62 29
287	35 10 62 28
288	67 1 28 41
289	100 23 90 16
290	38 47 98 37
291	58 75 38 3
292	94 51 89 16
293	31 87 79 25
294	27 38 28 13
295	31 37 50 25
296	82 36 96 54
297	1 83 89 100
298	18 55 87 13
299	37 22 32 21
300	68 9 64 2
301	5 100 61 93
302	34 65 27 12
303	79 60 95 58
304	46 23 96 15
305	87 95 46 13
306	57 51 52 96
307	89 22 29 43
308	9 87 30 56
309	92 21 94 64
310	11 15 63 77
311	100 67 86 10
312	52 30 36 18
313	84 28 71 72
314	86 41 75 92
315	72 94 1 3
316	68 10 17 40
317	40 68 96 12
318	28 67 68 96
319	51 75 10 24
320	42 64 20 85
321	81 95 25 38
322	55 40 11 10
323	3 82 14 100
324	74 63 57 87
325	88 12 23 77
326	51 41 68 9
327	55 49 86 10
328	2 95 49 71
329	88 28 75 18
330	53 55 42 56
331	27 41 60 37
332	99 89 60 83
333	70 67 19 25
334	56 16 9 18
335	88 37 32 7
336	9 15 28 48
337	73 97 80 78
338	25 57 83 84
339	91 46 11 13
340	61 15 37 71
341	59 75 20 31
342	54 29 100 75
343	22 50 42 17
344	45 82 81 73
345	47 81 22 13
346	62 68 2 96
347	26 41 40 24
348	53 98 41 45
349	22 69 65 85
350	39 69 26 81
351	66 4 5 99
352	22 89 79 62
353	74 34 72 27
354	94 10 39 35
355	42 43 4 61
356	28 63 99 97
357	2 75 32 74
358	32 80 72 65
359	74 34 4 23
360	32 61 28 95
361	26 20 14 38
362	62 83 4 71
363	14 20 2 10
364	49 27 19 89
365	52 81 63 22
366	46 7 30 5
367	47 95 7 98
368	97 72 18 51
369	54 37 12 18
370	14 90 28 34
371	56 73 50 86
372	14 4 19 27
373	26 43 89 61
374	14 1 59 52
375	28 12 100 63
376	43 68 82 56
377	6 69 95 65
378	70 18 80 92
379	20 43 28 45
380	27 2 100 61
381	15 62 49 31
382	5 3 99 46
383	73 87 57 7
384	44 65 24 1
385	86 82 69 17
386	23 86 46 64
387	20 98 88 30
388	17 50 60 19
389	94 68 21 77
390	13 61 15 10
391	35 91 98 28
392	27 69 85 44
393	46 92 18 37
394	50 90 15 64
395	30 37 18 83
396	32 61 25 8
397	23 43 54 63
398	54 99 80 30
399	66 28 95 82
400	39 98 21 84
401	53 99 33 2
402	49 95 34 7
403	30 47 37 11
404	63 38 93 88
405	20 78 21 40
406	20 21 90 80
407	15 50 77 10
408	97 59 75 70
409	51 87 59 64
410	43 55 83 15
411	4 85 62 46
412	18 13 73 93
413	35 24 53 52
414	77 11 2 30
415	34 72 57 54
416	74 71 57 8
417	78 75 31 99
418	84 58 70 16
419	54 12 87 5
420	73 40 19 54
421	91 100 78 12
422	96 73 35 22
423	91 81 53 11
424	84 13 4 67
425	25 48 24 91
426	83 21 86 65
427	95 84 50 98
428	80 28 71 15
429	90 74 39 82
430	29 53 46 78
431	61 83 74 2
432	74 28 16 10
433	53 73 40 48
434	38 25 75 79
435	33 50 42 38
436	53 62 68 35
437	3 38 10 78
438	69 19 91 61
439	42 84 74 86
440	38 35 85 65
441	42 96 13 94
442	57 37 18 7
443	86 5 80 96
444	16 9 63 97
445	30 94 44 48
446	1 34 95 64
447	55 59 53 34
448	26 6 71 100
449	18 55 63 9
450	25 95 59 17
451	40 96 47 42
452	39 19 47 13
453	63 40 75 7
454	15 42 12 44
455	14 30 35 31
456	54 28 78 34
457	96 70 94 57
458	14 36 45 92
459	86 18 90 3
460	17 35 72 48
461	73 12 54 60
462	32 6 55 47
463	90 26 85 67
464	2 62 57 33
465	96 82 58 18
466	85 59 82 66
467	65 1 47 57
468	94 51 88 67
469	34 98 18 80
470	53 98 45 26
471	21 37 74 92
472	57 4 41 47
473	38 46 50 19
474	47 28 3 85
475	1 23 16 51
476	40 3 8 22
477	24 74 72 92
478	9 59 95 79
479	48 21 28 61
480	28 71 92 98
481	73 20 88 37
482	96 25 8 51
483	38 99 66 68
484	67 26 20 60
485	11 77 66 1
486	59 98 68 31
487	79 99 16 73
488	93 84 38 3
489	32 76 36 7
490	76 25 44 81
491	93 76 59 100
492	41 71 76 87
493	31 33 47 17
494	50 53 71 68
495	45 3 76 17
496	100 26 77 72
497	10 67 35 84
498	79 21 73 94
499	73 66 32 22
500	87 15 42 9
501	17 72 8 20
502	74 88 32 34
503	73 49 64 67
504	48 71 87 18
505	7 92 19 20
506	3 53 76 51
507	60 94 28 21
508	75 80 41 71
509	20 77 59 5
510	31 77 13 94
511	74 64 83 12
512	97 92 35 87
513	79 65 1 20
514	53 47 81 57
515	43 73 24 71
516	66 2 42 47
517	44 84 27 99
518	72 56 80 30
519	54 83 43 98
520	25 29 52 77
521	78 16 70 40
522	37 15 48 57
523	1 2 58 76
524	54 71 29 8
525	88 95 75 22
526	86 20 41 24
527	40 59 81 88
528	87 38 81 29
529	24 95 18 83
530	16 50 44 100
531	48 5 47 61
532	66 72 63 97
533	42 66 89 36
534	35 34 26 42
535	89 12 86 30
536	61 1 71 47
537	64 40 16 4
538	80 45 56 44
539	48 86 61 98
540	13 45 6 66
541	60 35 42 43
542	4 46 37 74
543	13 22 97 1
544	48 100 78 13
545	7 30 90 9
546	59 44 89 39
547	46 56 35 93
548	17 49 44 39
549	64 39 32 41
550	16 14 46 67
551	31 20 87 45
552	71 87 21 22
553	60 5 30 26
554	21 81 5 49
555	35 93 90 1
556	59 65 28 17
557	97 7 32 82
558	62 43 97 39
559	54 32 3 97
560	86 10 67 44
561	79 95 38 35
562	92 97 80 56
563	37 8 2 48
564	74 56 20 43
565	92 55 46 34
566	90 53 85 24
567	6 53 49 78
568	65 90 26 38
569	93 21 95 22
570	48 51 77 5
571	98 34 26 4
572	38 42 82 72
573	23 45 56 71
574	35 11 7 89
575	97 100 21 13
576	21 74 78 16
577	46 8 36 43
578	66 87 54 63
579	24 62 34 95
580	19 80 51 74
581	29 16 27 73
582	19 7 77 8
583	15 42 97 93
584	11 94 78 40
585	95 18 81 56
586	72 10 61 62
587	11 15 39 56
588	86 94 17 40
589	74 67 71 26
590	88 78 27 28
591	100 94 77 41
592	92 83 9 21
593	57 51 83 73
594	22 4 66 2
595	22 5 10 78
596	59 46 91 79
597	31 68 88 36
598	77 14 40 25
599	17 54 53 68
600	8 73 50 90
601	71 26 22 65
602	17 70 65 94
603	13 98 26 85
604	12 31 20 98
605	43 41 10 21
606	27 71 61 42
607	72 74 54 46
608	25 62 82 5
609	4 28 61 44
610	21 48 33 10
611	71 11 79 63
612	22 91 49 13
613	22 40 45 67
614	69 23 89 100
615	25 22 49 94
616	91 81 14 100
617	94 24 17 19
618	66 22 71 87
619	79 70 48 66
620	32 1 38 41
621	69 97 23 56
622	4 10 44 100
623	79 89 82 72
624	29 80 70 60
625	58 21 85 46
626	56 57 97 12
627	94 22 82 85
628	2 96 17 86
629	11 88 51 56
630	84 4 73 42
631	97 88 51 39
632	2 12 4 20
633	60 92 13 68
634	100 72 55 60
635	100 90 32 49
636	56 87 49 25
637	57 66 16 37
638	49 45 93 50
639	14 29 85 38
640	80 22 52 86
641	60 12 28 63
642	83 98 17 67
643	50 82 83 18
644	94 24 80 23
645	44 34 38 21
646	45 70 99 96
647	12 65 90 36
648	29 86 75 42
649	30 79 93 3
650	90 89 49 7
651	32 87 68 78
652	9 24 36 53
653	77 25 3 49
654	6 9 56 48
655	43 58 15 98
656	25 28 55 5
657	72 74 66 58
658	15 13 6 32
659	10 24 52 6
660	63 95 89 96
661	1 48 100 36
662	59 91 48 8
663	47 22 98 48
664	44 69 8 78
665	8 96 84 99
666	15 91 88 16
667	90 91 6 43
668	68 12 63 54
669	59 39 30 43
670	86 20 17 74
671	24 83 42 73
672	96 51 43 40
673	73 43 54 56
674	56 23 26 48
675	56 51 40 37
676	12 7 25 37
677	89 74 20 25
678	18 71 47 87
679	4 14 60 12
680	22 89 41 36
681	75 73 61 72
682	5 56 32 46
683	34 26 31 90
684	7 1 6 61
685	7 87 11 8
686	86 43 50 12
687	63 95 56 77
688	33 6 87 5
689	64 95 92 10
690	8 47 73 16
691	25 34 11 74
692	76 44 5 27
693	25 56 57 37
694	92 35 86 95
695	41 39 74 25
696	92 5 11 60
697	53 72 60 17
698	61 17 24 69
699	21 50 57 12
700	27 9 53 95
701	85 56 50 87
702	96 56 6 45
703	85 52 21 42
704	64 9 97 38
705	15 97 5 61
706	92 18 74 45
707	95 97 52 1
708	4 13 45 100
709	75 51 42 33
710	61 63 18 22
711	39 42 4 27
712	77 8 24 93
713	94 38 29 44
714	27 67 79 52
715	12 40 93 78
716	52 62 23 13
717	1 37 43 24
718	73 35 45 36
719	53 40 65 38
720	72 86 22 40
721	11 46 77 64
722	6 44 79 4
723	74 86 48 36
724	7 41 39 44
725	87 1 64 68
726	41 32 71 26
727	69 66 40 59
728	63 83 78 7
729	6 45 65 93
730	94 29 83 3
731	55 73 47 4
732	94 65 32 100
733	29 84 58 31
734	99 71 59 46
735	47 75 80 25
736	80 55 71 77
737	55 74 27 84
738	83 56 43 58
739	80 11 56 53
740	86 22 6 74
741	27 31 53 58
742	58 25 11 79
743	27 44 91 98
744	10 12 21 27
745	100 47 41 59
746	16 76 9 57
747	69 45 51 65
748	85 20 8 45
749	90 71 41 60
750	50 55 73 70
751	23 3 14 34
752	94 2 51 4
753	81 65 51 2
754	18 72 49 81
755	36 64 58 100
756	1 21 37 42
757	45 70 96 14
758	26 28 47 35
759	92 53 78 64
760	33 92 4 82
761	99 21 37 88
762	12 81 6 13
763	94 37 92 16
764	45 82 37 7
765	19 8 49 33
766	40 54 43 92
767	28 22 90 67
768	52 87 80 56
769	70 65 100 44
770	76 18 1 4
771	3 48 100 26
772	69 30 31 36
773	87 48 84 18
774	37 58 40 6
775	95 65 74 53
776	23 19 60 95
777	92 89 49 70
778	17 35 80 6
779	37 65 92 33
780	85 47 53 22
781	59 21 36 72
782	81 47 52 76
783	95 48 73 34
784	74 64 98 68
785	39 69 56 11
786	55 69 31 82
787	4 1 14 29
788	58 63 69 2
789	58 97 61 29
790	61 28 32 14
791	89 7 29 32
792	39 8 44 30
793	45 65 3 36
794	9 45 89 95
795	26 24 32 9
796	11 54 96 79
797	18 29 41 12
798	85 27 80 78
799	74 88 25 46
800	7 19 27 55
801	34 61 39 58
802	44 89 54 69
803	7 29 14 35
804	60 54 97 6
805	58 59 19 76
806	96 67 43 57
807	49 18 70 25
808	10 22 41 25
809	89 63 87 39
810	10 55 34 37
811	37 61 17 54
812	85 13 22 32
813	81 94 75 10
814	57 16 67 15
815	90 4 3 88
816	11 82 86 91
817	3 88 9 13
818	4 88 97 62
819	70 6 31 89
820	20 58 34 61
821	93 87 56 37
822	96 20 17 37
823	75 93 56 99
824	78 52 49 98
825	89 29 97 17
826	4 17 97 6
827	95 61 88 46
828	75 26 54 62
829	36 27 20 22
830	60 4 13 18
831	44 84 38 47
832	36 100 38 70
833	90 93 33 37
834	52 11 85 84
835	67 52 29 100
836	70 64 41 12
837	63 12 40 94
838	91 75 99 5
839	46 60 41 51
840	32 33 49 21
841	25 18 49 91
842	80 79 78 58
843	98 37 51 47
844	87 94 23 26
845	90 3 27 47
846	31 86 67 18
847	1 82 59 45
848	98 19 95 15
849	18 93 29 96
850	7 34 62 53
851	83 65 82 34
852	27 71 13 91
853	10 6 80 82
854	82 41 37 65
855	61 23 8 80
856	64 2 14 36
857	15 35 72 50
858	36 57 64 19
859	76 49 30 35
860	55 65 61 33
861	58 83 1 54
862	75 72 74 81
863	2 3 38 64
864	82 66 64 85
865	10 69 23 88
866	70 16 74 6
867	91 41 43 18
868	66 28 71 67
869	5 88 63 39
870	93 18 50 45
871	56 82 8 50
872	86 37 81 52
873	92 56 4 72
874	49 35 94 93
875	46 16 93 88
876	69 79 38 64
877	65 66 1 64
878	97 68 84 49
879	48 16 78 51
880	30 85 75 10
881	39 77 51 49
882	30 57 3 64
883	8 42 10 14
884	47 54 76 3
885	70 80 52 31
886	25 81 80 84
887	91 30 15 46
888	96 45 80 53
889	58 100 14 75
890	98 9 91 15
891	100 12 57 99
892	86 30 63 13
893	57 39 23 82
894	16 82 53 52
895	37 4 56 12
896	68 75 37 97
897	3 66 59 100
898	48 18 86 68
899	85 62 82 52
900	11 83 80 2
901	25 1 33 48
902	63 66 55 42
903	12 95 79 11
904	52 92 86 11
905	89 72 78 39
906	13 62 89 71
907	65 67 12 38
908	94 57 74 48
909	15 6 9 26
910	41 57 45 13
911	81 56 17 62
912	81 22 20 47
913	15 65 17 12
914	8 82 31 33
915	36 8 41 79
916	69 99 79 67
917	81 54 35 69
918	80 43 48 4
919	90 75 54 65
920	21 33 40 90
921	31 3 6 36
922	76 60 39 89
923	56 95 65 7
924	100 7 88 82
925	64 8 46 92
926	45 7 27 89
927	1 61 30 28
928	41 58 10 84
929	20 21 45 90
930	23 27 15 29
931	27 34 15 87
932	70 61 7 97
933	27 52 16 10
934	17 50 23 53
935	91 4 70 81
936	86 65 44 23
937	17 67 95 10
938	6 97 63 7
939	21 86 40 64
940	38 95 64 53
941	17 16 41 66
942	39 8 18 28
943	82 4 45 17
944	28 37 39 74
945	1 79 7 71
946	71 30 43 17
947	98 44 52 14
948	27 34 58 50
949	49 52 54 68
950	16 21 31 23
951	43 21 58 5
952	32 82 37 100
953	24 55 2 28
954	79 84 67 15
955	29 39 63 11
956	13 11 42 28
957	83 30 100 90
958	99 45 71 55
959	75 17 11 64
960	3 45 6 99
961	68 8 34 77
962	79 26 28 37
963	24 33 85 63
964	77 6 80 67
965	69 54 94 66
966	83 98 32 17
967	78 88 45 58
968	26 61 99 90
969	48 31 69 65
970	97 84 38 19
971	54 40 71 37
972	85 92 81 33
973	89 47 55 92
974	44 40 48 98
975	19 18 54 47
976	66 75 83 16
977	68 23 7 45
978	95 96 54 80
979	83 12 17 63
980	28 35 77 80
981	97 93 59 48
982	1 12 58 39
983	46 30 24 27
984	51 71 56 27
985	30 61 46 81
986	31 94 97 37
987	39 31 76 96
988	90 19 30 89
989	36 63 99 57
990	88 27 42 73
991	89 13 37 98
992	57 99 70 17
993	14 5 56 96
994	99 74 65 92
995	56 66 17 49
996	35 71 83 53
997	41 64 77 20
998	41 53 37 51
999	90 88 46 34
1000	5 53 69 42
