Students	1000
1	51 84 49 30
2	15 37 44 49
3	22 41 35 53
4	93 40 90 50
5	62 86 95 17
6	63 20 57 27
7	12 77 63 14
8	17 6 88 16
9	73 8 38 11
10	40 54 11 88
11	55 64 95 17
12	77 89 7 78
13	86 89 77 61
14	81 36 28 79
15	67 42 89 80
16	76 24 27 51
17	35 39 10 66
18	45 23 41 74
19	68 4 17 41
20	86 44 3 60
21	61 80 58 27
22	40 48 95 10
23	43 41 36 27
24	7 56 100 63
25	95 85 39 82
26	75 99 94 49
27	53 17 16 68
28	31 79 78 88
29	31 52 3 42
30	91 22 66 18
31	42 83 82 37
32	96 34 99 19
33	47 77 92 11
34	35 48 54 64
35	36 45 50 58
36	33 69 23 49
37	53 11 37 46
38	97 61 100 38
39	17 31 4 49
40	68 81 47 40
41	61 85 71 81
42	99 88 89 1
43	79 76 14 95
44	51 1 84 72
45	21 10 40 83
46	78 83 63 21
47	17 25 78 84
48	98 56 82 90
49	58 92 43 25
50	23 46 13 100
51	21 19 41 40
52	75 26 37 78
53	6 39 87 48
54	79 18 52 46
55	9 30 50 79
56	49 48 5 31
57	33 86 15 12
58	88 97 28 93
59	31 4 59 71
60	54 14 46 73
61	44 20 15 29
62	77 73 40 29
63	21 5 67 76
64	27 76 54 70
65	83 76 49 99
66	81 80 55 28
67	53 68 91 56
68	24 48 39 27
69	2 6 66 99
70	56 60 40 2
71	32 17 36 24
72	1 98 94 43
73	27 64 75 71
74	13 23 85 55
75	90 54 99 41
76	20 68 47 30
77	62 44 58 21
78	54 80 50 97
79	43 31 24 27
80	48 45 62 81
81	97 75 11 58
82	60 84 13 47
83	46 86 66 16
84	92 47 37 69
85	92 4 28 77
86	38 65 35 20
87	11 94 45 83
88	62 17 2 29
89	72 95 93 4
90	61 73 99 16
91	66 37 65 11
92	51 66 24 79
93	64 43 12 77
94	40 81 83 50
95	36 73 72 30
96	81 97 43 71
97	14 87 54 36
98	50 97 91 78
99	57 68 16 32
100	41 42 25 69
101	74 96 23 57
102	90 93 4 47
103	7 25 9 10
104	4 71 96 32
105	70 6 63 60
106	51 79 99 77
107	67 2 76 55
108	18 16 79 97
109	79 35 68 78
110	26 58 91 89
111	16 100 19 89
112	67 60 80 6
113	1 82 71 34
114	61 44 17 6
115	8 50 100 5
116	45 66 65 98
117	45 39 96 47
118	18 13 65 79
119	19 49 16 50
120	92 68 25 44
121	52 86 70 69
122	24 94 38 49
123	11 21 62 67
124	24 28 38 55
125	55 47 83 34
126	25 45 13 34
127	15 51 73 10
128	96 71 14 52
129	17 13 44 84
130	99 13 55 3
131	19 82 56 23
132	64 68 20 5
133	91 93 19 39
134	7 19 82 85
135	14 41 89 4
136	88 3 65 93
137	77 78 7 58
138	19 94 55 25
139	76 70 22 24
140	42 82 66 51
141	57 15 69 40
142	44 46 31 59
143	7 74 73 69
144	27 20 51 11
145	77 34 93 82
146	36 89 18 4
147	92 74 52 93
148	7 78 83 29
149	16 95 17 24
150	60 65 25 64
151	51 98 28 72
152	82 19 27 50
153	7 41 22 57
154	82 47 55 87
155	74 75 36 78
156	54 1 63 21
157	74 35 36 89
158	22 60 98 7
159	20 42 43 94
160	54 14 17 95
161	28 40 7 23
162	34 79 9 30
163	43 67 77 59
164	3 17 4 2
165	92 86 87 3
166	75 71 60 11
167	56 20 46 50
168	49 32 8 35
169	2 93 68 5
170	8 51 52 7
171	7 57 95 2
172	100 65 82 57
173	40 12 38 93
174	61 15 14 52
175	40 14 6 83
176	75 64 10 87
177	14 9 87 61
178	45 99 78 46
179	17 1 94 87
180	35 21 100 33
181	94 64 15 96
182	96 14 47 60
183	68 38 62 33
184	35 19 77 91
185	10 30 52 19
186	64 48 97 81
187	76 75 81 28
188	55 23 18 15
189	74 21 64 68
190	18 51 66 88
191	82 91 52 30
192	15 40 16 100
193	73 90 80 72
194	34 97 66 13
195	88 58 55 19
196	59 88 94 35
197	85 23 61 28
198	100 95 66 92
199	45 31 30 19
200	34 75 58 96
201	15 78 25 41
202	66 21 96 65
203	74 1 49 54
204	77 97 15 80
205	68 74 46 36
206	74 59 67 57
207	77 36 37 14
208	60 32 62 71
209	82 28 24 59
210	22 83 89 91
211	35 81 8 73
212	77 56 28 93
213	96 54 85 55
214	4 63 77 8
215	21 71 25 33
216	92 99 11 37
217	46 30 89 86
218	23 38 30 76
219	86 37 23 8
220	84 96 70 69
221	24 7 34 62
222	2 42 26 22
223	26 66 55 60
224	80 88 42 33
225	89 10 41 67
226	84 88 36 89
227	55 18 10 37
228	24 1 80 29
229	33 22 68 70
230	27 71 52 61
231	77 53 20 90
232	36 65 6 43
233	92 3 59 90
234	39 30 43 25
235	35 37 31 61
236	13 25 60 53
237	8 93 79 30
238	8 20 50 59
239	35 32 73 39
240	100 99 62 13
241	81 12 6 46
242	44 37 59 38
243	74 68 75 27
244	71 57 43 42
245	37 14 44 78
246	91 89 62 15
247	98 88 89 80
248	32 61 9 27
249	35 28 96 53
250	53 95 57 24
251	100 37 2 38
252	94 38 68 69
253	35 43 59 20
254	20 14 85 75
255	20 41 85 93
256	89 67 27 42
257	35 84 77 53
258	71 28 48 5
259	33 16 79 94
260	3 7 67 38
261	93 49 30 10
262	80 22 58 42
263	100 86 91 49
264	46 14 40 12
265	87 73 63 38
266	64 32 40 28
267	87 100 70 78
268	3 23 90 71
269	37 5 68 51
270	14 70 81 28
271	72 53 77 48
272	27 19 75 67
273	1 9 46 69
274	77 85 41 84
275	69 72 33 81
276	54 27 18 34
277	68 87 84 51
278	61 93 59 5
279	10 26 98 9
280	12 52 39 1
281	94 73 47 36
282	9 23 92 7
283	58 92 23 97
284	78 91 99 84
285	32 14 80 98
286	4 11 18 24
287	28 24 5 16
288	50 36 1 17
289	6 82 78 50
290	45 67 97 26
291	21 18 91 44
292	24 63 34 45
293	3 85 89 49
294	79 1 26 8
295	32 31 48 57
296	33 17 43 26
297	47 62 73 26
298	63 43 32 93
299	55 71 50 100
300	94 27 2 29
301	93 71 54 26
302	85 90 47 54
303	75 95 20 83
304	1 43 38 15
305	3 16 83 63
306	6 5 88 18
307	79 93 3 66
308	7 94 88 63
309	74 97 53 3
310	78 49 31 9
311	77 85 99 84
312	100 45 49 6
313	96 22 90 84
314	82 34 17 47
315	99 7 37 85
316	75 19 93 12
317	6 16 40 65
318	96 28 41 60
319	55 95 67 17
320	15 76 38 74
321	28 100 42 38
322	74 73 60 55
323	99 48 15 93
324	63 31 3 89
325	20 26 60 4
326	100 45 9 60
327	74 66 12 45
328	88 18 35 48
329	51 1 19 6
330	43 12 66 88
331	99 33 31 90
332	22 48 47 62
333	94 42 12 96
334	95 1 93 62
335	4 55 50 94
336	47 36 13 18
337	89 1 72 3
338	50 69 21 55
339	83 82 78 22
340	60 73 27 19
341	82 85 27 41
342	37 19 40 2
343	69 53 84 81
344	49 100 9 86
345	54 90 74 46
346	21 36 95 66
347	85 83 36 87
348	63 39 43 18
349	20 19 33 45
350	99 70 1 20
351	23 12 75 77
352	3 7 30 2
353	62 73 50 67
354	91 35 15 49
355	40 60 30 7
356	94 21 84 54
357	25 71 76 42
358	46 8 24 70
359	78 94 5 60
360	52 73 53 82
361	17 31 78 49
362	99 2 63 15
363	85 35 39 60
364	23 34 40 1
365	26 60 38 33
366	43 41 26 62
367	94 7 92 21
368	94 91 44 64
369	50 42 98 67
370	26 83 47 79
371	54 37 66 84
372	81 4 27 87
373	99 4 41 79
374	46 84 39 89
375	70 72 98 58
376	22 77 66 25
377	86 70 37 40
378	26 43 2 71
379	70 69 66 39
380	40 64 11 78
381	13 80 59 36
382	34 73 32 11
383	50 58 8 18
384	72 19 75 34
385	38 80 8 10
386	55 16 85 35
387	27 56 61 62
388	63 52 44 69
389	41 54 85 28
390	58 59 94 67
391	33 43 13 61
392	8 75 55 84
393	50 15 25 47
394	90 81 84 69
395	16 77 76 46
396	83 81 38 3
397	14 64 12 90
398	8 59 82 37
399	18 92 49 100
400	29 45 46 47
401	76 29 72 56
402	17 26 85 34
403	89 75 48 2
404	93 28 13 4
405	12 100 78 3
406	21 77 75 99
407	84 53 89 80
408	26 31 57 91
409	20 24 95 78
410	89 41 76 100
411	62 77 50 86
412	48 62 77 89
413	11 21 90 85
414	45 74 67 41
415	65 30 49 86
416	47 12 60 58
417	87 15 31 24
418	44 62 61 34
419	48 92 81 74
420	80 48 17 63
421	98 91 46 95
422	13 4 83 36
423	48 17 25 57
424	67 80 90 100
425	53 100 42 49
426	92 66 96 78
427	14 19 2 66
428	21 50 86 100
429	54 50 99 36
430	79 62 44 53
431	43 71 93 44
432	54 42 41 81
433	70 97 82 80
434	92 39 93 60
435	17 59 84 2
436	29 17 23 40
437	35 83 18 36
438	97 75 58 42
439	95 61 37 65
440	41 20 62 12
441	51 20 39 98
442	90 10 40 14
443	75 51 35 24
444	50 33 67 60
445	6 37 32 85
446	96 45 83 100
447	52 70 57 61
448	32 87 56 40
449	68 10 85 97
450	83 88 14 10
451	23 1 78 88
452	30 40 59 25
453	43 7 81 30
454	64 26 59 33
455	59 46 11 33
456	26 99 83 62
457	2 8 92 72
458	6 77 19 73
459	99 96 51 4
460	53 48 80 50
461	22 72 50 82
462	5 32 30 50
463	32 6 10 24
464	99 40 73 29
465	11 3 53 34
466	30 65 40 18
467	85 32 25 53
468	23 21 77 63
469	77 7 91 52
470	38 5 87 31
471	58 93 78 10
472	81 28 91 48
473	93 51 30 3
474	35 1 8 57
475	42 20 98 64
476	78 19 83 82
477	79 37 98 86
478	18 89 37 72
479	4 19 45 17
480	10 25 43 91
481	62 3 11 69
482	90 14 7 81
483	34 37 93 18
484	7 40 61 72
485	31 100 67 9
486	16 93 9 65
487	90 73 35 21
488	74 68 67 4
489	41 61 31 1
490	56 91 79 77
491	45 44 80 96
492	67 60 77 90
493	54 28 52 81
494	54 75 68 8
495	78 4 44 24
496	21 61 26 24
497	24 52 8 63
498	31 57 48 22
499	5 86 64 23
500	86 47 58 41
501	48 51 44 14
502	90 4 12 55
503	79 83 70 37
504	33 14 64 66
505	54 27 19 35
506	8 61 44 88
507	28 35 94 11
508	82 42 88 59
509	44 20 69 18
510	19 60 66 13
511	5 65 18 82
512	65 28 39 40
513	37 23 17 86
514	9 20 33 75
515	6 40 13 36
516	58 97 99 31
517	84 69 55 99
518	1 20 89 27
519	77 48 31 4
520	36 58 42 33
521	68 74 60 94
522	46 79 18 97
523	57 17 3 93
524	99 55 47 82
525	22 36 78 79
526	37 90 28 20
527	65 61 47 24
528	26 54 30 72
529	62 45 20 14
530	15 56 85 60
531	96 39 99 29
532	1 20 81 39
533	48 47 100 99
534	58 77 15 83
535	27 71 44 61
536	7 63 96 48
537	90 89 92 36
538	47 80 2 19
539	39 83 86 64
540	14 94 45 60
541	64 34 20 55
542	68 34 13 58
543	26 38 9 92
544	65 37 26 16
545	71 13 15 39
546	25 36 52 24
547	91 59 18 47
548	43 86 16 50
549	64 41 57 76
550	72 31 11 7
551	24 43 46 34
552	44 2 95 63
553	39 7 80 97
554	79 26 48 43
555	100 54 64 77
556	92 100 6 52
557	39 4 14 86
558	92 21 57 49
559	21 67 62 69
560	11 23 77 15
561	87 25 35 26
562	69 63 24 83
563	89 30 46 50
564	83 81 16 78
565	76 74 33 11
566	19 59 20 90
567	5 66 85 47
568	31 16 51 15
569	24 33 8 5
570	97 77 43 11
571	13 64 71 3
572	57 86 36 41
573	31 65 42 40
574	31 62 48 78
575	26 51 33 9
576	22 75 85 59
577	81 89 60 52
578	15 83 21 86
579	70 14 3 12
580	6 29 82 3
581	7 20 35 25
582	92 2 72 88
583	24 62 6 34
584	56 90 31 13
585	26 45 1 84
586	50 9 43 85
587	13 70 17 21
588	50 83 82 78
589	26 10 71 76
590	60 29 57 20
591	14 32 35 4
592	27 93 25 23
593	69 38 57 21
594	57 3 30 97
595	89 5 52 39
596	80 21 58 26
597	61 1 58 27
598	8 3 54 12
599	59 46 5 54
600	92 11 68 62
601	19 49 7 34
602	26 13 21 66
603	49 64 42 71
604	91 67 22 76
605	54 89 28 84
606	71 31 8 46
607	84 44 14 65
608	95 49 25 33
609	41 86 76 14
610	72 58 36 34
611	8 39 6 56
612	60 37 99 3
613	64 3 38 21
614	27 90 36 24
615	23 25 34 72
616	90 57 42 13
617	15 61 40 53
618	72 68 57 50
619	100 48 66 69
620	14 87 2 70
621	78 39 79 84
622	38 47 42 61
623	57 36 37 2
624	91 9 76 23
625	17 14 61 9
626	55 23 75 87
627	33 25 19 73
628	91 15 57 96
629	40 9 19 80
630	26 60 67 74
631	89 61 24 40
632	74 59 14 32
633	17 65 80 36
634	15 82 72 57
635	14 60 2 69
636	11 47 71 77
637	9 86 32 83
638	26 25 52 94
639	81 85 12 21
640	25 95 33 87
641	40 4 64 68
642	51 98 15 43
643	54 66 45 85
644	45 32 5 93
645	60 95 9 52
646	47 5 8 4
647	68 53 47 10
648	41 37 12 48
649	6 87 73 7
650	13 60 56 47
651	22 89 61 50
652	55 10 63 64
653	41 86 52 24
654	42 9 27 72
655	70 93 34 20
656	6 71 5 28
657	35 88 98 20
658	10 62 80 29
659	31 20 3 64
660	18 49 2 59
661	36 26 19 78
662	49 100 52 16
663	98 22 90 19
664	43 74 64 79
665	17 94 88 85
666	41 83 54 39
667	58 75 99 77
668	13 68 50 24
669	95 81 87 70
670	73 30 15 45
671	55 84 95 22
672	65 91 51 43
673	99 11 6 55
674	68 21 84 34
675	100 93 54 14
676	25 24 88 95
677	1 93 88 34
678	67 78 7 82
679	88 29 93 97
680	81 63 53 69
681	64 13 62 79
682	35 37 9 59
683	30 97 14 57
684	31 78 94 77
685	24 89 97 80
686	40 66 13 27
687	8 26 31 41
688	40 23 95 32
689	20 71 58 85
690	22 74 46 20
691	61 40 39 18
692	48 24 74 32
693	66 86 6 45
694	93 54 98 42
695	34 16 4 2
696	68 37 59 94
697	25 78 65 99
698	3 74 51 68
699	92 16 71 60
700	78 40 17 15
701	28 92 43 73
702	33 24 63 96
703	62 27 25 55
704	18 15 73 89
705	72 24 10 31
706	37 69 44 52
707	25 69 31 19
708	44 18 67 93
709	22 58 26 98
710	11 64 86 72
711	8 67 42 27
712	2 84 7 35
713	43 86 9 55
714	10 32 80 4
715	34 48 91 20
716	22 25 60 9
717	9 34 37 35
718	55 6 33 30
719	18 96 45 34
720	54 32 81 39
721	38 68 96 2
722	14 64 31 83
723	81 38 35 66
724	68 64 99 66
725	99 14 76 67
726	98 17 28 57
727	32 58 18 39
728	8 42 20 43
729	81 44 18 15
730	8 93 53 84
731	3 38 7 59
732	11 97 19 96
733	34 72 9 29
734	10 97 36 60
735	80 16 93 11
736	68 73 56 34
737	93 17 24 83
738	66 45 25 22
739	46 74 35 34
740	92 94 41 93
741	54 55 84 8
742	63 79 34 88
743	81 18 2 79
744	54 15 44 42
745	80 98 38 64
746	10 45 58 59
747	77 59 54 82
748	82 66 76 92
749	88 87 9 12
750	21 72 51 85
751	48 96 59 55
752	65 77 48 92
753	12 87 7 34
754	9 60 12 38
755	68 61 10 42
756	37 76 18 3
757	36 12 88 47
758	14 81 91 35
759	9 87 99 5
760	40 6 92 61
761	26 92 13 78
762	23 45 97 20
763	60 34 43 31
764	72 5 38 3
765	20 69 45 31
766	70 98 69 81
767	44 43 78 71
768	91 49 26 99
769	34 95 79 42
770	19 46 61 89
771	76 31 64 62
772	16 36 96 10
773	11 50 90 2
774	70 28 20 44
775	27 46 73 94
776	44 79 33 78
777	18 54 12 43
778	72 84 3 73
779	29 46 100 96
780	25 96 9 59
781	89 74 77 14
782	14 27 5 56
783	68 38 13 30
784	19 15 5 66
785	55 5 69 28
786	72 10 19 94
787	32 1 2 7
788	93 70 66 87
789	46 81 13 90
790	29 90 97 26
791	57 71 90 21
792	12 54 84 8
793	70 69 51 93
794	75 48 81 96
795	77 4 8 95
796	94 97 16 14
797	21 90 39 34
798	13 7 88 53
799	79 27 48 8
800	68 54 88 36
801	96 18 38 88
802	100 65 27 37
803	84 95 65 45
804	4 31 28 17
805	72 9 83 17
806	26 82 74 94
807	3 65 8 62
808	82 75 23 72
809	43 18 6 96
810	52 30 94 64
811	73 7 9 78
812	6 58 74 86
813	63 5 67 32
814	25 72 4 61
815	7 65 98 36
816	12 36 27 81
817	70 86 33 6
818	100 54 27 40
819	49 18 7 45
820	6 4 32 25
821	78 56 87 95
822	60 30 45 5
823	8 49 94 42
824	65 87 74 14
825	81 38 10 97
826	48 10 28 53
827	70 46 49 56
828	38 8 12 80
829	1 42 99 88
830	7 24 1 64
831	2 68 46 78
832	19 28 43 2
833	85 31 13 75
834	70 69 53 87
835	92 56 69 44
836	100 31 93 28
837	27 55 82 34
838	45 80 10 83
839	90 87 29 1
840	17 7 60 47
841	74 75 98 33
842	10 38 27 33
843	82 36 4 33
844	77 99 42 30
845	95 84 98 75
846	77 83 21 1
847	77 41 31 7
848	35 84 78 12
849	45 61 13 16
850	55 13 36 81
851	24 81 84 50
852	1 19 10 9
853	37 10 87 2
854	11 3 72 100
855	68 89 83 40
856	5 72 45 75
857	67 79 69 36
858	60 44 94 82
859	19 11 55 92
860	60 31 1 16
861	74 84 13 61
862	28 65 1 38
863	63 64 39 83
864	11 70 75 71
865	56 24 34 99
866	63 61 55 51
867	3 87 46 86
868	48 60 40 2
869	82 76 6 37
870	59 94 67 16
871	21 14 25 20
872	5 1 23 38
873	36 89 22 27
874	71 77 68 52
875	94 65 64 75
876	58 42 48 26
877	85 34 79 11
878	12 44 23 38
879	67 30 45 89
880	22 6 36 17
881	60 30 75 52
882	9 92 33 93
883	60 67 89 33
884	62 50 97 90
885	32 2 90 50
886	99 5 78 26
887	44 56 75 29
888	10 16 91 18
889	42 10 92 74
890	71 39 99 72
891	52 18 15 73
892	14 70 40 42
893	15 59 79 71
894	49 65 64 59
895	77 16 61 71
896	79 24 81 10
897	30 79 86 59
898	87 44 35 49
899	10 50 9 20
900	35 59 76 10
901	19 77 69 1
902	41 96 79 44
903	94 17 14 98
904	14 35 76 3
905	29 53 51 32
906	22 97 59 52
907	36 38 31 18
908	32 22 79 66
909	14 64 22 17
910	44 71 83 93
911	52 26 92 53
912	46 43 23 8
913	34 75 2 38
914	22 74 50 59
915	59 37 21 72
916	21 95 41 78
917	91 56 77 31
918	36 78 18 95
919	8 6 46 16
920	72 62 15 98
921	8 95 68 4
922	5 75 30 61
923	20 40 32 30
924	33 39 66 13
925	53 40 4 22
926	11 44 25 74
927	73 54 36 64
928	3 9 43 88
929	34 7 31 43
930	1 81 61 83
931	59 69 41 70
932	36 30 12 84
933	45 19 67 29
934	8 52 36 46
935	43 5 71 94
936	68 96 46 81
937	90 9 38 27
938	90 86 54 11
939	27 29 51 55
940	59 41 69 2
941	51 56 15 92
942	23 44 3 4
943	79 64 21 73
944	63 76 82 22
945	1 70 26 23
946	100 41 72 52
947	15 3 47 13
948	10 26 57 11
949	5 39 54 89
950	66 17 45 88
951	36 58 2 26
952	81 55 10 73
953	80 99 86 88
954	33 49 79 10
955	68 12 47 28
956	92 96 25 47
957	24 88 80 30
958	72 31 53 81
959	53 51 35 37
960	27 67 87 24
961	86 58 62 74
962	89 32 96 90
963	94 24 90 53
964	59 10 51 6
965	63 50 64 19
966	94 100 60 32
967	47 65 99 3
968	32 77 55 82
969	83 37 93 97
970	83 54 35 72
971	46 100 91 86
972	22 54 74 17
973	32 82 43 74
974	23 52 68 79
975	75 92 71 34
976	15 38 91 19
977	77 33 54 100
978	62 61 8 88
979	66 68 12 35
980	6 25 42 7
981	64 45 94 92
982	41 60 49 22
983	11 47 21 12
984	12 42 88 45
985	17 52 85 41
986	94 76 91 17
987	60 85 65 42
988	23 94 24 9
989	96 87 53 38
990	33 66 91 87
991	72 64 60 73
992	28 69 7 51
993	26 34 27 4
994	98 83 31 29
995	45 91 28 10
996	72 19 51 6
997	49 8 71 38
998	70 52 68 48
999	4 100 52 57
1000	21 39 4 58
