Students	1000
1	27 38 70 99
2	43 58 39 42
3	50 88 91 36
4	9 87 30 6
5	98 9 21 25
6	97 77 12 84
7	97 50 61 40
8	99 74 43 48
9	76 93 34 10
10	8 75 38 16
11	59 29 50 40
12	77 91 61 11
13	44 15 23 68
14	79 89 64 70
15	13 99 66 52
16	74 48 39 71
17	17 93 25 62
18	66 19 39 80
19	58 24 91 86
20	14 60 56 63
21	23 61 69 12
22	7 61 78 16
23	67 6 56 87
24	51 11 15 53
25	70 44 67 13
26	50 34 52 18
27	60 49 77 66
28	69 29 63 23
29	24 98 41 26
30	89 56 10 73
31	14 42 2 39
32	96 19 66 12
33	37 80 47 65
34	66 24 41 89
35	76 19 49 38
36	41 90 18 88
37	23 73 25 1
38	86 25 56 53
39	49 80 93 83
40	66 38 43 25
41	12 1 96 81
42	28 98 23 75
43	44 82 37 66
44	78 82 50 64
45	1 50 12 57
46	61 59 50 74
47	76 59 48 69
48	53 92 82 45
49	65 92 59 24
50	12 97 75 38
51	70 91 6 77
52	32 8 24 73
53	97 81 90 2
54	31 37 18 4
55	64 50 63 43
56	67 80 33 44
57	91 95 30 97
58	82 19 38 92
59	32 41 90 80
60	30 61 94 76
61	64 77 2 51
62	35 17 80 4
63	11 30 9 33
64	82 24 90 89
65	58 20 60 100
66	89 54 71 6
67	42 97 47 63
68	28 56 100 86
69	45 35 28 66
70	79 70 6 48
71	23 88 22 59
72	68 77 54 35
73	27 76 54 91
74	68 25 84 91
75	45 88 3 23
76	59 65 83 41
77	34 93 61 4
78	79 63 18 13
79	74 5 49 50
80	20 72 23 47
81	75 53 48 35
82	22 56 74 48
83	4 62 20 16
84	51 33 68 72
85	37 27 83 46
86	88 10 11 87
87	87 59 97 80
88	35 71 25 92
89	89 84 69 67
90	12 31 73 18
91	53 3 32 4
92	5 3 84 6
93	31 27 72 75
94	63 99 16 98
95	74 3 71 15
96	5 36 10 34
97	20 3 39 1
98	1 40 74 18
99	30 25 85 57
100	48 80 9 84
101	52 27 59 31
102	78 28 8 6
103	94 99 5 1
104	43 66 72 2
105	60 2 6 24
106	13 17 100 34
107	40 71 66 63
108	21 4 20 7
109	47 75 13 65
110	79 65 74 7
111	15 1 80 17
112	93 10 14 94
113	22 76 15 79
114	35 22 43 71
115	77 98 100 55
116	49 57 28 3
117	49 37 29 85
118	3 83 72 76
119	14 72 27 39
120	23 32 41 44
121	35 31 92 1
122	74 12 90 21
123	96 39 69 41
124	9 41 3 100
125	38 44 50 37
126	25 15 14 57
127	90 78 76 73
128	11 16 73 54
129	1 32 49 69
130	55 6 88 46
131	18 19 6 35
132	47 22 95 23
133	22 96 58 75
134	4 70 12 31
135	2 50 57 59
136	47 94 43 46
137	79 69 100 29
138	90 29 27 18
139	77 65 80 13
140	57 74 76 44
141	51 6 32 19
142	70 20 95 47
143	47 23 96 5
144	1 100 38 52
145	45 50 38 59
146	4 86 41 82
147	57 39 46 28
148	67 60 63 70
149	57 96 58 2
150	6 65 89 68
151	72 46 89 82
152	80 29 62 5
153	99 89 35 88
154	98 29 22 62
155	89 43 53 44
156	27 22 45 80
157	86 44 97 27
158	65 29 99 74
159	67 26 77 40
160	5 11 30 20
161	2 76 75 34
162	94 4 52 77
163	73 6 95 66
164	42 1 84 74
165	9 16 31 79
166	89 8 36 80
167	95 6 68 16
168	41 15 8 36
169	25 47 96 48
170	59 15 34 55
171	80 43 14 85
172	80 1 68 41
173	100 83 41 61
174	6 44 54 10
175	62 44 97 10
176	92 82 81 36
177	81 57 19 46
178	76 50 95 36
179	32 6 86 82
180	87 3 18 8
181	47 19 93 91
182	98 17 81 51
183	30 27 40 42
184	16 62 19 97
185	8 82 2 50
186	83 50 81 77
187	50 72 21 69
188	56 18 48 20
189	1 98 43 61
190	89 56 29 96
191	26 15 17 92
192	89 35 53 23
193	26 65 36 90
194	53 3 62 90
195	30 37 94 60
196	9 79 93 41
197	62 17 49 58
198	39 52 33 94
199	92 99 82 56
200	59 77 87 94
201	23 53 33 54
202	34 44 54 9
203	24 58 98 26
204	74 25 7 1
205	68 9 88 80
206	29 99 59 36
207	66 61 18 9
208	52 16 22 87
209	52 37 35 38
210	22 39 96 40
211	69 77 79 81
212	100 62 25 34
213	1 64 9 52
214	39 27 30 74
215	29 80 37 95
216	75 41 69 15
217	62 9 2 20
218	10 1 60 91
219	61 31 32 98
220	27 62 50 19
221	18 27 50 72
222	49 13 11 71
223	41 39 16 86
224	43 90 60 14
225	82 76 53 96
226	89 99 36 93
227	43 53 37 91
228	82 42 54 44
229	71 59 54 94
230	45 37 81 23
231	65 32 61 28
232	1 47 90 45
233	25 68 18 37
234	11 34 2 53
235	89 66 29 77
236	53 35 58 42
237	77 45 84 53
238	23 3 82 48
239	19 70 26 99
240	13 38 77 69
241	2 61 59 57
242	21 32 45 68
243	48 88 26 59
244	6 83 99 34
245	72 71 5 19
246	84 37 36 23
247	63 3 91 69
248	39 43 97 82
249	91 49 5 78
250	32 49 88 65
251	39 36 3 27
252	60 88 6 5
253	60 23 4 40
254	69 36 13 64
255	6 63 41 16
256	69 52 51 63
257	42 88 78 76
258	10 56 82 95
259	62 44 91 96
260	89 68 51 67
261	69 66 9 24
262	42 98 60 9
263	42 27 48 71
264	49 12 8 78
265	90 22 95 68
266	53 50 92 58
267	80 94 77 23
268	38 51 98 12
269	47 77 69 35
270	10 58 83 96
271	16 31 8 57
272	41 84 9 49
273	47 51 8 36
274	42 81 66 80
275	89 54 74 36
276	25 85 74 14
277	63 5 48 7
278	1 98 83 56
279	17 4 31 37
280	33 66 12 79
281	59 60 43 48
282	92 16 38 89
283	92 78 49 44
284	99 43 61 22
285	59 100 56 52
286	30 70 28 27
287	88 84 69 96
288	26 73 49 39
289	95 47 15 77
290	19 96 55 95
291	73 66 10 23
292	81 14 8 40
293	77 80 64 19
294	44 52 4 24
295	78 86 47 95
296	1 70 46 10
297	9 3 16 32
298	12 51 28 66
299	52 89 4 97
300	3 27 98 92
301	62 71 44 59
302	32 51 95 1
303	24 35 81 39
304	7 31 71 65
305	29 61 86 4
306	48 56 31 42
307	89 49 43 55
308	23 59 49 70
309	86 14 13 2
310	46 73 28 30
311	11 18 28 71
312	34 25 46 83
313	52 4 86 81
314	74 38 42 51
315	89 76 28 15
316	4 68 28 47
317	3 40 74 59
318	96 71 15 55
319	1 15 21 66
320	18 36 21 39
321	5 11 24 61
322	37 46 60 35
323	18 9 54 66
324	45 50 41 99
325	52 77 82 8
326	9 10 71 45
327	48 91 52 41
328	38 80 26 8
329	26 10 85 28
330	72 85 100 39
331	6 40 56 90
332	29 61 22 77
333	82 90 66 1
334	70 54 89 28
335	49 44 5 11
336	74 56 95 8
337	73 15 65 3
338	71 52 35 56
339	48 4 89 99
340	46 90 10 6
341	64 77 78 75
342	72 4 88 90
343	73 25 9 61
344	14 29 59 53
345	3 53 19 74
346	37 97 19 57
347	43 56 20 17
348	72 39 33 61
349	13 87 69 83
350	32 5 9 33
351	20 63 14 12
352	64 55 67 23
353	44 25 95 47
354	40 72 93 12
355	35 57 55 20
356	60 41 38 8
357	14 57 97 84
358	19 41 94 23
359	84 76 71 6
360	46 1 87 52
361	86 65 56 29
362	8 59 38 87
363	95 50 96 81
364	46 92 33 76
365	11 40 58 81
366	62 72 76 70
367	25 22 69 46
368	49 24 70 27
369	3 10 72 37
370	26 30 12 39
371	88 90 14 6
372	85 47 50 27
373	69 63 13 83
374	56 28 4 34
375	56 57 2 78
376	37 85 1 52
377	62 6 68 19
378	35 10 6 68
379	32 82 53 66
380	55 94 43 72
381	66 79 85 96
382	13 99 91 69
383	36 43 28 94
384	62 33 92 50
385	33 80 67 68
386	84 35 19 68
387	72 62 70 43
388	75 4 73 35
389	35 30 27 38
390	48 46 83 64
391	66 86 20 90
392	14 70 60 91
393	53 85 27 47
394	50 36 38 14
395	35 42 37 53
396	21 85 83 34
397	66 89 86 17
398	13 21 37 48
399	36 93 55 50
400	74 95 23 6
401	39 14 24 67
402	44 1 42 10
403	20 97 33 57
404	57 37 17 24
405	6 72 94 88
406	11 78 98 83
407	19 82 47 35
408	88 12 66 19
409	92 25 50 82
410	87 95 52 48
411	24 55 67 58
412	72 47 75 55
413	92 96 89 73
414	55 29 44 24
415	52 1 59 70
416	8 23 15 80
417	90 43 69 91
418	11 91 46 54
419	100 70 78 88
420	85 23 15 49
421	51 64 77 38
422	10 34 11 14
423	11 81 37 97
424	43 32 75 94
425	13 16 40 2
426	36 25 42 37
427	99 73 37 94
428	100 79 96 61
429	35 73 47 48
430	61 69 55 60
431	47 8 90 31
432	64 2 47 32
433	91 69 59 80
434	74 91 2 84
435	43 54 62 21
436	10 56 79 78
437	78 83 3 21
438	31 4 67 29
439	96 6 75 79
440	82 43 41 19
441	88 45 43 60
442	13 65 49 20
443	47 58 24 66
444	13 1 39 29
445	15 71 41 21
446	100 66 9 82
447	11 80 62 7
448	71 22 66 68
449	29 69 98 73
450	96 90 63 81
451	15 10 89 98
452	98 66 25 53
453	93 21 10 91
454	20 34 42 28
455	63 20 94 37
456	69 93 97 74
457	21 22 24 64
458	49 85 40 47
459	51 82 21 2
460	28 74 46 42
461	63 72 99 31
462	83 81 95 12
463	21 49 29 73
464	34 45 65 29
465	13 19 81 8
466	29 66 68 10
467	87 54 29 33
468	54 56 3 2
469	1 13 7 35
470	42 24 79 60
471	71 100 76 64
472	58 5 81 77
473	82 66 65 32
474	79 58 68 60
475	53 61 52 94
476	85 29 22 82
477	47 18 75 8
478	41 56 18 16
479	89 5 43 46
480	31 73 28 59
481	29 65 30 71
482	25 54 53 12
483	73 96 44 55
484	20 21 31 56
485	28 74 27 91
486	26 2 68 77
487	85 74 18 54
488	24 54 62 28
489	65 40 4 53
490	20 1 7 97
491	32 60 4 33
492	59 1 25 22
493	29 88 73 97
494	38 84 80 20
495	27 12 91 33
496	84 58 56 53
497	72 58 38 98
498	39 32 22 85
499	22 10 44 70
500	22 51 64 17
501	82 40 39 27
502	74 1 32 69
503	82 24 36 19
504	44 46 15 37
505	55 34 65 94
506	55 4 70 33
507	25 70 58 79
508	83 80 75 6
509	89 2 44 9
510	80 32 10 75
511	58 7 81 40
512	91 60 68 3
513	1 82 23 85
514	6 1 34 63
515	63 5 93 77
516	5 37 23 99
517	14 56 95 53
518	67 29 43 85
519	14 7 75 53
520	47 85 8 50
521	60 9 16 29
522	20 43 12 72
523	1 76 5 21
524	39 50 69 71
525	32 58 46 61
526	66 50 47 45
527	79 88 81 74
528	82 87 4 84
529	8 13 99 79
530	86 47 6 55
531	22 9 45 30
532	76 20 26 33
533	41 15 8 97
534	85 74 63 76
535	54 42 63 66
536	58 86 13 36
537	19 73 29 35
538	24 86 69 77
539	48 97 22 55
540	37 15 99 78
541	33 26 76 65
542	83 30 37 81
543	48 43 72 24
544	26 100 84 86
545	56 46 96 49
546	41 81 84 68
547	85 43 13 35
548	3 28 19 85
549	81 6 36 84
550	14 47 73 88
551	1 75 96 70
552	87 85 32 88
553	90 37 21 68
554	15 37 68 44
555	38 35 24 47
556	58 11 81 88
557	80 77 96 14
558	48 90 49 41
559	32 57 95 35
560	16 77 52 42
561	99 75 25 31
562	17 71 90 40
563	72 82 84 65
564	55 66 70 61
565	66 13 61 14
566	41 51 7 6
567	87 56 62 41
568	62 16 52 59
569	69 82 76 11
570	15 27 25 1
571	72 63 79 60
572	93 32 20 77
573	91 53 92 96
574	17 64 22 32
575	28 44 33 13
576	81 89 73 43
577	40 76 97 39
578	30 93 65 9
579	12 82 38 18
580	23 10 71 55
581	8 80 14 47
582	89 71 55 92
583	89 10 83 39
584	35 13 100 59
585	37 66 29 80
586	6 36 48 21
587	36 74 27 46
588	32 24 51 8
589	84 22 19 85
590	14 79 55 35
591	13 80 82 77
592	38 53 40 36
593	3 50 5 16
594	72 88 15 33
595	35 2 19 59
596	41 58 3 51
597	53 89 86 63
598	29 84 33 70
599	17 16 18 4
600	39 28 48 35
601	47 21 80 69
602	41 20 40 97
603	63 84 46 92
604	34 55 50 100
605	89 91 76 94
606	73 99 3 14
607	25 18 30 3
608	82 86 8 39
609	85 73 65 83
610	49 41 1 79
611	59 80 56 67
612	8 75 30 70
613	10 81 17 19
614	13 99 44 76
615	44 7 35 30
616	27 64 83 70
617	74 91 17 88
618	30 3 94 75
619	47 77 81 67
620	44 72 37 28
621	16 20 70 80
622	32 91 27 100
623	45 31 14 93
624	17 80 2 89
625	17 98 49 95
626	83 47 36 6
627	48 39 88 42
628	16 22 10 46
629	17 5 38 51
630	33 60 63 31
631	74 65 85 15
632	3 27 20 18
633	70 83 96 80
634	73 65 16 62
635	68 63 49 28
636	12 80 30 11
637	83 21 53 87
638	9 44 13 46
639	76 31 6 14
640	90 20 48 8
641	86 93 100 29
642	93 38 28 8
643	80 86 99 97
644	83 80 34 90
645	58 7 24 77
646	25 96 54 8
647	28 20 88 59
648	81 67 99 66
649	13 97 78 25
650	99 63 39 81
651	42 31 90 80
652	97 21 85 53
653	67 94 61 63
654	27 23 24 70
655	17 26 39 80
656	86 73 39 18
657	23 35 67 58
658	72 58 1 85
659	23 96 78 16
660	89 36 49 95
661	20 96 87 27
662	47 82 22 7
663	79 53 3 90
664	6 17 91 86
665	89 20 24 52
666	18 44 76 19
667	62 70 49 31
668	52 29 81 16
669	80 72 83 94
670	39 100 74 59
671	60 1 94 14
672	14 86 19 8
673	55 15 33 5
674	87 76 57 66
675	80 60 26 44
676	57 71 69 39
677	91 37 87 63
678	80 70 29 85
679	73 88 23 81
680	97 28 16 85
681	86 31 97 54
682	22 2 61 73
683	45 21 36 65
684	69 8 80 63
685	17 55 9 100
686	85 49 93 37
687	54 26 42 1
688	35 62 23 36
689	75 72 67 93
690	83 31 80 94
691	72 24 69 87
692	83 63 95 55
693	6 72 82 93
694	21 37 2 27
695	32 34 95 94
696	47 19 43 59
697	66 49 40 71
698	64 60 78 45
699	71 55 98 28
700	18 2 49 85
701	91 78 22 99
702	6 82 80 44
703	57 26 50 62
704	89 49 20 48
705	81 39 90 14
706	2 3 40 61
707	65 67 92 81
708	65 38 70 41
709	72 61 33 49
710	24 9 16 6
711	38 7 27 15
712	79 49 6 71
713	27 35 68 86
714	39 31 66 87
715	41 72 62 46
716	85 37 16 90
717	55 79 62 77
718	2 54 21 80
719	76 13 53 93
720	15 18 64 20
721	56 84 4 68
722	51 60 34 44
723	68 98 32 76
724	25 4 55 19
725	4 74 39 41
726	99 2 26 13
727	88 44 70 99
728	67 24 18 16
729	79 21 48 39
730	8 62 50 100
731	100 53 40 95
732	26 87 65 69
733	42 17 20 41
734	55 72 31 75
735	25 59 99 22
736	61 90 68 20
737	68 56 100 91
738	58 22 30 73
739	12 52 81 6
740	86 30 41 44
741	48 37 17 67
742	36 86 41 75
743	67 40 85 16
744	87 38 36 75
745	21 23 98 41
746	18 35 49 27
747	83 64 2 50
748	3 50 94 64
749	21 3 22 77
750	32 36 92 84
751	94 70 41 16
752	76 16 1 22
753	64 78 76 32
754	30 10 17 35
755	87 15 53 14
756	30 38 99 36
757	48 24 47 59
758	49 71 95 79
759	89 29 73 43
760	48 20 32 97
761	60 66 78 28
762	26 13 39 92
763	26 59 19 49
764	87 96 67 18
765	64 95 24 93
766	90 42 20 17
767	59 20 64 71
768	93 44 40 27
769	55 67 54 36
770	60 67 28 92
771	26 70 100 57
772	83 55 53 99
773	20 94 9 78
774	74 63 56 42
775	29 83 86 88
776	66 31 4 56
777	17 97 55 8
778	31 6 58 21
779	17 2 96 52
780	18 36 80 94
781	33 57 75 15
782	7 84 82 14
783	50 22 93 68
784	65 60 53 98
785	97 100 31 45
786	99 4 2 54
787	46 28 67 27
788	13 57 74 62
789	2 88 89 72
790	40 5 66 16
791	98 11 45 99
792	70 37 100 68
793	57 91 42 70
794	15 63 46 47
795	86 91 17 3
796	59 29 18 92
797	18 32 99 19
798	97 67 11 10
799	55 86 99 47
800	54 46 77 47
801	55 1 97 46
802	38 11 3 57
803	46 96 97 72
804	45 81 92 64
805	9 46 70 45
806	34 8 2 62
807	81 96 83 91
808	60 51 33 100
809	54 55 71 58
810	50 92 29 57
811	75 70 40 12
812	64 62 15 17
813	46 32 83 86
814	93 75 68 90
815	68 13 89 10
816	17 92 86 96
817	76 56 15 100
818	88 60 37 98
819	80 18 81 66
820	25 39 19 59
821	16 79 15 14
822	23 47 51 19
823	25 80 23 57
824	20 17 48 29
825	53 81 38 87
826	62 25 23 80
827	89 79 36 5
828	68 81 38 5
829	3 73 51 4
830	20 50 8 79
831	72 3 41 99
832	8 30 13 65
833	61 42 8 63
834	7 77 37 29
835	3 86 43 71
836	97 25 86 38
837	17 27 9 83
838	15 54 85 89
839	2 66 35 89
840	9 70 68 63
841	4 76 17 24
842	43 22 3 81
843	38 15 34 36
844	45 82 76 55
845	77 11 34 83
846	82 55 2 52
847	24 87 17 98
848	28 34 59 24
849	83 47 15 6
850	42 75 52 37
851	90 38 58 7
852	49 26 48 57
853	34 82 84 38
854	5 94 23 45
855	77 19 83 86
856	75 50 7 46
857	58 46 41 89
858	96 20 22 90
859	6 59 61 49
860	86 53 11 82
861	47 37 100 85
862	13 6 25 66
863	29 3 97 57
864	73 21 72 88
865	74 47 36 38
866	35 89 90 71
867	98 64 99 30
868	14 10 36 16
869	17 3 48 22
870	73 98 60 39
871	94 93 6 42
872	63 15 34 94
873	64 97 48 54
874	63 20 51 72
875	33 31 34 92
876	72 30 37 9
877	23 26 65 98
878	77 7 56 34
879	91 2 51 34
880	43 25 49 50
881	45 29 91 46
882	6 18 37 72
883	55 17 98 70
884	91 5 56 37
885	26 88 99 33
886	51 16 19 72
887	1 5 18 37
888	29 38 10 14
889	44 1 94 31
890	80 81 87 41
891	92 75 67 42
892	63 1 88 61
893	33 47 79 74
894	88 23 62 1
895	92 49 63 96
896	9 74 25 70
897	44 62 65 74
898	93 49 65 19
899	80 62 49 90
900	96 65 54 98
901	64 83 54 18
902	97 93 4 73
903	64 60 80 66
904	98 88 34 77
905	58 42 30 14
906	73 88 61 72
907	55 5 20 77
908	78 69 34 77
909	12 78 27 37
910	4 58 22 9
911	50 84 34 79
912	10 89 34 93
913	44 60 75 52
914	47 11 48 7
915	27 76 39 42
916	44 57 26 90
917	19 76 68 51
918	87 88 59 14
919	32 48 39 70
920	4 21 60 29
921	78 56 37 16
922	4 68 16 55
923	68 75 78 43
924	66 18 90 83
925	9 15 72 95
926	51 25 100 62
927	40 23 81 80
928	62 11 63 3
929	39 98 89 14
930	98 74 84 41
931	95 66 9 88
932	53 2 14 3
933	77 61 68 4
934	55 87 64 52
935	34 18 91 84
936	98 77 26 2
937	84 34 64 93
938	57 7 83 30
939	65 99 70 48
940	26 73 68 52
941	2 19 17 7
942	62 91 14 74
943	15 41 4 47
944	65 90 99 17
945	47 74 24 96
946	40 34 71 31
947	100 35 91 29
948	82 98 66 26
949	37 26 67 89
950	60 3 12 41
951	32 8 64 49
952	92 60 57 69
953	51 2 29 42
954	26 53 5 2
955	14 10 44 83
956	86 28 57 3
957	67 75 11 69
958	80 17 76 100
959	58 49 89 96
960	91 50 35 62
961	88 77 100 57
962	60 31 88 48
963	95 87 45 89
964	24 46 70 100
965	75 23 87 27
966	69 99 23 61
967	84 28 80 56
968	59 23 85 49
969	81 92 68 37
970	40 39 22 31
971	48 78 61 20
972	44 96 47 12
973	41 98 90 9
974	80 9 86 14
975	35 47 87 48
976	31 83 97 63
977	86 27 41 80
978	36 86 97 6
979	97 96 28 11
980	89 11 70 14
981	71 18 39 82
982	27 96 15 94
983	70 52 88 93
984	68 76 16 61
985	53 59 84 5
986	34 82 96 65
987	57 18 49 37
988	97 57 48 83
989	64 31 60 76
990	66 24 26 99
991	5 84 75 40
992	6 32 24 99
993	42 10 62 60
994	30 94 47 13
995	28 97 67 47
996	21 60 51 94
997	37 85 70 68
998	49 90 100 38
999	15 32 4 12
1000	10 37 57 73
