Students	1000
1	27 47 55 32
2	61 58 72 30
3	68 16 86 92
4	25 3 63 83
5	67 95 12 68
6	39 6 32 85
7	58 61 12 75
8	100 57 6 21
9	11 72 81 18
10	60 27 91 85
11	30 45 78 99
12	47 79 77 2
13	59 98 26 19
14	10 3 5 84
15	2 20 3 60
16	20 97 28 36
17	71 80 7 13
18	71 65 26 94
19	97 48 19 82
20	97 63 96 54
21	48 32 93 98
22	48 5 64 96
23	70 24 73 23
24	87 19 67 14
25	63 40 65 49
26	28 52 84 72
27	99 61 98 38
28	18 40 82 25
29	94 22 95 51
30	96 5 86 100
31	22 99 73 67
32	47 6 64 33
33	4 81 70 97
34	45 85 98 35
35	56 93 13 35
36	6 39 56 80
37	64 46 39 96
38	18 7 2 32
39	85 53 59 41
40	15 39 13 63
41	62 50 39 60
42	10 78 19 97
43	5 9 48 68
44	27 5 76 39
45	61 77 24 27
46	15 68 17 96
47	70 46 99 65
48	66 32 11 56
49	91 77 7 54
50	95 90 29 37
51	57 24 30 53
52	92 14 2 23
53	98 46 78 99
54	10 6 85 18
55	78 70 95 69
56	96 97 31 19
57	67 100 76 53
58	31 49 95 5
59	68 26 22 60
60	8 54 86 24
61	13 99 23 7
62	28 7 46 75
63	58 72 63 74
64	79 92 64 27
65	91 7 31 58
66	3 26 92 40
67	92 69 10 20
68	56 1 77 23
69	72 85 58 99
70	13 20 56 49
71	59 85 30 89
72	79 3 77 23
73	98 48 81 29
74	5 1 65 21
75	48 2 20 64
76	50 70 29 96
77	46 81 92 43
78	60 90 55 31
79	13 93 56 68
80	12 46 52 27
81	48 87 34 20
82	71 72 31 63
83	68 32 43 24
84	59 47 73 87
85	30 15 20 75
86	89 38 90 20
87	11 91 6 95
88	88 100 79 2
89	100 98 69 55
90	67 56 61 39
91	31 20 78 94
92	60 48 19 74
93	13 87 83 93
94	18 66 62 17
95	20 39 64 55
96	77 45 55 68
97	61 79 93 1
98	98 2 15 89
99	87 95 86 56
100	76 46 31 56
101	40 2 35 88
102	73 81 33 95
103	8 76 64 22
104	11 95 51 46
105	19 53 33 56
106	8 25 68 95
107	87 69 44 55
108	96 59 55 74
109	74 62 34 90
110	52 47 3 56
111	75 18 74 9
112	80 43 35 67
113	22 2 59 68
114	36 16 43 55
115	24 23 83 78
116	42 62 68 69
117	51 12 2 76
118	37 74 50 53
119	65 85 78 6
120	75 80 36 55
121	18 92 2 67
122	43 78 72 19
123	3 63 66 91
124	41 98 67 45
125	94 5 69 88
126	71 30 39 36
127	19 5 76 67
128	87 82 29 40
129	20 76 46 50
130	34 99 6 26
131	100 20 62 38
132	3 71 93 56
133	95 62 93 55
134	22 98 35 53
135	29 30 38 77
136	34 58 12 4
137	84 6 48 91
138	99 97 81 86
139	45 54 88 34
140	59 76 10 17
141	100 35 5 66
142	60 75 86 6
143	59 73 35 9
144	85 29 66 92
145	60 58 84 20
146	52 65 17 45
147	63 49 87 52
148	86 65 80 89
149	71 84 6 27
150	37 69 17 82
151	42 99 86 78
152	43 22 71 85
153	11 17 97 27
154	68 79 85 73
155	38 83 37 23
156	17 66 19 90
157	3 2 26 38
158	44 74 61 18
159	64 61 55 6
160	74 30 78 22
161	39 1 55 63
162	59 98 80 71
163	36 79 41 88
164	92 94 78 75
165	29 35 17 42
166	100 75 38 17
167	84 68 62 63
168	72 21 40 82
169	84 68 46 56
170	2 43 72 64
171	83 22 1 90
172	29 72 57 75
173	84 24 97 62
174	26 69 36 49
175	10 36 27 41
176	10 77 86 26
177	22 70 9 66
178	61 77 100 71
179	33 26 23 45
180	90 73 5 69
181	25 81 22 13
182	90 94 28 72
183	45 87 16 91
184	61 28 48 74
185	18 42 65 74
186	57 16 32 87
187	33 25 85 64
188	25 19 62 95
189	89 38 41 22
190	37 6 53 10
191	71 73 56 36
192	81 82 39 67
193	51 61 79 7
194	74 68 54 94
195	14 23 50 86
196	9 24 55 33
197	1 49 19 45
198	40 74 49 18
199	17 83 57 22
200	83 21 72 75
201	39 78 34 63
202	96 40 13 90
203	97 24 48 79
204	90 24 49 73
205	17 6 83 30
206	13 16 39 50
207	62 87 45 5
208	39 60 50 35
209	16 23 64 56
210	85 47 50 83
211	2 61 7 70
212	97 80 60 46
213	79 59 3 49
214	35 30 81 62
215	73 58 13 50
216	74 92 44 45
217	56 67 2 48
218	4 52 79 83
219	62 44 37 77
220	43 11 33 18
221	76 30 89 78
222	7 96 53 95
223	2 53 83 68
224	57 48 69 63
225	24 58 69 12
226	68 53 14 37
227	15 76 61 97
228	12 91 49 19
229	51 45 93 76
230	8 86 63 50
231	1 20 5 79
232	16 65 12 99
233	26 3 74 87
234	57 70 32 33
235	14 64 32 1
236	83 64 19 60
237	5 70 94 33
238	61 53 66 73
239	72 73 23 84
240	46 36 80 51
241	90 20 50 55
242	79 47 35 64
243	43 64 65 62
244	87 1 46 4
245	13 33 97 6
246	44 19 17 56
247	6 17 19 32
248	81 95 15 38
249	92 17 97 80
250	13 70 40 4
251	27 19 51 7
252	28 66 17 71
253	20 68 97 9
254	93 84 1 31
255	57 29 45 60
256	90 78 92 100
257	52 98 44 92
258	94 3 93 39
259	72 38 40 59
260	66 44 54 58
261	11 63 28 78
262	78 99 67 19
263	24 100 80 60
264	12 49 65 40
265	29 55 58 41
266	44 25 6 26
267	94 36 48 16
268	14 52 84 78
269	79 75 5 17
270	67 66 50 86
271	84 4 39 66
272	98 45 18 9
273	89 52 33 91
274	84 10 4 54
275	2 38 27 33
276	2 46 12 95
277	17 18 58 47
278	79 5 95 75
279	13 33 28 68
280	77 47 50 52
281	93 52 80 37
282	50 38 85 37
283	29 31 20 61
284	65 10 62 33
285	28 67 63 45
286	32 42 67 28
287	29 63 12 55
288	63 76 92 41
289	74 95 67 41
290	90 20 91 33
291	21 24 59 29
292	12 37 86 64
293	81 95 35 66
294	28 15 13 10
295	7 69 39 41
296	72 91 54 100
297	68 1 82 67
298	93 49 55 99
299	29 53 35 51
300	68 86 96 22
301	75 91 87 5
302	89 48 100 99
303	13 83 43 52
304	80 36 52 85
305	91 70 57 44
306	1 12 56 28
307	68 69 6 29
308	46 68 48 1
309	40 54 28 21
310	18 51 26 86
311	57 70 28 89
312	85 92 94 28
313	63 72 22 2
314	47 45 77 1
315	89 23 27 1
316	73 3 34 49
317	34 10 22 26
318	75 63 50 84
319	50 77 21 57
320	59 89 66 98
321	72 100 96 19
322	27 3 8 1
323	61 20 74 54
324	54 92 39 56
325	20 21 75 84
326	79 97 55 22
327	32 12 27 98
328	25 79 27 2
329	14 19 67 74
330	66 87 51 22
331	50 100 92 32
332	25 85 82 56
333	93 95 42 47
334	100 7 2 22
335	32 63 85 96
336	9 40 91 35
337	77 68 65 17
338	93 76 24 58
339	3 23 69 66
340	6 12 50 29
341	31 85 33 71
342	29 10 54 79
343	59 47 13 21
344	35 64 4 54
345	71 87 99 50
346	17 26 100 70
347	12 33 4 88
348	26 30 22 44
349	29 50 65 62
350	84 41 47 11
351	100 22 45 87
352	2 63 51 71
353	52 35 62 48
354	48 19 3 43
355	58 71 54 59
356	68 45 52 18
357	86 5 36 1
358	1 60 15 38
359	7 55 5 20
360	60 61 48 5
361	64 69 46 59
362	42 82 73 33
363	16 14 34 13
364	89 88 64 73
365	71 16 79 4
366	99 76 53 58
367	100 30 39 20
368	13 21 79 70
369	44 17 94 86
370	79 47 1 27
371	4 35 74 78
372	74 99 33 61
373	75 13 66 73
374	49 100 79 62
375	72 98 37 65
376	60 12 21 20
377	32 2 73 56
378	62 57 79 96
379	43 89 57 86
380	22 4 37 23
381	60 79 69 66
382	33 9 25 80
383	22 34 96 8
384	36 70 82 28
385	53 84 90 93
386	90 98 32 97
387	29 43 59 65
388	48 9 80 99
389	48 14 56 75
390	79 15 56 4
391	46 87 3 28
392	4 34 3 7
393	78 10 3 46
394	81 23 11 25
395	86 7 95 68
396	76 70 27 45
397	29 25 74 5
398	72 37 5 20
399	54 67 49 55
400	53 10 1 98
401	6 28 50 7
402	37 28 1 75
403	50 70 47 39
404	41 92 39 36
405	12 9 68 51
406	9 28 63 73
407	68 37 5 76
408	34 45 36 22
409	43 15 48 19
410	18 88 54 46
411	77 81 10 1
412	89 83 52 99
413	47 56 16 6
414	100 94 91 3
415	79 36 48 54
416	11 75 21 24
417	22 39 9 41
418	86 65 90 88
419	86 4 96 23
420	55 6 90 66
421	33 36 92 75
422	69 74 46 17
423	63 33 43 46
424	76 5 89 56
425	73 84 17 19
426	31 74 26 97
427	16 59 62 99
428	92 13 70 97
429	8 77 14 16
430	64 13 82 26
431	41 59 67 56
432	46 7 98 47
433	84 94 97 13
434	30 75 100 23
435	48 86 97 92
436	84 13 55 26
437	62 79 8 57
438	29 83 55 38
439	27 11 31 82
440	68 2 35 33
441	67 50 21 89
442	37 24 44 38
443	78 32 96 12
444	16 11 72 27
445	13 68 49 80
446	97 89 17 14
447	40 44 7 2
448	49 51 83 2
449	76 90 63 20
450	12 26 40 24
451	48 22 63 20
452	18 8 86 96
453	65 35 87 40
454	65 57 95 49
455	97 60 76 23
456	97 57 54 60
457	44 36 62 100
458	85 30 35 64
459	33 46 12 56
460	23 55 21 60
461	61 70 89 45
462	23 48 53 78
463	83 16 96 70
464	95 71 35 34
465	6 87 60 44
466	21 43 72 17
467	11 12 60 2
468	89 42 30 31
469	2 33 58 43
470	89 29 21 53
471	48 66 6 33
472	46 3 70 91
473	63 13 45 78
474	3 58 56 62
475	53 41 47 87
476	29 69 93 9
477	46 96 13 68
478	73 98 77 37
479	25 15 95 29
480	33 69 9 8
481	13 8 99 70
482	19 64 73 24
483	34 72 42 38
484	28 17 45 67
485	86 12 31 14
486	82 68 56 41
487	94 13 91 90
488	40 38 25 49
489	43 64 50 46
490	12 74 33 62
491	94 97 19 50
492	44 49 37 88
493	21 95 43 66
494	53 15 51 87
495	83 73 45 50
496	3 47 55 60
497	45 79 51 12
498	4 63 11 51
499	56 41 72 8
500	28 86 21 6
501	44 18 10 27
502	83 51 43 52
503	62 28 87 45
504	82 70 51 71
505	72 24 85 7
506	6 72 31 62
507	3 51 87 23
508	76 100 22 88
509	35 89 15 56
510	62 10 37 77
511	12 80 77 13
512	7 35 48 11
513	87 77 95 55
514	30 84 83 19
515	9 31 36 49
516	60 62 55 87
517	67 65 30 46
518	73 1 55 76
519	91 66 67 45
520	61 2 5 16
521	78 28 59 82
522	21 60 63 72
523	3 54 68 71
524	41 67 37 28
525	16 50 45 89
526	13 48 73 81
527	74 36 86 23
528	79 62 34 99
529	24 91 42 46
530	52 8 72 34
531	45 7 51 18
532	4 5 11 66
533	24 50 18 77
534	21 94 55 85
535	9 79 98 17
536	90 89 98 19
537	31 4 87 19
538	34 25 37 19
539	15 47 74 20
540	66 79 82 14
541	70 88 37 2
542	22 20 51 60
543	89 73 66 9
544	8 100 9 29
545	95 87 65 97
546	36 19 23 34
547	49 57 99 81
548	36 59 20 6
549	3 52 96 19
550	28 7 16 18
551	45 18 38 73
552	67 26 34 40
553	2 33 82 13
554	76 50 90 21
555	28 60 61 44
556	94 49 56 91
557	12 94 19 21
558	76 64 55 4
559	36 99 19 58
560	17 1 93 69
561	51 44 100 37
562	63 36 7 59
563	100 36 71 10
564	75 67 49 33
565	52 13 29 39
566	55 25 11 76
567	71 56 36 1
568	9 78 44 38
569	78 14 55 4
570	95 32 30 40
571	69 4 54 35
572	70 62 80 38
573	35 93 1 55
574	28 26 11 54
575	79 86 31 25
576	97 30 83 37
577	24 87 64 88
578	44 38 65 47
579	22 3 36 38
580	21 84 52 67
581	1 64 76 65
582	91 2 18 38
583	92 14 76 52
584	12 50 16 5
585	73 81 58 32
586	41 37 94 15
587	82 45 32 57
588	43 59 65 48
589	14 50 16 12
590	26 1 99 28
591	47 90 71 84
592	20 100 76 17
593	26 36 22 6
594	5 75 59 16
595	64 66 13 96
596	93 94 56 85
597	26 11 1 50
598	97 21 47 40
599	14 16 32 82
600	7 25 41 4
601	62 93 15 24
602	47 44 35 96
603	35 77 55 20
604	100 30 59 54
605	96 91 69 14
606	88 21 24 99
607	84 46 80 16
608	69 92 85 96
609	16 61 100 70
610	57 73 60 43
611	39 5 57 67
612	77 69 64 17
613	68 41 73 32
614	19 90 5 86
615	86 46 71 14
616	85 81 75 46
617	48 66 82 64
618	46 41 80 55
619	18 72 98 39
620	12 18 87 76
621	62 35 55 39
622	47 68 23 63
623	59 68 6 90
624	99 77 47 46
625	94 36 49 39
626	48 39 14 63
627	72 84 45 70
628	97 22 75 28
629	30 80 47 64
630	33 35 46 4
631	38 12 92 17
632	74 56 1 29
633	36 71 9 19
634	51 87 81 97
635	96 64 71 29
636	78 28 50 4
637	99 12 37 27
638	51 91 29 6
639	87 5 62 17
640	15 61 4 79
641	18 51 62 100
642	49 34 9 86
643	72 73 29 50
644	11 47 17 98
645	91 26 100 33
646	60 6 52 73
647	33 11 81 96
648	72 73 24 15
649	90 99 89 67
650	99 77 85 96
651	36 100 74 71
652	5 93 16 40
653	81 37 25 67
654	55 97 93 24
655	39 95 70 83
656	4 89 91 61
657	36 8 65 84
658	75 67 37 73
659	91 55 93 38
660	14 100 54 18
661	54 76 89 44
662	27 30 61 90
663	66 85 18 9
664	95 88 39 56
665	37 80 34 87
666	43 75 41 66
667	99 39 81 2
668	17 100 81 40
669	18 75 51 33
670	91 30 56 81
671	61 93 73 37
672	89 50 39 62
673	53 17 79 37
674	29 27 15 73
675	35 57 93 44
676	72 90 75 31
677	65 20 4 8
678	56 75 24 96
679	51 78 79 43
680	25 49 39 9
681	18 66 15 80
682	63 98 99 11
683	79 34 41 72
684	48 6 26 9
685	2 7 83 44
686	4 37 44 22
687	15 28 83 17
688	34 84 4 68
689	14 82 64 96
690	69 22 51 83
691	46 36 31 12
692	87 71 3 66
693	33 84 50 93
694	87 13 28 26
695	54 36 62 80
696	84 34 55 85
697	74 48 38 68
698	3 39 24 100
699	74 90 7 37
700	31 52 20 40
701	73 24 77 1
702	19 20 33 37
703	89 79 72 58
704	2 24 28 90
705	60 64 54 80
706	66 63 8 47
707	17 58 13 5
708	36 52 95 65
709	15 30 3 40
710	77 17 80 33
711	9 54 55 86
712	88 37 19 42
713	69 36 47 12
714	64 77 92 20
715	15 33 77 23
716	30 54 86 39
717	97 83 89 18
718	5 82 85 35
719	81 97 16 58
720	47 6 28 18
721	11 32 27 8
722	18 42 100 93
723	11 91 32 3
724	94 47 16 20
725	59 52 69 10
726	59 77 83 64
727	93 32 67 37
728	71 36 82 13
729	46 47 67 76
730	7 30 56 89
731	81 89 65 84
732	99 20 26 18
733	64 35 74 94
734	52 62 38 76
735	31 62 59 60
736	72 20 18 5
737	55 76 12 41
738	95 76 64 45
739	56 3 87 12
740	6 46 51 90
741	5 8 46 10
742	29 64 69 58
743	96 18 97 65
744	14 93 40 86
745	47 57 89 90
746	97 79 76 9
747	63 68 23 35
748	53 65 64 19
749	14 91 36 12
750	20 51 67 13
751	76 93 64 45
752	28 41 34 9
753	18 97 24 38
754	6 76 15 5
755	25 100 82 28
756	40 98 55 10
757	56 70 8 58
758	67 54 78 4
759	83 82 13 28
760	28 43 26 56
761	94 21 63 25
762	76 79 49 90
763	78 75 80 55
764	8 12 49 100
765	79 48 16 19
766	45 27 22 39
767	82 29 23 68
768	95 46 33 2
769	99 60 57 43
770	5 23 4 33
771	83 34 2 43
772	75 3 28 30
773	99 98 49 18
774	36 85 80 28
775	7 1 80 66
776	3 16 18 45
777	74 19 62 7
778	55 43 53 7
779	66 88 74 9
780	4 100 74 15
781	44 95 53 70
782	94 3 8 35
783	60 10 66 4
784	14 12 37 49
785	48 78 80 7
786	93 69 52 62
787	89 79 53 19
788	98 20 2 32
789	39 13 11 61
790	22 7 46 23
791	59 88 36 99
792	61 56 13 96
793	76 88 71 100
794	77 98 22 39
795	80 16 72 12
796	38 28 2 67
797	25 67 43 87
798	61 31 52 16
799	19 41 38 16
800	50 41 22 79
801	36 44 88 20
802	12 24 29 82
803	33 83 90 60
804	28 48 73 26
805	48 92 84 99
806	41 79 48 26
807	99 96 2 43
808	64 16 100 9
809	27 29 87 32
810	15 6 17 23
811	23 96 36 33
812	49 91 20 93
813	70 2 53 24
814	64 67 36 58
815	88 1 55 85
816	2 29 79 61
817	86 73 29 35
818	15 84 77 7
819	4 16 88 23
820	49 65 51 91
821	99 93 59 68
822	26 74 73 23
823	6 29 26 90
824	60 34 2 5
825	99 30 33 1
826	56 45 54 20
827	61 49 13 19
828	39 23 42 34
829	65 40 35 44
830	36 95 54 78
831	67 3 2 34
832	98 5 14 9
833	60 45 91 40
834	73 100 56 19
835	47 73 70 46
836	50 83 82 88
837	59 95 45 31
838	61 66 85 68
839	20 56 30 39
840	29 6 68 1
841	47 99 70 69
842	36 40 6 49
843	8 98 50 27
844	20 24 53 84
845	30 37 62 100
846	70 85 21 32
847	77 100 83 7
848	41 20 66 33
849	32 79 91 35
850	64 44 43 52
851	34 80 84 39
852	26 39 28 16
853	3 79 23 64
854	70 98 52 97
855	23 39 45 86
856	80 50 23 38
857	84 25 37 62
858	83 60 23 36
859	95 86 16 35
860	66 9 39 73
861	89 41 43 48
862	38 71 85 43
863	3 86 35 70
864	3 62 45 38
865	9 99 29 32
866	42 44 5 91
867	74 48 8 56
868	50 83 59 79
869	63 94 72 74
870	50 17 14 53
871	86 27 70 40
872	76 9 99 69
873	95 40 86 5
874	49 54 42 3
875	18 57 50 92
876	1 54 15 88
877	62 2 28 89
878	85 97 33 57
879	68 73 57 63
880	95 19 23 34
881	76 46 27 49
882	41 57 11 16
883	30 99 90 35
884	9 90 41 85
885	77 58 91 60
886	82 44 81 53
887	51 93 62 21
888	38 9 46 66
889	32 42 100 38
890	55 51 40 87
891	90 40 37 70
892	29 49 33 46
893	37 24 78 48
894	41 67 44 100
895	100 41 21 6
896	18 74 28 84
897	81 68 55 73
898	66 22 25 98
899	98 28 73 5
900	91 55 2 74
901	42 76 35 43
902	88 1 67 83
903	48 59 22 41
904	21 17 98 43
905	69 16 45 39
906	30 72 94 84
907	11 93 39 45
908	80 72 14 38
909	34 99 85 46
910	25 48 38 18
911	19 35 30 59
912	79 89 26 29
913	22 18 52 2
914	88 84 54 1
915	47 40 75 3
916	2 27 3 98
917	65 7 10 61
918	29 59 68 14
919	54 11 21 90
920	40 6 91 81
921	80 62 30 19
922	57 80 21 45
923	58 73 18 22
924	49 7 64 50
925	77 22 89 16
926	27 15 40 86
927	22 47 33 11
928	61 3 52 36
929	60 28 87 38
930	80 47 57 82
931	39 47 83 79
932	20 47 38 51
933	31 37 24 54
934	92 94 26 90
935	32 79 88 6
936	23 19 31 44
937	73 94 57 30
938	93 7 81 39
939	27 56 100 42
940	50 65 52 36
941	59 89 45 65
942	87 59 6 21
943	54 23 92 51
944	52 62 73 8
945	45 52 37 98
946	30 72 36 10
947	69 26 86 55
948	88 95 12 66
949	77 91 43 27
950	8 67 71 87
951	11 26 13 6
952	61 93 43 56
953	61 83 56 2
954	80 15 19 39
955	71 11 57 58
956	16 77 86 14
957	40 62 95 75
958	36 37 43 96
959	14 19 33 29
960	8 1 16 10
961	35 19 100 55
962	36 89 98 48
963	1 51 78 42
964	3 23 36 9
965	48 75 88 98
966	52 90 100 25
967	68 51 19 49
968	32 1 34 51
969	92 83 46 77
970	61 86 58 30
971	12 15 68 23
972	36 28 26 96
973	12 76 52 87
974	77 98 48 88
975	98 97 54 39
976	18 86 10 73
977	59 35 62 76
978	6 48 25 85
979	52 10 54 38
980	3 32 49 95
981	14 6 42 5
982	79 10 13 2
983	14 89 69 35
984	59 5 35 46
985	48 71 59 24
986	56 32 81 95
987	8 83 52 60
988	34 23 90 22
989	24 17 94 52
990	80 78 61 74
991	69 82 73 100
992	52 7 72 35
993	33 56 52 17
994	61 89 59 12
995	55 3 66 67
996	59 86 52 31
997	13 94 30 15
998	74 2 23 39
999	62 47 5 70
1000	52 39 3 20
