Students	1000
1	79 88 83 25
2	69 4 9 91
3	62 84 36 97
4	31 92 13 76
5	35 92 73 11
6	32 56 38 29
7	23 42 68 26
8	77 92 13 82
9	24 57 39 68
10	19 56 46 15
11	48 13 57 3
12	27 58 31 8
13	4 10 9 51
14	28 69 5 67
15	27 96 10 99
16	61 48 83 58
17	31 35 28 1
18	10 80 23 4
19	97 52 86 63
20	63 14 88 70
21	47 57 78 33
22	29 91 87 38
23	83 5 4 35
24	40 53 33 59
25	89 66 67 21
26	97 25 42 58
27	93 6 97 80
28	71 56 63 76
29	36 83 26 48
30	88 91 5 62
31	61 26 16 76
32	63 48 60 9
33	47 24 6 19
34	75 2 52 70
35	10 15 4 83
36	29 87 40 73
37	80 61 63 85
38	82 3 29 42
39	41 10 3 93
40	98 68 30 55
41	33 29 70 46
42	13 63 72 73
43	92 10 97 100
44	26 93 45 80
45	74 92 15 26
46	62 9 54 6
47	66 52 74 8
48	93 71 31 7
49	94 21 20 44
50	31 40 10 62
51	45 21 18 65
52	60 35 87 82
53	71 39 63 13
54	14 97 28 20
55	25 36 64 56
56	85 3 36 70
57	9 62 19 89
58	1 51 39 24
59	88 44 93 70
60	20 6 3 32
61	90 87 96 5
62	34 91 60 92
63	63 44 12 26
64	60 26 50 23
65	57 6 63 41
66	3 91 15 70
67	32 90 27 54
68	37 21 35 53
69	17 91 77 45
70	41 63 25 19
71	75 51 39 35
72	49 57 77 20
73	55 66 95 26
74	2 53 26 62
75	43 11 30 26
76	63 38 4 91
77	48 62 95 40
78	94 34 71 39
79	54 93 69 7
80	99 61 2 28
81	42 95 13 15
82	44 29 2 52
83	15 99 60 65
84	97 11 9 61
85	22 88 25 73
86	25 81 96 21
87	13 69 54 4
88	8 20 60 14
89	71 27 51 85
90	73 7 61 32
91	78 75 17 64
92	35 7 38 79
93	63 3 40 37
94	98 23 85 60
95	50 88 83 59
96	4 32 64 65
97	71 86 13 38
98	6 93 71 24
99	1 84 38 82
100	70 83 96 63
101	29 43 6 17
102	86 95 60 18
103	29 89 38 64
104	40 84 24 90
105	1 68 61 16
106	79 47 5 45
107	7 29 27 31
108	57 17 69 87
109	31 60 76 57
110	66 91 22 88
111	55 15 47 72
112	100 94 60 14
113	23 34 1 37
114	43 99 77 83
115	2 27 72 50
116	72 12 96 59
117	55 77 69 32
118	94 81 33 49
119	52 1 40 30
120	63 18 65 5
121	97 55 78 41
122	23 93 33 12
123	31 64 7 96
124	40 65 27 70
125	36 37 20 99
126	75 90 21 65
127	61 9 30 97
128	94 66 4 51
129	73 51 70 34
130	69 22 34 13
131	71 8 91 35
132	63 98 68 42
133	72 6 97 90
134	97 34 45 81
135	9 58 2 33
136	95 53 33 39
137	39 90 44 100
138	55 56 61 52
139	66 76 46 85
140	40 73 60 79
141	49 67 79 57
142	67 28 80 49
143	99 8 57 29
144	35 32 44 82
145	58 7 56 51
146	96 63 65 95
147	35 99 26 67
148	96 98 15 42
149	80 78 77 49
150	36 99 49 78
151	79 78 2 44
152	66 72 61 63
153	16 76 98 92
154	41 23 69 34
155	61 17 98 74
156	56 5 3 72
157	91 71 8 43
158	12 31 39 64
159	64 42 53 73
160	92 95 23 46
161	11 49 73 20
162	29 89 100 2
163	42 80 65 93
164	77 60 90 93
165	97 6 89 10
166	47 80 79 36
167	39 6 49 86
168	76 32 11 69
169	87 18 17 53
170	37 34 98 20
171	6 73 62 71
172	58 34 79 32
173	36 30 37 34
174	28 84 32 38
175	82 31 4 85
176	33 44 6 25
177	85 48 71 25
178	12 81 95 87
179	88 87 67 37
180	63 50 56 74
181	65 23 32 60
182	92 79 12 13
183	47 19 4 54
184	47 27 34 56
185	57 11 45 91
186	65 96 8 34
187	49 20 35 42
188	41 34 11 18
189	78 15 26 60
190	82 40 44 12
191	71 23 49 39
192	56 4 47 68
193	57 11 71 46
194	95 8 16 9
195	83 98 42 97
196	53 71 65 42
197	39 15 81 61
198	12 49 68 91
199	46 6 13 21
200	32 1 10 42
201	25 46 72 34
202	37 36 95 2
203	45 49 93 42
204	21 27 64 26
205	8 99 1 32
206	56 7 1 33
207	27 36 37 31
208	8 95 16 19
209	16 44 46 37
210	39 26 61 35
211	76 86 19 63
212	60 78 32 9
213	62 87 95 6
214	61 68 49 28
215	50 33 63 41
216	6 97 11 92
217	83 44 3 62
218	47 90 54 15
219	96 99 26 84
220	98 73 42 100
221	82 60 10 9
222	77 18 40 81
223	29 80 43 75
224	14 89 83 67
225	17 59 80 7
226	16 82 3 94
227	3 29 52 34
228	78 71 7 1
229	1 100 80 96
230	84 89 87 38
231	71 11 33 69
232	34 92 54 41
233	90 78 59 2
234	31 50 45 58
235	87 98 55 74
236	38 21 81 79
237	26 86 28 5
238	33 25 28 93
239	89 66 75 35
240	36 29 95 100
241	77 48 69 10
242	37 78 7 34
243	97 59 78 1
244	84 62 92 87
245	66 14 3 34
246	41 78 76 65
247	79 37 93 58
248	7 99 46 54
249	55 68 91 21
250	70 43 60 50
251	58 36 84 66
252	75 45 92 20
253	59 4 1 13
254	25 90 73 88
255	57 61 73 85
256	98 72 92 24
257	36 24 72 7
258	50 10 41 40
259	13 73 19 3
260	80 97 48 74
261	67 93 50 37
262	29 30 25 67
263	68 98 63 10
264	47 94 83 56
265	31 5 98 79
266	57 15 70 69
267	95 49 36 79
268	45 39 46 12
269	62 64 49 7
270	35 28 7 14
271	35 91 73 24
272	73 79 36 77
273	72 35 92 93
274	1 78 7 70
275	91 66 30 94
276	48 82 12 7
277	85 57 100 84
278	98 35 2 69
279	69 13 16 22
280	19 10 69 20
281	82 77 76 17
282	53 5 4 12
283	42 22 82 9
284	66 9 94 95
285	5 30 7 97
286	4 25 98 62
287	70 33 92 61
288	28 21 40 71
289	43 74 86 93
290	75 95 41 15
291	91 89 95 73
292	48 98 62 99
293	19 57 12 80
294	54 85 9 83
295	65 70 45 93
296	81 40 2 55
297	33 49 36 81
298	64 55 21 100
299	68 38 100 25
300	1 96 29 54
301	57 84 58 19
302	36 63 26 10
303	18 43 66 95
304	9 4 71 24
305	98 90 75 73
306	44 7 50 94
307	77 3 42 92
308	40 59 8 19
309	59 6 40 96
310	72 45 26 48
311	69 45 98 51
312	4 27 98 87
313	74 18 80 53
314	95 100 49 25
315	5 63 95 43
316	18 58 60 27
317	1 53 86 71
318	8 12 46 97
319	91 50 16 90
320	21 57 49 87
321	82 15 83 18
322	47 28 44 90
323	82 85 83 19
324	65 8 78 23
325	62 12 53 66
326	22 65 24 97
327	4 58 22 26
328	80 72 91 44
329	43 17 8 73
330	93 1 37 11
331	75 76 90 98
332	48 82 56 99
333	60 2 5 41
334	77 39 78 74
335	54 41 29 31
336	6 71 32 75
337	12 1 3 42
338	80 33 19 50
339	97 90 88 52
340	56 52 64 11
341	32 75 43 73
342	12 51 91 60
343	57 14 49 75
344	6 59 61 2
345	47 36 31 72
346	79 44 67 68
347	88 61 60 75
348	12 55 100 74
349	96 64 69 43
350	68 11 34 51
351	27 6 15 1
352	30 26 58 51
353	100 47 39 18
354	57 34 45 24
355	4 39 88 17
356	59 49 64 85
357	89 63 74 62
358	53 67 12 97
359	64 73 85 38
360	62 60 28 78
361	98 39 79 53
362	55 17 62 26
363	23 3 54 16
364	28 78 79 99
365	8 1 58 34
366	61 86 49 30
367	30 75 9 44
368	49 47 88 37
369	72 84 57 73
370	70 10 89 23
371	79 66 49 21
372	22 68 11 75
373	33 72 89 37
374	91 14 93 69
375	51 45 81 26
376	64 5 50 63
377	96 42 80 91
378	82 53 30 51
379	12 56 26 6
380	61 8 67 27
381	61 83 78 68
382	38 34 83 39
383	22 56 27 67
384	47 96 49 12
385	97 88 30 38
386	61 8 79 93
387	90 58 15 87
388	40 59 53 52
389	28 16 73 3
390	38 42 97 64
391	68 74 72 31
392	78 43 26 11
393	3 93 9 45
394	25 74 41 52
395	83 63 4 75
396	7 81 56 54
397	98 16 41 77
398	18 59 86 17
399	45 75 61 98
400	23 26 66 5
401	52 86 89 94
402	33 72 43 75
403	96 25 76 31
404	92 95 13 30
405	25 41 86 34
406	77 98 34 23
407	54 24 95 61
408	94 21 13 4
409	73 10 62 2
410	35 79 85 53
411	64 40 41 17
412	50 98 35 91
413	17 15 36 65
414	60 16 92 1
415	94 64 86 59
416	42 87 92 34
417	73 55 33 31
418	99 5 58 50
419	88 12 79 2
420	35 37 71 40
421	72 25 82 38
422	41 67 5 51
423	82 48 91 14
424	17 43 88 90
425	99 64 88 25
426	42 7 97 66
427	58 9 76 70
428	32 36 45 17
429	7 61 45 12
430	30 33 89 51
431	55 39 80 83
432	31 48 67 15
433	37 55 24 66
434	1 89 85 57
435	71 52 85 44
436	96 19 43 81
437	57 94 3 10
438	86 57 72 87
439	77 59 74 13
440	94 63 4 60
441	65 21 10 67
442	90 7 43 42
443	48 91 13 34
444	57 39 61 92
445	1 55 4 87
446	57 78 37 76
447	91 79 70 2
448	45 85 79 78
449	57 20 32 14
450	99 1 11 79
451	49 19 34 56
452	58 23 7 73
453	1 47 59 10
454	11 19 34 51
455	97 29 60 63
456	46 29 64 48
457	84 18 62 54
458	35 96 34 62
459	17 19 40 72
460	44 86 19 56
461	12 99 26 71
462	4 87 33 61
463	51 34 31 48
464	21 24 31 66
465	25 100 18 59
466	100 77 55 1
467	34 9 48 68
468	94 17 66 2
469	9 42 64 48
470	50 95 34 53
471	9 21 60 81
472	43 74 9 84
473	78 67 58 28
474	1 97 28 95
475	58 95 33 11
476	6 18 55 96
477	24 42 75 61
478	90 27 36 16
479	97 56 95 33
480	26 77 42 75
481	58 12 95 18
482	19 41 67 90
483	34 97 68 18
484	64 30 92 76
485	48 81 15 27
486	77 31 92 75
487	31 21 89 61
488	46 4 94 43
489	26 49 61 53
490	84 41 79 12
491	26 8 27 7
492	13 2 15 32
493	59 34 33 37
494	77 75 18 17
495	67 37 58 31
496	64 8 1 44
497	37 43 12 35
498	97 64 19 29
499	82 51 4 19
500	46 59 6 33
501	1 19 52 2
502	19 59 45 41
503	4 16 51 77
504	9 46 68 44
505	46 5 32 29
506	92 3 91 99
507	56 50 27 47
508	83 54 16 66
509	24 81 30 8
510	10 32 9 24
511	60 58 89 83
512	66 83 85 96
513	10 17 89 82
514	60 85 63 33
515	73 67 47 90
516	76 25 56 72
517	47 37 11 5
518	6 92 83 81
519	11 4 40 79
520	83 96 48 57
521	96 94 79 24
522	61 43 83 46
523	42 5 10 28
524	31 94 88 95
525	80 17 46 48
526	22 80 64 55
527	22 92 63 33
528	51 71 99 49
529	76 61 70 24
530	88 7 9 89
531	50 74 31 80
532	13 96 31 18
533	96 90 1 27
534	5 44 47 52
535	30 15 78 95
536	84 78 83 52
537	79 56 41 35
538	86 90 76 19
539	32 63 29 6
540	45 2 8 68
541	92 30 58 8
542	22 88 82 28
543	2 66 4 44
544	44 56 38 9
545	57 7 34 31
546	34 92 43 93
547	59 14 96 83
548	55 2 6 65
549	5 65 98 100
550	27 69 32 84
551	65 69 48 25
552	28 29 19 17
553	47 48 43 97
554	28 67 14 56
555	51 61 73 70
556	61 95 69 13
557	34 11 69 6
558	18 54 21 82
559	57 32 19 73
560	96 20 80 7
561	51 38 91 85
562	88 60 7 1
563	100 62 23 31
564	55 100 24 90
565	73 53 24 90
566	25 68 18 27
567	41 65 14 51
568	43 60 38 4
569	31 49 13 73
570	98 93 100 95
571	51 38 69 17
572	74 89 7 60
573	30 74 72 53
574	84 67 91 51
575	60 1 80 5
576	54 96 31 99
577	57 15 50 88
578	87 97 33 49
579	37 9 25 36
580	67 31 94 39
581	41 38 100 35
582	61 28 76 52
583	96 8 36 100
584	89 75 97 16
585	94 23 32 14
586	88 41 71 55
587	74 12 26 32
588	30 6 78 41
589	9 21 80 86
590	81 66 59 58
591	18 35 4 78
592	94 34 31 61
593	8 62 61 96
594	25 81 13 38
595	59 41 90 25
596	27 68 39 94
597	37 31 61 46
598	50 71 25 6
599	66 52 98 55
600	71 57 69 48
601	75 95 78 23
602	9 13 94 95
603	99 36 30 17
604	86 91 52 31
605	28 31 44 11
606	22 71 88 1
607	20 99 9 44
608	14 78 44 8
609	9 11 56 55
610	16 32 95 15
611	64 20 35 67
612	60 81 57 80
613	35 94 91 62
614	63 40 45 57
615	94 16 2 53
616	15 8 5 66
617	72 4 81 53
618	83 96 7 50
619	82 94 12 7
620	46 43 2 68
621	52 4 7 99
622	38 18 70 39
623	99 53 57 100
624	91 21 92 28
625	46 94 1 66
626	27 76 89 35
627	93 25 55 41
628	9 61 51 62
629	92 44 73 62
630	90 97 80 65
631	71 81 93 99
632	20 66 17 31
633	100 59 87 82
634	45 82 7 89
635	9 83 64 65
636	14 28 92 81
637	9 39 40 6
638	91 22 3 100
639	44 56 40 97
640	52 57 21 66
641	14 3 22 35
642	64 48 40 98
643	79 20 57 1
644	87 71 96 11
645	6 82 58 81
646	100 71 77 15
647	37 63 60 25
648	52 29 1 49
649	59 89 68 90
650	84 35 41 69
651	89 43 29 85
652	59 61 65 45
653	23 74 99 48
654	56 49 77 39
655	66 5 76 1
656	67 42 84 47
657	51 74 11 47
658	23 46 43 36
659	86 16 30 70
660	44 92 40 26
661	80 29 82 44
662	85 76 67 96
663	86 80 74 57
664	85 4 38 51
665	92 88 68 97
666	91 23 19 90
667	65 100 4 73
668	58 22 30 8
669	32 19 36 67
670	53 11 65 57
671	36 75 11 64
672	95 32 92 85
673	46 13 55 29
674	14 49 97 95
675	63 78 21 53
676	43 94 48 74
677	26 19 32 29
678	19 62 53 41
679	26 38 83 42
680	50 47 3 22
681	20 25 74 8
682	8 37 22 23
683	54 58 60 7
684	31 46 15 76
685	78 42 20 37
686	41 16 23 19
687	63 88 11 14
688	98 28 22 42
689	15 36 52 62
690	65 9 24 8
691	67 51 81 29
692	20 69 32 12
693	40 37 25 92
694	75 41 49 7
695	71 53 26 85
696	35 52 20 33
697	87 62 61 99
698	26 17 82 72
699	92 55 81 54
700	59 48 41 18
701	38 50 15 48
702	84 65 41 56
703	32 87 43 48
704	27 62 12 48
705	80 76 24 60
706	82 24 35 48
707	15 94 11 57
708	71 30 89 26
709	71 41 82 75
710	21 75 69 18
711	18 54 84 57
712	8 45 94 36
713	57 72 84 77
714	49 7 91 67
715	13 65 41 86
716	94 6 78 57
717	98 43 6 45
718	10 29 14 34
719	12 45 79 18
720	49 9 2 44
721	59 69 79 92
722	74 68 39 88
723	38 83 29 9
724	43 17 47 20
725	71 84 54 83
726	67 5 61 50
727	70 9 1 38
728	5 80 97 17
729	61 12 82 44
730	33 39 61 16
731	49 58 48 51
732	64 13 43 82
733	98 15 34 11
734	25 67 3 81
735	30 58 47 75
736	75 27 5 28
737	25 45 49 75
738	91 38 83 84
739	35 61 28 73
740	58 76 82 79
741	52 56 86 26
742	94 11 10 20
743	21 98 8 49
744	57 86 65 73
745	37 42 7 96
746	14 21 13 98
747	80 38 11 26
748	21 52 64 95
749	89 14 35 65
750	88 42 99 36
751	40 53 74 35
752	29 62 61 59
753	28 45 65 93
754	91 13 12 14
755	49 74 24 59
756	61 74 83 6
757	23 88 8 98
758	25 68 28 41
759	11 32 5 74
760	15 74 73 58
761	47 66 26 15
762	8 53 57 97
763	51 63 100 13
764	14 36 70 100
765	58 95 74 35
766	67 33 59 81
767	73 99 14 46
768	90 84 15 59
769	37 30 69 41
770	53 98 5 95
771	100 89 82 50
772	99 58 81 76
773	68 40 44 6
774	78 27 44 81
775	17 52 83 54
776	73 29 42 72
777	39 54 42 45
778	99 77 89 85
779	14 50 47 80
780	86 31 56 88
781	14 85 69 60
782	6 27 47 63
783	93 27 95 84
784	99 72 40 10
785	15 87 50 29
786	91 53 54 38
787	4 1 37 89
788	8 95 35 65
789	9 2 19 74
790	11 7 100 64
791	98 23 18 68
792	74 72 67 85
793	4 25 27 67
794	94 59 29 74
795	61 30 72 56
796	48 83 32 58
797	93 81 58 33
798	46 52 73 82
799	19 80 26 49
800	23 42 64 32
801	80 70 87 50
802	20 27 96 23
803	47 84 20 15
804	38 51 1 70
805	6 71 85 83
806	99 64 14 5
807	60 45 68 87
808	26 58 70 57
809	76 95 45 16
810	80 33 53 81
811	68 28 83 42
812	74 11 24 36
813	43 56 76 98
814	92 30 53 38
815	4 14 72 69
816	66 18 98 7
817	13 10 75 34
818	1 32 50 48
819	52 23 83 92
820	32 33 72 47
821	55 56 90 68
822	67 24 78 42
823	28 97 76 94
824	39 54 57 13
825	55 14 25 51
826	50 49 71 97
827	99 86 25 50
828	80 93 48 39
829	29 27 53 3
830	1 4 76 47
831	47 79 95 93
832	45 41 93 43
833	80 46 37 79
834	78 86 90 53
835	94 65 35 39
836	98 62 90 7
837	97 92 77 27
838	61 42 83 4
839	63 29 88 53
840	85 66 5 91
841	88 11 27 92
842	65 1 77 27
843	39 99 13 55
844	33 67 66 92
845	23 63 57 90
846	80 65 94 24
847	42 19 61 67
848	40 5 88 70
849	22 9 57 77
850	83 11 80 69
851	45 100 54 64
852	52 96 24 86
853	11 94 68 88
854	24 86 44 84
855	82 65 85 68
856	54 49 44 37
857	32 79 90 53
858	52 50 71 44
859	8 86 9 43
860	72 33 13 99
861	37 5 82 46
862	69 6 89 34
863	81 38 2 65
864	72 42 73 68
865	76 67 58 29
866	70 46 85 60
867	77 73 93 14
868	66 83 33 69
869	17 59 6 42
870	59 62 81 18
871	39 37 58 73
872	84 86 59 9
873	22 93 66 75
874	85 3 96 30
875	43 69 28 91
876	72 15 42 12
877	92 91 2 78
878	81 7 95 50
879	20 57 62 28
880	88 64 81 61
881	62 52 22 13
882	69 39 86 45
883	77 5 45 25
884	52 34 2 55
885	57 83 44 80
886	80 45 59 58
887	98 84 55 29
888	76 69 16 67
889	88 12 48 13
890	57 78 66 11
891	15 56 3 17
892	71 43 86 41
893	47 52 54 38
894	90 46 30 6
895	68 53 31 50
896	13 64 28 29
897	37 83 100 49
898	12 35 97 15
899	36 8 97 27
900	57 58 11 56
901	57 17 13 39
902	4 66 2 60
903	99 53 69 70
904	11 89 1 41
905	1 35 46 71
906	99 64 18 1
907	50 36 2 43
908	11 31 74 4
909	17 84 35 65
910	73 65 99 5
911	90 12 73 4
912	64 23 69 26
913	48 80 97 55
914	58 90 50 54
915	59 27 94 34
916	43 27 81 66
917	59 73 62 24
918	24 53 63 10
919	99 76 35 89
920	54 7 100 32
921	99 47 28 26
922	16 90 26 60
923	35 24 16 81
924	9 87 48 56
925	70 71 67 31
926	24 78 95 33
927	20 65 73 78
928	53 82 47 5
929	23 29 96 87
930	94 73 96 69
931	27 37 43 95
932	9 38 99 62
933	59 18 80 5
934	28 82 47 16
935	63 47 66 52
936	5 65 74 88
937	88 39 69 10
938	33 22 83 20
939	62 2 99 98
940	61 14 32 76
941	43 3 37 21
942	27 41 8 11
943	59 97 37 98
944	99 20 80 7
945	13 77 68 9
946	71 84 10 55
947	33 40 68 42
948	19 24 55 52
949	66 76 62 54
950	19 6 15 1
951	19 23 43 61
952	27 42 18 29
953	76 66 47 17
954	69 53 48 60
955	75 1 25 61
956	12 59 41 75
957	35 19 76 51
958	2 93 38 82
959	2 52 48 21
960	80 17 47 32
961	3 21 82 81
962	63 35 73 8
963	45 79 51 75
964	77 92 42 38
965	21 81 69 8
966	30 93 19 83
967	72 13 3 50
968	24 67 78 77
969	89 45 35 47
970	55 18 23 2
971	21 93 66 47
972	9 68 26 11
973	22 77 14 95
974	78 59 27 31
975	90 45 49 16
976	6 96 46 17
977	51 67 66 86
978	36 29 52 30
979	81 88 53 46
980	100 70 83 91
981	21 73 78 77
982	47 75 38 53
983	41 28 15 72
984	57 94 29 1
985	8 12 34 61
986	17 93 48 29
987	44 25 88 81
988	60 70 18 85
989	55 58 80 29
990	1 24 59 21
991	33 37 51 94
992	54 68 44 1
993	97 87 96 37
994	25 21 26 90
995	94 15 67 64
996	18 64 67 47
997	71 76 83 1
998	10 37 86 13
999	36 56 2 71
1000	49 48 87 92
