Students	1000
1	34 6 65 17
2	24 34 57 5
3	13 100 96 26
4	24 1 56 94
5	98 96 34 77
6	18 45 26 65
7	82 73 5 2
8	86 59 84 70
9	8 9 50 35
10	15 8 43 29
11	54 16 1 90
12	39 53 25 50
13	95 75 41 16
14	11 83 55 26
15	4 51 45 41
16	55 4 91 86
17	33 10 6 34
18	72 89 10 36
19	97 46 15 55
20	94 66 51 36
21	56 9 100 97
22	63 2 100 55
23	92 24 83 26
24	24 99 85 86
25	63 10 36 86
26	87 62 59 34
27	95 36 91 25
28	16 45 34 58
29	75 100 31 5
30	19 18 11 5
31	90 38 59 77
32	82 39 88 2
33	54 35 24 42
34	91 96 64 24
35	76 95 31 65
36	39 46 57 40
37	11 20 8 73
38	61 22 34 5
39	41 12 93 68
40	70 11 21 3
41	65 31 5 56
42	31 61 92 19
43	45 33 28 34
44	47 52 59 99
45	28 58 67 92
46	96 39 70 71
47	13 72 84 30
48	10 15 18 82
49	29 20 91 62
50	41 68 80 88
51	43 61 75 44
52	42 94 76 18
53	100 73 87 60
54	28 85 15 69
55	90 25 42 12
56	83 73 90 75
57	95 8 24 70
58	28 90 54 97
59	86 18 35 94
60	52 28 51 71
61	6 24 45 77
62	88 24 78 96
63	84 90 5 44
64	89 29 84 61
65	100 2 38 8
66	55 29 62 94
67	60 64 13 21
68	39 4 54 56
69	90 37 89 18
70	74 97 27 8
71	30 86 49 18
72	65 80 90 19
73	86 60 94 54
74	68 40 83 95
75	5 91 32 57
76	2 63 86 17
77	53 76 42 67
78	7 83 76 14
79	100 57 99 2
80	72 91 49 7
81	99 54 27 65
82	95 41 86 73
83	64 61 2 54
84	60 76 87 11
85	34 98 68 23
86	82 60 53 91
87	27 54 72 23
88	90 14 58 13
89	92 61 79 36
90	23 33 1 35
91	38 90 17 32
92	94 97 50 10
93	95 52 12 2
94	61 84 36 97
95	54 53 28 72
96	8 47 83 7
97	29 35 76 45
98	57 36 77 29
99	5 85 27 45
100	25 78 12 38
101	15 6 76 34
102	26 91 68 46
103	91 77 86 93
104	63 83 56 39
105	23 93 72 75
106	100 54 99 23
107	17 74 86 66
108	50 32 20 9
109	94 36 50 3
110	41 11 89 5
111	37 83 99 38
112	56 43 6 52
113	27 65 53 2
114	19 71 89 37
115	15 83 53 27
116	89 97 92 59
117	43 6 27 18
118	67 39 47 54
119	51 24 72 34
120	94 39 55 20
121	27 48 31 14
122	23 28 9 49
123	86 27 51 25
124	56 3 43 50
125	34 44 88 7
126	51 6 27 8
127	30 23 7 32
128	61 41 42 27
129	49 80 82 31
130	100 8 63 17
131	62 26 80 8
132	31 16 71 77
133	34 23 35 16
134	34 37 98 73
135	16 5 77 43
136	27 91 83 37
137	18 37 13 75
138	31 44 75 69
139	41 37 58 60
140	94 19 75 69
141	100 38 47 35
142	57 68 55 27
143	95 18 44 19
144	96 14 25 46
145	68 5 72 59
146	46 62 95 28
147	87 66 4 53
148	59 3 95 69
149	92 7 46 40
150	39 49 38 44
151	86 97 83 87
152	98 49 76 68
153	93 48 6 82
154	24 92 58 52
155	45 58 36 85
156	79 51 87 34
157	41 66 89 65
158	52 86 28 71
159	38 94 14 90
160	53 14 33 7
161	85 70 4 51
162	20 35 29 96
163	14 84 48 70
164	61 20 95 87
165	78 44 33 96
166	28 80 100 85
167	17 75 6 12
168	46 24 8 20
169	88 25 62 28
170	16 46 61 31
171	75 98 2 30
172	48 98 37 79
173	97 87 39 62
174	39 23 14 72
175	20 22 15 85
176	86 97 69 26
177	11 74 51 10
178	2 60 26 95
179	59 85 24 54
180	52 58 74 51
181	84 27 19 92
182	70 18 96 62
183	75 31 35 88
184	85 96 84 78
185	25 69 96 55
186	70 27 34 14
187	48 94 47 64
188	3 44 100 20
189	58 79 89 70
190	94 96 35 47
191	71 50 37 82
192	22 2 96 79
193	8 22 26 33
194	56 10 34 24
195	43 4 52 41
196	80 51 37 4
197	81 64 33 50
198	2 84 6 22
199	31 88 18 11
200	3 7 43 82
201	24 20 27 1
202	67 56 38 84
203	30 55 84 53
204	19 74 46 51
205	87 86 54 82
206	7 22 56 57
207	61 9 37 1
208	72 69 87 58
209	17 55 85 48
210	15 95 92 37
211	75 100 50 39
212	49 74 11 46
213	25 94 28 2
214	92 98 100 94
215	2 18 55 54
216	8 19 42 47
217	75 25 60 22
218	61 2 68 76
219	17 16 27 30
220	53 27 44 74
221	50 17 25 9
222	91 41 88 93
223	74 6 65 16
224	91 80 2 18
225	81 69 2 88
226	90 87 2 42
227	10 15 89 81
228	69 87 20 59
229	50 86 47 75
230	38 65 14 35
231	78 89 42 51
232	71 61 46 32
233	99 97 75 49
234	99 55 100 45
235	72 4 87 24
236	28 80 78 12
237	19 93 49 60
238	42 12 21 11
239	75 22 8 90
240	27 34 9 35
241	46 54 95 83
242	94 47 83 41
243	93 19 61 89
244	41 43 38 32
245	83 99 68 12
246	61 66 9 73
247	45 33 47 90
248	87 62 2 60
249	63 42 92 94
250	89 74 96 11
251	71 34 15 21
252	74 27 59 65
253	89 47 55 94
254	17 7 86 43
255	76 69 2 24
256	40 38 2 88
257	78 56 80 21
258	53 74 97 66
259	26 70 45 82
260	95 58 4 76
261	38 60 26 1
262	57 45 47 77
263	78 41 33 39
264	33 28 63 31
265	91 67 90 80
266	46 65 50 35
267	58 18 47 92
268	90 23 27 70
269	3 66 13 69
270	83 32 67 51
271	3 65 82 5
272	85 56 94 33
273	87 95 52 60
274	19 86 63 68
275	22 35 76 41
276	93 34 39 11
277	50 74 75 94
278	42 70 27 47
279	36 28 71 40
280	10 15 98 100
281	20 45 32 12
282	90 31 78 22
283	6 90 53 92
284	34 90 14 39
285	36 96 30 59
286	82 9 92 12
287	22 100 6 81
288	68 35 46 12
289	99 60 43 31
290	93 52 30 39
291	95 73 18 35
292	84 96 24 77
293	34 23 84 99
294	54 3 82 8
295	42 18 40 69
296	81 76 80 64
297	59 69 87 14
298	57 44 12 7
299	22 39 51 99
300	27 97 32 67
301	59 84 28 24
302	15 8 32 77
303	22 14 36 8
304	38 19 70 59
305	79 38 82 23
306	27 37 42 54
307	30 73 54 16
308	38 27 21 62
309	79 26 62 42
310	15 6 42 12
311	67 97 24 73
312	62 24 45 31
313	5 92 31 83
314	27 39 46 17
315	21 71 83 96
316	97 64 28 1
317	24 21 61 94
318	2 92 15 16
319	20 30 63 3
320	90 26 95 49
321	87 30 38 1
322	21 37 7 84
323	51 7 8 48
324	63 11 80 59
325	4 97 54 34
326	50 89 71 78
327	83 70 7 85
328	27 20 63 29
329	91 42 7 31
330	12 31 18 10
331	84 55 9 18
332	57 20 61 99
333	31 87 1 92
334	36 35 87 18
335	5 55 77 10
336	2 20 97 73
337	92 86 82 46
338	58 33 85 97
339	78 73 32 45
340	32 86 89 27
341	17 30 18 48
342	56 94 2 60
343	10 5 21 31
344	47 36 35 63
345	96 23 13 58
346	40 19 67 2
347	98 80 44 10
348	6 29 12 41
349	97 31 40 49
350	26 55 35 96
351	43 57 15 34
352	78 76 50 89
353	6 45 53 16
354	48 93 9 29
355	36 46 44 87
356	40 29 44 43
357	97 30 99 96
358	91 40 63 54
359	23 62 88 60
360	32 99 90 47
361	30 27 42 86
362	54 62 95 77
363	40 27 97 34
364	36 51 21 62
365	56 26 45 97
366	49 46 17 15
367	48 87 5 17
368	93 94 69 99
369	52 86 32 33
370	95 32 19 3
371	78 90 43 50
372	86 79 5 7
373	75 18 85 42
374	5 66 99 92
375	59 13 12 63
376	41 94 44 81
377	65 26 43 55
378	68 85 93 44
379	17 83 40 33
380	59 8 22 45
381	76 29 72 21
382	13 93 1 12
383	26 83 56 52
384	19 38 53 12
385	16 18 94 15
386	36 92 50 37
387	46 64 30 16
388	4 36 86 25
389	90 88 55 54
390	80 20 15 30
391	51 92 74 84
392	5 3 37 39
393	31 77 74 11
394	35 1 54 98
395	23 4 22 20
396	21 55 40 31
397	77 22 79 42
398	64 15 6 67
399	11 13 32 26
400	70 63 42 36
401	31 67 46 80
402	92 24 69 43
403	96 87 88 39
404	7 98 53 55
405	43 72 36 48
406	49 31 73 38
407	20 36 97 63
408	66 45 99 26
409	15 75 55 16
410	80 10 92 29
411	29 54 42 77
412	96 32 46 37
413	75 49 94 50
414	93 47 22 75
415	43 2 63 73
416	34 14 91 18
417	35 89 76 30
418	90 60 2 12
419	26 34 76 50
420	42 18 84 90
421	45 74 68 44
422	25 17 10 39
423	79 99 18 68
424	23 49 67 81
425	85 11 70 4
426	96 67 77 6
427	60 66 74 51
428	43 28 26 33
429	71 87 23 7
430	91 28 6 53
431	47 49 59 19
432	98 76 82 2
433	81 78 9 100
434	41 9 77 94
435	79 36 13 3
436	57 84 49 33
437	96 62 51 59
438	17 18 26 51
439	95 94 99 96
440	6 34 53 5
441	71 20 100 93
442	19 99 22 27
443	89 83 79 48
444	62 28 79 56
445	95 61 87 41
446	4 31 59 48
447	16 79 43 73
448	67 37 64 13
449	76 71 54 27
450	73 77 31 19
451	60 61 79 5
452	28 41 8 43
453	27 97 90 62
454	57 26 44 81
455	52 29 83 28
456	49 63 69 3
457	20 34 93 73
458	22 52 90 58
459	51 6 36 58
460	28 86 20 70
461	44 88 82 78
462	40 18 14 41
463	82 9 8 85
464	62 41 47 42
465	33 96 78 86
466	28 93 38 55
467	85 69 56 46
468	92 43 96 79
469	6 9 90 48
470	46 16 5 45
471	38 44 13 50
472	38 4 84 65
473	80 97 64 73
474	10 18 14 26
475	43 7 31 4
476	92 97 66 98
477	59 35 90 2
478	47 76 83 21
479	48 11 35 91
480	47 20 97 18
481	8 62 86 63
482	54 37 53 85
483	52 13 17 1
484	94 32 74 26
485	39 95 97 25
486	87 3 30 26
487	25 4 54 48
488	70 100 74 38
489	56 78 73 38
490	1 70 17 62
491	54 87 92 34
492	69 49 25 76
493	95 52 55 45
494	19 71 62 69
495	74 40 46 8
496	14 73 58 44
497	44 54 29 43
498	92 94 10 82
499	80 50 81 54
500	41 3 20 39
501	58 10 31 93
502	9 47 30 24
503	60 23 65 76
504	86 88 44 28
505	17 77 7 1
506	59 65 31 69
507	87 6 23 66
508	84 43 2 58
509	84 30 65 23
510	76 100 16 70
511	71 78 18 56
512	8 60 99 90
513	62 30 63 53
514	95 23 28 8
515	49 95 51 7
516	23 84 63 78
517	59 100 32 23
518	10 47 73 40
519	61 97 54 81
520	19 15 60 40
521	10 87 26 97
522	23 43 46 49
523	59 2 6 92
524	49 83 38 75
525	15 16 43 55
526	3 89 83 37
527	18 60 17 42
528	6 85 52 34
529	85 33 58 93
530	7 11 10 97
531	74 44 43 82
532	82 13 60 52
533	15 11 65 80
534	45 76 77 67
535	98 70 24 58
536	20 97 74 85
537	27 67 31 68
538	55 52 87 46
539	66 15 82 25
540	45 38 99 30
541	40 96 83 15
542	52 62 59 31
543	3 52 95 45
544	21 15 12 99
545	67 41 97 92
546	67 73 88 99
547	16 13 46 9
548	96 80 53 94
549	52 48 71 75
550	54 5 92 39
551	15 77 12 27
552	6 84 25 91
553	83 67 72 45
554	81 66 52 27
555	17 14 41 98
556	65 98 41 39
557	59 9 16 45
558	99 33 95 77
559	68 49 35 46
560	64 13 50 27
561	90 65 7 60
562	58 26 67 21
563	22 33 27 78
564	44 45 36 71
565	50 43 44 39
566	35 69 99 2
567	88 10 39 16
568	22 68 78 41
569	28 87 84 59
570	65 22 72 81
571	93 39 33 84
572	91 53 99 5
573	37 84 1 92
574	9 25 14 91
575	65 12 16 76
576	15 3 60 81
577	77 67 95 56
578	98 92 1 93
579	2 51 54 33
580	86 82 62 17
581	65 61 37 28
582	29 46 48 10
583	96 8 93 83
584	36 100 76 33
585	72 59 45 68
586	4 86 99 50
587	30 80 5 46
588	92 1 2 4
589	35 4 41 74
590	49 24 52 45
591	54 13 4 30
592	52 32 68 40
593	1 31 79 42
594	29 91 58 20
595	70 46 76 78
596	43 70 84 81
597	24 88 45 30
598	67 6 47 31
599	75 37 56 52
600	44 27 71 43
601	56 60 19 43
602	41 15 82 27
603	68 67 12 43
604	75 10 90 24
605	70 5 40 27
606	46 14 21 10
607	36 73 86 45
608	90 44 89 36
609	95 12 74 8
610	85 19 5 48
611	6 2 55 32
612	25 81 60 74
613	95 29 49 37
614	72 21 18 40
615	2 54 47 13
616	72 69 19 75
617	31 24 3 67
618	4 81 1 75
619	68 75 100 79
620	32 28 21 87
621	27 37 10 31
622	49 83 1 48
623	45 64 26 88
624	17 3 7 8
625	75 61 31 45
626	14 65 73 32
627	81 32 37 2
628	49 81 91 57
629	75 54 13 95
630	82 17 31 14
631	71 40 16 10
632	78 17 4 99
633	53 59 33 32
634	46 89 47 88
635	49 72 52 91
636	23 67 6 9
637	53 16 44 91
638	27 44 92 64
639	45 6 88 96
640	11 72 71 49
641	64 83 17 20
642	99 21 15 39
643	85 12 92 80
644	53 90 62 68
645	38 66 98 14
646	84 34 68 64
647	85 71 37 27
648	95 27 97 35
649	2 95 13 29
650	100 74 51 65
651	71 4 82 51
652	18 52 12 29
653	81 45 22 20
654	23 78 75 59
655	69 35 12 79
656	43 6 54 29
657	97 90 34 51
658	40 13 82 15
659	19 51 92 59
660	25 57 43 16
661	2 6 20 28
662	19 91 67 12
663	11 46 98 44
664	11 88 2 80
665	89 84 26 2
666	11 36 17 59
667	16 9 90 43
668	54 57 48 83
669	56 11 78 60
670	62 1 70 38
671	68 35 16 77
672	34 98 100 25
673	76 70 73 100
674	91 65 85 11
675	73 85 79 80
676	71 75 92 67
677	46 97 98 39
678	70 83 12 42
679	40 88 8 39
680	7 37 87 70
681	40 7 93 5
682	89 80 96 72
683	7 71 65 3
684	21 72 78 22
685	71 53 8 36
686	47 38 81 43
687	61 68 3 20
688	71 73 72 60
689	8 52 46 57
690	86 54 64 29
691	40 39 95 58
692	16 66 1 28
693	50 86 1 92
694	18 8 9 5
695	64 30 63 66
696	25 42 46 23
697	40 71 73 42
698	62 14 29 11
699	36 27 86 95
700	63 62 75 14
701	82 11 9 10
702	69 99 83 18
703	86 34 84 32
704	7 77 57 48
705	34 4 82 94
706	52 35 49 91
707	68 57 98 69
708	18 35 69 37
709	84 16 78 24
710	39 88 25 59
711	44 50 27 40
712	13 10 61 7
713	94 3 73 89
714	25 29 83 32
715	32 80 35 53
716	79 97 44 71
717	64 18 70 76
718	29 96 95 59
719	50 10 49 22
720	12 20 15 69
721	79 46 69 45
722	92 70 34 58
723	67 27 28 50
724	67 48 76 94
725	12 2 78 86
726	84 60 19 72
727	71 19 18 98
728	98 73 46 79
729	22 42 33 88
730	32 7 21 72
731	48 33 38 29
732	15 21 37 68
733	23 32 74 54
734	60 64 29 4
735	67 72 14 6
736	61 9 86 100
737	37 92 68 13
738	47 4 23 10
739	75 33 64 13
740	94 87 54 10
741	13 47 67 46
742	35 1 96 94
743	79 89 13 83
744	87 72 67 89
745	51 100 21 74
746	46 96 35 79
747	71 78 73 3
748	49 26 64 81
749	94 99 66 58
750	89 28 51 14
751	61 81 89 64
752	16 43 39 50
753	85 16 14 29
754	55 68 20 89
755	54 91 58 71
756	48 77 81 47
757	85 51 41 4
758	22 58 53 70
759	59 39 58 41
760	57 44 84 86
761	86 34 96 44
762	88 75 76 49
763	78 43 79 30
764	48 85 57 79
765	63 88 17 76
766	51 36 44 69
767	82 89 1 43
768	8 79 77 30
769	92 46 24 20
770	87 78 97 37
771	89 58 31 25
772	67 52 54 62
773	25 4 89 76
774	5 49 45 70
775	89 75 48 9
776	20 12 18 14
777	53 87 51 89
778	54 84 30 81
779	60 86 17 10
780	12 22 60 74
781	31 36 25 49
782	80 85 100 76
783	35 72 88 41
784	34 60 2 96
785	94 31 69 32
786	96 90 59 41
787	36 38 19 80
788	68 95 84 89
789	44 64 38 39
790	55 24 29 58
791	91 92 44 98
792	9 70 84 21
793	91 19 13 49
794	78 72 14 77
795	5 57 74 42
796	97 100 93 1
797	92 55 31 7
798	91 37 83 64
799	96 45 29 22
800	37 36 82 18
801	9 47 22 18
802	46 31 57 67
803	68 62 86 59
804	30 12 34 26
805	61 1 29 12
806	63 27 42 38
807	41 38 3 100
808	62 60 47 46
809	65 16 76 58
810	70 1 16 23
811	3 84 92 79
812	63 22 81 39
813	4 67 3 60
814	96 24 84 68
815	96 93 77 26
816	84 87 80 75
817	88 40 82 54
818	20 13 40 86
819	68 49 77 66
820	60 68 50 80
821	94 55 35 25
822	46 85 28 80
823	17 95 16 85
824	90 92 31 22
825	50 70 42 12
826	60 52 40 97
827	19 34 50 23
828	71 89 48 21
829	36 11 99 87
830	67 39 57 29
831	44 39 34 77
832	1 37 28 97
833	31 4 46 48
834	33 49 25 51
835	20 19 17 53
836	51 33 95 39
837	98 83 3 79
838	71 99 82 17
839	66 95 76 73
840	95 28 57 45
841	95 50 96 99
842	24 27 67 68
843	75 85 54 5
844	5 59 98 44
845	69 8 88 41
846	72 65 51 23
847	68 76 51 70
848	71 56 98 6
849	83 48 9 87
850	11 95 62 48
851	74 88 14 52
852	28 38 50 69
853	44 42 99 18
854	55 96 33 51
855	17 41 29 58
856	4 18 80 70
857	96 97 74 21
858	89 16 26 22
859	11 75 26 22
860	86 59 33 6
861	50 89 2 13
862	71 70 51 69
863	31 87 97 91
864	100 71 87 40
865	61 23 24 5
866	11 64 28 100
867	84 79 23 37
868	12 75 45 53
869	67 20 27 46
870	12 39 94 54
871	38 92 13 29
872	89 14 24 63
873	61 73 81 64
874	96 30 12 44
875	75 58 60 59
876	54 77 18 37
877	47 10 76 83
878	48 81 18 16
879	73 72 95 69
880	96 65 70 99
881	19 39 53 17
882	63 20 39 30
883	13 82 72 74
884	45 29 98 8
885	31 40 37 4
886	8 53 3 4
887	39 14 67 84
888	69 57 96 47
889	81 26 6 85
890	2 97 4 37
891	49 87 35 37
892	18 20 93 98
893	64 71 86 9
894	91 29 100 71
895	44 47 96 29
896	65 38 54 41
897	45 98 60 49
898	77 64 91 100
899	58 38 60 59
900	46 88 45 74
901	98 96 22 100
902	1 33 45 55
903	74 15 14 72
904	10 73 6 31
905	74 65 9 81
906	49 57 64 53
907	89 93 66 88
908	54 48 77 74
909	67 20 81 62
910	47 25 7 27
911	4 44 6 53
912	16 74 60 43
913	40 95 71 7
914	51 76 46 73
915	90 25 96 69
916	17 93 67 75
917	56 52 34 12
918	10 31 75 7
919	10 63 32 40
920	97 43 40 59
921	18 73 53 47
922	59 83 10 47
923	6 100 38 96
924	66 71 88 5
925	34 53 17 28
926	94 12 29 39
927	94 14 32 82
928	55 14 85 60
929	68 55 71 52
930	9 47 8 44
931	81 57 26 67
932	10 33 24 97
933	23 14 17 34
934	39 27 72 8
935	56 32 8 89
936	48 53 8 84
937	70 49 15 76
938	53 71 90 14
939	1 34 84 63
940	51 96 60 13
941	91 58 51 96
942	72 30 86 3
943	82 22 14 47
944	27 87 4 89
945	84 65 54 30
946	53 70 95 54
947	65 90 17 21
948	6 13 54 88
949	75 7 96 12
950	44 90 63 15
951	76 11 69 26
952	31 37 39 93
953	24 41 52 33
954	37 21 63 31
955	55 2 23 58
956	85 20 31 92
957	40 49 85 43
958	64 52 65 2
959	1 41 89 90
960	75 21 42 4
961	61 29 7 73
962	50 66 30 8
963	32 9 87 64
964	68 9 100 56
965	71 55 49 18
966	62 98 86 94
967	43 10 60 28
968	72 34 75 14
969	64 39 87 65
970	27 7 44 84
971	9 67 42 64
972	96 48 2 25
973	21 72 73 82
974	8 18 27 58
975	78 85 67 95
976	17 41 98 14
977	5 90 96 77
978	52 38 93 40
979	53 26 82 86
980	16 9 98 78
981	3 83 6 79
982	13 41 64 44
983	65 71 21 88
984	18 87 48 8
985	7 77 27 89
986	42 85 41 40
987	36 78 35 96
988	54 59 83 64
989	47 40 50 48
990	100 11 67 8
991	75 13 92 59
992	76 69 43 64
993	78 90 63 47
994	79 13 34 55
995	12 89 51 84
996	35 65 28 24
997	32 63 4 9
998	6 93 36 69
999	69 75 93 45
1000	60 68 12 30
