Students	1000
1	91 33 98 73
2	27 51 66 50
3	68 35 34 77
4	76 41 40 73
5	7 44 11 54
6	74 10 68 98
7	45 32 71 44
8	8 81 89 52
9	21 75 10 53
10	61 15 100 41
11	33 60 28 66
12	79 19 40 28
13	40 32 38 34
14	58 77 82 88
15	59 64 69 79
16	11 35 33 92
17	7 42 28 62
18	9 86 30 50
19	33 37 70 35
20	8 1 73 21
21	12 19 8 9
22	96 45 65 16
23	71 18 50 21
24	32 70 86 29
25	13 99 7 96
26	60 43 28 76
27	2 32 35 51
28	85 65 81 71
29	92 96 24 63
30	27 44 78 94
31	13 83 2 16
32	61 47 7 38
33	60 15 80 6
34	52 6 13 78
35	95 92 35 43
36	73 61 97 26
37	64 21 63 22
38	49 35 58 74
39	96 37 5 47
40	39 48 34 79
41	58 31 81 73
42	69 84 1 50
43	79 43 49 58
44	62 12 41 72
45	23 82 72 70
46	19 17 21 44
47	55 98 63 52
48	39 61 21 13
49	32 36 99 96
50	18 27 80 68
51	41 72 68 77
52	64 88 58 37
53	66 37 53 5
54	32 100 14 33
55	36 18 89 75
56	61 15 70 52
57	52 35 37 5
58	86 47 48 27
59	28 46 24 45
60	61 17 7 2
61	36 97 61 81
62	52 39 99 8
63	30 42 76 34
64	75 58 88 78
65	55 62 22 81
66	66 53 61 71
67	75 53 64 54
68	8 9 94 22
69	35 69 65 19
70	82 48 45 42
71	85 8 74 49
72	15 36 94 71
73	57 84 54 85
74	60 24 73 85
75	21 24 94 37
76	88 62 42 34
77	54 81 26 80
78	20 4 58 62
79	54 62 35 89
80	93 92 50 6
81	99 12 86 74
82	4 37 48 30
83	72 23 70 79
84	78 26 21 55
85	64 43 44 42
86	26 80 97 62
87	42 14 68 87
88	51 5 23 58
89	24 88 45 34
90	23 62 25 17
91	50 74 99 68
92	79 1 32 38
93	20 28 93 52
94	80 83 29 39
95	70 25 80 98
96	29 14 23 13
97	35 98 72 25
98	17 57 51 52
99	54 37 46 60
100	2 42 57 8
101	13 26 19 90
102	90 100 72 30
103	5 17 68 13
104	24 41 36 5
105	27 5 87 50
106	46 62 24 77
107	34 68 71 16
108	92 64 72 2
109	72 28 7 82
110	4 17 21 66
111	48 52 6 43
112	10 65 56 49
113	4 84 27 59
114	15 6 74 85
115	51 5 3 50
116	85 84 9 32
117	29 35 95 100
118	98 6 15 32
119	99 33 24 26
120	95 83 82 67
121	24 14 39 40
122	40 91 97 66
123	21 16 37 86
124	80 39 94 57
125	54 12 30 93
126	22 76 12 6
127	24 8 68 29
128	38 33 39 49
129	69 82 71 89
130	3 40 83 42
131	35 84 12 17
132	4 5 94 14
133	97 78 100 75
134	91 2 69 90
135	94 81 88 63
136	15 43 21 7
137	59 58 84 14
138	67 66 74 65
139	48 13 57 1
140	89 94 49 80
141	13 52 56 65
142	88 41 28 12
143	78 89 21 86
144	69 73 66 74
145	18 85 59 53
146	60 10 85 49
147	82 57 54 98
148	90 82 22 46
149	29 33 60 50
150	54 14 43 37
151	3 30 50 6
152	76 95 89 87
153	11 49 40 26
154	86 76 63 100
155	16 95 4 33
156	85 65 47 34
157	15 97 71 39
158	95 72 44 61
159	24 2 58 40
160	63 59 82 3
161	57 85 41 77
162	90 22 71 72
163	28 76 64 11
164	76 19 15 68
165	5 71 89 59
166	38 74 64 54
167	70 12 66 10
168	13 20 3 88
169	57 94 47 79
170	20 84 70 67
171	63 40 91 50
172	6 58 78 44
173	60 49 23 31
174	94 24 92 81
175	58 70 98 80
176	92 96 8 36
177	13 14 57 54
178	11 84 48 27
179	6 56 43 92
180	13 51 15 63
181	46 88 30 90
182	91 21 94 29
183	27 34 31 98
184	46 98 62 72
185	72 5 26 46
186	61 92 56 68
187	85 32 90 33
188	83 31 8 63
189	55 37 63 85
190	1 77 68 9
191	32 48 73 80
192	26 92 91 78
193	41 86 45 14
194	44 61 90 7
195	73 48 74 29
196	53 70 83 9
197	37 49 1 19
198	44 49 71 59
199	31 25 2 77
200	32 29 8 44
201	85 21 82 100
202	17 73 34 24
203	59 85 28 5
204	38 66 87 80
205	31 91 73 90
206	35 69 91 3
207	54 75 32 56
208	30 90 27 44
209	44 97 99 67
210	21 89 70 9
211	10 85 74 16
212	33 97 54 1
213	67 57 66 20
214	84 66 71 61
215	67 73 65 21
216	87 39 32 4
217	34 70 65 92
218	91 19 75 81
219	40 43 32 2
220	96 59 92 79
221	84 35 8 10
222	68 58 12 98
223	22 39 9 40
224	69 96 100 21
225	29 47 65 84
226	95 21 44 85
227	29 91 2 92
228	75 18 4 99
229	75 79 58 77
230	58 97 18 42
231	47 63 70 48
232	27 25 89 82
233	2 63 41 95
234	22 48 52 70
235	9 91 70 81
236	5 99 73 94
237	55 1 32 67
238	53 50 11 82
239	48 52 69 70
240	76 73 41 72
241	11 25 73 46
242	65 7 12 1
243	20 7 50 23
244	19 86 80 75
245	44 72 29 34
246	8 11 42 71
247	53 67 10 84
248	24 22 46 51
249	17 10 4 53
250	56 93 94 34
251	37 98 44 94
252	58 5 92 62
253	20 7 26 46
254	57 20 66 79
255	68 42 41 48
256	36 23 26 27
257	72 14 26 35
258	2 66 68 70
259	85 44 16 19
260	9 67 51 14
261	28 34 22 96
262	51 100 72 50
263	21 92 37 51
264	26 12 7 62
265	59 73 55 5
266	6 17 38 44
267	56 80 65 3
268	56 74 95 68
269	58 36 33 53
270	25 13 19 37
271	56 27 82 99
272	76 3 89 75
273	9 7 15 31
274	40 14 46 89
275	7 38 19 36
276	72 51 54 37
277	52 33 92 40
278	23 37 70 57
279	70 55 43 78
280	64 5 32 3
281	88 50 71 83
282	80 14 76 89
283	99 71 51 90
284	33 40 23 2
285	80 51 29 31
286	100 78 61 67
287	67 68 83 97
288	92 69 48 27
289	3 100 9 12
290	56 9 98 66
291	92 45 97 96
292	14 55 12 66
293	56 18 53 24
294	21 75 41 88
295	69 57 15 95
296	82 7 20 90
297	77 84 73 76
298	74 82 43 54
299	83 5 92 67
300	88 85 11 71
301	61 95 79 3
302	76 28 38 20
303	81 49 9 92
304	7 32 30 8
305	85 60 43 39
306	68 7 33 36
307	91 35 53 94
308	18 62 96 39
309	15 46 19 30
310	13 1 67 55
311	67 21 62 80
312	34 30 3 24
313	88 87 84 27
314	99 83 74 35
315	31 67 26 79
316	16 9 72 97
317	6 94 8 93
318	71 87 84 46
319	72 42 14 86
320	64 82 59 83
321	8 91 18 85
322	30 87 88 4
323	71 40 56 49
324	10 78 4 34
325	79 41 97 46
326	11 78 48 59
327	90 2 51 27
328	10 100 39 33
329	86 95 81 100
330	25 39 75 87
331	74 66 30 77
332	66 20 26 88
333	38 70 46 35
334	28 66 69 35
335	43 74 21 10
336	41 50 1 2
337	31 44 4 12
338	67 89 90 9
339	64 39 1 23
340	31 17 28 99
341	7 29 34 41
342	22 14 12 98
343	33 36 3 22
344	91 10 33 47
345	47 26 9 16
346	58 73 78 19
347	70 11 62 38
348	46 3 25 82
349	41 24 46 100
350	66 27 48 38
351	39 76 38 49
352	67 16 93 76
353	72 75 10 32
354	47 79 53 94
355	61 79 24 9
356	19 73 33 1
357	32 71 50 62
358	82 33 66 95
359	1 15 96 73
360	43 16 52 75
361	35 74 80 4
362	30 18 98 60
363	68 21 95 54
364	5 95 100 32
365	41 42 8 5
366	90 53 34 82
367	58 76 14 53
368	83 52 44 25
369	42 83 20 67
370	39 5 14 13
371	93 49 15 50
372	43 11 37 71
373	13 8 28 7
374	85 76 98 21
375	61 50 17 6
376	43 71 1 7
377	71 21 15 38
378	11 66 32 97
379	55 85 63 32
380	61 68 51 29
381	32 52 99 34
382	6 58 90 53
383	96 6 49 5
384	73 84 89 58
385	49 95 16 12
386	64 24 88 69
387	29 38 51 53
388	74 79 50 75
389	66 27 70 99
390	55 78 53 99
391	8 92 99 39
392	58 26 22 80
393	90 49 29 93
394	98 17 63 66
395	97 90 75 94
396	5 59 57 80
397	45 53 30 24
398	5 41 28 90
399	66 56 45 96
400	41 76 49 8
401	73 36 40 67
402	60 24 56 35
403	51 58 46 91
404	66 51 50 17
405	92 97 88 83
406	48 90 25 66
407	11 3 91 93
408	74 48 46 13
409	25 84 54 75
410	73 22 56 2
411	13 56 27 99
412	44 22 20 65
413	92 88 78 6
414	77 45 82 40
415	43 68 91 66
416	100 69 78 37
417	17 95 46 61
418	30 91 96 47
419	15 43 38 37
420	34 38 71 25
421	8 85 88 37
422	89 72 73 76
423	25 59 73 13
424	8 90 93 81
425	26 36 33 88
426	32 50 53 14
427	13 8 42 99
428	92 36 10 59
429	4 42 10 26
430	19 34 52 74
431	72 30 76 100
432	5 13 35 19
433	18 16 65 9
434	17 22 88 69
435	61 24 31 79
436	8 100 82 24
437	32 12 52 67
438	8 66 36 88
439	28 93 99 72
440	70 87 29 44
441	48 70 37 77
442	26 90 76 20
443	54 77 99 2
444	91 83 23 43
445	19 72 95 49
446	38 20 16 62
447	16 88 25 34
448	60 89 82 76
449	49 46 80 16
450	43 4 3 87
451	7 25 40 23
452	23 58 12 27
453	14 91 78 41
454	87 15 24 72
455	56 35 42 51
456	66 32 50 76
457	17 66 8 6
458	78 33 27 42
459	36 64 65 16
460	96 5 78 28
461	42 57 64 60
462	76 65 15 61
463	92 31 45 30
464	96 84 35 85
465	8 73 33 10
466	89 8 45 81
467	70 8 43 61
468	92 22 66 21
469	100 37 41 97
470	27 50 64 51
471	78 85 47 1
472	28 7 15 5
473	66 94 38 43
474	87 9 94 82
475	69 55 11 75
476	45 94 80 78
477	8 19 83 52
478	8 75 76 62
479	55 94 28 53
480	60 44 70 85
481	68 38 46 12
482	57 21 86 39
483	70 50 14 93
484	56 8 82 73
485	87 43 41 23
486	61 76 27 32
487	39 95 54 25
488	22 12 56 40
489	43 98 42 82
490	34 81 21 69
491	70 13 79 50
492	20 56 54 42
493	38 87 95 59
494	20 4 25 17
495	40 20 39 58
496	3 7 90 53
497	77 91 6 98
498	69 90 60 3
499	14 97 13 43
500	11 31 12 33
501	3 85 46 66
502	16 24 92 22
503	53 97 3 82
504	56 2 35 25
505	83 49 72 4
506	90 15 67 92
507	5 91 57 96
508	35 58 29 84
509	69 79 71 12
510	88 37 52 17
511	100 77 60 1
512	92 62 81 38
513	19 34 67 23
514	3 53 89 62
515	33 47 91 97
516	51 52 19 66
517	19 94 82 42
518	52 86 55 7
519	44 41 60 81
520	54 75 32 18
521	48 65 36 46
522	100 62 48 70
523	3 53 40 20
524	45 82 27 51
525	37 76 43 33
526	9 84 15 33
527	20 72 47 37
528	68 12 30 89
529	13 84 73 100
530	82 19 83 98
531	43 73 30 24
532	72 17 75 64
533	49 28 76 62
534	27 82 7 43
535	95 19 52 28
536	78 66 99 20
537	87 12 71 65
538	23 29 13 26
539	70 23 100 14
540	42 43 28 77
541	11 56 53 88
542	13 56 3 66
543	78 65 80 86
544	54 5 93 36
545	38 62 82 66
546	87 52 64 66
547	30 77 83 63
548	23 2 84 95
549	8 11 67 21
550	66 50 61 100
551	74 76 11 61
552	88 35 97 65
553	27 81 33 95
554	67 34 18 26
555	10 23 11 90
556	40 55 35 3
557	52 54 34 81
558	26 88 52 99
559	84 34 36 77
560	100 72 53 31
561	83 84 48 40
562	8 49 47 99
563	26 67 15 70
564	80 87 16 59
565	33 6 24 82
566	69 41 14 83
567	43 47 61 89
568	17 50 49 70
569	2 66 30 54
570	23 29 95 28
571	89 42 76 10
572	85 35 100 75
573	9 4 62 61
574	29 68 49 43
575	89 2 6 72
576	39 67 5 71
577	37 26 86 45
578	92 70 69 80
579	50 89 46 77
580	56 91 4 28
581	65 49 82 46
582	55 71 39 57
583	97 55 90 81
584	9 95 49 27
585	17 93 37 75
586	79 80 96 67
587	77 24 79 9
588	55 51 14 39
589	5 83 91 20
590	98 2 93 35
591	45 88 14 78
592	3 43 31 34
593	65 93 71 14
594	49 99 20 1
595	95 36 39 35
596	3 97 6 70
597	92 48 69 43
598	87 43 36 100
599	18 65 8 25
600	66 30 97 11
601	31 66 68 56
602	59 18 88 89
603	51 84 53 96
604	93 50 64 83
605	1 79 93 83
606	76 23 40 21
607	70 54 11 19
608	64 33 31 32
609	31 5 2 87
610	23 22 100 38
611	7 36 70 10
612	19 11 29 98
613	88 85 38 42
614	50 62 71 45
615	82 23 69 74
616	93 41 16 69
617	38 7 16 49
618	57 80 22 89
619	96 52 32 95
620	5 15 85 44
621	23 75 12 8
622	2 44 36 29
623	82 24 2 62
624	84 55 52 76
625	50 19 59 32
626	86 28 69 58
627	37 89 40 54
628	32 25 61 80
629	1 37 5 32
630	71 15 76 21
631	27 22 44 61
632	90 93 68 22
633	51 24 75 84
634	18 66 1 65
635	57 100 30 89
636	62 29 82 36
637	52 4 91 42
638	92 9 1 51
639	36 79 53 15
640	18 17 57 6
641	71 31 95 86
642	9 37 53 28
643	15 84 56 11
644	68 59 1 65
645	90 83 4 59
646	26 94 14 68
647	90 78 3 47
648	44 48 98 60
649	79 42 65 25
650	85 49 40 99
651	50 70 60 10
652	38 16 22 51
653	99 3 64 41
654	53 75 97 77
655	44 58 9 64
656	91 44 34 16
657	75 8 78 33
658	87 59 19 83
659	23 75 50 80
660	5 62 14 88
661	94 86 32 100
662	17 39 67 56
663	49 89 13 64
664	27 30 77 23
665	64 87 65 49
666	94 93 66 54
667	46 66 26 69
668	22 39 14 17
669	15 76 17 87
670	18 65 84 42
671	9 38 100 77
672	27 32 36 88
673	94 39 82 4
674	27 95 3 97
675	60 14 96 49
676	44 26 52 11
677	62 53 38 45
678	12 97 64 7
679	64 36 68 9
680	57 64 10 12
681	99 86 3 40
682	59 76 75 39
683	69 25 79 93
684	77 51 100 30
685	2 30 63 9
686	18 74 55 78
687	80 15 48 97
688	10 82 86 63
689	17 28 36 23
690	7 75 98 38
691	73 85 74 34
692	83 90 47 18
693	41 22 21 47
694	54 40 100 22
695	40 10 86 80
696	41 61 33 46
697	36 17 82 53
698	80 57 95 21
699	49 86 53 74
700	27 72 50 94
701	28 41 51 75
702	86 100 73 96
703	23 26 14 51
704	86 66 11 3
705	53 14 90 5
706	59 100 86 85
707	66 55 31 29
708	54 79 32 21
709	35 47 46 49
710	24 69 80 20
711	14 38 48 70
712	24 85 56 22
713	41 40 88 85
714	78 50 90 55
715	68 10 17 86
716	11 12 25 50
717	29 54 8 9
718	10 60 100 33
719	36 14 42 68
720	33 50 48 25
721	91 59 25 60
722	76 62 56 46
723	9 51 27 57
724	4 64 21 77
725	54 2 32 33
726	90 86 75 70
727	37 98 39 77
728	99 68 4 3
729	91 37 64 53
730	54 73 92 70
731	73 54 27 2
732	25 33 68 57
733	64 18 79 60
734	23 21 34 14
735	10 15 57 43
736	26 29 46 81
737	33 92 14 99
738	58 29 44 37
739	96 40 48 98
740	31 75 37 64
741	43 81 39 78
742	65 66 77 68
743	38 82 73 89
744	34 98 7 38
745	62 82 49 15
746	25 77 54 34
747	77 76 67 9
748	51 64 45 4
749	57 25 40 64
750	78 13 51 44
751	68 4 59 90
752	3 57 38 44
753	96 69 31 15
754	95 17 14 47
755	77 37 64 49
756	17 24 1 79
757	52 73 88 45
758	16 31 93 54
759	91 42 36 62
760	91 97 75 80
761	34 73 69 29
762	9 86 78 4
763	14 33 22 39
764	91 21 84 85
765	22 69 67 3
766	32 59 73 82
767	40 23 24 70
768	91 42 6 2
769	10 45 55 67
770	30 99 48 18
771	30 77 47 74
772	74 6 11 76
773	95 72 37 69
774	82 55 60 31
775	26 53 98 66
776	50 75 60 51
777	67 62 72 100
778	77 61 41 5
779	79 99 75 43
780	57 76 87 81
781	72 79 29 6
782	97 51 77 87
783	87 34 41 61
784	15 98 35 73
785	28 81 95 33
786	22 46 63 51
787	28 88 73 62
788	38 57 25 22
789	72 51 73 54
790	62 76 57 6
791	74 30 93 75
792	24 49 47 8
793	44 63 69 7
794	12 40 33 88
795	97 80 45 40
796	24 32 4 74
797	63 69 18 25
798	22 5 23 36
799	53 99 93 88
800	98 30 63 79
801	75 49 99 65
802	30 2 100 40
803	19 31 36 59
804	9 18 62 74
805	57 4 71 13
806	75 81 61 95
807	69 42 62 49
808	74 4 65 17
809	79 97 44 3
810	7 70 99 11
811	82 46 32 42
812	78 15 30 31
813	3 100 65 66
814	81 50 79 85
815	42 87 51 38
816	17 28 51 99
817	50 63 30 99
818	20 13 47 54
819	14 89 71 2
820	100 23 67 30
821	88 9 40 96
822	97 73 24 65
823	9 13 31 72
824	43 33 72 56
825	9 15 48 12
826	87 40 84 44
827	74 79 48 25
828	46 19 52 39
829	97 46 94 47
830	57 79 5 45
831	67 38 83 76
832	5 3 44 96
833	10 39 6 48
834	12 15 45 4
835	7 96 61 51
836	22 36 87 72
837	21 64 12 91
838	27 52 84 47
839	5 46 38 82
840	16 78 3 19
841	4 97 1 79
842	7 23 28 13
843	22 36 11 95
844	39 17 52 61
845	41 99 30 71
846	73 87 81 84
847	94 93 26 97
848	46 59 22 54
849	8 70 48 32
850	62 35 8 61
851	45 80 44 78
852	93 70 65 72
853	46 30 97 55
854	88 78 59 98
855	59 46 55 96
856	42 38 78 74
857	34 49 19 1
858	25 36 95 86
859	14 53 95 100
860	96 1 34 32
861	14 57 55 42
862	75 6 20 7
863	98 10 85 34
864	25 81 42 28
865	23 47 57 81
866	82 92 98 80
867	59 16 83 24
868	23 9 11 44
869	33 31 52 88
870	68 8 94 46
871	25 80 86 57
872	10 47 35 63
873	5 39 12 73
874	83 16 72 51
875	56 94 38 64
876	6 91 92 87
877	19 27 81 88
878	52 16 18 48
879	14 4 97 60
880	8 41 95 43
881	59 52 36 92
882	53 96 49 41
883	62 65 28 41
884	39 78 19 83
885	89 42 24 3
886	7 4 48 15
887	30 47 70 36
888	54 58 62 67
889	64 77 32 9
890	86 36 3 63
891	92 27 54 35
892	31 75 27 2
893	55 94 72 64
894	24 26 82 60
895	91 69 28 73
896	76 27 95 77
897	88 14 8 64
898	79 98 27 82
899	22 7 28 96
900	94 39 31 52
901	50 82 91 88
902	41 59 23 96
903	61 37 68 94
904	51 78 81 42
905	99 91 24 20
906	11 27 84 95
907	42 72 93 96
908	54 59 24 36
909	75 6 72 43
910	85 32 94 84
911	63 51 86 52
912	74 61 6 83
913	89 39 33 12
914	15 94 38 44
915	45 33 94 17
916	82 22 89 95
917	85 23 17 77
918	61 74 85 28
919	61 86 53 28
920	79 24 71 58
921	28 14 20 39
922	13 85 84 66
923	65 18 26 84
924	68 45 53 41
925	26 35 61 87
926	91 43 2 50
927	53 62 94 72
928	15 92 5 87
929	71 41 93 59
930	57 84 16 5
931	21 50 69 8
932	30 37 62 8
933	36 71 22 5
934	8 85 58 3
935	6 4 31 75
936	54 20 23 41
937	66 40 82 62
938	5 72 50 49
939	27 40 85 87
940	26 4 68 28
941	57 49 45 63
942	82 93 100 53
943	75 78 7 12
944	80 71 94 18
945	14 45 84 37
946	41 79 25 77
947	99 76 22 19
948	80 16 42 23
949	18 50 1 81
950	4 49 39 99
951	86 53 28 42
952	9 74 70 61
953	51 42 90 95
954	98 13 20 60
955	57 64 66 83
956	57 72 79 68
957	64 51 7 32
958	92 72 24 67
959	3 32 90 81
960	83 13 21 75
961	81 8 55 87
962	5 41 43 72
963	40 64 100 29
964	42 20 27 68
965	69 68 11 31
966	59 32 3 49
967	59 100 30 19
968	100 93 31 84
969	31 76 59 43
970	59 43 51 99
971	69 12 33 83
972	80 4 11 85
973	61 91 3 10
974	85 45 7 71
975	55 54 26 25
976	33 96 89 56
977	82 5 12 36
978	96 88 78 6
979	92 4 62 26
980	24 54 38 74
981	42 12 68 94
982	73 47 22 13
983	53 89 93 22
984	39 86 59 66
985	57 8 47 35
986	18 69 97 54
987	88 52 6 21
988	56 69 77 85
989	50 7 11 78
990	33 87 18 90
991	29 18 63 79
992	5 16 26 8
993	93 19 65 45
994	68 67 56 58
995	80 75 20 13
996	42 68 2 6
997	33 18 74 95
998	84 79 23 51
999	39 40 97 53
1000	93 69 21 58
