Students	1000
1	59 14 31 47
2	39 89 98 68
3	54 35 27 37
4	60 42 13 12
5	77 33 44 47
6	3 6 94 31
7	79 72 21 47
8	100 53 38 71
9	81 94 80 61
10	19 83 34 91
11	19 21 7 9
12	31 15 23 83
13	90 100 49 25
14	15 17 96 61
15	96 80 82 43
16	84 35 31 94
17	48 47 36 91
18	82 94 46 1
19	13 19 33 80
20	17 66 31 96
21	93 28 59 24
22	69 60 56 54
23	74 60 67 33
24	8 28 44 55
25	19 20 3 77
26	97 19 27 77
27	55 48 31 36
28	50 82 10 71
29	57 69 3 46
30	75 4 57 87
31	93 100 9 51
32	40 41 57 90
33	62 46 38 89
34	68 17 31 77
35	61 4 88 62
36	25 13 92 15
37	18 100 23 71
38	18 60 15 8
39	20 41 80 64
40	52 18 79 51
41	79 83 29 13
42	62 89 77 45
43	27 79 1 65
44	66 5 38 26
45	32 71 4 73
46	81 94 84 83
47	23 65 4 53
48	29 85 97 26
49	49 68 28 54
50	90 98 46 68
51	57 65 73 52
52	77 60 33 38
53	86 63 73 32
54	12 40 24 55
55	17 50 78 47
56	26 32 33 23
57	59 42 3 24
58	27 38 74 36
59	88 62 10 85
60	19 88 8 14
61	19 82 36 6
62	88 74 30 69
63	12 72 16 35
64	9 67 45 89
65	76 56 58 15
66	10 49 12 84
67	5 47 84 72
68	52 59 27 36
69	4 87 48 18
70	9 99 90 15
71	97 36 24 5
72	94 53 57 98
73	72 41 56 52
74	91 73 81 33
75	24 73 28 30
76	47 99 12 63
77	60 9 53 55
78	63 37 7 82
79	20 52 33 81
80	55 28 63 97
81	100 74 40 17
82	63 28 56 91
83	6 38 93 98
84	33 94 63 44
85	36 17 86 15
86	31 51 67 73
87	88 32 20 77
88	23 97 75 14
89	22 76 43 47
90	39 58 80 4
91	64 32 62 78
92	84 54 21 82
93	41 19 77 79
94	11 100 30 63
95	47 56 86 22
96	15 25 34 48
97	89 38 2 85
98	34 85 47 56
99	20 69 62 26
100	32 81 67 43
101	43 28 70 34
102	78 9 33 44
103	57 63 38 53
104	48 86 44 96
105	48 80 30 90
106	73 44 96 58
107	21 92 29 16
108	69 3 90 100
109	45 97 61 32
110	43 69 18 39
111	93 44 92 61
112	80 50 3 48
113	84 49 45 3
114	36 7 6 87
115	79 31 9 57
116	96 42 71 27
117	4 48 44 54
118	82 3 79 26
119	89 33 7 50
120	3 19 43 78
121	49 4 84 35
122	70 62 54 6
123	76 21 86 75
124	27 37 98 85
125	81 78 63 53
126	49 35 70 7
127	100 51 32 26
128	87 60 82 35
129	91 60 48 87
130	67 1 36 10
131	38 93 23 26
132	38 99 4 50
133	21 40 14 50
134	7 10 3 47
135	54 50 86 99
136	79 13 14 49
137	29 38 27 98
138	69 3 55 24
139	75 34 93 18
140	25 85 20 10
141	66 67 20 7
142	87 95 44 88
143	1 89 42 10
144	24 40 19 13
145	98 21 20 68
146	100 91 59 61
147	12 62 46 45
148	69 52 37 19
149	96 71 53 70
150	14 1 85 28
151	74 89 77 28
152	13 34 41 82
153	29 38 14 34
154	63 89 90 78
155	71 37 15 81
156	23 88 68 10
157	69 27 24 36
158	91 13 61 46
159	67 100 97 1
160	31 79 95 85
161	58 80 24 82
162	9 71 89 93
163	62 2 29 97
164	47 71 33 46
165	34 67 38 2
166	42 21 12 14
167	87 52 15 29
168	76 34 46 94
169	60 51 40 62
170	32 75 68 74
171	77 14 38 2
172	26 76 65 2
173	21 92 27 43
174	41 58 17 77
175	92 2 14 26
176	54 62 13 58
177	62 22 6 28
178	71 52 11 42
179	65 9 87 40
180	44 38 27 11
181	33 35 46 34
182	32 7 64 91
183	31 74 60 99
184	91 47 71 78
185	68 21 51 88
186	35 29 6 39
187	30 95 97 82
188	52 86 92 85
189	9 15 84 73
190	88 97 64 4
191	52 5 13 16
192	61 97 82 84
193	16 74 11 33
194	8 91 72 52
195	53 65 94 25
196	99 26 83 94
197	36 43 76 61
198	98 36 22 57
199	93 75 25 32
200	22 90 37 33
201	74 36 62 80
202	66 81 92 23
203	36 37 54 63
204	53 34 30 81
205	25 10 94 89
206	78 61 42 63
207	58 36 26 49
208	91 31 71 86
209	74 57 72 22
210	5 3 18 58
211	43 73 3 48
212	64 5 39 20
213	42 4 41 7
214	28 59 75 61
215	1 86 9 16
216	69 70 74 42
217	14 53 69 25
218	85 77 12 58
219	53 67 73 45
220	24 85 29 22
221	36 17 15 59
222	19 50 62 29
223	18 39 50 83
224	19 47 92 37
225	94 57 69 98
226	70 47 42 10
227	67 30 8 74
228	66 23 3 71
229	7 29 12 62
230	28 94 20 45
231	89 71 93 34
232	27 78 10 20
233	77 72 83 35
234	41 62 34 19
235	46 7 28 2
236	87 32 36 62
237	43 27 20 26
238	41 23 56 99
239	22 34 86 28
240	100 29 54 35
241	60 49 62 47
242	98 43 26 14
243	36 57 93 39
244	60 72 80 8
245	29 44 26 52
246	96 39 18 53
247	81 86 47 6
248	47 30 9 87
249	69 89 25 62
250	46 99 56 2
251	58 27 44 93
252	21 31 80 30
253	24 4 65 21
254	15 92 7 16
255	98 82 74 32
256	21 77 36 88
257	64 91 13 30
258	7 51 91 75
259	24 2 33 88
260	13 55 50 26
261	60 21 41 20
262	70 40 44 17
263	59 73 67 44
264	84 28 4 33
265	3 72 68 89
266	8 91 34 64
267	36 38 96 74
268	36 71 14 75
269	28 95 21 69
270	93 36 98 11
271	68 18 49 19
272	11 64 92 82
273	41 56 28 17
274	56 24 48 63
275	16 14 8 26
276	59 49 82 1
277	79 73 75 60
278	13 32 47 91
279	25 17 67 29
280	57 94 77 47
281	26 71 14 20
282	43 75 57 99
283	11 44 60 87
284	73 30 51 31
285	52 75 77 34
286	39 89 52 47
287	79 60 63 24
288	37 55 45 61
289	35 15 34 79
290	40 6 84 79
291	55 96 79 14
292	53 29 73 46
293	10 86 4 85
294	82 19 99 69
295	79 23 90 50
296	97 58 72 26
297	74 14 37 87
298	26 58 57 55
299	6 42 75 78
300	73 29 88 50
301	54 64 97 49
302	4 31 48 12
303	82 12 67 98
304	47 14 13 65
305	51 67 10 94
306	18 81 98 30
307	27 50 4 70
308	22 31 54 19
309	40 13 69 37
310	59 54 100 27
311	35 65 43 34
312	73 46 69 93
313	17 100 77 29
314	2 10 4 65
315	65 27 99 19
316	100 89 55 11
317	80 100 26 42
318	5 44 49 20
319	84 80 56 14
320	57 79 81 71
321	20 25 72 45
322	100 35 45 97
323	24 32 96 34
324	10 56 68 19
325	96 87 73 43
326	33 35 19 96
327	43 92 48 18
328	48 95 75 60
329	90 73 89 95
330	83 1 55 26
331	23 45 8 63
332	31 48 83 3
333	92 70 88 59
334	82 11 42 46
335	46 50 23 38
336	25 17 34 10
337	61 68 1 95
338	51 67 71 12
339	82 14 43 57
340	74 69 93 32
341	63 14 80 31
342	45 25 14 11
343	52 69 14 13
344	59 74 27 78
345	81 55 8 40
346	62 13 27 4
347	5 10 57 18
348	15 36 74 1
349	38 51 29 37
350	13 58 97 91
351	2 77 27 14
352	29 86 32 16
353	58 97 76 13
354	27 67 19 46
355	12 26 38 97
356	43 70 15 29
357	31 68 4 14
358	17 80 18 86
359	86 61 38 64
360	100 5 80 19
361	10 53 96 86
362	12 83 62 55
363	36 77 41 24
364	77 23 35 78
365	74 3 92 35
366	22 14 94 43
367	41 99 87 79
368	4 28 72 87
369	96 43 99 30
370	39 75 69 62
371	48 38 96 85
372	78 98 12 17
373	98 23 66 55
374	100 29 68 57
375	51 90 25 33
376	26 23 82 88
377	81 16 47 95
378	81 37 24 26
379	57 44 29 62
380	49 30 31 58
381	79 81 97 80
382	81 7 64 72
383	70 83 54 48
384	75 56 27 40
385	43 55 64 5
386	57 22 72 33
387	35 27 71 29
388	35 18 33 95
389	39 48 91 62
390	22 83 39 24
391	99 12 65 5
392	32 25 61 65
393	2 59 8 74
394	66 100 71 21
395	9 36 64 49
396	49 10 32 40
397	54 23 19 26
398	43 51 8 42
399	76 18 56 25
400	54 59 82 71
401	27 16 24 52
402	7 23 9 38
403	10 68 89 81
404	89 87 39 88
405	50 44 28 20
406	7 73 82 9
407	13 26 68 100
408	1 31 34 83
409	71 73 37 87
410	94 17 21 53
411	17 37 10 95
412	23 49 72 84
413	1 2 25 87
414	66 24 74 37
415	74 3 53 99
416	26 5 18 57
417	68 84 16 11
418	77 54 92 31
419	6 78 32 79
420	99 61 5 73
421	60 21 6 37
422	48 74 28 65
423	4 5 25 67
424	22 48 1 59
425	25 60 66 46
426	82 36 67 63
427	77 96 4 71
428	75 51 9 77
429	39 87 82 72
430	90 34 4 46
431	63 31 32 59
432	66 67 86 31
433	11 15 50 56
434	21 77 85 2
435	90 40 88 29
436	89 18 82 14
437	74 94 63 18
438	52 95 94 72
439	15 69 79 66
440	45 57 30 42
441	38 71 100 43
442	75 34 1 51
443	66 52 1 30
444	69 72 15 27
445	18 91 75 3
446	97 71 40 6
447	52 73 77 70
448	3 48 87 56
449	84 79 72 94
450	91 1 44 62
451	24 46 27 99
452	56 92 83 1
453	44 24 13 66
454	21 39 25 12
455	43 76 36 38
456	48 94 38 28
457	70 21 64 33
458	6 92 50 22
459	35 13 64 1
460	51 48 23 19
461	39 9 30 87
462	46 64 40 22
463	99 1 38 78
464	67 78 75 82
465	100 1 3 54
466	79 32 70 98
467	7 86 30 20
468	32 59 6 18
469	88 5 55 43
470	44 6 93 34
471	29 38 1 53
472	22 4 48 78
473	2 84 74 61
474	78 64 43 95
475	65 66 7 80
476	60 45 36 62
477	79 58 39 17
478	40 34 32 43
479	18 47 79 91
480	100 9 92 97
481	68 5 88 30
482	86 74 77 21
483	68 40 29 44
484	33 86 69 92
485	97 36 78 6
486	73 23 30 43
487	40 5 87 29
488	48 34 38 27
489	74 92 22 9
490	97 96 23 100
491	93 92 38 39
492	97 72 36 20
493	42 40 73 53
494	4 49 69 59
495	13 75 85 7
496	89 97 58 29
497	83 78 89 91
498	86 13 19 88
499	42 73 87 90
500	54 51 28 69
501	61 84 55 13
502	64 50 37 90
503	78 27 72 89
504	20 90 94 41
505	40 70 7 44
506	3 65 91 48
507	6 29 64 7
508	13 82 40 31
509	97 33 85 29
510	37 62 11 100
511	34 7 4 36
512	23 90 94 29
513	72 40 24 84
514	93 66 17 51
515	32 77 25 75
516	35 1 82 38
517	72 85 46 37
518	4 76 84 32
519	81 83 89 90
520	52 51 24 78
521	48 84 25 31
522	88 6 11 33
523	6 1 62 88
524	85 58 20 10
525	70 82 57 63
526	85 32 65 2
527	34 8 90 3
528	75 28 97 91
529	57 24 65 72
530	81 40 73 49
531	82 12 97 59
532	89 60 94 58
533	16 11 51 60
534	50 6 69 87
535	13 99 50 39
536	96 7 98 92
537	25 100 5 75
538	37 93 40 87
539	37 6 34 41
540	14 18 100 17
541	16 62 14 65
542	30 81 93 18
543	94 81 78 68
544	58 40 29 70
545	62 75 33 35
546	61 67 27 8
547	40 51 6 78
548	41 26 20 70
549	99 46 33 89
550	26 90 67 57
551	90 48 13 34
552	92 52 98 94
553	47 38 14 33
554	93 2 25 1
555	47 2 5 48
556	25 79 60 27
557	14 60 51 24
558	60 57 99 10
559	28 63 93 91
560	64 76 40 94
561	59 9 34 16
562	24 4 74 2
563	23 96 48 80
564	53 3 36 20
565	95 73 24 9
566	63 10 32 24
567	66 27 50 10
568	74 77 92 97
569	8 77 7 96
570	58 27 10 41
571	91 50 38 79
572	44 7 57 35
573	3 22 17 45
574	7 88 16 64
575	79 85 63 13
576	22 11 27 70
577	59 33 15 18
578	30 12 40 51
579	61 15 46 29
580	89 31 80 56
581	20 58 64 9
582	5 54 48 43
583	48 56 69 3
584	88 36 80 100
585	27 14 81 45
586	43 19 21 75
587	25 78 13 31
588	12 32 58 77
589	90 92 78 80
590	74 26 12 43
591	75 4 24 59
592	41 11 21 89
593	16 12 78 19
594	49 16 96 15
595	61 95 39 29
596	57 94 25 40
597	69 52 74 99
598	51 21 75 50
599	8 75 81 96
600	12 73 78 36
601	27 4 25 20
602	72 92 53 60
603	48 21 78 51
604	30 74 78 96
605	8 61 9 84
606	1 69 33 47
607	10 65 18 50
608	80 9 87 54
609	93 37 96 22
610	57 99 53 61
611	64 76 73 85
612	56 71 77 3
613	5 29 22 6
614	20 21 90 7
615	33 76 68 48
616	49 89 65 66
617	50 85 40 83
618	4 11 6 39
619	43 36 86 91
620	90 29 19 12
621	31 57 13 83
622	41 25 12 28
623	30 1 5 65
624	59 83 21 49
625	97 33 75 18
626	60 52 41 100
627	96 87 24 72
628	93 84 60 62
629	21 43 5 36
630	59 15 21 84
631	98 47 31 74
632	46 100 60 8
633	4 6 28 36
634	54 7 38 46
635	61 37 15 96
636	87 96 64 62
637	43 50 52 65
638	87 81 37 7
639	66 33 79 13
640	15 41 94 12
641	12 83 4 27
642	60 6 1 42
643	72 60 9 81
644	26 12 84 4
645	36 19 40 51
646	42 79 1 57
647	49 90 13 31
648	78 39 83 70
649	84 22 58 99
650	64 50 14 88
651	14 57 65 26
652	7 43 2 35
653	57 56 45 61
654	1 7 42 62
655	26 91 34 77
656	69 33 72 20
657	53 82 88 16
658	45 22 96 88
659	58 40 6 98
660	67 28 39 11
661	97 65 29 7
662	50 5 21 51
663	88 46 70 16
664	55 5 58 68
665	11 99 36 83
666	63 83 74 79
667	68 37 53 57
668	69 59 94 77
669	24 92 41 79
670	80 60 36 92
671	19 70 23 47
672	77 54 9 44
673	12 56 49 92
674	71 62 41 27
675	42 90 2 66
676	5 93 48 84
677	36 28 4 73
678	93 29 61 33
679	76 10 54 79
680	13 100 46 61
681	49 23 72 65
682	73 57 37 15
683	26 74 84 75
684	61 54 83 25
685	67 100 61 66
686	25 7 12 69
687	75 36 52 12
688	2 44 4 57
689	24 51 63 13
690	58 34 81 50
691	100 78 76 82
692	65 82 40 59
693	90 94 38 67
694	13 21 6 44
695	96 72 91 66
696	84 29 82 22
697	56 39 12 13
698	27 47 91 70
699	34 71 73 81
700	83 79 84 14
701	71 11 28 61
702	65 19 13 79
703	50 62 4 78
704	93 62 10 34
705	28 59 60 100
706	87 99 30 71
707	79 96 3 24
708	51 80 53 66
709	84 86 12 79
710	48 34 20 64
711	48 74 68 83
712	48 15 83 27
713	57 87 9 90
714	31 100 75 1
715	58 71 47 16
716	52 20 53 82
717	81 96 78 65
718	60 100 42 57
719	52 40 38 50
720	23 64 31 71
721	1 78 37 98
722	47 65 96 12
723	11 93 99 55
724	90 85 31 7
725	9 82 42 26
726	6 89 74 57
727	82 26 15 10
728	92 42 67 22
729	35 12 11 7
730	39 34 57 9
731	29 94 12 34
732	93 96 92 46
733	53 47 86 16
734	98 57 43 47
735	68 99 74 45
736	82 71 60 86
737	44 76 19 15
738	16 66 91 72
739	22 5 18 26
740	8 100 83 81
741	27 76 26 14
742	71 49 46 75
743	62 19 76 33
744	82 76 67 37
745	97 6 98 29
746	29 100 91 20
747	54 26 16 23
748	9 27 50 29
749	40 29 92 82
750	92 37 6 97
751	73 95 36 34
752	95 24 98 75
753	11 54 90 69
754	74 69 37 42
755	40 22 18 33
756	32 5 41 61
757	94 8 34 13
758	82 86 80 24
759	13 88 97 21
760	19 85 26 32
761	87 6 55 21
762	59 36 27 32
763	59 55 52 41
764	60 51 9 61
765	6 65 32 39
766	5 79 41 70
767	64 89 34 52
768	92 54 60 25
769	38 98 52 27
770	87 79 66 64
771	39 50 11 86
772	28 71 32 87
773	70 32 99 31
774	92 49 87 61
775	17 8 30 24
776	86 28 92 35
777	23 22 36 25
778	36 17 73 95
779	14 18 51 80
780	53 19 99 12
781	62 99 100 29
782	63 32 25 23
783	22 10 8 85
784	87 5 13 43
785	50 81 53 23
786	92 85 33 70
787	69 74 90 100
788	36 97 85 37
789	95 60 81 30
790	34 24 69 12
791	61 11 68 1
792	100 55 47 60
793	83 71 19 68
794	17 86 64 39
795	43 60 44 61
796	29 83 80 82
797	30 90 43 88
798	2 52 56 86
799	64 45 4 72
800	42 80 45 3
801	44 7 51 75
802	76 83 100 3
803	87 4 11 95
804	98 76 65 58
805	7 56 24 63
806	83 31 36 40
807	69 31 38 39
808	19 93 83 81
809	43 44 47 23
810	22 6 61 3
811	16 22 59 80
812	70 42 59 41
813	62 37 17 75
814	40 2 63 37
815	98 42 37 12
816	79 54 34 60
817	75 5 2 40
818	85 98 88 49
819	60 49 48 85
820	67 2 22 4
821	9 39 3 55
822	26 41 62 63
823	23 53 73 58
824	64 27 91 51
825	41 92 21 33
826	24 27 10 29
827	24 79 4 25
828	23 9 26 53
829	36 93 71 73
830	8 72 1 11
831	16 3 47 49
832	16 1 7 80
833	68 25 47 52
834	49 32 60 53
835	35 17 31 60
836	8 87 98 4
837	27 68 17 86
838	86 9 15 56
839	39 20 44 90
840	15 8 98 67
841	89 43 69 92
842	63 88 1 79
843	64 71 55 83
844	97 2 18 29
845	49 14 13 47
846	26 63 92 30
847	7 64 41 45
848	88 66 8 11
849	95 57 71 53
850	38 33 23 88
851	92 31 50 3
852	11 46 3 8
853	4 99 65 32
854	80 9 43 95
855	84 83 44 18
856	52 87 82 83
857	20 98 84 97
858	26 74 88 36
859	37 91 38 88
860	77 69 98 1
861	64 44 53 19
862	9 71 46 23
863	53 92 12 65
864	25 38 8 48
865	43 62 91 63
866	1 64 43 55
867	42 87 20 12
868	5 98 28 39
869	8 86 62 38
870	8 85 24 88
871	90 78 45 71
872	64 77 66 79
873	67 62 77 59
874	67 26 85 89
875	67 100 17 42
876	93 53 60 72
877	3 43 39 94
878	81 28 77 45
879	61 8 31 28
880	87 4 69 58
881	59 64 55 24
882	51 47 68 77
883	11 88 45 89
884	20 30 56 31
885	28 72 40 70
886	6 20 38 60
887	67 11 2 92
888	30 2 7 11
889	32 86 69 9
890	91 35 77 33
891	29 90 78 95
892	7 31 6 69
893	90 86 12 55
894	14 46 53 25
895	30 90 9 89
896	11 30 21 73
897	85 62 16 25
898	77 9 59 96
899	5 34 12 31
900	35 18 88 8
901	25 97 59 16
902	30 5 73 9
903	36 16 83 81
904	79 83 15 66
905	46 60 72 61
906	39 33 7 89
907	84 100 71 9
908	86 17 67 90
909	65 45 29 47
910	4 57 55 11
911	63 87 18 71
912	75 97 69 42
913	52 96 2 93
914	87 75 71 83
915	48 33 79 42
916	60 48 33 30
917	57 66 94 61
918	1 71 27 54
919	22 9 14 77
920	85 39 73 23
921	81 50 60 43
922	32 68 69 94
923	45 43 74 99
924	45 51 9 46
925	48 70 5 97
926	93 86 38 69
927	66 9 32 64
928	75 57 27 97
929	22 15 69 99
930	22 39 81 9
931	74 79 81 33
932	91 87 6 83
933	11 20 78 48
934	87 11 52 37
935	41 42 15 85
936	49 22 26 10
937	98 2 32 43
938	97 47 40 88
939	52 98 49 12
940	93 54 90 72
941	78 48 44 53
942	14 15 85 30
943	92 32 74 89
944	64 27 96 91
945	54 15 34 67
946	69 67 59 83
947	94 18 4 68
948	35 76 30 20
949	34 82 28 84
950	35 16 9 28
951	73 18 17 81
952	78 92 30 90
953	50 32 31 26
954	45 46 59 74
955	21 43 41 49
956	95 41 82 18
957	92 54 87 96
958	48 9 2 30
959	35 7 38 18
960	11 15 59 90
961	38 96 46 12
962	39 98 58 1
963	96 86 93 80
964	88 93 6 98
965	24 12 88 79
966	24 84 58 93
967	45 70 4 48
968	98 47 31 82
969	71 74 92 86
970	62 76 16 92
971	63 16 93 96
972	8 65 22 94
973	46 40 83 72
974	46 5 76 58
975	79 51 45 87
976	91 77 27 44
977	86 43 23 96
978	4 100 59 27
979	99 80 15 13
980	55 48 54 37
981	49 89 100 88
982	62 58 13 10
983	13 37 34 19
984	38 33 40 97
985	61 94 41 99
986	93 42 81 98
987	22 86 89 9
988	22 46 19 28
989	61 16 64 21
990	53 39 86 48
991	16 46 52 71
992	52 13 20 80
993	72 7 9 36
994	95 86 20 1
995	28 47 11 39
996	55 59 67 15
997	28 12 7 36
998	4 31 78 57
999	99 7 78 12
1000	17 8 52 3
