Students	1000
1	45 49 3 93
2	62 60 5 93
3	1 6 47 86
4	19 30 23 11
5	51 47 46 20
6	6 12 7 38
7	71 34 76 33
8	26 55 8 30
9	91 53 57 14
10	59 69 14 29
11	11 38 19 28
12	7 54 2 100
13	52 57 11 78
14	58 7 89 19
15	14 91 98 47
16	51 82 54 42
17	3 80 29 89
18	34 25 55 27
19	79 3 60 41
20	80 10 90 87
21	22 21 82 54
22	2 37 31 12
23	81 51 44 47
24	84 27 25 85
25	20 15 32 22
26	77 21 58 29
27	12 64 85 8
28	77 9 81 59
29	46 76 77 13
30	26 76 24 70
31	65 26 84 10
32	8 10 70 28
33	11 22 17 13
34	32 15 5 91
35	28 21 20 48
36	95 34 42 15
37	67 1 54 35
38	21 85 2 93
39	22 56 81 87
40	77 79 25 100
41	21 70 86 37
42	98 15 37 99
43	96 10 38 81
44	4 74 84 12
45	93 89 75 74
46	67 26 35 51
47	59 8 1 58
48	2 42 100 48
49	16 49 73 95
50	61 44 5 19
51	33 17 12 93
52	78 67 31 63
53	55 26 64 30
54	80 9 96 82
55	17 11 78 72
56	37 1 86 98
57	36 35 19 23
58	69 4 48 36
59	50 49 46 58
60	5 50 39 32
61	46 94 83 75
62	5 35 1 99
63	74 81 21 44
64	85 23 69 19
65	45 1 43 62
66	22 63 100 77
67	8 51 88 37
68	60 82 25 22
69	1 63 26 97
70	96 35 76 100
71	27 18 70 67
72	93 82 38 60
73	35 36 22 87
74	79 16 84 18
75	35 6 83 58
76	31 77 86 7
77	6 75 60 89
78	69 23 72 55
79	54 74 28 3
80	12 97 66 31
81	35 34 19 22
82	95 68 96 84
83	68 84 57 35
84	32 100 94 71
85	55 61 41 60
86	98 57 64 21
87	12 47 76 2
88	19 98 11 96
89	47 22 68 62
90	40 8 27 97
91	52 35 22 42
92	83 65 68 54
93	72 84 29 89
94	98 90 96 24
95	42 99 31 84
96	32 13 86 14
97	96 51 41 28
98	44 49 76 13
99	67 93 45 9
100	70 90 62 40
101	83 62 12 29
102	38 37 72 81
103	64 77 37 78
104	12 98 4 7
105	95 73 55 61
106	66 20 36 50
107	62 8 90 15
108	77 58 65 47
109	57 98 77 90
110	70 100 17 25
111	48 3 83 49
112	69 48 57 51
113	65 45 6 1
114	34 46 48 83
115	10 71 9 50
116	84 32 28 67
117	36 31 28 73
118	30 24 19 53
119	30 65 40 8
120	52 85 3 54
121	54 83 70 11
122	15 1 79 86
123	40 88 8 29
124	32 6 77 86
125	12 19 53 2
126	79 71 63 49
127	24 37 68 79
128	42 2 4 45
129	48 3 85 5
130	66 97 77 38
131	40 34 59 15
132	46 69 80 67
133	88 25 36 11
134	93 6 40 19
135	82 45 80 91
136	3 86 1 37
137	77 30 87 8
138	31 85 1 40
139	22 23 25 6
140	57 9 34 56
141	90 97 5 87
142	32 20 70 14
143	62 88 31 49
144	77 21 34 60
145	11 42 9 13
146	23 97 93 38
147	18 38 75 74
148	47 79 39 3
149	22 70 26 84
150	97 73 65 89
151	99 55 82 71
152	91 66 4 93
153	35 10 14 53
154	21 96 20 23
155	88 4 71 31
156	66 59 77 9
157	78 21 68 39
158	71 41 15 93
159	35 92 38 72
160	72 94 58 78
161	54 46 88 34
162	21 90 2 69
163	72 55 83 5
164	27 44 83 76
165	92 37 59 65
166	30 94 46 36
167	29 97 65 58
168	16 35 41 53
169	26 31 30 34
170	24 31 35 21
171	44 70 16 57
172	93 36 25 76
173	68 60 33 32
174	18 9 66 75
175	97 83 62 53
176	41 71 61 2
177	56 88 13 49
178	45 82 77 33
179	2 67 27 60
180	17 26 64 39
181	1 42 52 50
182	87 58 71 11
183	58 44 32 48
184	44 71 9 54
185	50 58 98 20
186	32 62 24 63
187	95 84 28 10
188	20 21 43 64
189	54 82 22 70
190	19 21 77 18
191	15 40 94 18
192	24 34 43 80
193	71 87 9 19
194	8 89 68 50
195	77 95 46 1
196	32 53 90 47
197	72 89 33 42
198	60 77 95 31
199	3 18 93 50
200	91 49 32 51
201	24 57 23 93
202	17 52 44 6
203	10 99 75 45
204	91 4 2 94
205	53 68 84 38
206	3 53 15 88
207	38 25 52 36
208	75 76 72 30
209	27 58 62 24
210	59 66 53 63
211	65 71 73 42
212	35 79 66 61
213	70 7 38 90
214	57 42 16 94
215	71 21 64 26
216	6 71 43 76
217	80 61 66 69
218	98 70 9 1
219	39 46 76 58
220	54 16 83 50
221	83 53 98 66
222	99 10 71 42
223	18 62 41 95
224	81 24 78 71
225	45 92 48 87
226	76 23 28 41
227	91 77 34 42
228	87 46 66 91
229	83 15 13 50
230	5 88 72 90
231	4 98 19 75
232	69 4 66 11
233	66 16 45 23
234	24 93 28 17
235	57 69 35 36
236	33 78 1 30
237	91 96 19 54
238	94 23 8 21
239	52 51 45 26
240	56 60 21 42
241	69 6 76 98
242	43 7 78 95
243	53 72 59 66
244	32 81 46 57
245	69 62 14 55
246	57 81 84 97
247	10 94 7 97
248	72 40 15 60
249	99 68 56 61
250	92 79 6 38
251	41 96 5 39
252	58 10 98 51
253	12 77 29 19
254	17 65 41 91
255	73 55 70 32
256	62 88 6 39
257	75 59 24 42
258	26 69 34 53
259	5 79 45 19
260	82 28 7 56
261	53 74 28 51
262	61 84 11 23
263	21 61 65 54
264	56 35 68 62
265	39 61 42 34
266	75 85 82 49
267	6 49 73 57
268	66 51 97 7
269	25 5 37 74
270	6 67 80 54
271	64 57 88 19
272	10 99 66 80
273	44 73 2 55
274	37 22 40 43
275	98 19 26 94
276	55 94 75 18
277	46 35 51 56
278	66 4 46 1
279	59 58 28 9
280	28 64 92 21
281	94 88 39 4
282	76 59 31 37
283	63 26 13 20
284	7 73 69 91
285	89 79 28 20
286	96 77 32 74
287	21 58 90 49
288	85 75 21 6
289	62 49 36 57
290	29 61 7 78
291	74 6 17 29
292	97 85 43 90
293	75 59 51 2
294	93 63 6 46
295	26 98 63 95
296	99 31 83 97
297	82 65 98 39
298	59 84 42 80
299	73 35 23 25
300	64 2 25 55
301	16 62 97 44
302	85 43 92 82
303	69 28 72 36
304	34 1 35 26
305	100 6 46 58
306	71 60 44 82
307	90 37 70 62
308	42 69 77 86
309	99 3 11 66
310	90 10 53 69
311	64 66 82 95
312	43 1 22 68
313	13 18 69 68
314	40 79 77 94
315	7 39 79 82
316	63 58 13 50
317	6 81 35 24
318	61 21 62 92
319	89 83 43 44
320	28 8 36 41
321	72 94 60 84
322	49 64 67 95
323	1 41 52 26
324	87 3 21 70
325	84 79 30 25
326	13 62 34 44
327	20 81 94 5
328	79 42 20 78
329	8 7 62 96
330	70 96 77 40
331	53 44 84 30
332	83 56 63 58
333	25 96 63 72
334	85 13 60 59
335	92 55 25 71
336	21 41 15 67
337	92 45 13 97
338	90 8 93 80
339	47 69 49 48
340	95 37 29 70
341	48 99 87 60
342	81 34 93 77
343	98 33 72 80
344	74 38 52 39
345	4 11 17 62
346	27 76 77 3
347	60 56 22 19
348	22 1 55 40
349	43 69 35 11
350	60 31 16 63
351	1 41 53 55
352	19 87 43 90
353	5 1 78 36
354	63 26 65 74
355	26 82 23 48
356	70 15 22 39
357	82 61 34 33
358	54 27 100 41
359	95 39 53 4
360	79 63 24 20
361	63 71 92 52
362	98 70 21 66
363	51 89 17 75
364	89 59 97 78
365	74 36 63 87
366	71 85 46 1
367	65 66 33 5
368	66 53 91 79
369	60 15 9 76
370	1 5 29 11
371	68 44 56 38
372	42 15 23 70
373	14 73 92 71
374	81 12 35 37
375	43 89 46 92
376	84 41 14 42
377	84 12 10 55
378	74 55 8 24
379	78 71 19 50
380	46 8 97 52
381	8 43 93 1
382	49 9 40 58
383	61 93 3 46
384	36 90 86 93
385	28 81 9 91
386	55 77 59 92
387	67 70 55 100
388	62 93 75 34
389	25 86 99 50
390	80 93 56 23
391	38 4 1 53
392	3 87 8 89
393	19 32 64 70
394	91 57 87 22
395	58 3 19 20
396	8 86 45 58
397	23 79 69 88
398	80 67 76 62
399	75 26 69 39
400	35 13 48 22
401	76 3 43 11
402	54 77 38 4
403	20 63 36 27
404	74 15 14 11
405	41 96 83 60
406	84 64 96 14
407	96 30 19 77
408	60 43 5 18
409	57 83 42 41
410	98 96 23 42
411	64 93 17 90
412	7 23 96 55
413	50 44 24 13
414	98 5 44 54
415	12 51 21 52
416	74 6 26 20
417	3 88 40 48
418	36 56 63 84
419	7 33 51 3
420	64 30 100 95
421	8 36 47 76
422	11 10 17 13
423	38 83 59 15
424	80 64 4 89
425	97 30 5 69
426	48 91 37 22
427	99 22 5 79
428	64 58 52 76
429	66 3 36 44
430	83 4 32 23
431	99 76 98 100
432	31 59 40 21
433	46 86 1 76
434	17 86 2 54
435	37 33 88 20
436	24 58 30 92
437	96 21 24 52
438	87 97 94 21
439	72 96 61 68
440	13 60 72 42
441	92 24 22 25
442	41 91 49 67
443	77 59 34 92
444	63 84 97 34
445	11 73 32 50
446	36 5 37 44
447	18 13 38 19
448	95 52 60 80
449	49 23 5 17
450	40 2 13 6
451	19 93 11 97
452	11 25 45 31
453	11 43 74 28
454	53 63 50 96
455	61 25 56 95
456	97 3 68 82
457	64 71 45 30
458	18 2 4 44
459	22 44 3 14
460	60 39 14 91
461	50 83 61 62
462	2 5 100 74
463	40 34 1 75
464	80 1 67 91
465	70 73 12 67
466	10 62 91 90
467	21 79 12 45
468	91 51 78 98
469	78 71 21 58
470	76 47 24 67
471	82 77 37 71
472	59 77 30 36
473	44 76 81 75
474	97 80 85 84
475	59 1 44 99
476	29 15 27 1
477	60 54 46 92
478	82 1 35 93
479	32 10 87 21
480	66 88 93 83
481	23 43 37 62
482	87 18 30 91
483	37 12 50 46
484	29 5 73 22
485	69 75 38 95
486	38 41 18 96
487	83 23 72 80
488	74 9 26 81
489	54 64 95 21
490	57 41 13 1
491	90 59 40 78
492	41 66 94 57
493	9 78 91 33
494	22 29 16 50
495	28 87 42 66
496	5 67 51 56
497	49 91 37 99
498	80 17 72 88
499	41 72 64 19
500	2 99 74 44
501	98 80 87 29
502	21 81 78 7
503	5 24 6 18
504	20 53 86 96
505	80 73 15 63
506	19 78 63 47
507	20 26 47 45
508	79 2 41 88
509	63 92 14 2
510	37 6 13 52
511	98 1 42 29
512	70 9 95 7
513	65 81 57 66
514	66 52 95 73
515	35 41 91 10
516	98 27 64 100
517	58 50 4 34
518	94 81 39 29
519	49 69 25 46
520	20 36 10 70
521	38 6 53 5
522	80 60 61 50
523	19 27 20 63
524	11 18 93 30
525	96 28 92 72
526	84 100 6 16
527	83 9 52 69
528	26 71 57 3
529	13 35 1 61
530	76 82 79 97
531	11 99 81 72
532	60 76 57 19
533	97 60 51 72
534	88 12 40 92
535	58 42 80 19
536	92 36 100 64
537	16 88 21 26
538	27 7 72 54
539	81 17 47 87
540	100 20 82 22
541	21 29 35 60
542	95 38 21 56
543	76 82 41 68
544	64 10 91 51
545	19 31 15 98
546	68 96 53 59
547	100 46 8 78
548	52 2 73 45
549	47 14 3 40
550	64 76 21 99
551	73 60 3 50
552	57 9 80 52
553	81 61 17 84
554	42 6 93 29
555	34 70 66 95
556	37 75 2 23
557	74 27 78 46
558	60 2 16 61
559	46 36 27 88
560	51 99 43 16
561	99 81 9 48
562	54 24 1 95
563	58 11 9 87
564	52 35 87 94
565	68 51 45 89
566	69 77 34 38
567	95 46 91 97
568	17 60 41 37
569	13 74 43 8
570	1 17 60 48
571	64 88 48 79
572	38 100 54 75
573	76 60 46 40
574	53 34 6 66
575	80 14 39 50
576	22 61 53 6
577	97 30 92 68
578	42 83 97 3
579	78 61 94 68
580	36 70 61 17
581	96 26 80 90
582	86 33 24 67
583	67 37 76 68
584	25 1 71 50
585	70 32 28 4
586	17 40 11 66
587	19 76 91 74
588	5 70 51 65
589	89 83 55 36
590	24 19 77 17
591	5 60 72 49
592	86 97 45 50
593	58 30 8 83
594	87 63 72 25
595	55 3 82 97
596	93 62 33 24
597	4 51 86 59
598	94 96 23 20
599	57 83 52 15
600	63 48 12 85
601	83 97 44 25
602	64 95 22 11
603	100 41 61 67
604	28 38 76 4
605	30 31 13 49
606	12 94 58 7
607	21 36 4 63
608	48 68 61 89
609	15 37 72 30
610	8 26 68 82
611	16 100 88 54
612	56 33 96 57
613	82 90 49 84
614	44 96 66 1
615	10 59 61 96
616	30 17 92 99
617	86 20 49 71
618	87 70 81 39
619	14 97 74 35
620	4 87 23 12
621	49 7 34 6
622	84 28 90 42
623	98 80 9 3
624	77 60 17 43
625	94 89 90 1
626	75 28 52 29
627	60 74 36 49
628	93 59 39 69
629	52 89 72 17
630	85 59 74 32
631	86 27 34 91
632	96 43 2 23
633	63 5 20 38
634	96 43 100 9
635	82 43 64 53
636	48 25 99 51
637	37 79 80 2
638	74 39 52 29
639	53 100 33 93
640	27 95 8 47
641	4 75 53 48
642	56 90 33 40
643	91 28 23 80
644	55 72 94 57
645	73 2 37 99
646	53 31 93 84
647	93 46 59 70
648	89 32 14 68
649	95 29 88 87
650	15 6 32 28
651	65 7 17 95
652	58 7 30 98
653	23 59 33 57
654	22 89 51 23
655	20 33 61 47
656	19 89 1 70
657	57 31 81 23
658	37 1 8 67
659	48 21 40 30
660	79 75 89 69
661	45 58 55 12
662	95 46 56 51
663	14 55 38 100
664	18 67 12 56
665	22 15 25 38
666	14 57 78 22
667	56 66 89 69
668	56 14 51 34
669	62 90 43 87
670	49 7 29 47
671	33 45 8 26
672	65 32 49 72
673	16 25 39 80
674	59 47 95 11
675	2 78 86 67
676	93 15 42 60
677	8 64 93 83
678	16 70 32 52
679	59 41 19 50
680	28 43 73 35
681	6 83 8 18
682	93 99 12 32
683	75 44 97 96
684	2 15 33 12
685	1 33 44 16
686	1 52 75 39
687	52 34 88 57
688	62 94 91 29
689	34 44 55 58
690	85 72 6 79
691	74 46 100 32
692	95 49 91 63
693	56 66 23 98
694	96 31 80 92
695	11 61 24 12
696	66 29 27 77
697	98 54 9 56
698	12 39 45 100
699	20 27 74 88
700	31 92 19 20
701	92 24 56 23
702	60 8 39 90
703	47 27 85 39
704	8 85 58 72
705	85 19 95 33
706	68 75 50 64
707	14 26 36 1
708	35 49 93 25
709	5 85 60 68
710	62 71 87 31
711	52 16 6 73
712	43 96 70 20
713	1 36 14 25
714	64 79 92 9
715	13 37 79 14
716	22 60 56 98
717	56 47 26 51
718	65 41 42 61
719	82 61 55 41
720	61 51 100 35
721	36 31 61 18
722	91 90 88 4
723	50 44 47 19
724	86 48 17 54
725	35 64 76 10
726	71 24 62 36
727	36 6 49 20
728	31 9 2 48
729	29 68 24 75
730	47 29 87 69
731	76 19 89 9
732	82 100 58 40
733	81 20 48 97
734	39 67 89 58
735	20 8 23 78
736	58 94 73 80
737	59 15 74 83
738	42 8 18 17
739	41 33 79 17
740	89 97 66 26
741	94 79 86 33
742	59 73 44 26
743	9 69 57 46
744	55 35 77 46
745	41 96 74 37
746	14 81 9 38
747	78 9 13 67
748	76 81 93 73
749	98 16 86 13
750	19 3 13 69
751	75 27 14 8
752	83 73 12 95
753	64 26 54 66
754	36 25 68 88
755	21 31 88 1
756	10 68 24 79
757	22 82 71 45
758	100 58 64 78
759	50 35 51 5
760	31 58 40 34
761	4 77 69 45
762	34 20 82 88
763	64 40 28 56
764	98 19 40 80
765	21 86 17 49
766	17 29 76 42
767	12 6 33 65
768	16 28 83 42
769	70 25 64 6
770	44 38 34 68
771	9 80 100 50
772	28 16 27 99
773	92 42 16 63
774	61 64 3 22
775	89 91 57 15
776	15 78 23 89
777	100 67 73 83
778	71 73 12 74
779	10 98 33 37
780	82 66 14 86
781	46 9 41 69
782	18 70 54 85
783	3 93 74 80
784	94 62 93 75
785	9 39 20 74
786	88 68 82 89
787	44 16 4 20
788	2 5 45 77
789	92 15 94 66
790	13 67 47 82
791	37 15 73 99
792	10 46 42 49
793	76 72 46 51
794	7 45 31 83
795	85 22 88 21
796	23 24 11 17
797	86 64 95 8
798	36 52 29 77
799	17 90 69 56
800	19 8 11 90
801	46 60 16 62
802	7 16 79 69
803	71 40 8 50
804	18 81 31 43
805	82 39 64 43
806	9 18 95 86
807	81 40 71 47
808	69 98 65 95
809	34 51 65 70
810	23 17 48 65
811	9 55 36 20
812	46 59 17 12
813	70 33 89 27
814	63 16 22 4
815	92 10 93 87
816	62 80 35 93
817	91 17 43 57
818	57 77 94 2
819	24 54 13 73
820	53 79 43 71
821	43 37 70 31
822	3 89 49 51
823	56 10 97 75
824	38 12 66 60
825	46 81 92 6
826	73 27 12 40
827	7 71 41 68
828	54 62 55 4
829	8 81 26 19
830	46 77 26 96
831	8 31 2 7
832	98 6 73 52
833	76 85 66 100
834	1 13 71 92
835	89 85 86 21
836	22 1 18 68
837	64 94 21 93
838	4 89 25 11
839	45 78 52 7
840	65 90 62 11
841	54 85 19 50
842	74 53 10 7
843	63 17 82 30
844	87 13 66 58
845	8 64 71 38
846	1 20 33 82
847	33 75 24 26
848	37 62 1 50
849	87 79 100 43
850	43 82 90 81
851	97 11 39 83
852	30 79 52 62
853	21 58 72 81
854	77 52 76 15
855	71 41 56 46
856	75 50 4 3
857	11 69 34 38
858	52 38 66 4
859	99 83 86 78
860	41 99 68 1
861	16 84 57 90
862	72 73 35 79
863	59 41 11 38
864	54 82 72 19
865	93 91 16 3
866	89 81 88 78
867	24 59 87 96
868	82 75 38 60
869	97 91 23 69
870	70 58 14 47
871	68 44 79 6
872	62 63 58 37
873	37 40 22 45
874	81 48 15 50
875	10 60 58 49
876	17 30 39 9
877	84 97 53 42
878	94 20 60 43
879	68 88 18 2
880	68 48 71 42
881	82 44 9 22
882	23 13 16 26
883	87 34 53 33
884	84 81 35 58
885	68 18 3 6
886	68 39 73 74
887	28 88 6 87
888	45 97 37 27
889	44 31 51 25
890	79 22 64 45
891	6 97 58 82
892	28 13 35 71
893	10 71 18 45
894	82 63 29 3
895	19 80 92 39
896	100 16 17 93
897	2 59 70 28
898	27 73 72 83
899	90 76 29 94
900	78 88 95 66
901	22 32 30 5
902	31 52 71 30
903	22 64 49 58
904	100 39 9 4
905	80 15 67 68
906	3 61 43 29
907	68 86 74 7
908	43 86 26 87
909	35 97 86 82
910	1 95 35 99
911	10 100 50 43
912	29 76 81 39
913	52 73 13 25
914	82 87 69 11
915	38 17 12 59
916	37 53 49 94
917	86 77 78 38
918	30 13 29 61
919	5 62 89 38
920	46 92 31 22
921	50 73 86 18
922	61 32 21 27
923	21 41 37 80
924	52 100 80 96
925	46 100 24 5
926	53 11 82 30
927	2 48 63 46
928	16 28 85 96
929	44 17 86 2
930	99 8 94 81
931	95 82 48 54
932	33 4 6 35
933	44 56 4 25
934	3 41 56 49
935	55 69 62 47
936	74 41 45 93
937	12 31 29 44
938	53 76 82 46
939	47 84 15 29
940	45 73 8 99
941	99 72 74 94
942	16 22 66 47
943	80 46 50 18
944	59 68 29 67
945	26 87 40 50
946	82 23 93 83
947	70 31 41 26
948	9 67 99 51
949	7 18 4 60
950	78 94 97 34
951	36 80 73 50
952	65 23 44 5
953	90 9 27 99
954	100 8 77 72
955	68 89 99 70
956	6 5 7 41
957	73 41 48 56
958	55 27 7 87
959	78 62 9 49
960	2 84 54 53
961	90 47 95 93
962	81 8 99 85
963	26 38 90 17
964	85 55 47 88
965	25 87 39 44
966	8 60 53 98
967	28 14 95 99
968	48 4 45 18
969	82 49 60 23
970	4 72 58 85
971	48 10 35 4
972	63 55 79 87
973	79 36 77 4
974	54 46 2 37
975	34 35 80 40
976	47 88 41 56
977	10 93 38 25
978	94 41 82 32
979	94 22 95 37
980	83 52 17 54
981	77 20 82 61
982	89 77 97 47
983	6 98 92 78
984	65 66 26 78
985	42 68 67 6
986	74 48 14 91
987	39 30 6 2
988	3 11 14 89
989	97 19 21 36
990	56 96 38 82
991	12 74 77 44
992	65 93 48 41
993	12 89 19 81
994	48 96 13 1
995	90 76 37 39
996	5 41 43 42
997	51 49 24 77
998	50 59 96 36
999	38 8 58 96
1000	19 96 66 10
