Students	1000
1	90 48 83 36
2	6 67 69 1
3	45 34 74 18
4	34 58 48 65
5	48 55 37 38
6	24 79 25 11
7	98 71 9 38
8	9 52 32 67
9	76 12 57 91
10	39 26 84 47
11	81 83 64 75
12	82 94 69 62
13	19 34 12 38
14	69 28 26 10
15	28 52 46 73
16	72 20 64 75
17	45 39 56 67
18	79 37 95 14
19	98 20 32 66
20	26 76 32 39
21	44 5 70 72
22	62 11 68 47
23	47 26 82 88
24	61 88 75 28
25	35 90 45 46
26	89 27 17 67
27	51 86 55 67
28	36 3 10 48
29	87 95 73 68
30	16 73 100 90
31	43 20 60 81
32	84 41 14 59
33	48 31 72 17
34	82 79 45 90
35	34 97 37 18
36	10 65 52 47
37	61 21 75 32
38	43 93 31 5
39	50 51 39 79
40	58 34 3 57
41	97 64 35 11
42	28 6 62 17
43	79 78 62 16
44	1 12 2 81
45	37 21 41 5
46	99 76 90 59
47	24 43 49 89
48	87 55 62 44
49	91 21 55 56
50	62 22 56 63
51	12 26 63 89
52	66 77 45 31
53	21 78 91 81
54	61 69 18 47
55	90 5 93 60
56	75 81 87 58
57	19 80 13 7
58	42 75 9 11
59	14 58 65 9
60	57 16 20 78
61	49 89 28 9
62	80 68 50 96
63	22 12 42 6
64	28 69 19 66
65	63 55 83 97
66	2 76 86 6
67	31 96 49 89
68	38 24 74 36
69	39 3 61 47
70	34 40 14 4
71	51 69 44 82
72	42 77 76 10
73	3 31 69 50
74	79 99 3 89
75	30 74 20 51
76	46 71 4 74
77	5 52 82 37
78	96 68 100 12
79	68 90 30 6
80	80 89 8 3
81	14 22 68 62
82	74 17 69 16
83	31 89 97 68
84	45 83 35 70
85	75 5 72 85
86	87 98 81 77
87	32 65 66 67
88	23 50 100 56
89	41 40 53 69
90	92 37 73 60
91	62 41 76 18
92	18 13 64 72
93	85 48 62 31
94	55 26 1 78
95	12 68 31 79
96	59 29 17 56
97	36 39 66 43
98	30 33 55 28
99	90 18 34 26
100	45 75 82 60
101	1 74 62 100
102	15 32 84 33
103	47 52 79 84
104	20 7 44 78
105	58 89 13 17
106	74 27 48 49
107	34 44 76 7
108	37 15 30 82
109	14 46 2 5
110	47 39 69 48
111	65 72 41 96
112	49 98 39 46
113	35 62 37 3
114	42 66 51 43
115	26 87 79 3
116	8 27 74 81
117	87 21 45 36
118	72 10 97 13
119	59 32 14 64
120	78 65 42 9
121	42 52 50 39
122	73 50 14 36
123	12 64 75 42
124	94 66 23 32
125	37 59 11 77
126	36 100 21 53
127	36 6 35 89
128	5 79 18 99
129	97 18 66 32
130	20 68 77 8
131	62 31 39 57
132	4 17 20 68
133	51 70 24 48
134	34 93 38 3
135	58 99 13 24
136	71 96 2 9
137	2 76 57 16
138	81 16 23 51
139	5 33 27 43
140	86 41 66 77
141	61 36 18 25
142	68 77 96 63
143	33 54 64 52
144	23 54 5 29
145	72 26 52 48
146	21 43 93 67
147	81 69 76 56
148	64 65 17 55
149	36 68 50 78
150	79 39 87 33
151	58 28 81 14
152	58 81 59 67
153	38 40 76 97
154	35 100 26 75
155	74 24 89 57
156	97 58 45 23
157	91 25 22 11
158	35 77 87 81
159	94 52 81 19
160	68 96 18 5
161	89 39 55 82
162	44 22 5 10
163	60 66 91 76
164	36 27 22 59
165	57 35 77 70
166	92 11 31 82
167	17 3 13 90
168	35 45 91 77
169	7 10 92 81
170	47 87 52 39
171	40 43 46 82
172	92 82 32 99
173	49 58 45 87
174	80 20 57 89
175	42 47 57 98
176	94 48 76 43
177	8 67 73 53
178	36 35 27 34
179	3 80 10 35
180	73 74 24 97
181	55 18 95 88
182	7 44 15 39
183	74 7 5 41
184	92 34 3 36
185	46 68 23 27
186	70 78 3 23
187	17 35 10 25
188	38 17 53 26
189	7 66 77 54
190	20 83 49 9
191	16 91 27 86
192	13 55 99 52
193	22 72 7 39
194	71 84 56 7
195	63 76 48 47
196	13 94 85 23
197	13 20 64 92
198	2 41 65 52
199	10 98 6 37
200	45 6 91 44
201	44 63 34 3
202	84 96 41 73
203	47 1 84 27
204	71 52 75 49
205	18 76 86 84
206	93 51 100 97
207	100 19 1 39
208	48 35 91 55
209	12 70 67 21
210	25 96 94 30
211	52 93 35 12
212	35 48 40 18
213	69 50 16 77
214	98 17 11 84
215	94 92 55 97
216	52 68 44 64
217	64 21 41 76
218	21 78 62 12
219	2 25 46 79
220	23 37 53 19
221	88 85 5 63
222	37 6 90 41
223	94 1 77 60
224	3 47 20 100
225	81 22 96 67
226	47 24 13 57
227	28 50 23 38
228	12 74 1 49
229	36 12 45 13
230	100 7 20 57
231	95 23 94 34
232	93 40 52 26
233	44 22 50 67
234	10 60 83 53
235	21 87 16 70
236	39 63 86 51
237	76 16 20 1
238	12 25 97 44
239	84 59 97 12
240	76 78 93 95
241	83 33 56 26
242	23 38 60 95
243	59 62 39 33
244	7 91 84 88
245	91 48 62 46
246	61 88 65 84
247	67 6 75 50
248	71 5 85 2
249	15 12 64 47
250	34 64 11 97
251	29 47 41 50
252	15 26 30 36
253	20 77 79 80
254	4 11 65 3
255	36 51 65 45
256	75 78 66 13
257	74 37 13 73
258	67 20 13 31
259	3 5 99 78
260	32 54 4 33
261	9 83 87 56
262	73 47 36 34
263	23 36 3 37
264	68 40 55 18
265	37 86 88 67
266	99 14 22 39
267	90 88 15 36
268	27 74 96 78
269	62 30 98 5
270	18 63 33 37
271	55 31 59 80
272	80 96 7 61
273	52 91 44 66
274	93 28 6 44
275	65 84 69 98
276	93 83 56 95
277	96 86 63 77
278	96 1 35 61
279	22 43 73 49
280	15 82 92 93
281	8 87 27 85
282	52 74 25 38
283	35 82 34 76
284	18 78 12 10
285	21 14 42 13
286	53 26 7 93
287	96 91 58 69
288	16 7 79 83
289	61 99 39 85
290	74 38 16 71
291	13 90 33 20
292	4 54 99 41
293	64 86 28 4
294	53 54 65 33
295	74 43 4 85
296	89 34 94 33
297	5 95 57 84
298	37 94 13 2
299	93 7 54 45
300	10 15 89 84
301	15 17 38 22
302	53 57 30 25
303	16 15 40 90
304	47 73 87 58
305	91 98 8 19
306	1 2 37 85
307	38 20 6 53
308	74 13 98 82
309	30 92 55 90
310	89 3 59 28
311	21 18 45 36
312	21 29 60 75
313	43 40 20 98
314	33 5 18 65
315	7 91 46 25
316	63 81 55 15
317	42 93 45 41
318	50 40 21 97
319	68 53 37 50
320	16 66 19 13
321	68 49 95 91
322	46 91 69 62
323	65 19 87 6
324	10 23 24 32
325	26 64 92 46
326	24 68 94 8
327	44 76 81 7
328	47 25 44 30
329	84 93 17 35
330	1 92 46 31
331	97 44 60 45
332	16 11 10 52
333	51 43 24 100
334	13 18 84 54
335	11 63 29 76
336	41 11 65 42
337	74 49 20 100
338	85 57 58 27
339	75 34 10 16
340	50 59 3 84
341	82 85 91 38
342	52 31 81 23
343	79 93 75 40
344	15 100 41 10
345	23 49 22 17
346	73 44 52 76
347	18 21 42 16
348	93 1 81 24
349	65 87 76 28
350	5 88 86 35
351	4 26 44 43
352	85 54 35 80
353	78 97 86 70
354	84 93 16 4
355	12 13 18 78
356	27 37 66 38
357	1 13 21 77
358	37 23 78 11
359	99 9 28 46
360	88 94 12 84
361	52 87 4 45
362	74 95 9 11
363	46 94 89 59
364	96 94 10 84
365	43 47 55 74
366	64 5 98 77
367	14 90 76 47
368	15 10 27 49
369	71 21 35 79
370	31 57 26 17
371	45 64 22 38
372	85 98 17 55
373	98 79 6 94
374	50 56 22 92
375	9 90 94 1
376	32 33 52 13
377	66 19 14 42
378	32 30 67 93
379	40 79 92 31
380	79 68 27 25
381	2 55 48 33
382	70 71 100 35
383	3 89 28 65
384	83 43 2 57
385	52 9 69 34
386	42 44 20 4
387	72 15 64 43
388	23 35 84 31
389	70 39 67 57
390	1 16 84 8
391	51 61 9 87
392	51 55 21 87
393	71 1 59 54
394	39 40 41 15
395	54 52 21 42
396	2 10 61 6
397	77 43 15 75
398	68 7 63 47
399	60 50 38 18
400	89 84 93 88
401	91 70 14 61
402	87 1 71 81
403	16 56 100 87
404	60 80 72 77
405	18 50 16 54
406	80 14 51 69
407	37 8 2 28
408	81 93 50 29
409	44 13 53 89
410	77 44 72 57
411	8 6 46 60
412	94 35 11 44
413	22 12 34 25
414	47 42 97 13
415	78 5 90 95
416	91 82 57 3
417	71 96 88 41
418	20 66 92 16
419	26 38 24 81
420	62 59 34 76
421	25 26 28 95
422	46 92 95 84
423	84 42 66 17
424	77 2 4 1
425	52 100 25 43
426	97 98 60 65
427	72 54 42 82
428	89 65 58 31
429	61 31 94 57
430	72 16 42 89
431	23 14 100 79
432	71 73 44 93
433	93 97 10 39
434	36 93 27 4
435	50 79 69 28
436	71 60 56 62
437	79 68 12 47
438	80 42 7 65
439	44 29 2 1
440	46 98 13 47
441	65 54 32 10
442	87 22 40 78
443	76 74 17 77
444	15 56 79 33
445	86 26 57 15
446	9 7 1 95
447	87 3 28 75
448	6 20 57 22
449	61 21 71 24
450	79 50 19 75
451	77 56 95 84
452	53 65 40 14
453	74 87 65 91
454	39 99 96 49
455	79 84 55 1
456	7 25 94 60
457	16 36 57 83
458	53 1 96 41
459	21 2 97 100
460	65 62 82 100
461	5 90 79 69
462	32 38 13 67
463	57 27 86 39
464	51 33 14 91
465	97 68 63 31
466	24 39 26 30
467	69 39 95 27
468	15 74 99 51
469	11 59 32 88
470	86 55 91 41
471	35 96 76 41
472	96 91 30 35
473	11 34 35 63
474	59 62 94 12
475	55 73 10 60
476	90 66 85 5
477	5 23 35 74
478	79 63 91 17
479	85 90 87 68
480	84 68 76 39
481	99 6 18 21
482	45 94 22 20
483	71 72 76 44
484	70 58 72 73
485	30 87 16 24
486	67 77 33 79
487	33 39 14 8
488	46 33 84 58
489	2 73 81 10
490	85 35 47 49
491	16 99 69 51
492	79 42 56 62
493	71 94 51 67
494	44 96 72 10
495	58 1 32 17
496	69 65 75 14
497	42 87 81 10
498	37 6 45 93
499	19 72 55 11
500	63 21 36 76
501	48 69 8 40
502	51 40 29 11
503	77 63 34 62
504	17 44 86 18
505	59 79 5 97
506	9 71 39 54
507	50 67 5 55
508	91 85 81 23
509	35 63 87 52
510	68 58 54 19
511	79 56 77 52
512	24 85 56 31
513	78 36 90 8
514	76 57 55 98
515	22 31 50 48
516	37 2 83 5
517	7 100 21 70
518	65 76 95 45
519	17 93 37 88
520	53 75 77 33
521	19 98 58 8
522	14 16 50 96
523	7 50 80 73
524	87 84 41 64
525	42 59 32 98
526	42 99 32 84
527	32 63 75 14
528	52 17 12 86
529	50 38 71 30
530	70 48 66 5
531	56 90 58 21
532	55 26 7 95
533	77 99 24 33
534	71 10 83 70
535	49 96 79 59
536	23 44 52 49
537	100 76 19 62
538	93 13 52 92
539	25 15 39 94
540	97 75 81 67
541	40 56 26 77
542	74 30 6 18
543	5 53 16 38
544	5 98 75 37
545	66 81 50 41
546	38 62 37 47
547	30 88 48 11
548	89 11 16 97
549	85 69 2 18
550	84 90 53 3
551	51 30 3 89
552	97 20 43 95
553	29 42 99 13
554	58 96 89 5
555	87 19 27 62
556	37 45 54 78
557	8 57 15 85
558	50 66 27 43
559	85 92 41 48
560	30 93 91 39
561	96 28 7 11
562	6 26 86 60
563	100 38 80 56
564	44 89 16 33
565	84 83 26 96
566	29 64 32 50
567	36 1 21 28
568	41 69 4 62
569	61 87 85 8
570	9 29 86 78
571	73 5 79 78
572	19 65 66 34
573	35 51 5 31
574	53 18 24 1
575	9 48 82 76
576	92 25 53 79
577	75 28 34 88
578	23 43 39 24
579	9 7 58 10
580	60 71 63 42
581	67 10 47 34
582	84 67 69 91
583	69 82 88 84
584	58 5 30 54
585	14 54 23 87
586	40 96 13 2
587	27 67 9 68
588	97 89 92 14
589	73 80 12 17
590	11 88 67 83
591	63 83 55 37
592	83 40 99 67
593	39 13 55 77
594	76 86 96 8
595	19 82 8 40
596	67 18 80 52
597	25 81 75 10
598	95 27 52 65
599	21 90 87 31
600	49 32 100 29
601	35 85 97 45
602	36 45 96 58
603	33 75 18 32
604	85 77 48 35
605	13 34 87 67
606	3 37 49 65
607	19 24 99 93
608	37 31 25 38
609	95 3 65 67
610	79 80 45 73
611	53 45 15 3
612	98 69 24 56
613	76 60 6 3
614	53 39 42 6
615	16 48 44 21
616	86 96 45 12
617	25 100 43 55
618	76 63 10 70
619	32 74 30 61
620	61 18 3 17
621	12 39 64 93
622	9 12 79 70
623	51 92 70 71
624	86 31 25 84
625	41 9 24 31
626	14 24 2 79
627	24 38 93 51
628	100 56 45 16
629	19 15 33 23
630	87 74 15 85
631	35 89 6 23
632	25 16 35 63
633	94 66 6 75
634	51 30 35 81
635	11 57 32 37
636	6 63 46 14
637	93 99 13 16
638	48 97 7 57
639	80 92 21 19
640	53 39 18 72
641	83 91 8 43
642	14 30 35 32
643	54 94 14 96
644	41 75 83 94
645	4 85 9 79
646	15 56 100 35
647	20 50 75 36
648	30 41 39 38
649	17 55 100 10
650	44 69 30 60
651	39 89 47 85
652	62 47 34 74
653	70 53 78 74
654	56 75 26 71
655	14 22 67 68
656	44 22 45 11
657	8 71 95 5
658	25 71 59 50
659	85 46 26 60
660	80 2 55 79
661	14 2 34 15
662	55 2 32 87
663	24 39 96 83
664	54 71 73 62
665	6 79 32 44
666	77 10 69 35
667	71 81 51 90
668	82 13 38 94
669	61 74 86 17
670	6 87 44 86
671	49 93 11 52
672	20 62 24 80
673	90 71 57 92
674	89 30 81 62
675	42 31 12 5
676	94 20 53 24
677	56 95 40 87
678	26 48 73 83
679	62 36 56 22
680	89 55 45 10
681	67 76 79 62
682	95 99 46 65
683	89 42 46 9
684	75 3 29 16
685	45 17 99 13
686	88 74 28 56
687	61 54 88 69
688	49 68 11 37
689	37 95 5 69
690	50 39 71 38
691	66 59 60 77
692	21 53 87 89
693	80 30 43 81
694	26 20 73 11
695	79 58 45 26
696	41 82 20 86
697	49 58 39 50
698	67 68 82 16
699	91 28 64 34
700	40 15 16 18
701	43 89 71 15
702	45 54 79 3
703	72 49 79 25
704	44 78 81 71
705	97 49 45 12
706	70 83 77 22
707	4 63 38 26
708	73 36 15 58
709	15 24 64 79
710	26 27 83 93
711	55 49 81 48
712	48 83 17 61
713	72 60 27 53
714	54 100 4 86
715	14 38 28 45
716	55 69 100 23
717	99 91 94 57
718	46 99 100 22
719	61 77 62 88
720	55 36 86 17
721	27 76 30 5
722	8 10 53 100
723	71 88 58 76
724	64 15 6 13
725	91 12 11 54
726	82 20 98 15
727	96 20 75 60
728	80 100 63 32
729	2 40 7 30
730	95 20 53 92
731	77 91 39 31
732	94 48 74 5
733	20 27 100 15
734	61 83 100 76
735	16 45 58 94
736	16 76 70 89
737	8 61 43 51
738	80 89 72 12
739	73 33 55 23
740	85 11 86 74
741	86 16 96 56
742	7 26 88 48
743	58 28 7 23
744	45 83 19 93
745	25 30 61 98
746	10 81 70 1
747	50 15 63 57
748	71 25 82 9
749	68 19 63 88
750	64 93 40 56
751	66 3 63 99
752	65 17 99 51
753	61 15 64 77
754	81 20 12 90
755	40 64 97 31
756	58 7 16 5
757	31 22 8 76
758	62 53 89 41
759	9 82 64 99
760	100 74 11 98
761	55 5 21 32
762	11 73 49 71
763	5 78 27 72
764	14 25 42 27
765	89 75 20 27
766	69 49 84 81
767	2 38 71 95
768	47 46 63 15
769	66 23 8 80
770	35 99 12 82
771	69 56 12 30
772	45 41 83 6
773	77 13 61 74
774	92 71 88 45
775	16 88 13 1
776	35 30 71 16
777	92 58 21 45
778	62 32 79 53
779	52 51 3 9
780	94 19 17 84
781	13 68 84 51
782	54 75 51 90
783	38 10 82 30
784	91 12 22 72
785	71 28 61 49
786	35 59 73 44
787	14 49 62 18
788	67 74 77 87
789	53 26 58 11
790	2 58 33 31
791	23 56 48 49
792	89 3 25 14
793	17 78 33 81
794	39 24 75 63
795	44 7 94 14
796	30 53 11 39
797	63 87 39 25
798	44 29 53 64
799	41 11 21 38
800	17 69 67 33
801	87 9 55 30
802	33 35 79 21
803	99 58 37 55
804	40 57 72 47
805	1 78 3 40
806	27 48 49 1
807	16 79 54 97
808	71 6 13 24
809	32 100 27 65
810	79 76 44 54
811	17 19 89 53
812	63 93 3 21
813	33 24 39 41
814	82 10 39 46
815	72 67 55 88
816	73 47 51 67
817	44 8 92 2
818	2 19 10 24
819	38 58 70 66
820	83 30 54 43
821	27 31 54 26
822	26 36 89 57
823	18 27 34 80
824	1 64 66 11
825	13 51 76 97
826	26 60 1 37
827	5 83 47 33
828	97 27 58 62
829	73 68 76 81
830	89 52 7 96
831	95 29 31 23
832	75 66 83 15
833	48 74 58 98
834	76 19 25 40
835	68 33 2 57
836	78 3 67 51
837	21 89 24 45
838	33 7 67 78
839	61 100 18 37
840	37 27 95 21
841	67 86 99 55
842	50 78 63 99
843	22 18 93 73
844	64 74 68 45
845	91 54 99 100
846	20 63 33 28
847	22 58 77 4
848	50 71 65 97
849	16 51 27 38
850	47 83 80 45
851	78 12 64 57
852	30 96 14 9
853	21 12 68 43
854	31 95 69 48
855	87 32 97 31
856	28 58 66 80
857	69 87 41 47
858	71 100 21 72
859	81 1 58 56
860	71 97 20 37
861	12 23 84 15
862	66 87 79 42
863	56 70 75 89
864	81 44 90 98
865	16 89 85 76
866	38 28 18 62
867	37 86 21 43
868	73 69 31 88
869	31 44 73 20
870	31 10 88 18
871	75 5 84 66
872	96 94 66 39
873	46 16 48 95
874	8 24 98 95
875	63 1 80 65
876	47 28 33 35
877	14 80 75 84
878	97 47 19 98
879	76 81 58 53
880	37 45 11 78
881	75 82 42 57
882	6 89 82 93
883	17 49 88 59
884	28 21 5 87
885	50 34 69 87
886	9 55 26 6
887	81 23 80 95
888	24 64 8 82
889	88 33 47 9
890	25 48 84 16
891	88 97 78 63
892	73 27 76 85
893	77 80 29 47
894	27 26 85 25
895	66 20 6 53
896	9 80 68 45
897	78 99 20 38
898	69 3 12 86
899	82 8 88 73
900	51 67 56 94
901	12 78 17 34
902	5 21 52 36
903	56 26 50 86
904	27 96 91 51
905	31 82 22 59
906	36 67 29 53
907	100 12 75 70
908	9 18 90 57
909	51 30 12 46
910	29 4 94 31
911	62 12 89 17
912	53 9 75 17
913	10 3 31 92
914	70 20 24 59
915	86 60 70 33
916	94 56 82 45
917	2 44 61 96
918	57 40 56 34
919	100 28 33 14
920	40 99 18 76
921	86 78 73 74
922	50 46 41 42
923	93 11 20 5
924	60 2 37 71
925	78 34 64 63
926	17 88 16 2
927	56 34 3 59
928	65 33 64 32
929	70 68 36 59
930	61 2 13 38
931	94 3 74 68
932	20 98 79 10
933	30 22 72 54
934	6 51 63 40
935	22 26 82 28
936	46 36 52 56
937	95 46 10 60
938	86 61 58 23
939	19 68 51 54
940	90 83 85 73
941	39 92 32 36
942	49 25 73 86
943	86 40 72 60
944	78 74 1 50
945	92 41 3 72
946	89 83 82 52
947	47 18 59 71
948	76 5 90 40
949	31 38 70 58
950	11 100 14 89
951	46 21 41 31
952	12 97 62 21
953	98 83 42 19
954	73 39 42 9
955	74 87 69 53
956	22 17 49 18
957	29 28 17 51
958	21 67 9 40
959	20 66 68 73
960	77 27 62 95
961	21 98 17 1
962	53 2 50 56
963	80 57 9 88
964	51 73 41 31
965	66 88 51 71
966	42 81 59 95
967	11 31 42 58
968	97 100 68 58
969	24 27 36 52
970	26 89 31 51
971	44 87 53 3
972	68 62 98 49
973	7 40 67 2
974	32 13 92 78
975	52 27 47 26
976	36 57 69 97
977	10 79 63 97
978	49 13 100 52
979	52 85 61 5
980	21 22 54 31
981	34 70 91 27
982	70 58 31 56
983	42 80 69 79
984	100 68 14 41
985	36 7 67 1
986	51 61 8 72
987	78 31 45 88
988	8 77 4 74
989	22 36 85 8
990	19 60 35 61
991	27 70 2 17
992	79 15 41 21
993	6 89 68 48
994	3 30 76 80
995	37 46 23 3
996	62 27 51 98
997	83 23 99 14
998	40 22 38 33
999	56 82 84 23
1000	43 3 84 40
