Students	1000
1	75 18 31 74
2	75 71 98 33
3	75 29 91 69
4	48 34 40 57
5	60 91 69 19
6	31 42 91 66
7	3 53 94 4
8	73 38 42 86
9	56 46 55 82
10	15 13 37 47
11	7 14 93 97
12	12 20 61 58
13	63 41 57 19
14	59 40 38 60
15	29 8 45 3
16	18 39 23 74
17	25 2 13 74
18	51 6 47 49
19	52 84 91 70
20	45 68 60 64
21	92 34 21 95
22	52 84 68 36
23	59 92 24 72
24	70 42 51 84
25	25 100 87 55
26	69 58 87 90
27	3 36 98 10
28	18 51 85 59
29	16 34 83 57
30	80 78 87 29
31	43 44 75 8
32	38 94 18 30
33	47 12 76 93
34	100 35 28 64
35	14 61 94 72
36	23 29 15 60
37	26 32 77 57
38	24 16 31 67
39	96 17 90 7
40	75 76 24 86
41	25 6 45 85
42	39 44 2 92
43	69 97 94 20
44	86 63 66 2
45	23 88 72 76
46	17 85 27 23
47	66 58 29 42
48	31 68 75 97
49	7 68 24 18
50	13 21 35 62
51	99 76 82 31
52	48 74 34 20
53	22 21 82 48
54	75 29 88 44
55	95 1 97 62
56	45 26 46 95
57	59 37 3 36
58	99 81 47 89
59	23 59 58 10
60	30 1 90 7
61	25 89 95 8
62	33 61 3 97
63	12 69 71 55
64	9 16 76 45
65	97 84 37 94
66	32 14 35 100
67	53 23 32 92
68	49 75 66 14
69	76 97 55 60
70	81 83 70 59
71	27 80 2 73
72	97 98 14 99
73	91 16 78 45
74	34 66 39 88
75	29 58 48 54
76	96 60 67 39
77	54 62 30 75
78	28 11 62 59
79	6 79 4 88
80	64 97 67 7
81	36 18 30 16
82	62 53 57 73
83	66 76 60 28
84	50 60 20 38
85	76 89 61 26
86	81 9 88 62
87	80 34 22 79
88	8 35 34 26
89	10 75 35 55
90	67 63 13 71
91	79 22 84 67
92	43 24 39 60
93	3 42 71 58
94	56 82 45 42
95	31 15 3 94
96	12 8 23 45
97	26 20 80 71
98	32 62 40 20
99	99 88 21 20
100	90 42 81 9
101	2 99 23 48
102	28 32 95 25
103	92 66 4 44
104	26 77 51 85
105	12 38 22 45
106	53 85 80 48
107	94 76 39 51
108	34 16 23 70
109	66 98 49 93
110	96 25 34 29
111	34 93 42 28
112	19 31 63 33
113	9 15 94 14
114	65 57 31 97
115	35 82 56 32
116	37 41 30 57
117	25 42 19 57
118	90 22 87 99
119	46 90 47 49
120	95 29 50 51
121	81 79 16 41
122	78 10 86 28
123	84 92 16 69
124	83 79 70 58
125	61 65 45 59
126	41 63 31 39
127	73 76 38 60
128	15 2 4 48
129	54 94 41 95
130	72 3 89 21
131	60 86 79 46
132	75 4 8 97
133	71 23 58 83
134	57 83 33 11
135	16 92 2 15
136	97 77 79 7
137	28 1 72 13
138	22 24 69 45
139	48 21 87 55
140	18 91 23 45
141	4 5 41 99
142	34 85 89 62
143	1 65 39 27
144	74 52 80 23
145	40 27 53 26
146	74 32 2 14
147	67 95 70 41
148	44 23 34 98
149	40 32 19 67
150	47 31 39 30
151	42 61 1 44
152	10 56 54 78
153	80 70 37 2
154	77 17 6 15
155	30 56 24 21
156	76 41 81 37
157	4 81 6 65
158	17 25 34 27
159	78 41 59 19
160	22 40 75 25
161	59 38 8 31
162	51 65 47 90
163	85 13 49 96
164	49 12 35 42
165	97 100 8 46
166	5 42 21 16
167	89 30 23 5
168	32 11 96 40
169	33 12 77 11
170	15 19 79 50
171	5 7 65 36
172	33 1 44 25
173	39 73 49 31
174	40 65 3 96
175	84 89 100 93
176	40 93 78 98
177	87 40 23 11
178	23 25 76 82
179	69 34 20 70
180	41 68 78 64
181	87 78 67 65
182	51 74 43 33
183	10 8 99 94
184	60 75 93 56
185	29 89 51 69
186	50 79 82 23
187	13 80 53 90
188	44 5 10 67
189	47 73 87 15
190	94 98 50 77
191	94 41 87 11
192	61 73 28 51
193	36 98 25 23
194	66 84 73 89
195	90 23 8 79
196	97 72 81 3
197	93 2 11 57
198	19 90 82 4
199	69 35 70 98
200	41 12 38 4
201	34 45 83 76
202	41 46 98 39
203	39 41 23 99
204	33 32 85 28
205	35 45 10 49
206	78 63 28 54
207	86 77 48 35
208	26 7 35 42
209	34 85 61 75
210	53 2 67 29
211	21 70 12 93
212	41 96 98 77
213	43 82 56 77
214	1 67 15 24
215	84 95 78 98
216	1 99 5 43
217	59 58 29 73
218	92 7 51 3
219	8 96 51 22
220	83 29 80 13
221	68 67 28 15
222	35 37 83 47
223	57 46 22 23
224	17 86 4 82
225	39 5 45 57
226	2 18 17 38
227	82 3 76 63
228	93 97 21 58
229	69 99 58 83
230	83 68 25 19
231	39 98 78 20
232	19 83 64 81
233	63 87 17 4
234	60 77 41 53
235	79 15 22 16
236	82 93 81 13
237	97 74 98 12
238	17 93 25 16
239	4 76 92 16
240	43 74 44 49
241	77 51 63 80
242	68 62 78 52
243	86 53 18 39
244	14 83 76 22
245	87 16 55 89
246	98 15 38 96
247	38 3 82 48
248	30 47 40 35
249	68 70 17 13
250	85 22 59 31
251	86 5 72 45
252	100 4 90 51
253	81 13 49 79
254	17 83 98 24
255	7 80 34 11
256	74 22 29 32
257	16 100 56 88
258	43 53 58 48
259	26 31 60 70
260	69 73 35 15
261	69 45 47 49
262	16 99 65 76
263	36 95 83 25
264	18 36 90 16
265	78 90 12 40
266	80 59 84 75
267	90 81 85 17
268	63 84 13 31
269	58 29 40 65
270	68 31 79 5
271	94 29 95 3
272	91 38 95 27
273	62 15 29 69
274	90 76 22 36
275	56 4 100 20
276	88 40 96 64
277	76 69 84 9
278	79 10 46 68
279	23 44 33 37
280	53 84 47 97
281	12 20 96 78
282	42 26 99 61
283	29 25 72 56
284	19 77 90 66
285	27 50 49 1
286	49 36 37 99
287	56 52 27 6
288	85 71 44 79
289	19 92 59 42
290	86 71 51 91
291	10 37 80 45
292	3 88 33 85
293	28 54 72 58
294	64 37 34 20
295	80 12 89 18
296	40 54 91 52
297	12 33 60 34
298	85 13 8 14
299	33 95 48 9
300	62 27 29 70
301	87 81 73 54
302	14 46 84 92
303	56 13 46 66
304	66 35 59 17
305	62 24 7 15
306	50 52 76 80
307	58 49 13 60
308	68 3 57 22
309	36 52 62 10
310	10 75 83 31
311	75 13 68 87
312	58 76 42 7
313	84 1 72 78
314	28 35 49 86
315	17 63 83 39
316	100 86 37 38
317	20 75 35 50
318	85 84 36 58
319	84 72 4 69
320	51 85 82 22
321	44 49 99 61
322	65 88 50 76
323	15 24 94 79
324	12 28 71 48
325	15 66 64 5
326	20 100 50 18
327	72 89 43 79
328	67 41 92 23
329	78 8 4 98
330	97 52 90 65
331	16 53 32 11
332	1 26 48 29
333	2 97 70 57
334	77 86 44 60
335	77 95 58 98
336	73 25 60 99
337	6 16 39 10
338	5 7 26 56
339	99 60 12 75
340	22 33 57 23
341	98 56 30 78
342	16 41 34 21
343	47 2 20 77
344	15 43 7 70
345	98 52 85 35
346	92 18 71 58
347	16 70 22 27
348	58 4 54 91
349	74 5 18 55
350	31 38 5 46
351	70 39 50 74
352	68 98 84 13
353	8 46 74 9
354	73 18 64 98
355	73 17 48 92
356	37 1 55 5
357	25 7 47 39
358	59 92 76 1
359	20 16 32 57
360	72 56 62 99
361	100 48 27 64
362	59 93 11 86
363	40 49 57 69
364	55 48 84 61
365	72 97 82 70
366	56 8 77 10
367	45 5 57 74
368	9 36 52 66
369	59 70 51 87
370	100 96 40 88
371	57 49 8 56
372	16 78 45 81
373	14 28 94 100
374	7 3 89 63
375	83 57 84 54
376	20 38 99 9
377	38 89 39 77
378	57 82 83 45
379	35 70 23 91
380	60 47 97 81
381	94 53 45 59
382	94 39 76 71
383	54 92 38 84
384	67 4 25 31
385	88 21 50 12
386	70 9 73 1
387	42 30 62 8
388	41 15 86 68
389	90 52 95 14
390	65 14 59 11
391	55 90 28 77
392	90 9 47 81
393	63 31 40 37
394	80 61 50 24
395	91 99 23 59
396	24 23 64 2
397	19 36 5 14
398	20 53 13 54
399	72 65 95 12
400	61 89 12 92
401	2 81 18 1
402	68 48 96 33
403	92 43 72 45
404	48 94 21 74
405	60 21 98 83
406	59 52 49 66
407	46 43 95 3
408	71 67 36 26
409	20 12 68 58
410	96 34 89 77
411	78 19 59 64
412	58 62 90 26
413	81 64 49 46
414	33 36 47 14
415	51 82 60 15
416	63 45 25 12
417	71 54 72 73
418	94 83 87 78
419	79 94 67 77
420	54 94 89 20
421	92 48 86 32
422	90 34 10 60
423	78 27 46 47
424	48 4 33 55
425	53 67 28 59
426	99 74 21 31
427	4 15 97 51
428	81 73 47 70
429	99 62 40 39
430	40 81 44 67
431	46 2 43 12
432	86 70 30 57
433	15 100 71 46
434	17 20 37 1
435	87 38 20 94
436	85 45 43 72
437	65 70 28 48
438	83 81 88 55
439	19 9 4 8
440	22 37 92 38
441	53 39 98 64
442	30 86 7 88
443	60 72 4 76
444	54 75 22 37
445	64 87 14 27
446	27 24 70 49
447	75 37 84 25
448	91 7 100 77
449	27 60 71 2
450	87 34 43 8
451	31 88 97 70
452	8 1 47 58
453	2 83 93 35
454	54 88 39 99
455	62 83 90 54
456	79 93 28 87
457	30 42 74 14
458	39 34 85 35
459	19 26 22 47
460	38 79 5 16
461	17 46 1 32
462	98 47 11 54
463	85 12 64 51
464	57 20 68 31
465	67 55 79 5
466	23 83 69 12
467	74 41 71 12
468	88 10 36 59
469	100 53 54 20
470	83 80 41 21
471	46 55 44 71
472	93 59 44 68
473	51 56 44 80
474	71 2 75 18
475	48 29 85 11
476	28 7 29 77
477	68 29 27 33
478	57 68 100 52
479	51 82 1 45
480	25 67 56 33
481	90 67 73 17
482	83 40 52 37
483	63 60 8 14
484	84 16 73 54
485	83 6 61 45
486	13 83 19 71
487	60 37 21 75
488	49 61 1 65
489	66 43 44 71
490	46 26 24 18
491	87 26 39 15
492	3 72 61 69
493	28 10 69 80
494	15 71 67 29
495	18 62 91 34
496	45 87 66 59
497	15 40 77 45
498	95 21 4 18
499	4 47 84 30
500	14 61 60 37
501	42 54 47 22
502	3 2 5 11
503	24 29 16 33
504	2 47 11 88
505	56 84 70 83
506	78 52 83 10
507	8 55 17 96
508	34 94 24 39
509	66 45 75 51
510	31 46 81 49
511	75 4 54 28
512	58 91 48 59
513	62 10 35 90
514	8 62 28 83
515	32 6 68 16
516	44 25 72 57
517	46 6 50 57
518	39 62 86 13
519	32 59 35 81
520	63 75 58 57
521	7 51 16 54
522	70 47 51 30
523	82 28 72 74
524	18 94 78 87
525	84 63 26 41
526	23 94 49 71
527	43 10 76 42
528	82 36 4 39
529	63 46 9 17
530	74 70 65 32
531	23 55 57 63
532	90 96 34 65
533	38 62 5 88
534	67 44 83 10
535	22 92 99 95
536	32 4 89 87
537	53 30 36 52
538	27 80 38 74
539	28 5 40 55
540	72 48 27 30
541	97 8 41 53
542	38 10 89 77
543	58 91 27 94
544	43 31 51 89
545	7 45 19 35
546	11 24 97 83
547	24 62 15 29
548	86 72 9 35
549	71 84 5 25
550	31 57 95 73
551	39 73 66 94
552	36 56 12 98
553	59 14 97 4
554	45 86 54 55
555	20 23 76 44
556	29 49 56 85
557	65 89 40 7
558	45 32 8 78
559	49 84 5 38
560	8 80 99 20
561	2 41 44 74
562	51 32 17 3
563	78 23 85 43
564	82 19 57 29
565	21 11 69 53
566	41 22 94 44
567	49 10 92 78
568	16 52 98 60
569	100 52 84 20
570	33 90 48 14
571	1 18 77 51
572	88 81 90 64
573	24 38 59 16
574	70 44 74 48
575	41 32 7 45
576	98 13 80 12
577	13 33 52 34
578	71 79 35 81
579	7 77 90 58
580	32 84 46 18
581	84 56 49 59
582	93 90 33 66
583	18 11 75 37
584	11 10 7 37
585	12 54 24 8
586	33 20 80 91
587	78 89 49 12
588	84 33 82 74
589	42 44 90 23
590	25 18 79 78
591	91 40 94 30
592	32 3 24 26
593	31 88 11 36
594	73 40 82 79
595	10 94 36 95
596	19 54 83 6
597	29 34 10 47
598	38 81 5 36
599	65 95 60 34
600	17 78 51 70
601	25 30 18 88
602	68 100 2 44
603	59 11 92 71
604	64 29 26 61
605	96 48 64 26
606	17 49 32 14
607	64 74 14 55
608	5 78 94 41
609	88 64 78 50
610	14 86 73 53
611	43 66 45 80
612	98 73 10 80
613	11 14 50 67
614	29 70 1 68
615	7 13 99 23
616	2 75 44 28
617	92 82 94 78
618	94 99 38 9
619	1 58 51 92
620	27 13 56 40
621	61 24 92 20
622	55 25 56 39
623	32 85 77 97
624	56 12 70 84
625	37 29 24 75
626	79 71 74 61
627	25 28 38 96
628	8 55 29 62
629	18 16 57 63
630	37 69 11 65
631	32 68 20 3
632	47 81 64 19
633	94 72 8 44
634	10 99 3 61
635	30 35 96 70
636	24 18 7 15
637	91 61 7 46
638	92 59 26 34
639	49 95 82 74
640	56 88 3 63
641	20 24 56 29
642	20 72 18 94
643	18 69 35 72
644	75 34 36 86
645	78 28 95 88
646	68 88 58 7
647	51 38 33 81
648	51 53 33 4
649	96 51 20 24
650	51 16 99 35
651	98 67 53 79
652	65 23 31 24
653	97 45 60 72
654	26 35 7 12
655	22 36 51 55
656	1 61 30 34
657	51 52 28 7
658	90 20 75 55
659	62 71 11 25
660	26 34 21 17
661	10 8 20 82
662	64 88 40 65
663	42 63 25 44
664	28 9 58 89
665	69 71 73 83
666	16 54 92 42
667	64 70 30 59
668	81 66 53 11
669	61 7 4 13
670	16 84 45 53
671	20 91 29 72
672	17 15 82 85
673	100 70 62 29
674	57 70 12 48
675	6 91 58 49
676	53 89 1 35
677	69 57 63 30
678	11 52 88 83
679	60 48 18 86
680	16 38 97 72
681	80 5 76 91
682	65 58 16 21
683	96 9 54 22
684	4 40 49 83
685	72 30 69 57
686	94 71 47 3
687	77 9 90 5
688	94 34 69 54
689	28 74 100 72
690	50 26 16 40
691	75 97 89 49
692	43 41 22 6
693	40 30 77 55
694	70 65 93 95
695	98 44 26 82
696	49 27 3 92
697	61 59 34 96
698	53 93 50 37
699	20 74 16 45
700	93 50 23 26
701	72 73 67 12
702	29 3 85 74
703	76 93 67 40
704	69 74 91 93
705	37 60 50 4
706	94 15 65 36
707	41 28 58 11
708	42 68 27 48
709	73 25 31 75
710	59 90 32 95
711	1 31 55 96
712	41 10 90 89
713	82 74 35 5
714	42 10 79 53
715	1 21 26 5
716	75 57 26 99
717	71 47 89 91
718	54 5 43 33
719	67 8 83 42
720	53 67 97 69
721	18 51 89 43
722	3 93 4 73
723	24 48 81 56
724	94 29 36 58
725	67 41 52 26
726	33 70 37 3
727	88 12 51 25
728	64 84 68 51
729	53 30 93 75
730	15 49 55 78
731	21 37 19 41
732	9 26 99 1
733	100 22 52 21
734	8 69 79 4
735	75 79 12 73
736	24 40 37 23
737	52 42 67 15
738	62 45 57 9
739	58 39 77 60
740	41 34 57 23
741	8 24 65 48
742	30 19 47 63
743	32 63 57 77
744	54 39 67 7
745	83 50 8 5
746	44 15 68 33
747	5 39 41 62
748	53 16 19 79
749	7 96 30 63
750	11 73 49 56
751	58 87 10 20
752	54 37 76 51
753	70 92 73 85
754	94 33 43 11
755	49 9 44 51
756	83 6 71 61
757	78 70 74 97
758	53 88 32 42
759	100 57 44 1
760	24 94 49 81
761	36 52 85 34
762	31 24 78 60
763	26 38 80 5
764	59 19 32 78
765	63 3 38 61
766	18 3 49 58
767	36 65 86 52
768	28 14 80 34
769	24 23 78 32
770	33 88 75 15
771	32 96 45 90
772	10 97 78 49
773	68 93 21 25
774	6 16 85 5
775	51 64 46 16
776	57 66 4 41
777	22 80 36 72
778	44 91 4 60
779	38 54 16 58
780	72 37 13 36
781	33 2 63 28
782	37 95 68 52
783	18 97 62 31
784	7 4 53 3
785	28 12 7 55
786	29 33 46 18
787	89 9 58 15
788	11 98 88 90
789	48 57 76 14
790	74 85 17 32
791	74 73 83 14
792	59 55 98 50
793	86 13 59 78
794	43 3 18 88
795	92 46 85 73
796	49 35 83 79
797	13 5 40 29
798	51 92 56 75
799	41 61 21 59
800	52 79 96 88
801	62 23 95 28
802	58 85 32 97
803	25 19 55 21
804	98 90 35 88
805	69 1 22 49
806	7 43 26 73
807	51 31 100 39
808	70 60 40 92
809	15 76 18 86
810	48 29 87 7
811	71 3 84 27
812	53 60 72 6
813	51 49 95 76
814	5 73 99 50
815	21 64 92 53
816	94 69 71 27
817	90 8 91 81
818	61 99 26 80
819	90 11 22 25
820	77 51 38 69
821	46 93 68 9
822	84 5 17 85
823	75 51 66 37
824	95 74 21 6
825	65 27 98 22
826	12 37 55 87
827	13 95 17 66
828	29 30 99 2
829	11 92 29 85
830	45 91 98 96
831	57 94 92 46
832	28 9 19 62
833	59 44 71 58
834	48 64 74 16
835	32 62 70 26
836	90 38 81 84
837	2 70 15 43
838	60 80 91 59
839	62 26 93 35
840	62 47 46 56
841	79 80 34 51
842	86 54 30 20
843	61 83 34 70
844	21 65 61 85
845	13 28 39 27
846	54 94 83 61
847	15 41 18 24
848	46 34 44 56
849	29 93 76 17
850	37 72 9 14
851	72 21 100 97
852	78 63 32 50
853	66 4 20 3
854	71 78 64 17
855	23 67 42 1
856	88 1 51 21
857	80 32 18 82
858	20 21 54 53
859	84 41 46 90
860	23 52 74 39
861	57 74 72 94
862	54 36 97 65
863	100 24 55 84
864	14 63 73 48
865	75 21 57 13
866	34 27 25 45
867	24 50 26 76
868	55 58 89 3
869	69 98 14 60
870	40 38 37 44
871	55 26 32 13
872	81 5 77 85
873	18 90 74 9
874	70 37 91 45
875	39 33 49 19
876	16 24 83 2
877	37 14 83 71
878	6 66 7 79
879	49 3 35 92
880	68 82 75 27
881	42 94 60 11
882	20 72 3 98
883	17 23 5 77
884	83 45 43 35
885	36 40 91 6
886	54 43 89 30
887	78 97 67 27
888	98 57 15 34
889	21 58 31 61
890	31 97 4 66
891	44 78 68 36
892	84 70 12 32
893	26 98 40 45
894	6 62 66 30
895	64 52 10 51
896	44 51 30 67
897	9 58 74 51
898	53 29 93 77
899	84 57 73 16
900	99 96 39 38
901	19 33 63 65
902	54 68 88 73
903	55 77 94 95
904	94 38 21 69
905	26 93 68 21
906	92 26 65 52
907	65 77 1 54
908	55 60 43 39
909	76 14 80 62
910	42 21 81 12
911	11 47 20 9
912	90 91 3 12
913	82 5 97 60
914	87 79 7 23
915	4 36 97 55
916	76 7 30 87
917	33 49 88 56
918	33 18 77 17
919	12 35 77 73
920	85 43 11 53
921	92 36 54 63
922	44 82 59 45
923	94 43 46 57
924	14 48 29 95
925	27 6 89 78
926	88 8 60 6
927	2 56 94 17
928	53 23 62 72
929	48 32 29 99
930	67 29 17 86
931	37 77 43 15
932	46 31 66 28
933	29 18 87 96
934	11 61 47 17
935	1 95 6 88
936	32 81 52 54
937	19 80 63 55
938	79 72 25 59
939	30 39 85 52
940	92 93 65 18
941	15 85 13 41
942	13 10 93 64
943	76 87 56 81
944	14 11 21 50
945	86 2 40 66
946	10 66 39 99
947	16 24 9 29
948	63 85 17 28
949	41 24 43 89
950	94 35 29 44
951	74 9 97 64
952	62 39 83 32
953	95 17 54 52
954	79 2 93 47
955	38 83 100 90
956	21 90 22 77
957	7 6 51 61
958	2 32 18 39
959	94 69 73 80
960	4 65 62 3
961	8 1 55 11
962	23 91 86 57
963	93 53 6 37
964	52 76 44 43
965	6 48 33 60
966	28 81 78 96
967	88 30 34 5
968	82 25 56 77
969	30 59 39 48
970	99 47 76 32
971	100 7 36 48
972	63 6 79 50
973	42 97 94 1
974	75 72 38 20
975	41 28 11 53
976	91 16 33 25
977	60 89 33 45
978	73 53 4 52
979	9 18 66 78
980	70 93 19 36
981	88 44 26 43
982	61 36 12 26
983	9 52 29 25
984	25 5 9 58
985	38 28 90 72
986	10 54 46 3
987	18 12 11 31
988	78 21 69 86
989	100 66 81 93
990	66 61 43 9
991	81 40 76 22
992	53 85 54 73
993	79 75 56 98
994	63 58 87 32
995	58 23 32 28
996	89 88 56 62
997	91 59 80 2
998	28 37 53 16
999	39 57 26 51
1000	94 71 88 54
