Students	1000
1	37 7 72 35
2	35 47 54 86
3	66 25 24 71
4	83 53 67 63
5	57 32 83 88
6	97 78 2 7
7	17 44 89 100
8	75 95 74 7
9	14 96 2 42
10	44 50 76 2
11	15 80 19 44
12	95 27 46 72
13	51 26 63 45
14	29 14 100 75
15	80 60 58 8
16	55 92 82 37
17	1 34 96 80
18	12 99 23 53
19	74 89 12 6
20	66 55 9 87
21	32 1 10 52
22	82 55 69 36
23	33 43 85 23
24	85 88 70 68
25	75 71 4 26
26	81 33 86 83
27	80 56 96 25
28	77 57 48 70
29	94 97 83 20
30	5 87 22 4
31	46 65 48 45
32	25 78 24 97
33	75 9 26 83
34	35 8 63 41
35	40 28 80 71
36	29 13 69 74
37	44 23 77 70
38	18 86 65 95
39	90 55 26 34
40	64 2 61 33
41	66 36 34 19
42	47 69 9 20
43	21 81 59 69
44	53 85 97 49
45	97 52 7 68
46	75 82 7 31
47	72 84 20 8
48	22 44 52 93
49	50 70 93 16
50	90 44 22 86
51	62 91 66 31
52	78 4 5 61
53	65 31 45 85
54	60 74 4 72
55	50 91 92 94
56	68 41 15 34
57	85 93 27 77
58	78 10 93 52
59	73 98 7 99
60	60 53 82 38
61	3 75 96 87
62	39 51 38 33
63	7 96 70 31
64	55 42 51 73
65	29 90 91 7
66	31 33 28 44
67	64 24 65 44
68	27 85 3 67
69	54 96 70 68
70	6 7 8 55
71	29 63 83 56
72	29 74 79 58
73	96 83 50 82
74	73 77 59 88
75	27 97 38 31
76	93 53 76 94
77	78 19 31 5
78	81 83 31 59
79	70 51 4 71
80	81 79 93 52
81	97 19 4 3
82	54 99 91 9
83	56 61 78 75
84	18 11 72 66
85	11 33 52 17
86	51 65 32 64
87	56 88 61 38
88	17 8 43 24
89	83 33 35 43
90	85 93 28 52
91	86 16 64 60
92	73 55 19 93
93	70 56 74 71
94	70 11 21 76
95	1 23 69 18
96	65 14 49 6
97	15 85 42 37
98	47 31 100 38
99	59 97 13 57
100	92 76 97 81
101	84 89 60 4
102	49 26 13 23
103	75 63 91 39
104	87 36 25 74
105	32 2 57 39
106	21 33 6 62
107	95 11 37 36
108	5 91 95 3
109	68 25 69 50
110	28 79 14 12
111	8 87 79 63
112	2 21 22 55
113	91 15 40 39
114	83 59 34 10
115	52 27 4 61
116	63 77 83 2
117	15 39 8 49
118	42 96 85 38
119	48 42 18 36
120	64 19 62 48
121	5 38 41 65
122	19 7 97 95
123	18 3 40 50
124	39 66 64 13
125	74 12 23 1
126	17 72 44 88
127	78 11 22 72
128	96 53 67 55
129	15 61 91 69
130	22 72 29 89
131	77 39 40 12
132	48 36 43 97
133	44 90 84 10
134	31 61 39 90
135	73 54 53 62
136	74 67 73 21
137	62 95 9 76
138	37 93 45 77
139	60 56 37 35
140	15 22 31 13
141	66 84 51 6
142	12 19 94 93
143	7 100 20 67
144	80 61 30 9
145	68 8 53 39
146	45 22 27 63
147	54 77 92 4
148	10 54 34 49
149	5 88 71 40
150	19 61 32 84
151	78 82 61 24
152	27 100 90 49
153	39 82 67 50
154	52 33 96 38
155	45 81 80 41
156	76 12 47 54
157	93 23 91 75
158	27 85 25 53
159	85 72 58 96
160	10 63 30 16
161	56 14 76 73
162	87 23 46 25
163	63 80 43 32
164	12 13 22 27
165	73 71 40 15
166	73 9 12 88
167	41 56 32 18
168	25 49 61 91
169	85 38 70 24
170	12 45 68 77
171	54 56 42 59
172	46 18 39 13
173	95 35 31 11
174	20 71 51 36
175	34 11 67 97
176	11 31 84 50
177	74 93 33 45
178	40 36 60 58
179	35 70 21 59
180	78 45 47 22
181	91 33 16 70
182	44 43 74 16
183	21 22 7 69
184	69 23 37 71
185	11 70 10 76
186	99 82 84 14
187	18 67 74 4
188	92 4 10 76
189	63 57 12 92
190	18 79 58 54
191	96 71 32 64
192	3 57 28 54
193	73 100 23 25
194	29 23 67 39
195	100 40 73 7
196	11 40 4 92
197	23 87 11 95
198	64 82 92 29
199	22 15 96 78
200	12 65 25 84
201	35 66 23 21
202	83 10 94 38
203	50 64 28 16
204	43 85 27 29
205	87 100 46 70
206	8 91 55 74
207	46 12 87 6
208	69 82 74 4
209	65 14 87 7
210	53 17 84 97
211	49 92 77 19
212	61 49 10 7
213	14 43 85 58
214	14 72 53 48
215	56 31 14 94
216	24 91 15 89
217	6 64 27 18
218	10 23 43 79
219	34 97 54 64
220	49 42 85 82
221	4 98 8 32
222	6 33 44 58
223	57 11 78 67
224	52 31 95 2
225	63 89 78 2
226	7 84 67 76
227	62 100 45 12
228	5 99 14 40
229	21 46 61 50
230	81 33 56 80
231	76 31 16 40
232	12 83 43 98
233	14 59 57 8
234	91 32 75 83
235	62 47 12 99
236	71 26 51 59
237	8 79 35 76
238	26 52 15 65
239	43 15 81 74
240	96 40 41 28
241	25 11 13 18
242	66 23 29 44
243	78 24 49 66
244	55 84 50 90
245	83 69 87 88
246	97 40 87 46
247	11 2 92 46
248	45 79 27 69
249	64 81 14 48
250	1 35 22 79
251	83 91 2 71
252	79 25 76 9
253	59 50 55 19
254	30 100 90 80
255	53 54 99 50
256	60 53 3 57
257	97 55 82 88
258	94 97 25 77
259	92 9 8 57
260	35 55 38 53
261	76 81 9 8
262	70 31 26 35
263	62 6 44 89
264	13 15 100 25
265	74 11 79 95
266	54 96 23 10
267	2 5 49 56
268	19 23 58 14
269	15 18 33 47
270	11 32 59 22
271	29 10 60 4
272	6 48 42 16
273	28 69 22 5
274	45 46 27 22
275	7 64 92 70
276	95 85 79 15
277	94 71 92 57
278	17 20 68 41
279	79 48 22 73
280	58 56 61 2
281	98 13 66 57
282	12 79 98 71
283	76 5 12 78
284	60 28 30 21
285	34 54 66 89
286	60 54 52 22
287	44 62 14 68
288	3 17 54 42
289	81 80 24 55
290	39 51 67 15
291	80 74 67 78
292	82 89 22 20
293	34 16 82 87
294	37 53 13 32
295	72 89 76 66
296	81 48 54 2
297	65 96 9 46
298	80 49 40 37
299	1 9 78 100
300	35 42 54 51
301	55 20 70 25
302	92 74 57 43
303	68 40 70 62
304	9 78 92 80
305	79 46 43 98
306	12 96 6 82
307	73 93 24 67
308	68 46 4 27
309	69 53 20 7
310	73 52 76 38
311	37 30 99 88
312	14 42 62 37
313	32 21 84 36
314	83 78 53 68
315	93 52 45 31
316	30 58 32 97
317	55 72 62 46
318	34 90 33 6
319	95 45 83 13
320	41 38 94 53
321	57 87 4 95
322	26 52 50 92
323	15 96 47 29
324	21 24 86 76
325	30 16 76 66
326	7 58 13 16
327	49 99 6 3
328	9 41 21 95
329	52 44 48 6
330	57 66 28 38
331	48 61 79 58
332	1 84 82 45
333	56 85 45 1
334	30 12 42 38
335	14 50 71 87
336	70 32 45 52
337	80 93 16 61
338	37 32 50 23
339	65 87 7 19
340	37 66 63 22
341	10 64 11 69
342	76 39 73 7
343	91 2 61 67
344	92 22 10 75
345	92 44 83 22
346	93 91 5 84
347	95 10 37 46
348	99 47 94 71
349	59 2 41 15
350	23 16 62 85
351	39 34 74 80
352	88 41 6 43
353	72 80 42 95
354	89 49 68 42
355	39 45 55 16
356	69 33 15 79
357	47 28 23 19
358	65 11 54 43
359	21 32 17 73
360	99 78 32 39
361	85 19 47 82
362	68 71 40 20
363	78 64 6 75
364	3 9 94 71
365	95 66 25 98
366	32 90 44 29
367	12 66 26 46
368	26 67 53 91
369	50 77 29 19
370	72 44 71 53
371	41 92 35 49
372	23 29 68 45
373	23 48 17 67
374	91 11 37 15
375	45 12 71 91
376	5 91 71 64
377	74 78 50 77
378	24 69 88 5
379	43 57 32 62
380	57 97 10 87
381	77 51 88 93
382	86 58 11 97
383	51 44 73 61
384	24 79 84 32
385	11 4 9 3
386	87 93 41 18
387	11 95 15 69
388	28 86 34 8
389	50 14 16 73
390	8 44 17 94
391	19 96 10 5
392	9 32 6 29
393	93 32 13 15
394	70 13 37 97
395	22 45 35 68
396	35 76 6 74
397	45 4 37 29
398	97 32 72 6
399	64 25 6 43
400	6 86 81 11
401	40 59 88 34
402	64 78 3 94
403	69 95 60 19
404	39 62 6 2
405	19 88 44 59
406	81 64 98 57
407	69 87 94 26
408	49 48 78 69
409	5 44 31 50
410	79 58 54 28
411	39 85 26 80
412	11 22 8 17
413	84 4 68 40
414	13 99 15 31
415	68 48 72 29
416	32 37 98 90
417	2 17 42 51
418	9 86 49 47
419	38 1 82 31
420	57 92 64 51
421	8 93 41 75
422	83 54 45 89
423	64 63 31 18
424	73 4 41 23
425	70 14 86 63
426	95 21 2 77
427	96 37 57 100
428	29 51 25 26
429	5 80 54 71
430	60 4 25 35
431	35 21 89 2
432	65 100 14 13
433	84 70 31 100
434	40 1 21 67
435	51 88 35 72
436	50 38 85 90
437	80 45 44 92
438	64 65 49 94
439	87 17 53 46
440	83 55 12 44
441	60 32 2 22
442	19 72 39 23
443	96 52 9 37
444	30 97 8 1
445	19 62 98 8
446	23 39 46 91
447	86 79 40 7
448	74 29 33 93
449	10 91 30 9
450	33 14 94 2
451	87 22 5 21
452	85 79 47 27
453	31 23 29 54
454	28 20 40 95
455	35 97 60 84
456	60 2 86 67
457	99 64 79 61
458	15 20 46 16
459	20 83 95 62
460	3 80 32 98
461	6 16 81 84
462	39 23 99 37
463	28 16 17 50
464	72 51 91 9
465	73 58 91 55
466	6 67 20 53
467	28 64 82 9
468	67 29 30 20
469	48 80 73 60
470	32 11 44 97
471	77 52 32 31
472	65 52 55 6
473	1 35 86 4
474	29 92 70 28
475	53 19 10 90
476	73 12 55 90
477	3 28 86 16
478	61 16 11 50
479	88 17 66 99
480	30 19 94 77
481	16 92 88 81
482	92 79 64 95
483	28 40 16 27
484	24 27 2 38
485	99 43 21 19
486	66 23 78 27
487	52 51 95 99
488	86 90 16 99
489	83 73 6 72
490	2 78 15 27
491	29 28 100 59
492	100 7 6 79
493	45 29 10 25
494	71 63 55 93
495	39 22 32 20
496	52 42 13 32
497	79 70 66 71
498	70 26 98 59
499	89 17 35 9
500	30 15 16 52
501	20 53 78 22
502	62 48 33 90
503	31 64 61 7
504	81 63 83 79
505	42 69 47 64
506	36 98 91 94
507	93 63 4 87
508	65 67 68 63
509	19 59 52 5
510	86 44 88 84
511	78 31 59 1
512	40 29 22 83
513	94 63 88 65
514	8 96 74 84
515	4 59 96 85
516	38 56 3 32
517	27 13 2 18
518	23 66 8 27
519	12 14 35 73
520	37 78 36 23
521	62 80 58 10
522	99 52 34 94
523	77 1 38 82
524	82 76 6 26
525	2 47 59 29
526	60 48 50 18
527	34 69 93 20
528	26 92 34 10
529	61 87 46 33
530	15 41 70 4
531	12 4 62 73
532	10 60 50 82
533	7 36 28 77
534	97 87 90 34
535	100 71 43 78
536	6 7 83 70
537	44 6 27 87
538	67 74 85 28
539	5 12 43 100
540	74 83 3 77
541	87 92 34 72
542	57 5 94 95
543	65 99 77 54
544	36 42 8 9
545	18 40 7 79
546	38 71 1 6
547	31 5 32 52
548	45 72 32 58
549	39 99 72 26
550	34 90 85 47
551	28 35 67 60
552	2 50 14 73
553	66 71 88 70
554	27 32 7 52
555	61 39 28 96
556	74 72 57 85
557	8 28 4 90
558	29 57 77 23
559	26 2 18 7
560	84 67 74 35
561	42 65 11 100
562	97 43 84 85
563	43 60 30 96
564	88 25 89 36
565	75 2 61 20
566	34 72 12 25
567	19 18 40 4
568	80 77 40 76
569	57 54 25 69
570	97 94 62 24
571	8 46 32 53
572	53 3 18 22
573	75 44 88 48
574	1 10 51 80
575	29 90 78 10
576	36 76 18 1
577	44 15 26 48
578	98 26 64 73
579	52 23 10 31
580	74 51 97 61
581	100 67 96 87
582	57 71 78 25
583	73 17 58 90
584	21 61 67 35
585	18 31 34 52
586	92 85 79 58
587	32 16 35 7
588	69 87 64 67
589	43 53 63 31
590	2 22 52 56
591	43 41 95 28
592	17 1 67 65
593	2 53 28 26
594	14 17 10 65
595	43 64 89 12
596	76 11 65 1
597	18 70 31 100
598	60 14 76 12
599	84 5 14 47
600	50 48 99 62
601	64 32 21 6
602	20 61 66 17
603	13 76 5 87
604	35 76 13 30
605	19 82 63 76
606	9 10 12 22
607	21 55 33 79
608	37 23 5 40
609	11 69 2 96
610	93 84 25 66
611	67 55 4 34
612	99 55 52 46
613	65 92 86 79
614	62 93 8 87
615	79 51 62 47
616	77 42 59 1
617	92 23 8 9
618	2 17 36 19
619	21 50 65 87
620	22 86 52 6
621	78 83 99 37
622	29 88 87 23
623	55 30 58 93
624	48 22 10 21
625	65 34 69 29
626	88 32 95 68
627	42 87 86 64
628	83 2 12 17
629	43 93 75 6
630	29 59 31 42
631	81 62 4 18
632	61 20 45 16
633	71 16 78 38
634	11 16 61 75
635	36 28 84 58
636	76 42 95 51
637	12 79 8 66
638	91 26 28 94
639	45 72 36 78
640	14 56 18 49
641	64 62 40 65
642	13 94 48 44
643	97 2 73 94
644	41 49 66 7
645	82 23 71 80
646	90 49 29 42
647	98 51 99 78
648	2 70 4 20
649	60 7 40 96
650	48 43 51 53
651	94 70 98 29
652	66 46 88 10
653	26 18 24 81
654	39 56 4 11
655	27 55 24 60
656	12 93 38 15
657	92 7 26 53
658	51 76 18 59
659	36 25 18 3
660	91 44 24 42
661	87 83 70 32
662	16 27 37 34
663	4 99 56 32
664	14 53 27 15
665	64 29 85 58
666	60 56 29 53
667	53 58 75 5
668	25 50 3 53
669	16 81 93 78
670	24 10 33 78
671	42 14 75 34
672	57 9 20 73
673	37 34 75 25
674	1 38 17 36
675	76 75 40 48
676	86 39 78 83
677	82 56 51 45
678	46 42 34 99
679	79 7 1 64
680	43 34 56 83
681	9 34 6 59
682	5 2 70 69
683	9 98 99 17
684	23 29 44 49
685	54 45 22 17
686	93 5 18 83
687	23 94 22 15
688	66 16 24 54
689	24 86 85 88
690	46 53 3 11
691	96 83 19 27
692	55 1 3 49
693	85 76 95 7
694	74 45 51 87
695	28 9 91 16
696	19 84 56 23
697	17 45 100 66
698	3 43 7 92
699	23 44 38 86
700	3 85 22 38
701	100 95 61 81
702	37 32 44 67
703	44 79 66 71
704	27 38 44 21
705	55 9 36 15
706	95 47 98 27
707	16 79 45 24
708	29 30 8 52
709	21 73 65 64
710	54 53 21 49
711	41 58 94 68
712	38 57 74 55
713	52 27 84 50
714	63 50 96 40
715	65 21 83 31
716	69 97 28 73
717	99 69 84 67
718	37 51 56 50
719	85 55 23 87
720	60 33 72 67
721	16 27 95 61
722	84 80 94 35
723	13 93 60 4
724	56 73 9 55
725	94 82 19 64
726	35 65 34 7
727	50 52 99 45
728	75 55 34 26
729	14 49 26 57
730	5 16 22 45
731	7 97 87 6
732	28 98 52 30
733	94 41 39 78
734	25 9 83 35
735	64 14 38 20
736	56 91 30 9
737	38 18 31 64
738	79 44 86 93
739	33 29 73 100
740	74 24 50 26
741	7 47 67 10
742	45 59 10 26
743	23 25 14 97
744	18 48 98 4
745	82 17 50 67
746	34 4 6 24
747	39 44 73 52
748	93 60 28 96
749	38 85 100 4
750	47 24 22 23
751	83 64 11 92
752	34 46 55 36
753	2 91 62 22
754	65 9 25 55
755	63 86 43 72
756	44 89 71 60
757	78 60 96 23
758	85 24 86 82
759	54 94 85 89
760	95 31 89 55
761	18 75 90 57
762	27 56 5 88
763	82 4 19 91
764	44 100 3 51
765	27 37 18 29
766	61 66 8 43
767	23 70 10 63
768	16 5 65 53
769	23 74 98 79
770	100 49 15 31
771	24 48 13 61
772	6 27 8 80
773	99 18 77 49
774	22 9 91 73
775	55 61 29 46
776	44 28 87 42
777	31 38 28 51
778	48 60 93 91
779	63 20 1 3
780	90 4 79 100
781	98 37 58 93
782	67 57 60 33
783	31 51 85 3
784	42 27 72 68
785	34 31 33 29
786	73 66 4 7
787	55 30 65 1
788	3 61 52 44
789	69 36 19 98
790	82 19 31 48
791	83 5 87 40
792	95 56 29 94
793	8 27 97 26
794	65 97 49 19
795	45 88 95 72
796	6 86 98 5
797	74 86 78 85
798	43 69 63 11
799	82 20 46 28
800	39 85 45 18
801	92 43 67 80
802	67 78 61 74
803	64 55 22 60
804	66 4 64 82
805	62 74 64 9
806	40 24 10 98
807	53 42 98 6
808	80 12 75 62
809	36 47 26 42
810	44 51 25 26
811	36 18 63 30
812	99 4 60 95
813	95 35 41 7
814	79 48 77 67
815	40 21 82 50
816	68 9 46 73
817	81 28 70 84
818	30 33 48 39
819	100 2 51 62
820	59 89 11 95
821	57 30 72 42
822	21 67 59 69
823	45 91 3 69
824	89 3 38 62
825	1 15 78 19
826	17 29 18 24
827	33 67 56 77
828	71 7 17 95
829	33 35 99 68
830	20 16 80 25
831	43 20 82 63
832	67 80 86 3
833	85 7 76 62
834	6 25 57 97
835	6 46 34 20
836	71 75 91 95
837	31 63 75 100
838	54 58 80 20
839	12 89 53 21
840	30 66 47 25
841	24 51 95 36
842	2 30 66 55
843	44 41 83 69
844	32 60 58 45
845	82 53 73 59
846	87 19 33 50
847	85 55 32 99
848	50 97 2 34
849	97 9 73 42
850	39 51 24 57
851	42 54 5 52
852	11 28 75 46
853	89 33 47 84
854	61 50 75 46
855	80 20 29 78
856	2 10 92 31
857	14 88 39 100
858	56 20 75 3
859	44 65 17 4
860	9 87 51 78
861	80 84 37 22
862	59 31 1 60
863	85 50 13 66
864	24 68 23 96
865	37 31 93 14
866	100 44 5 18
867	87 16 10 23
868	11 12 44 49
869	55 18 9 90
870	33 41 66 61
871	4 3 8 51
872	88 75 19 20
873	1 87 17 91
874	38 9 89 45
875	64 98 21 83
876	25 78 33 41
877	51 66 34 82
878	12 98 85 5
879	23 59 92 39
880	55 49 15 3
881	1 30 9 73
882	85 99 15 47
883	41 47 51 32
884	56 9 16 87
885	82 72 46 79
886	97 36 21 59
887	8 5 90 48
888	37 8 62 14
889	6 45 57 71
890	57 51 55 19
891	63 81 13 18
892	38 5 69 71
893	90 84 83 33
894	53 84 65 83
895	19 86 52 46
896	75 77 59 19
897	90 12 46 93
898	87 4 29 83
899	18 14 75 91
900	83 4 75 40
901	44 56 34 94
902	82 96 16 13
903	6 72 18 99
904	55 87 99 23
905	40 50 12 20
906	95 2 34 76
907	48 56 79 82
908	83 30 45 79
909	63 57 24 40
910	79 95 54 44
911	61 73 80 66
912	77 90 60 87
913	35 25 86 17
914	31 16 97 65
915	5 41 73 12
916	48 33 74 89
917	81 12 1 78
918	70 8 97 39
919	24 3 79 73
920	85 41 84 86
921	62 42 52 18
922	48 22 70 25
923	69 51 78 19
924	72 70 57 4
925	57 88 56 3
926	88 98 66 64
927	16 38 2 63
928	7 46 85 30
929	97 79 74 94
930	83 15 62 30
931	71 26 74 65
932	24 43 40 35
933	75 88 19 23
934	80 47 46 25
935	98 19 82 41
936	97 3 36 87
937	52 11 75 27
938	16 92 6 99
939	28 37 15 76
940	34 58 73 79
941	8 57 41 83
942	35 100 25 92
943	98 90 54 5
944	26 85 84 1
945	75 69 64 45
946	26 10 82 25
947	93 82 25 49
948	97 98 21 100
949	42 93 26 2
950	57 30 41 24
951	99 97 29 47
952	100 28 86 45
953	48 4 85 63
954	45 5 44 55
955	91 8 59 53
956	88 98 35 61
957	10 84 75 36
958	12 82 66 20
959	21 20 89 93
960	87 16 22 49
961	29 41 21 57
962	2 86 28 16
963	62 8 6 32
964	51 33 34 10
965	15 76 58 39
966	63 90 65 66
967	97 48 19 82
968	5 13 81 35
969	48 85 34 89
970	57 43 31 24
971	21 2 14 22
972	17 25 36 49
973	47 41 22 32
974	90 60 35 2
975	93 37 1 70
976	87 4 33 28
977	52 23 25 67
978	79 63 42 67
979	26 34 65 19
980	71 26 15 7
981	5 93 69 4
982	80 2 55 28
983	39 42 72 80
984	23 36 52 77
985	9 80 49 62
986	46 71 26 48
987	57 43 96 14
988	61 9 5 32
989	50 27 42 97
990	79 98 28 94
991	63 38 77 34
992	70 57 74 18
993	11 62 7 45
994	20 75 52 21
995	40 27 20 25
996	88 13 18 33
997	21 40 3 55
998	21 32 24 15
999	46 24 94 22
1000	29 43 45 66
