Students	1000
1	18 44 45 12
2	85 74 60 32
3	59 81 7 79
4	74 10 83 58
5	26 45 63 99
6	11 55 87 17
7	64 66 1 15
8	74 58 87 73
9	44 36 50 53
10	44 100 36 34
11	67 81 82 87
12	99 100 29 93
13	40 97 54 35
14	81 98 19 87
15	68 84 76 39
16	98 74 54 40
17	59 55 94 24
18	22 55 11 64
19	89 3 38 27
20	52 59 28 15
21	66 44 93 65
22	33 72 90 77
23	40 68 82 62
24	81 32 20 84
25	82 80 46 2
26	3 50 78 60
27	32 21 3 70
28	78 77 29 38
29	11 22 68 58
30	58 15 94 38
31	93 69 82 41
32	60 20 23 39
33	67 100 70 42
34	21 53 64 54
35	6 11 43 32
36	15 13 18 11
37	57 93 32 75
38	56 70 93 23
39	68 57 86 14
40	76 96 89 19
41	66 1 74 81
42	37 47 76 61
43	43 50 98 80
44	90 32 33 79
45	60 61 51 76
46	54 49 21 1
47	77 76 91 41
48	58 28 35 90
49	61 41 56 3
50	73 68 85 81
51	94 67 86 32
52	49 32 74 2
53	81 89 38 78
54	48 4 40 33
55	42 50 57 26
56	66 7 91 58
57	44 86 17 38
58	68 18 15 37
59	26 48 100 57
60	82 34 63 64
61	30 7 6 91
62	63 67 12 85
63	31 41 38 23
64	99 18 31 2
65	13 22 78 42
66	81 13 61 56
67	10 60 9 85
68	63 41 71 90
69	21 31 79 71
70	3 11 42 86
71	48 8 68 31
72	57 96 18 22
73	96 29 50 43
74	8 88 39 45
75	65 14 80 79
76	38 47 22 40
77	9 44 28 37
78	44 6 19 23
79	98 35 59 66
80	28 40 97 67
81	38 61 36 57
82	6 54 7 74
83	93 33 78 67
84	96 62 34 84
85	7 8 37 93
86	81 52 82 95
87	13 76 91 6
88	26 35 93 91
89	14 24 79 78
90	27 40 97 88
91	8 71 40 20
92	30 1 28 18
93	49 32 7 33
94	41 39 73 99
95	4 57 33 37
96	86 31 8 76
97	100 41 86 2
98	10 49 27 16
99	3 67 33 40
100	90 10 5 69
101	61 46 80 35
102	63 81 36 22
103	98 31 38 46
104	29 45 83 82
105	29 42 7 36
106	64 58 85 75
107	53 84 47 14
108	21 67 96 72
109	37 44 89 31
110	73 84 59 74
111	54 56 32 84
112	18 67 31 24
113	29 100 10 78
114	8 49 2 77
115	13 11 2 15
116	95 42 38 21
117	20 37 65 41
118	2 88 85 9
119	4 56 13 85
120	53 31 35 94
121	66 95 25 93
122	43 26 82 98
123	18 58 59 6
124	19 80 12 37
125	49 59 36 82
126	24 29 79 74
127	26 52 25 44
128	76 2 28 85
129	75 63 14 40
130	95 50 45 15
131	23 57 53 41
132	99 85 32 24
133	1 66 29 33
134	87 55 19 75
135	78 83 31 72
136	60 88 2 73
137	47 46 13 61
138	87 30 65 51
139	79 58 45 23
140	70 85 25 36
141	11 14 36 71
142	37 4 42 68
143	33 60 32 58
144	66 61 81 50
145	51 26 68 79
146	59 51 66 86
147	87 62 69 73
148	75 88 49 97
149	48 61 7 75
150	51 94 12 86
151	45 38 7 15
152	47 94 54 4
153	26 22 71 5
154	39 9 46 83
155	48 21 82 75
156	75 43 79 55
157	30 18 49 92
158	95 92 2 45
159	64 13 71 79
160	34 15 37 6
161	100 26 48 72
162	79 13 25 83
163	53 91 66 56
164	14 23 44 92
165	32 66 63 77
166	43 68 4 29
167	25 88 33 60
168	11 23 67 4
169	13 47 100 53
170	58 55 40 12
171	84 79 65 82
172	53 31 98 82
173	89 71 61 12
174	51 47 56 83
175	37 100 97 27
176	86 48 68 53
177	100 90 57 59
178	81 46 43 42
179	15 79 7 58
180	31 64 8 24
181	19 55 16 49
182	4 21 77 59
183	30 67 38 8
184	85 96 19 87
185	38 10 7 58
186	73 76 80 9
187	78 82 19 38
188	31 77 13 16
189	16 98 85 74
190	91 9 56 55
191	17 61 71 85
192	98 22 52 83
193	12 31 44 25
194	38 72 48 31
195	77 55 40 88
196	79 6 9 43
197	90 57 34 28
198	17 79 18 25
199	32 6 33 19
200	15 1 50 43
201	34 77 88 32
202	77 52 3 63
203	14 82 11 2
204	16 77 4 90
205	13 81 84 17
206	38 17 22 11
207	85 39 50 11
208	55 9 43 31
209	72 51 40 65
210	9 8 67 11
211	66 87 7 13
212	79 82 27 39
213	69 18 3 51
214	51 38 20 77
215	91 75 39 94
216	46 70 74 56
217	92 42 25 36
218	64 87 82 13
219	37 36 15 66
220	3 78 47 93
221	42 62 24 52
222	61 85 77 72
223	38 96 79 45
224	16 19 37 95
225	86 56 68 11
226	91 4 79 60
227	81 57 92 42
228	99 79 81 8
229	7 96 34 66
230	47 90 61 55
231	53 3 37 16
232	35 85 74 8
233	13 1 31 5
234	90 1 80 100
235	69 78 56 84
236	62 78 30 92
237	69 16 93 73
238	37 31 29 86
239	30 57 84 76
240	65 66 23 27
241	84 70 77 23
242	17 26 31 36
243	55 83 73 20
244	92 5 9 52
245	87 17 70 95
246	34 59 46 3
247	61 31 44 60
248	56 79 87 30
249	71 31 88 4
250	53 1 69 96
251	25 14 60 62
252	74 87 43 11
253	66 78 64 46
254	40 93 19 77
255	20 53 41 86
256	57 18 40 15
257	67 92 17 51
258	22 15 45 80
259	59 5 9 2
260	45 75 76 10
261	56 78 32 99
262	14 11 6 3
263	54 41 29 92
264	37 32 6 38
265	55 21 79 45
266	28 55 40 96
267	32 38 21 91
268	75 21 8 39
269	37 1 12 36
270	19 6 17 82
271	26 77 92 89
272	24 100 72 53
273	89 5 36 19
274	80 51 10 90
275	88 69 50 89
276	61 64 12 22
277	41 88 61 17
278	79 24 14 61
279	48 95 100 23
280	16 6 92 37
281	4 75 49 52
282	32 99 45 76
283	35 30 91 74
284	49 74 22 59
285	41 3 39 97
286	98 92 13 83
287	66 19 28 46
288	73 90 60 50
289	54 21 73 56
290	53 36 5 32
291	94 10 75 96
292	56 81 7 8
293	21 48 7 62
294	26 62 89 10
295	78 15 5 51
296	45 88 24 91
297	21 67 74 22
298	93 5 11 2
299	3 19 48 37
300	87 23 40 77
301	86 57 29 74
302	28 45 75 5
303	44 84 98 64
304	95 5 79 17
305	98 77 65 53
306	84 64 31 6
307	16 12 83 92
308	76 56 70 42
309	51 16 97 15
310	42 61 9 43
311	99 83 32 24
312	77 9 1 93
313	92 56 62 30
314	1 69 28 9
315	22 46 44 67
316	69 14 94 56
317	20 75 8 92
318	27 95 18 79
319	98 59 61 18
320	8 77 28 18
321	88 65 39 40
322	37 48 22 61
323	16 8 24 56
324	43 56 7 86
325	17 24 8 91
326	62 90 77 84
327	81 2 63 67
328	31 71 64 28
329	73 22 58 94
330	18 11 50 67
331	66 73 70 41
332	22 30 15 17
333	1 81 50 69
334	94 69 62 68
335	31 73 74 2
336	52 70 78 32
337	67 72 17 77
338	27 38 71 88
339	8 66 6 78
340	1 88 35 98
341	78 36 21 66
342	36 16 34 85
343	56 65 34 79
344	69 87 17 29
345	33 42 7 43
346	45 19 72 94
347	23 80 13 81
348	93 55 86 43
349	70 6 86 18
350	39 68 33 31
351	31 5 19 63
352	14 18 96 52
353	18 67 85 3
354	44 88 8 47
355	40 54 77 76
356	86 70 83 58
357	7 30 21 48
358	44 31 71 62
359	46 29 44 56
360	98 71 48 97
361	23 13 18 54
362	98 37 50 33
363	16 68 34 81
364	57 1 59 15
365	91 27 65 53
366	85 62 76 45
367	17 41 64 67
368	24 54 6 32
369	66 24 65 100
370	15 75 91 48
371	39 53 22 95
372	91 97 40 31
373	9 95 74 2
374	22 72 56 21
375	27 69 50 68
376	40 84 14 75
377	45 16 94 3
378	58 41 71 35
379	7 58 49 31
380	79 17 84 49
381	71 11 47 3
382	82 1 4 43
383	37 27 35 3
384	10 21 38 16
385	46 29 26 31
386	51 45 44 28
387	43 87 30 83
388	64 19 57 25
389	87 73 28 82
390	46 66 59 100
391	42 32 38 36
392	49 62 86 34
393	44 86 59 92
394	62 88 39 34
395	47 62 28 2
396	27 92 29 58
397	64 19 45 26
398	21 52 15 56
399	31 29 98 6
400	10 99 30 20
401	51 7 68 2
402	13 43 7 69
403	94 12 5 23
404	99 68 21 77
405	46 9 40 69
406	64 85 76 75
407	11 53 41 23
408	17 23 60 15
409	58 15 60 57
410	14 89 24 98
411	94 56 4 93
412	73 12 29 4
413	80 58 95 21
414	13 85 48 31
415	13 53 9 73
416	84 76 63 72
417	50 21 65 74
418	62 48 25 55
419	78 64 87 74
420	73 21 32 13
421	52 22 93 42
422	40 98 89 52
423	26 55 15 56
424	62 4 30 27
425	93 92 20 73
426	51 59 8 66
427	96 77 97 23
428	67 9 72 56
429	13 17 10 45
430	30 12 21 85
431	30 36 73 8
432	100 18 62 97
433	16 87 67 26
434	55 79 81 61
435	50 85 60 59
436	33 46 91 61
437	81 10 97 75
438	31 41 55 45
439	82 61 32 77
440	3 50 36 40
441	60 81 20 90
442	44 78 64 10
443	42 8 78 85
444	70 19 53 94
445	50 3 93 34
446	5 11 87 50
447	17 100 57 13
448	91 78 96 84
449	31 1 23 48
450	48 70 11 13
451	43 61 20 5
452	70 66 79 86
453	15 2 80 77
454	50 6 26 5
455	31 55 44 95
456	50 84 77 25
457	82 100 75 48
458	47 58 6 39
459	57 12 47 3
460	52 21 54 97
461	36 100 65 89
462	73 28 67 83
463	81 79 16 57
464	59 12 65 18
465	8 99 80 93
466	77 44 80 33
467	89 90 66 21
468	87 21 22 30
469	82 50 62 29
470	72 98 87 14
471	92 11 76 38
472	68 30 91 55
473	52 15 21 12
474	72 38 41 5
475	70 26 85 69
476	21 62 94 5
477	81 78 96 97
478	95 49 12 29
479	59 83 16 38
480	16 36 79 58
481	15 82 5 8
482	88 68 23 35
483	73 97 87 84
484	30 93 5 3
485	57 11 26 38
486	60 100 78 26
487	3 64 33 6
488	78 95 88 93
489	86 64 92 35
490	18 87 4 8
491	87 1 44 96
492	40 76 45 19
493	48 17 98 61
494	42 85 96 59
495	99 55 37 85
496	14 92 20 73
497	51 79 78 95
498	32 46 31 6
499	68 14 61 63
500	24 4 83 51
501	86 84 7 28
502	34 89 45 67
503	84 72 34 46
504	2 60 22 100
505	82 80 36 74
506	94 3 22 1
507	32 70 42 30
508	74 23 32 3
509	89 33 39 76
510	65 26 84 28
511	26 65 39 49
512	28 44 11 99
513	58 59 97 89
514	12 82 13 68
515	66 76 6 45
516	48 85 64 59
517	55 71 3 16
518	12 34 29 58
519	18 37 61 96
520	53 96 2 82
521	41 15 53 16
522	4 55 5 29
523	47 85 38 59
524	17 45 9 15
525	10 22 47 73
526	11 65 100 93
527	32 67 16 57
528	98 72 6 53
529	21 8 2 94
530	18 34 62 64
531	65 44 38 100
532	34 4 80 71
533	22 52 91 93
534	8 39 74 25
535	98 7 44 33
536	41 21 66 42
537	88 99 15 19
538	78 32 11 81
539	13 46 77 92
540	65 91 34 4
541	70 29 62 23
542	2 43 4 36
543	29 68 43 44
544	83 8 72 75
545	82 71 67 15
546	88 6 72 64
547	29 31 32 81
548	86 87 13 33
549	100 61 57 94
550	87 42 25 56
551	83 10 87 38
552	34 99 75 83
553	75 71 86 55
554	67 87 45 39
555	12 97 29 23
556	22 6 3 61
557	85 4 83 48
558	21 79 96 78
559	16 10 91 6
560	70 18 23 73
561	75 24 74 1
562	57 74 3 17
563	86 52 46 2
564	29 20 17 95
565	46 38 81 39
566	25 27 78 8
567	67 99 3 48
568	27 97 54 16
569	14 18 73 2
570	76 63 48 39
571	24 9 78 33
572	29 86 76 59
573	49 77 46 25
574	42 24 79 40
575	79 62 64 56
576	53 42 92 18
577	81 40 47 57
578	5 44 71 16
579	93 6 65 56
580	42 90 100 91
581	7 57 56 74
582	96 71 73 64
583	65 34 76 70
584	45 42 30 68
585	6 11 65 70
586	75 31 18 91
587	58 45 20 57
588	94 16 99 86
589	26 85 92 91
590	87 31 54 33
591	20 88 95 21
592	70 84 97 96
593	95 43 96 7
594	43 87 85 80
595	98 97 41 71
596	80 82 90 81
597	71 88 78 4
598	27 44 20 98
599	95 39 88 8
600	97 38 76 52
601	89 49 29 47
602	86 98 54 91
603	1 8 84 55
604	62 54 35 61
605	51 23 40 68
606	50 53 72 44
607	18 30 35 2
608	8 3 96 20
609	69 82 61 28
610	1 38 7 33
611	10 1 61 72
612	82 96 36 78
613	49 26 3 33
614	4 94 49 17
615	57 94 46 20
616	92 55 39 33
617	50 9 72 99
618	34 17 39 12
619	49 54 25 53
620	54 69 15 64
621	32 41 12 84
622	54 5 7 61
623	100 19 49 30
624	18 15 77 54
625	97 52 9 82
626	71 45 55 49
627	53 1 69 28
628	83 31 14 93
629	68 80 31 26
630	80 38 55 26
631	40 12 15 97
632	70 78 15 12
633	77 22 53 16
634	18 1 19 67
635	2 44 86 40
636	59 74 100 5
637	56 89 75 72
638	47 52 58 21
639	32 4 6 58
640	95 10 35 14
641	37 87 22 76
642	58 77 28 92
643	32 97 56 75
644	19 77 93 78
645	13 17 15 5
646	1 100 64 83
647	19 50 45 78
648	5 76 80 67
649	18 98 59 33
650	78 24 19 17
651	11 97 63 25
652	69 99 15 67
653	28 45 40 38
654	41 6 77 29
655	73 46 3 13
656	60 43 88 83
657	13 38 58 37
658	18 92 73 41
659	7 12 42 50
660	81 74 28 55
661	1 92 65 81
662	57 39 44 97
663	83 98 38 99
664	95 26 20 36
665	56 19 70 83
666	10 2 98 29
667	16 20 19 89
668	66 98 86 96
669	86 99 41 77
670	11 74 36 69
671	62 88 71 91
672	7 95 21 40
673	69 88 65 8
674	75 39 9 87
675	92 39 86 38
676	15 4 11 30
677	34 22 67 3
678	95 86 65 48
679	20 67 69 65
680	12 87 62 48
681	53 44 55 17
682	28 81 27 70
683	6 88 100 63
684	89 80 90 20
685	83 13 17 100
686	31 58 16 72
687	29 2 26 89
688	69 82 71 45
689	63 74 23 15
690	67 80 13 96
691	13 20 63 92
692	60 100 78 18
693	98 60 81 57
694	22 90 92 48
695	65 49 67 50
696	36 32 33 23
697	71 4 8 5
698	93 31 75 8
699	86 8 15 80
700	47 20 2 41
701	71 3 58 98
702	99 23 16 17
703	48 26 44 79
704	38 23 10 15
705	42 38 74 91
706	62 97 35 47
707	41 30 44 100
708	18 86 49 64
709	81 46 64 42
710	45 53 65 6
711	60 30 93 96
712	92 8 12 41
713	33 76 13 18
714	61 72 63 37
715	57 70 83 69
716	84 38 59 77
717	71 99 76 29
718	85 2 20 9
719	93 81 78 4
720	75 46 19 48
721	55 37 33 29
722	14 58 21 69
723	74 3 81 59
724	51 76 68 4
725	36 82 85 60
726	76 93 46 95
727	48 52 99 88
728	6 80 90 31
729	12 98 44 89
730	3 27 5 70
731	7 65 52 41
732	63 8 30 15
733	9 90 33 80
734	69 45 41 5
735	11 32 65 81
736	41 92 99 20
737	43 33 45 69
738	12 47 79 68
739	78 64 57 37
740	47 81 24 56
741	84 73 33 25
742	7 3 65 62
743	85 78 63 74
744	63 26 5 45
745	21 69 54 12
746	51 17 11 99
747	33 38 14 4
748	56 73 89 2
749	79 77 25 73
750	89 56 47 80
751	99 79 34 23
752	86 62 16 74
753	1 62 34 54
754	11 52 16 51
755	63 49 96 94
756	72 99 1 21
757	4 67 77 73
758	76 65 24 88
759	17 43 8 48
760	62 4 43 93
761	55 6 73 62
762	63 47 72 85
763	38 52 21 37
764	64 70 14 73
765	56 23 52 65
766	70 18 91 80
767	54 94 95 27
768	99 38 47 93
769	86 53 70 82
770	85 8 50 84
771	27 73 19 30
772	34 51 4 90
773	95 58 79 57
774	40 31 2 30
775	79 18 57 24
776	60 79 84 67
777	11 22 35 82
778	95 36 11 80
779	17 73 62 11
780	26 92 12 50
781	7 64 8 56
782	92 34 81 99
783	54 65 55 22
784	26 86 97 92
785	16 99 72 46
786	45 78 42 47
787	16 52 81 64
788	33 10 96 72
789	91 50 23 61
790	70 85 18 17
791	68 75 7 25
792	20 73 29 13
793	40 12 52 99
794	84 44 49 86
795	77 12 94 93
796	83 42 84 75
797	66 23 53 1
798	65 30 69 44
799	76 29 99 95
800	78 55 48 85
801	16 42 94 65
802	21 72 10 29
803	37 22 78 68
804	22 36 41 75
805	71 22 92 56
806	55 73 84 99
807	8 12 82 52
808	76 82 62 2
809	69 44 16 100
810	6 98 100 9
811	93 16 54 23
812	74 38 55 9
813	20 86 15 84
814	92 27 28 97
815	96 44 47 51
816	32 12 24 57
817	78 26 57 47
818	47 34 30 98
819	67 1 48 56
820	66 73 5 46
821	84 68 59 62
822	29 9 94 78
823	85 49 78 94
824	90 44 68 52
825	47 53 38 37
826	65 23 99 32
827	16 91 18 12
828	15 34 24 63
829	45 77 86 90
830	11 59 10 89
831	90 34 39 80
832	49 18 27 81
833	12 77 70 86
834	20 31 46 93
835	46 30 14 83
836	54 49 28 66
837	40 36 86 48
838	34 86 27 66
839	89 49 60 91
840	40 20 42 13
841	43 79 65 14
842	93 60 13 43
843	58 75 59 39
844	91 64 2 26
845	76 42 20 51
846	59 56 96 89
847	85 37 92 70
848	9 66 19 64
849	35 62 16 78
850	88 53 59 12
851	100 7 32 52
852	23 52 32 91
853	26 45 1 60
854	22 46 77 59
855	4 29 24 86
856	64 25 79 22
857	33 3 93 23
858	14 19 75 16
859	49 81 90 50
860	29 41 33 97
861	81 1 50 29
862	29 13 100 66
863	7 74 19 27
864	60 20 61 15
865	32 59 78 3
866	54 96 44 78
867	20 11 61 70
868	60 71 46 100
869	85 75 5 58
870	28 3 1 4
871	79 13 16 34
872	64 98 66 73
873	33 29 57 79
874	71 90 81 66
875	20 48 49 3
876	89 74 67 65
877	37 77 92 21
878	84 16 42 30
879	50 76 71 94
880	68 55 11 63
881	100 41 43 5
882	69 98 1 29
883	43 12 97 95
884	87 68 31 91
885	95 20 4 89
886	83 61 94 30
887	15 75 57 41
888	37 65 95 75
889	11 44 87 98
890	90 69 50 59
891	88 61 39 17
892	80 91 32 69
893	79 61 23 28
894	13 8 39 42
895	83 35 70 90
896	85 5 69 77
897	26 92 94 15
898	86 2 66 41
899	65 98 35 11
900	100 9 13 34
901	71 97 57 85
902	65 57 55 17
903	59 33 52 81
904	24 95 76 39
905	77 28 64 50
906	96 41 39 30
907	53 42 3 39
908	11 84 22 45
909	8 1 70 41
910	82 65 49 20
911	35 29 60 43
912	27 58 81 3
913	35 92 63 13
914	57 19 56 25
915	97 49 89 3
916	28 30 14 66
917	18 79 51 64
918	70 43 74 81
919	52 30 94 15
920	81 32 40 92
921	71 13 67 4
922	16 64 100 38
923	55 36 21 60
924	17 88 58 27
925	37 100 12 16
926	34 68 35 4
927	20 16 54 53
928	21 27 20 30
929	2 53 91 7
930	96 66 69 82
931	83 87 43 65
932	99 75 79 32
933	72 46 9 53
934	74 73 54 94
935	22 15 28 14
936	72 49 31 51
937	58 39 41 81
938	57 48 78 71
939	50 45 34 92
940	65 89 70 46
941	39 45 62 23
942	89 41 58 18
943	18 13 46 82
944	97 5 33 43
945	8 85 78 40
946	92 18 4 10
947	96 22 65 70
948	58 13 71 70
949	70 62 95 94
950	92 79 46 73
951	67 9 78 92
952	39 66 34 92
953	79 30 54 39
954	92 87 68 23
955	43 36 76 80
956	8 74 36 81
957	85 95 9 94
958	19 31 50 3
959	47 23 18 44
960	94 14 71 73
961	6 89 15 85
962	42 63 19 98
963	27 32 65 41
964	77 44 85 64
965	60 62 67 94
966	91 89 24 25
967	91 31 76 37
968	15 29 90 84
969	12 66 10 98
970	23 9 56 69
971	59 27 38 66
972	18 86 12 68
973	54 4 8 85
974	30 81 47 97
975	18 99 60 32
976	47 66 18 22
977	20 53 57 31
978	58 15 67 88
979	13 1 66 16
980	73 92 38 29
981	16 21 100 78
982	76 74 65 33
983	30 70 77 48
984	95 39 72 56
985	14 32 9 31
986	10 51 24 86
987	98 28 90 21
988	15 39 72 89
989	21 71 1 87
990	97 85 46 83
991	60 87 21 23
992	14 26 88 17
993	37 15 33 41
994	1 95 38 40
995	64 7 66 91
996	11 40 14 90
997	76 35 58 20
998	18 74 28 78
999	31 43 51 53
1000	58 29 17 44
