Students	1000
1	7 51 91 50
2	6 58 72 90
3	21 60 35 95
4	72 78 33 61
5	59 76 80 71
6	13 73 78 23
7	20 26 24 83
8	87 6 94 71
9	43 31 4 29
10	50 60 93 57
11	46 14 74 25
12	85 55 7 12
13	80 7 72 57
14	13 66 50 37
15	21 3 78 92
16	6 17 8 74
17	15 38 57 98
18	38 77 29 26
19	40 15 49 65
20	53 18 47 61
21	92 15 56 54
22	68 65 4 72
23	100 99 41 40
24	97 90 38 5
25	96 72 82 73
26	64 74 36 5
27	53 71 7 84
28	53 19 48 90
29	34 54 33 93
30	82 44 25 19
31	90 26 85 28
32	80 64 90 37
33	48 7 71 30
34	23 39 15 31
35	59 11 55 3
36	18 14 50 80
37	28 89 95 25
38	21 90 3 6
39	77 20 27 62
40	83 3 39 36
41	76 74 82 58
42	97 31 7 19
43	79 75 43 35
44	48 43 60 20
45	44 74 47 41
46	97 69 7 53
47	45 9 32 98
48	13 4 37 35
49	12 33 78 89
50	69 46 8 44
51	58 16 27 7
52	98 42 57 66
53	58 52 29 64
54	33 20 45 36
55	39 97 62 24
56	10 38 53 100
57	92 96 64 81
58	76 44 34 6
59	86 39 100 19
60	79 13 23 44
61	32 48 31 98
62	8 32 39 2
63	38 19 74 18
64	82 85 41 40
65	39 71 68 95
66	88 60 33 44
67	6 20 81 1
68	71 58 8 84
69	57 12 5 15
70	42 39 84 38
71	26 33 30 1
72	35 2 41 19
73	49 54 78 41
74	66 6 15 24
75	35 53 67 24
76	40 34 45 57
77	65 64 60 41
78	2 49 83 39
79	82 37 13 63
80	99 4 100 79
81	92 41 73 98
82	49 42 91 90
83	62 36 40 69
84	94 99 69 22
85	3 7 79 35
86	5 46 24 77
87	82 75 90 59
88	41 27 10 11
89	2 71 31 3
90	74 81 88 85
91	95 36 17 34
92	31 82 96 26
93	70 94 28 25
94	47 78 77 17
95	42 90 88 53
96	81 4 47 80
97	10 24 77 39
98	48 51 92 88
99	14 64 71 59
100	14 12 28 67
101	68 96 28 2
102	46 58 95 35
103	19 67 42 4
104	72 67 1 84
105	69 55 1 20
106	87 45 41 26
107	27 7 18 93
108	34 53 78 94
109	21 77 63 29
110	92 39 64 18
111	83 69 75 40
112	43 14 18 77
113	1 79 6 59
114	58 97 73 56
115	46 86 65 67
116	28 38 17 15
117	84 83 59 55
118	73 43 52 25
119	6 76 18 60
120	63 80 46 3
121	64 92 83 3
122	63 52 100 62
123	61 38 17 35
124	65 97 50 29
125	9 69 83 55
126	83 4 47 60
127	96 97 62 80
128	65 91 88 82
129	82 96 35 45
130	32 15 93 34
131	92 86 26 10
132	46 60 5 34
133	95 91 53 3
134	60 52 89 90
135	97 28 75 84
136	20 59 81 63
137	65 15 59 70
138	54 86 82 94
139	7 28 32 39
140	98 87 12 21
141	90 82 7 15
142	78 94 22 99
143	100 55 80 64
144	67 72 82 23
145	38 17 64 95
146	32 26 4 65
147	23 16 38 87
148	5 99 3 64
149	77 48 36 71
150	63 36 94 45
151	66 13 17 73
152	35 63 57 27
153	31 92 62 66
154	35 58 5 65
155	10 64 87 35
156	70 98 1 88
157	5 46 80 57
158	68 82 35 54
159	36 3 63 4
160	21 93 18 90
161	24 2 41 55
162	4 43 53 68
163	63 99 75 78
164	63 89 71 28
165	88 81 76 16
166	83 66 4 99
167	60 45 42 20
168	99 4 37 45
169	61 55 34 88
170	4 40 39 74
171	24 5 84 22
172	85 39 93 20
173	66 47 75 42
174	38 63 37 70
175	63 78 52 71
176	41 1 47 39
177	36 54 8 43
178	88 9 86 30
179	61 23 65 32
180	7 4 71 1
181	81 39 99 47
182	46 17 7 12
183	15 27 65 91
184	30 5 53 50
185	48 72 84 19
186	23 16 29 52
187	41 5 75 2
188	11 87 86 88
189	6 61 65 28
190	38 26 52 68
191	30 27 94 89
192	59 42 31 29
193	22 54 51 61
194	24 91 48 94
195	58 8 62 51
196	85 92 93 56
197	80 40 69 22
198	59 47 15 98
199	13 63 74 82
200	60 23 82 56
201	34 40 16 92
202	21 9 45 27
203	71 75 5 15
204	32 62 89 96
205	41 48 6 29
206	78 50 94 25
207	37 99 89 24
208	98 8 53 75
209	42 14 18 68
210	88 65 19 40
211	9 75 77 90
212	3 35 48 80
213	63 52 65 72
214	27 3 16 22
215	61 35 39 19
216	92 93 49 50
217	91 73 96 58
218	17 18 58 96
219	7 92 70 40
220	61 53 40 76
221	86 77 57 52
222	9 44 58 14
223	100 30 65 58
224	2 86 47 94
225	95 16 96 70
226	100 10 42 24
227	90 83 25 89
228	57 17 60 77
229	100 53 25 77
230	73 27 83 38
231	100 75 77 16
232	14 16 12 35
233	52 96 78 63
234	3 47 45 28
235	17 73 20 40
236	4 55 3 38
237	90 12 87 78
238	68 7 24 50
239	88 17 80 93
240	62 100 80 75
241	46 87 4 86
242	39 80 52 12
243	67 90 95 77
244	72 88 62 46
245	6 64 19 86
246	11 68 23 81
247	64 89 66 96
248	32 62 40 12
249	92 63 8 31
250	5 35 37 98
251	37 49 9 2
252	73 8 60 11
253	29 8 88 81
254	100 51 23 20
255	72 1 94 4
256	17 58 43 73
257	46 49 21 8
258	77 81 56 1
259	73 93 71 46
260	57 92 6 80
261	78 80 17 8
262	82 46 84 13
263	32 85 54 47
264	28 86 50 65
265	66 73 23 16
266	5 69 58 32
267	8 63 73 61
268	47 86 83 82
269	2 22 28 84
270	56 13 14 16
271	4 9 3 95
272	95 55 100 47
273	17 55 35 53
274	76 45 42 74
275	15 29 74 53
276	82 6 59 63
277	21 20 92 99
278	97 34 25 16
279	52 53 76 34
280	39 3 71 26
281	27 62 89 57
282	9 23 79 38
283	31 6 64 69
284	11 13 23 78
285	52 95 68 57
286	19 23 32 79
287	82 11 29 70
288	25 38 2 73
289	58 42 97 28
290	92 21 7 71
291	15 51 3 26
292	64 77 93 54
293	3 9 41 12
294	3 14 54 51
295	29 5 77 83
296	74 63 72 96
297	93 4 18 34
298	62 30 7 87
299	46 40 29 60
300	64 86 79 61
301	72 45 87 41
302	36 83 90 77
303	44 75 64 8
304	1 26 88 42
305	74 17 70 99
306	10 83 43 98
307	31 12 97 40
308	65 15 58 95
309	27 12 7 91
310	51 31 47 80
311	82 66 18 70
312	74 89 64 87
313	7 9 12 70
314	86 52 47 8
315	22 46 75 40
316	90 14 81 10
317	67 100 11 32
318	40 96 73 83
319	1 89 32 43
320	60 57 30 16
321	5 14 83 96
322	1 94 64 97
323	36 53 31 12
324	60 36 38 18
325	72 93 81 79
326	59 31 6 1
327	91 56 66 87
328	7 20 10 86
329	70 93 90 44
330	66 48 91 86
331	70 2 61 73
332	28 33 61 44
333	38 40 15 52
334	29 38 89 85
335	50 67 86 44
336	62 1 98 13
337	69 58 79 10
338	95 36 34 25
339	97 55 11 10
340	83 9 40 32
341	1 74 63 59
342	81 38 41 79
343	83 92 14 75
344	96 69 87 77
345	29 69 44 78
346	16 96 93 26
347	77 83 20 97
348	100 2 16 69
349	51 97 82 59
350	3 27 38 59
351	45 83 40 33
352	31 95 6 30
353	60 17 88 22
354	54 42 4 46
355	5 34 9 52
356	84 26 98 6
357	78 32 30 58
358	38 78 82 9
359	14 36 18 95
360	59 90 29 83
361	58 77 27 44
362	43 17 45 90
363	25 41 65 85
364	73 70 66 53
365	34 20 92 77
366	34 83 60 76
367	91 12 60 26
368	39 66 5 54
369	14 84 92 90
370	4 55 81 12
371	22 26 33 4
372	16 22 78 84
373	45 46 32 86
374	96 1 3 75
375	37 30 29 51
376	38 29 25 24
377	99 13 6 95
378	100 91 38 42
379	87 99 80 7
380	66 86 46 45
381	89 69 21 76
382	26 5 85 36
383	97 96 9 58
384	2 37 48 26
385	51 96 63 99
386	67 60 57 90
387	77 87 86 21
388	70 57 15 23
389	81 73 82 94
390	47 45 56 98
391	72 54 65 8
392	39 67 20 85
393	18 63 49 45
394	12 71 85 92
395	47 9 78 17
396	29 37 96 23
397	64 32 3 95
398	68 71 35 6
399	88 41 93 10
400	20 54 93 2
401	70 91 34 88
402	77 1 38 3
403	44 96 92 99
404	96 6 50 31
405	79 19 56 14
406	81 98 20 19
407	30 14 41 16
408	16 33 51 55
409	35 74 90 27
410	93 66 35 2
411	30 81 18 95
412	68 61 51 9
413	41 48 15 9
414	37 45 68 85
415	45 35 84 7
416	33 98 43 79
417	51 73 33 37
418	80 94 60 43
419	71 54 63 98
420	94 21 92 74
421	84 32 50 44
422	46 9 18 71
423	85 95 12 18
424	4 39 63 40
425	62 92 53 1
426	52 57 12 51
427	36 24 10 40
428	90 37 80 85
429	35 67 41 51
430	86 100 73 36
431	12 92 1 75
432	7 100 24 86
433	86 13 29 41
434	14 83 99 65
435	5 45 24 84
436	61 85 97 1
437	7 15 68 31
438	88 95 78 53
439	23 53 12 59
440	89 95 94 51
441	22 62 26 94
442	43 80 93 70
443	100 75 89 54
444	1 70 44 39
445	11 14 5 69
446	56 54 73 33
447	21 37 100 25
448	31 40 99 32
449	62 87 56 15
450	76 24 93 14
451	63 29 15 79
452	61 28 46 20
453	33 62 46 96
454	83 41 60 63
455	41 70 81 5
456	16 89 53 2
457	97 84 24 55
458	2 4 88 53
459	44 13 72 41
460	60 99 16 85
461	82 25 37 78
462	8 64 94 72
463	52 57 62 16
464	72 65 44 84
465	24 36 22 93
466	58 89 95 6
467	84 51 10 32
468	93 48 85 88
469	54 63 20 83
470	81 72 96 59
471	88 17 93 70
472	53 32 98 43
473	3 7 14 31
474	41 91 50 70
475	62 5 69 48
476	81 25 11 17
477	21 31 56 24
478	63 24 79 49
479	27 77 76 80
480	82 11 13 23
481	39 67 53 14
482	51 92 9 81
483	93 72 36 44
484	41 21 66 4
485	51 65 3 7
486	19 11 34 79
487	70 77 21 59
488	54 82 5 17
489	34 85 81 97
490	25 86 39 72
491	13 74 42 7
492	5 86 60 64
493	57 94 42 39
494	69 96 26 43
495	98 72 8 3
496	1 89 64 45
497	96 53 92 72
498	6 47 26 19
499	35 52 5 99
500	48 90 9 34
501	99 86 63 60
502	55 71 51 25
503	97 24 64 16
504	11 20 33 81
505	7 95 21 11
506	93 21 34 24
507	90 58 33 79
508	77 84 94 78
509	94 23 45 21
510	76 11 99 31
511	41 78 52 90
512	93 84 16 88
513	2 27 17 73
514	9 83 62 96
515	50 83 53 2
516	60 41 84 45
517	81 88 72 11
518	17 27 38 16
519	95 90 59 66
520	58 84 15 89
521	52 7 93 31
522	81 82 57 23
523	10 39 45 29
524	56 62 87 16
525	23 93 38 75
526	34 33 57 72
527	13 20 3 25
528	62 11 44 43
529	100 73 93 21
530	30 75 85 99
531	49 32 45 60
532	48 50 69 95
533	91 51 1 2
534	40 27 31 89
535	98 23 92 37
536	44 63 100 8
537	1 3 15 74
538	46 21 65 54
539	4 46 78 68
540	9 33 17 47
541	83 64 6 22
542	83 94 23 66
543	61 60 52 74
544	27 53 2 11
545	28 17 1 49
546	61 92 69 70
547	65 39 66 92
548	12 28 2 59
549	92 43 23 7
550	30 81 82 28
551	36 92 55 60
552	20 46 69 26
553	91 83 47 25
554	16 59 72 39
555	15 56 39 98
556	55 46 100 35
557	21 85 45 39
558	28 43 35 53
559	54 17 70 58
560	10 79 36 90
561	39 96 30 35
562	72 14 41 62
563	42 15 80 49
564	89 16 70 79
565	87 65 86 73
566	73 20 13 34
567	37 43 89 87
568	82 6 43 91
569	79 28 27 4
570	10 52 24 83
571	18 84 53 32
572	78 57 66 5
573	31 81 80 1
574	74 32 10 46
575	25 71 63 4
576	69 45 43 36
577	33 63 16 74
578	100 24 46 83
579	97 49 78 28
580	71 66 34 44
581	38 99 8 61
582	79 13 42 16
583	61 96 71 15
584	57 96 19 8
585	37 22 68 75
586	9 29 88 90
587	58 29 14 26
588	82 75 98 16
589	22 10 26 44
590	82 16 1 43
591	34 60 13 38
592	84 93 8 61
593	83 52 51 55
594	81 92 8 96
595	4 44 63 6
596	53 63 10 6
597	68 38 14 40
598	18 21 79 30
599	87 92 55 65
600	2 16 8 31
601	73 97 62 59
602	96 14 26 27
603	94 3 83 48
604	42 6 37 88
605	67 51 7 62
606	53 61 32 72
607	56 89 78 12
608	60 62 13 3
609	28 18 19 88
610	38 10 97 90
611	87 49 64 32
612	56 44 19 68
613	17 34 23 85
614	46 29 50 93
615	98 42 94 57
616	7 99 96 46
617	71 93 23 99
618	6 74 26 15
619	86 65 42 75
620	92 55 83 16
621	42 86 50 28
622	100 3 58 56
623	63 60 25 52
624	36 49 29 24
625	60 88 20 80
626	78 13 94 84
627	97 95 48 10
628	54 100 48 24
629	94 30 13 26
630	92 51 24 25
631	2 82 27 100
632	89 31 11 26
633	12 4 39 75
634	4 64 35 30
635	31 62 72 22
636	28 45 23 1
637	73 100 11 21
638	9 63 36 86
639	71 53 73 70
640	83 51 84 34
641	7 93 39 89
642	50 15 12 52
643	58 87 39 88
644	8 85 61 1
645	95 45 57 52
646	34 64 7 14
647	54 87 7 25
648	29 49 44 26
649	38 25 66 19
650	84 24 82 11
651	45 87 92 88
652	5 71 89 63
653	84 23 67 92
654	69 3 64 14
655	48 68 44 45
656	15 14 13 20
657	27 69 6 83
658	59 57 15 53
659	54 91 95 14
660	33 31 35 43
661	24 25 60 51
662	17 50 98 19
663	42 5 57 10
664	34 63 70 47
665	54 62 88 81
666	21 48 75 53
667	99 31 5 28
668	29 63 70 96
669	15 68 40 85
670	15 71 61 36
671	79 19 51 61
672	99 82 28 41
673	15 13 63 36
674	29 85 2 34
675	78 36 85 88
676	6 94 35 65
677	70 15 17 71
678	6 72 33 97
679	10 22 30 85
680	17 51 26 16
681	33 83 88 41
682	64 34 84 12
683	69 88 89 28
684	18 39 46 17
685	97 9 84 56
686	77 98 89 63
687	92 62 72 47
688	41 81 1 74
689	85 19 13 73
690	49 7 51 26
691	76 42 73 34
692	50 34 13 58
693	18 2 64 60
694	46 79 34 5
695	70 85 79 91
696	47 89 14 69
697	15 92 65 26
698	17 75 89 38
699	92 70 54 45
700	67 2 32 20
701	16 56 80 90
702	51 80 18 29
703	13 91 35 73
704	27 6 73 41
705	83 96 89 41
706	47 68 80 73
707	89 34 61 71
708	61 27 82 81
709	69 73 12 28
710	95 93 86 45
711	44 5 11 3
712	46 96 32 13
713	10 21 27 34
714	86 18 26 59
715	89 35 82 99
716	93 80 11 58
717	4 8 24 19
718	43 94 68 86
719	20 63 67 42
720	63 29 70 25
721	57 85 91 99
722	80 66 41 13
723	10 2 24 83
724	33 36 67 68
725	41 57 11 27
726	80 45 70 51
727	25 32 34 85
728	76 7 81 86
729	83 16 93 99
730	31 90 9 81
731	78 83 1 30
732	90 49 74 99
733	80 24 65 59
734	7 56 37 42
735	72 74 76 5
736	11 3 70 15
737	29 96 52 34
738	6 67 37 23
739	36 81 29 16
740	38 60 93 27
741	73 84 70 72
742	37 41 42 9
743	41 97 92 9
744	36 53 99 15
745	52 100 8 18
746	82 85 63 99
747	1 73 76 25
748	49 33 70 91
749	69 93 10 57
750	47 73 1 20
751	47 16 42 82
752	33 14 31 91
753	50 31 94 97
754	40 68 81 95
755	45 5 48 86
756	1 80 43 63
757	13 80 75 63
758	5 77 28 7
759	14 18 53 40
760	99 21 98 10
761	56 35 44 73
762	50 81 64 44
763	32 72 77 78
764	80 85 61 100
765	4 85 17 92
766	87 63 71 17
767	45 91 33 100
768	97 69 13 90
769	98 77 36 14
770	40 57 81 9
771	85 48 78 12
772	41 90 57 71
773	48 18 85 84
774	29 67 2 59
775	4 9 97 53
776	1 13 82 22
777	86 21 15 50
778	55 85 63 75
779	38 15 20 23
780	11 79 76 16
781	52 67 87 45
782	45 13 15 41
783	87 71 98 94
784	42 50 41 9
785	8 34 75 19
786	34 72 8 37
787	55 21 1 93
788	21 71 39 2
789	44 31 85 2
790	84 69 43 7
791	10 33 83 73
792	6 18 82 55
793	41 17 86 52
794	70 34 63 36
795	51 33 54 21
796	53 81 42 100
797	91 13 66 1
798	92 52 23 29
799	86 47 50 54
800	37 93 35 82
801	89 23 35 40
802	83 68 76 88
803	57 44 70 25
804	24 18 27 15
805	61 26 63 83
806	22 18 42 38
807	76 92 55 20
808	7 44 43 39
809	79 11 20 100
810	80 31 61 59
811	55 74 95 21
812	48 60 88 22
813	78 58 45 14
814	49 97 35 7
815	34 14 13 82
816	94 6 31 86
817	88 67 12 35
818	91 30 38 52
819	20 48 22 50
820	62 49 66 21
821	48 57 93 26
822	20 67 72 12
823	44 43 42 35
824	35 14 46 24
825	85 90 72 42
826	97 42 55 30
827	8 11 24 57
828	41 78 68 21
829	31 29 6 50
830	93 54 12 75
831	49 19 57 74
832	48 44 4 53
833	19 73 7 96
834	8 16 91 34
835	91 44 10 31
836	94 71 84 79
837	32 67 74 56
838	87 51 70 40
839	60 49 89 76
840	54 93 59 96
841	9 2 54 56
842	61 38 39 48
843	73 40 92 91
844	72 78 75 23
845	16 97 21 91
846	82 41 2 20
847	21 29 25 9
848	34 40 53 94
849	45 98 12 57
850	74 53 42 30
851	92 57 74 7
852	68 56 98 66
853	76 97 44 19
854	28 48 64 94
855	31 62 85 14
856	58 64 37 87
857	89 97 66 56
858	48 59 4 47
859	81 73 23 11
860	98 59 76 12
861	55 93 43 81
862	26 80 13 28
863	40 45 81 95
864	58 88 54 30
865	39 91 28 57
866	39 80 49 38
867	20 30 67 21
868	57 37 74 21
869	48 27 77 39
870	1 99 79 42
871	4 25 13 14
872	64 17 21 14
873	86 3 5 41
874	79 67 50 93
875	68 6 28 21
876	64 99 96 69
877	78 32 26 65
878	30 96 88 74
879	67 70 31 52
880	70 44 97 28
881	77 38 66 76
882	4 77 36 67
883	19 89 5 39
884	88 56 61 100
885	1 79 51 100
886	77 34 39 21
887	96 3 26 77
888	98 34 37 51
889	93 17 43 40
890	59 14 27 7
891	71 92 32 55
892	10 5 96 38
893	95 99 86 12
894	68 27 62 3
895	87 82 24 17
896	20 71 100 5
897	86 23 1 65
898	92 64 18 46
899	41 92 36 8
900	49 23 83 11
901	15 89 32 44
902	56 66 35 34
903	96 25 98 75
904	64 80 34 76
905	29 67 28 89
906	74 9 69 72
907	52 77 48 2
908	55 57 66 91
909	35 14 97 62
910	42 9 87 74
911	48 90 14 46
912	84 61 37 22
913	68 100 81 21
914	80 45 95 58
915	82 8 57 35
916	38 20 21 16
917	75 11 6 40
918	40 14 16 49
919	61 89 35 21
920	81 32 19 55
921	84 59 90 47
922	36 50 88 29
923	2 92 26 19
924	97 65 69 43
925	58 6 24 93
926	64 16 83 9
927	14 73 86 76
928	75 13 66 44
929	17 86 97 3
930	80 84 65 63
931	64 53 61 27
932	89 18 10 40
933	100 92 88 98
934	24 72 16 27
935	39 72 37 46
936	2 44 76 94
937	2 75 53 46
938	41 94 63 11
939	98 5 30 95
940	15 5 49 66
941	86 70 14 24
942	99 59 35 24
943	4 22 29 40
944	64 18 37 49
945	85 78 50 36
946	43 8 41 70
947	70 73 9 12
948	58 60 19 95
949	82 3 6 56
950	34 81 1 68
951	80 61 25 17
952	29 62 61 99
953	21 62 31 40
954	1 55 26 42
955	86 11 1 88
956	7 90 32 21
957	89 36 78 74
958	97 81 74 52
959	53 17 41 91
960	98 29 5 78
961	52 79 13 74
962	56 90 31 80
963	58 30 2 64
964	63 3 58 37
965	26 85 12 2
966	17 65 68 80
967	70 97 14 75
968	32 8 97 42
969	34 29 26 35
970	26 89 47 14
971	17 73 22 16
972	34 4 48 72
973	58 96 19 55
974	44 92 36 22
975	57 91 13 85
976	43 74 56 63
977	24 100 43 53
978	71 16 85 3
979	7 33 83 44
980	21 38 67 22
981	65 100 14 73
982	79 58 51 96
983	2 81 19 4
984	9 32 72 91
985	65 96 22 9
986	40 80 3 68
987	51 37 58 97
988	75 49 51 84
989	29 12 96 19
990	65 83 55 33
991	90 89 69 2
992	39 83 97 57
993	39 43 7 52
994	55 100 53 95
995	12 4 22 24
996	7 15 61 76
997	17 62 79 31
998	85 22 2 84
999	80 26 7 76
1000	62 46 76 52
