Students	1000
1	9 25 62 88
2	53 65 74 36
3	16 29 40 18
4	21 10 42 56
5	48 53 17 9
6	73 31 94 89
7	42 29 4 50
8	9 49 91 66
9	5 18 20 35
10	5 64 48 62
11	90 14 86 27
12	9 75 12 5
13	19 94 56 40
14	23 2 9 76
15	45 5 99 96
16	99 78 77 34
17	55 62 31 76
18	98 45 32 43
19	61 82 33 1
20	7 8 30 23
21	4 11 78 1
22	33 90 72 6
23	17 85 90 72
24	16 81 69 83
25	64 38 42 76
26	87 77 31 46
27	18 34 81 16
28	62 54 30 96
29	71 41 36 16
30	16 48 84 40
31	28 89 10 51
32	75 8 71 87
33	62 2 58 44
34	93 98 2 81
35	88 8 98 92
36	56 72 98 42
37	76 7 28 47
38	18 82 57 58
39	40 47 86 33
40	99 11 94 25
41	58 15 23 98
42	12 66 34 53
43	87 18 69 30
44	43 58 81 93
45	98 36 38 84
46	71 95 89 87
47	55 10 81 58
48	75 97 4 66
49	84 90 24 27
50	12 36 59 80
51	6 97 57 64
52	36 60 29 86
53	33 16 59 61
54	25 69 12 100
55	59 40 69 98
56	5 75 97 76
57	99 91 15 13
58	2 49 25 37
59	17 79 100 55
60	33 70 34 1
61	67 9 66 89
62	22 6 26 37
63	8 92 69 26
64	85 82 95 32
65	81 6 87 18
66	43 36 14 42
67	73 49 41 67
68	67 38 66 52
69	24 8 86 13
70	75 9 92 5
71	45 24 83 55
72	56 83 6 16
73	32 42 63 7
74	57 52 20 95
75	82 22 59 97
76	39 74 27 45
77	9 18 66 76
78	87 53 65 92
79	64 48 74 11
80	36 56 10 19
81	56 76 7 27
82	48 9 45 75
83	19 5 1 68
84	99 30 8 61
85	66 52 48 51
86	15 46 4 94
87	82 81 90 64
88	37 51 88 87
89	83 31 85 61
90	73 36 54 81
91	6 35 3 10
92	92 61 76 17
93	33 13 31 85
94	60 55 46 34
95	21 8 7 78
96	89 35 32 9
97	1 6 99 100
98	47 91 45 64
99	72 65 71 11
100	89 82 72 28
101	17 99 83 2
102	16 95 52 15
103	15 74 25 84
104	50 9 59 23
105	61 42 3 22
106	76 34 78 68
107	86 97 67 35
108	18 29 10 70
109	80 63 75 91
110	76 97 58 14
111	23 59 37 34
112	10 8 87 60
113	7 55 82 14
114	99 11 4 93
115	7 49 18 19
116	97 63 28 82
117	1 77 33 96
118	51 47 66 49
119	71 77 8 31
120	72 42 1 15
121	89 8 97 39
122	91 89 54 19
123	53 55 22 64
124	79 82 16 2
125	85 11 52 70
126	34 28 94 70
127	58 76 71 89
128	95 14 16 23
129	31 42 65 40
130	22 44 17 39
131	29 55 48 6
132	72 25 2 66
133	8 16 53 76
134	45 27 16 86
135	9 85 89 40
136	91 79 48 20
137	83 29 13 95
138	16 31 80 97
139	18 8 44 98
140	65 77 5 96
141	26 56 82 45
142	88 24 79 5
143	15 16 59 85
144	79 10 59 97
145	65 34 94 81
146	38 61 17 24
147	90 38 24 41
148	44 68 37 85
149	39 19 75 72
150	85 72 88 76
151	98 56 81 14
152	9 28 74 6
153	15 51 47 35
154	29 91 56 33
155	18 6 81 31
156	18 71 61 9
157	19 36 96 55
158	100 94 82 79
159	40 65 30 92
160	84 33 50 15
161	99 36 8 20
162	17 33 93 89
163	12 97 41 82
164	17 54 64 15
165	42 75 93 3
166	75 30 37 92
167	61 9 55 18
168	35 7 46 10
169	92 25 75 86
170	87 50 77 58
171	26 85 5 72
172	49 30 10 74
173	56 100 61 33
174	38 82 23 33
175	90 88 17 27
176	100 95 2 63
177	72 66 15 74
178	74 31 52 45
179	9 31 67 80
180	43 18 77 56
181	23 72 16 97
182	48 89 53 51
183	60 87 80 50
184	8 62 89 94
185	97 92 68 71
186	27 61 38 11
187	9 80 59 16
188	45 88 13 86
189	89 80 33 12
190	44 51 80 41
191	10 66 57 77
192	58 12 91 70
193	88 90 20 95
194	61 37 48 96
195	90 99 24 98
196	1 51 63 59
197	1 47 78 86
198	89 80 50 63
199	81 20 85 66
200	91 3 25 12
201	89 56 60 65
202	49 70 10 79
203	94 41 44 3
204	60 77 38 10
205	37 75 63 39
206	9 90 30 5
207	61 1 8 81
208	50 65 10 75
209	2 58 66 11
210	42 18 7 77
211	2 88 56 14
212	53 16 33 14
213	53 62 58 86
214	88 42 23 74
215	12 2 97 84
216	30 92 73 27
217	19 31 78 76
218	55 41 58 19
219	52 22 95 10
220	26 67 20 74
221	3 95 91 86
222	79 35 98 28
223	70 61 19 13
224	88 97 26 36
225	40 30 54 77
226	45 72 32 73
227	19 47 8 77
228	84 19 31 6
229	19 86 16 35
230	72 20 39 21
231	47 48 85 35
232	21 5 66 34
233	52 83 43 85
234	81 51 2 28
235	14 97 26 15
236	100 60 56 75
237	85 29 9 61
238	87 48 35 89
239	3 47 1 55
240	2 73 40 55
241	75 61 86 89
242	74 91 76 81
243	46 11 77 36
244	60 51 5 99
245	75 2 14 76
246	6 3 74 60
247	42 10 46 35
248	20 42 77 39
249	25 55 63 80
250	82 79 13 45
251	63 10 42 48
252	96 76 64 65
253	75 85 52 6
254	91 33 31 76
255	41 90 25 10
256	25 91 65 28
257	54 61 56 51
258	76 33 5 49
259	68 81 58 96
260	19 75 8 46
261	29 10 91 71
262	14 46 66 90
263	100 68 21 75
264	20 1 94 4
265	17 8 69 90
266	51 44 11 66
267	18 98 28 52
268	55 24 94 89
269	6 14 31 88
270	10 32 43 90
271	23 37 92 19
272	15 50 88 55
273	12 18 89 76
274	99 93 64 30
275	91 96 63 82
276	78 40 88 31
277	31 78 92 58
278	19 40 5 8
279	57 50 72 79
280	59 100 96 48
281	41 75 8 72
282	33 16 84 96
283	18 100 50 70
284	68 10 14 4
285	47 93 10 80
286	45 36 94 100
287	63 39 64 27
288	43 76 97 85
289	36 54 91 76
290	33 29 26 43
291	34 39 17 30
292	7 70 27 39
293	18 65 54 58
294	88 87 92 70
295	40 89 38 14
296	13 43 35 38
297	59 90 72 24
298	75 45 42 79
299	64 90 98 62
300	71 75 49 59
301	77 17 75 93
302	36 18 50 19
303	3 62 7 65
304	78 16 86 69
305	89 68 34 79
306	61 28 33 96
307	78 36 100 41
308	56 37 92 69
309	75 21 80 92
310	44 25 63 11
311	67 8 14 37
312	49 55 32 2
313	85 5 96 58
314	27 34 16 58
315	80 82 48 70
316	9 95 73 76
317	41 73 100 36
318	38 66 58 20
319	42 55 34 17
320	25 37 67 34
321	93 60 4 19
322	82 4 36 58
323	84 98 74 99
324	2 66 80 43
325	69 57 70 17
326	18 59 69 52
327	3 56 78 71
328	34 24 90 19
329	15 62 4 5
330	17 8 34 38
331	68 92 54 52
332	36 8 10 31
333	62 67 34 71
334	64 54 83 62
335	84 45 63 93
336	10 31 23 41
337	18 86 21 32
338	94 82 65 76
339	77 42 17 81
340	91 92 81 67
341	4 98 2 23
342	10 58 14 7
343	16 65 58 4
344	66 47 70 22
345	44 6 63 91
346	35 21 22 52
347	15 33 62 95
348	33 56 72 61
349	87 27 93 99
350	81 19 6 14
351	44 41 62 89
352	71 62 88 75
353	61 55 7 96
354	18 90 81 37
355	53 75 81 52
356	42 21 1 91
357	23 40 65 38
358	64 95 33 72
359	8 19 82 31
360	5 93 94 36
361	85 15 40 51
362	81 91 45 48
363	16 83 4 32
364	40 66 81 55
365	27 5 53 32
366	35 18 21 72
367	7 54 40 1
368	49 6 7 50
369	10 71 8 17
370	37 46 94 93
371	30 60 75 43
372	23 85 51 27
373	47 50 16 60
374	14 75 34 54
375	66 40 1 58
376	41 99 74 40
377	47 5 4 32
378	6 34 94 40
379	49 5 10 100
380	28 73 20 62
381	45 60 31 64
382	95 55 48 47
383	32 50 43 33
384	63 38 51 93
385	100 90 11 38
386	36 69 7 57
387	92 32 31 74
388	45 96 60 64
389	22 49 81 31
390	4 83 33 70
391	40 7 86 77
392	28 3 19 88
393	62 99 17 70
394	14 81 95 79
395	32 83 93 85
396	1 54 11 33
397	92 26 69 54
398	75 14 40 82
399	70 68 35 94
400	87 12 89 55
401	65 97 57 10
402	5 23 83 52
403	45 15 28 43
404	1 4 22 85
405	82 6 24 15
406	28 67 48 43
407	40 65 61 92
408	74 60 75 62
409	2 79 36 6
410	62 47 96 50
411	40 90 76 69
412	52 81 56 46
413	32 77 11 68
414	51 6 21 61
415	29 72 65 21
416	65 88 8 33
417	18 82 15 49
418	91 60 24 76
419	49 40 56 68
420	91 22 80 98
421	84 91 72 90
422	48 45 84 72
423	60 95 27 30
424	41 37 62 79
425	66 21 78 58
426	55 71 43 85
427	86 98 15 93
428	4 12 41 33
429	46 25 64 100
430	90 88 65 74
431	60 76 40 47
432	54 24 39 9
433	83 42 54 27
434	71 73 69 44
435	42 20 74 83
436	62 39 65 14
437	74 90 69 52
438	77 28 48 61
439	63 55 46 91
440	32 42 76 70
441	15 31 97 86
442	58 95 61 22
443	93 9 91 79
444	64 68 85 49
445	17 66 37 11
446	77 21 8 9
447	60 53 84 52
448	81 10 40 92
449	92 100 33 30
450	68 54 15 99
451	49 65 26 79
452	74 72 16 68
453	14 87 18 47
454	92 34 1 66
455	83 77 36 29
456	76 18 99 91
457	55 60 91 16
458	38 67 79 64
459	13 96 38 44
460	89 14 6 44
461	49 56 48 12
462	9 88 14 44
463	22 32 64 49
464	6 72 56 51
465	46 45 34 39
466	57 55 20 23
467	93 41 14 16
468	67 11 21 46
469	46 27 31 100
470	95 79 28 63
471	7 98 90 49
472	97 91 21 87
473	6 45 81 37
474	18 58 34 5
475	86 15 72 2
476	53 80 12 48
477	11 8 34 64
478	87 38 84 53
479	39 12 66 56
480	82 88 94 92
481	72 13 33 8
482	9 90 42 65
483	7 14 87 48
484	83 74 13 45
485	2 89 55 65
486	52 44 72 94
487	55 87 82 38
488	71 38 64 11
489	73 52 83 91
490	9 55 49 98
491	89 94 28 6
492	37 62 70 35
493	7 88 1 91
494	36 68 37 99
495	4 31 98 58
496	92 34 21 88
497	59 1 9 97
498	48 22 93 8
499	45 78 7 79
500	89 93 17 30
501	67 40 90 41
502	71 48 85 35
503	66 82 85 8
504	22 86 37 69
505	11 70 77 55
506	48 57 30 71
507	27 63 43 30
508	40 8 31 38
509	87 55 12 63
510	68 25 88 21
511	75 28 14 9
512	25 88 5 31
513	80 77 82 36
514	71 5 74 100
515	78 99 97 96
516	23 25 56 94
517	18 91 76 27
518	25 39 70 33
519	24 16 36 98
520	26 95 63 62
521	13 18 3 22
522	2 49 46 35
523	96 74 9 97
524	50 73 49 65
525	43 90 69 51
526	94 13 29 40
527	88 79 2 35
528	52 60 70 65
529	16 31 91 65
530	26 83 75 10
531	28 56 7 17
532	73 93 92 96
533	26 28 1 55
534	80 79 34 56
535	14 42 63 2
536	16 76 68 9
537	98 3 73 89
538	39 63 10 37
539	78 28 22 76
540	89 81 23 47
541	66 35 70 77
542	89 7 60 28
543	45 57 18 25
544	65 77 99 6
545	50 56 97 88
546	61 70 87 69
547	46 79 68 64
548	52 14 39 60
549	14 25 3 6
550	2 77 4 34
551	2 15 39 76
552	66 49 1 39
553	17 80 78 60
554	83 53 1 88
555	80 99 40 77
556	46 6 18 12
557	4 88 24 90
558	14 48 24 19
559	4 81 47 8
560	70 97 66 1
561	91 59 2 37
562	3 83 40 59
563	63 22 64 13
564	47 50 4 14
565	34 2 96 51
566	85 67 73 37
567	44 10 63 69
568	98 22 77 5
569	99 23 21 63
570	10 89 15 20
571	1 74 72 64
572	51 91 21 79
573	64 5 89 75
574	62 82 53 43
575	3 88 44 14
576	56 97 95 23
577	6 1 51 53
578	4 62 33 63
579	73 30 100 85
580	46 47 73 86
581	23 17 11 93
582	61 74 20 54
583	64 81 19 2
584	49 25 3 30
585	76 1 54 86
586	34 67 14 27
587	87 89 61 12
588	79 22 36 38
589	76 23 6 55
590	91 3 38 40
591	42 30 39 44
592	43 79 86 45
593	90 13 63 65
594	55 93 86 79
595	82 11 26 69
596	94 81 15 35
597	81 27 26 11
598	13 91 92 35
599	42 80 25 99
600	44 9 51 74
601	24 48 45 26
602	69 91 4 54
603	58 76 13 70
604	99 67 85 50
605	54 80 51 10
606	99 59 33 2
607	7 73 100 30
608	37 98 44 67
609	36 54 53 73
610	80 34 51 35
611	66 29 30 40
612	30 55 93 83
613	58 9 3 35
614	79 73 86 23
615	59 16 61 27
616	28 41 7 24
617	85 33 68 1
618	32 49 2 18
619	79 49 94 56
620	70 93 23 64
621	28 89 8 62
622	16 70 87 8
623	89 50 27 25
624	49 72 84 10
625	4 66 62 6
626	90 91 87 34
627	89 49 84 57
628	90 50 92 65
629	30 22 95 7
630	82 61 25 66
631	71 69 66 68
632	35 37 68 62
633	7 77 90 31
634	34 44 8 70
635	5 46 57 93
636	77 50 15 55
637	18 57 95 65
638	30 15 38 71
639	98 69 14 60
640	84 4 76 46
641	21 44 13 63
642	100 39 26 64
643	22 20 40 61
644	33 92 19 46
645	33 76 93 100
646	73 64 36 6
647	55 8 35 37
648	62 3 9 17
649	88 53 98 82
650	78 7 30 69
651	79 95 21 22
652	9 7 24 15
653	56 51 10 4
654	67 1 79 8
655	61 32 3 24
656	25 12 47 77
657	4 90 2 97
658	33 93 28 51
659	57 95 67 15
660	25 1 99 24
661	38 99 96 44
662	49 12 81 58
663	40 34 52 53
664	100 23 15 10
665	45 18 58 40
666	29 79 85 55
667	34 40 72 20
668	3 76 37 24
669	19 3 94 64
670	95 23 71 18
671	81 25 59 89
672	27 86 41 8
673	18 31 79 47
674	98 17 57 52
675	38 88 23 32
676	87 11 25 90
677	79 9 16 85
678	34 26 97 95
679	22 12 94 45
680	65 92 2 14
681	85 40 64 77
682	100 8 66 97
683	75 24 77 87
684	53 82 58 39
685	67 18 55 7
686	43 38 69 20
687	92 90 53 40
688	67 56 27 13
689	75 52 13 3
690	8 38 39 59
691	30 59 80 31
692	36 46 92 11
693	18 71 95 24
694	60 36 89 52
695	84 4 23 75
696	87 57 71 85
697	47 46 48 65
698	9 51 71 57
699	52 68 89 85
700	3 70 41 45
701	2 4 98 36
702	66 2 12 16
703	6 83 57 35
704	2 27 42 54
705	84 8 79 5
706	93 73 17 34
707	72 41 58 43
708	51 78 39 74
709	97 87 72 19
710	9 67 68 62
711	88 57 20 75
712	13 16 78 64
713	63 36 27 54
714	63 31 23 83
715	66 77 88 68
716	10 28 98 76
717	8 58 65 79
718	29 25 16 51
719	1 49 6 28
720	2 37 86 99
721	47 89 22 83
722	41 27 2 16
723	64 8 11 42
724	48 74 58 94
725	84 90 18 49
726	54 26 4 14
727	30 70 68 11
728	39 24 86 17
729	98 38 1 23
730	82 43 16 27
731	76 55 1 8
732	40 32 42 37
733	16 92 37 75
734	71 26 22 80
735	68 52 57 8
736	80 84 10 58
737	66 20 36 73
738	5 11 59 58
739	10 31 48 8
740	85 96 81 27
741	6 48 20 97
742	12 35 48 10
743	54 98 97 49
744	78 75 90 99
745	11 62 17 3
746	79 51 92 57
747	88 57 33 16
748	75 27 15 71
749	26 72 7 38
750	96 99 53 91
751	1 18 71 12
752	28 31 64 78
753	27 67 78 65
754	79 93 32 13
755	18 48 23 86
756	77 13 83 44
757	93 40 5 58
758	100 25 70 58
759	85 77 33 92
760	17 21 58 2
761	55 96 66 44
762	88 43 21 55
763	54 27 67 53
764	82 80 55 58
765	100 57 7 3
766	20 39 63 44
767	80 93 79 72
768	55 25 38 67
769	12 74 82 70
770	73 81 82 92
771	53 86 55 28
772	32 70 85 90
773	32 77 93 91
774	70 34 24 90
775	12 5 28 79
776	13 2 10 93
777	41 18 58 45
778	84 29 46 95
779	38 57 8 89
780	7 37 49 56
781	79 62 4 45
782	95 59 14 1
783	69 78 33 19
784	74 12 96 15
785	83 96 69 61
786	54 68 28 16
787	31 87 67 35
788	50 95 93 33
789	39 76 15 78
790	4 52 94 50
791	95 50 53 94
792	1 16 74 76
793	23 9 33 39
794	78 10 96 33
795	75 1 31 32
796	6 25 48 38
797	18 23 67 37
798	32 39 67 58
799	11 55 25 99
800	18 4 67 93
801	15 73 38 39
802	62 74 76 16
803	73 33 90 79
804	21 31 1 17
805	5 19 64 34
806	71 93 83 80
807	51 61 56 20
808	50 55 44 94
809	11 85 36 19
810	72 41 25 31
811	92 18 3 87
812	77 13 31 80
813	99 5 41 71
814	86 4 61 42
815	83 51 13 48
816	93 43 65 2
817	100 1 3 20
818	13 34 21 44
819	29 25 85 74
820	56 74 21 52
821	13 38 77 10
822	32 4 61 80
823	15 94 25 71
824	37 62 87 28
825	87 69 4 23
826	42 84 45 86
827	47 26 50 22
828	47 21 74 36
829	9 6 63 1
830	74 69 37 36
831	41 16 38 81
832	60 6 24 92
833	91 86 26 61
834	45 71 4 82
835	44 32 94 99
836	65 4 53 27
837	27 8 98 37
838	48 5 70 79
839	79 22 45 58
840	2 8 34 30
841	13 68 32 6
842	4 35 18 29
843	33 84 39 65
844	28 9 65 74
845	44 40 68 16
846	56 92 5 47
847	12 48 13 23
848	85 13 53 99
849	20 73 46 33
850	80 85 62 91
851	79 15 100 25
852	46 3 29 23
853	58 36 76 10
854	82 10 65 3
855	38 98 67 32
856	35 94 54 10
857	38 71 80 6
858	41 64 51 63
859	92 71 35 17
860	74 94 80 91
861	98 28 64 14
862	100 37 65 73
863	1 8 58 62
864	67 56 30 35
865	25 55 8 39
866	12 33 54 9
867	71 74 3 35
868	24 61 15 89
869	26 24 37 11
870	55 72 92 91
871	63 28 87 9
872	7 58 20 81
873	52 16 90 42
874	24 80 42 8
875	44 78 27 12
876	31 71 3 87
877	72 24 71 59
878	4 78 99 93
879	20 10 73 4
880	90 72 92 94
881	45 78 15 65
882	30 83 98 87
883	63 74 93 90
884	5 10 52 84
885	87 19 55 13
886	7 52 33 80
887	41 5 25 98
888	47 80 55 27
889	72 89 84 8
890	78 52 68 99
891	97 92 2 94
892	83 96 75 84
893	96 64 95 75
894	51 60 76 22
895	74 27 40 28
896	7 71 88 57
897	18 33 26 5
898	6 71 36 62
899	68 23 57 85
900	60 28 32 39
901	48 79 95 87
902	22 42 8 68
903	63 89 64 16
904	22 65 30 69
905	61 19 15 22
906	61 52 29 45
907	57 42 100 86
908	52 77 73 20
909	71 44 76 20
910	80 52 44 8
911	71 16 99 58
912	86 37 66 83
913	34 99 96 78
914	7 58 91 47
915	82 100 84 97
916	29 81 85 10
917	49 85 28 95
918	59 57 29 39
919	82 19 56 52
920	8 69 98 32
921	3 30 4 59
922	74 90 95 83
923	26 91 41 99
924	84 63 22 77
925	77 65 76 55
926	61 4 72 42
927	34 68 39 86
928	50 61 72 41
929	12 96 20 18
930	3 19 95 63
931	72 74 32 52
932	70 43 92 78
933	48 39 3 59
934	4 13 2 23
935	72 79 21 44
936	46 36 70 29
937	32 94 15 66
938	7 43 99 56
939	11 65 45 13
940	7 10 79 40
941	41 51 31 32
942	59 17 11 8
943	9 57 19 90
944	74 69 21 29
945	42 5 49 80
946	29 41 76 14
947	43 81 96 95
948	46 78 21 18
949	64 90 39 45
950	96 69 88 48
951	3 82 17 21
952	77 89 32 25
953	16 71 38 52
954	21 47 70 85
955	53 89 45 25
956	31 97 25 52
957	81 10 20 52
958	19 2 14 51
959	94 49 47 45
960	45 93 100 62
961	81 73 100 44
962	3 79 61 44
963	25 77 44 69
964	63 46 4 10
965	10 40 64 36
966	27 84 88 39
967	63 97 88 9
968	41 81 91 64
969	10 21 98 9
970	33 57 96 89
971	4 46 45 33
972	70 80 53 50
973	32 34 77 97
974	2 82 10 64
975	32 15 39 37
976	88 66 25 99
977	37 36 24 1
978	19 47 18 78
979	24 64 18 42
980	11 87 32 95
981	34 13 81 3
982	6 19 63 41
983	47 68 35 77
984	70 75 44 72
985	27 26 31 89
986	14 1 33 5
987	47 72 58 97
988	27 41 38 53
989	41 72 60 10
990	73 53 1 83
991	86 48 67 52
992	21 33 86 98
993	33 94 72 32
994	38 7 5 42
995	79 80 87 56
996	68 30 11 4
997	59 62 53 95
998	19 80 25 29
999	37 29 55 40
1000	19 6 30 81
