Course	Room	Teacher	Time	Students
1	14	45	3	35 52 108 124 136 151 152 275 284 357 363 387 411 412 480 528 590 603 637 673 677 760 847 948 956 973 
2	10	39	1	46 60 87 90 106 155 160 192 201 203 223 250 415 420 441 447 460 489 496 520 611 616 629 633 670 695 703 708 779 814 825 859 890 919 933 991 
3	19	11	2	29 36 84 95 105 145 156 181 206 212 252 274 283 291 292 357 364 397 507 521 535 542 558 566 593 634 660 684 724 729 831 896 918 944 957 965 977 
4	16	38	2	2 43 52 55 71 106 189 192 233 262 280 382 392 460 475 523 585 590 652 665 700 749 750 755 789 796 838 862 930 940 943 983 
5	10	2	4	105 110 112 117 172 177 266 282 289 307 311 318 322 339 355 362 380 415 475 535 550 561 565 574 631 651 662 704 736 751 771 799 807 812 815 899 922 952 972 975 
6	16	13	4	6 35 46 63 96 120 131 228 269 278 286 302 373 396 447 507 597 624 629 654 657 713 735 772 776 792 794 864 914 946 962 969 970 
7	2	12	2	3 30 31 49 53 63 75 91 173 214 221 241 270 296 297 311 323 342 386 398 427 431 445 456 464 479 482 485 534 538 643 679 688 703 770 782 797 800 900 922 934 979 
8	16	23	3	6 53 85 86 102 103 121 155 213 260 266 288 307 308 309 319 325 346 398 400 443 445 641 668 693 703 712 716 757 784 810 827 845 859 860 877 881 884 929 944 959 
9	10	28	7	11 23 66 76 80 134 176 181 198 215 277 283 309 315 331 380 387 448 449 452 473 504 554 558 604 616 714 722 729 767 772 777 780 818 846 855 875 888 895 
10	16	19	5	37 137 146 195 270 276 278 301 304 330 332 347 356 359 360 364 382 409 417 433 436 437 452 521 533 548 560 572 614 621 639 641 667 807 810 848 857 885 906 917 932 949 963 980 
11	1	47	5	3 75 79 81 161 236 290 296 329 367 369 457 480 490 492 495 506 512 513 600 607 637 655 682 713 714 785 795 858 869 884 950 968 
12	16	15	7	2 50 82 128 138 180 239 307 354 396 424 432 453 467 486 532 559 601 611 630 639 643 656 658 663 679 702 721 801 816 819 849 897 903 907 909 975 
13	19	7	4	68 126 153 176 180 193 200 222 287 290 312 316 379 394 407 409 423 477 486 491 496 563 589 594 609 612 700 718 720 722 789 793 822 829 874 880 915 940 951 955 
14	2	17	8	40 73 77 85 124 186 228 245 252 324 345 475 575 680 683 754 791 799 887 906 907 
15	8	1	7	6 16 56 74 87 101 119 157 194 287 295 306 321 377 383 428 451 457 481 509 514 524 572 620 693 694 706 719 813 841 873 927 953 989 992 
16	2	40	6	72 81 95 100 126 207 209 233 239 266 292 304 333 367 383 459 478 540 629 630 661 680 698 729 757 792 808 809 846 864 883 924 926 944 990 994 1000 
17	13	45	7	33 36 39 59 79 98 114 116 117 121 143 158 163 164 185 242 312 336 379 405 465 516 596 648 655 727 764 781 803 814 827 854 861 882 937 969 984 998 
18	2	40	1	15 41 141 163 216 221 228 231 280 301 315 341 343 364 380 383 438 462 477 488 498 528 541 558 645 653 712 719 734 758 795 811 886 902 907 912 966 967 
19	2	29	3	18 20 32 63 78 127 132 165 189 199 302 314 342 374 376 408 426 464 525 558 602 654 675 699 885 891 894 
20	16	12	6	5 55 84 99 123 161 248 251 267 291 303 316 328 372 394 458 473 481 484 578 595 622 627 656 660 667 686 690 697 705 769 771 785 800 816 857 859 877 888 911 916 929 947 958 960 962 982 983 
21	10	15	6	20 22 48 76 124 149 174 182 191 204 237 244 265 274 276 283 305 310 317 326 355 402 413 521 543 608 613 639 657 754 811 831 927 948 954 957 998 
22	10	38	3	7 60 74 123 131 147 184 198 241 312 353 354 366 373 427 453 459 481 491 514 519 549 555 576 613 619 625 643 672 723 748 773 789 821 834 844 906 922 979 990 
23	10	13	5	8 28 44 66 77 200 224 225 277 303 318 322 358 361 371 408 412 438 443 491 510 539 613 628 710 758 765 838 855 901 905 914 961 985 1000 
24	8	43	4	5 29 30 53 147 171 216 258 295 348 369 410 414 452 466 488 531 578 610 632 634 688 816 826 847 872 873 902 930 988 
25	11	3	5	15 17 57 114 154 179 189 254 259 265 307 351 363 381 390 398 451 470 472 483 489 518 555 566 568 602 612 629 649 652 659 718 756 770 796 817 821 895 910 945 964 977 
26	11	48	3	1 26 42 65 77 111 169 195 237 322 359 378 389 422 425 449 467 472 488 495 506 533 564 570 571 577 587 620 628 648 660 695 709 711 733 751 753 755 780 820 840 856 861 864 898 962 976 
27	2	25	7	8 18 28 77 126 131 140 145 154 166 230 290 308 351 353 461 544 579 587 701 771 783 804 809 812 863 884 911 923 931 960 972 
28	14	33	1	51 82 189 238 244 270 293 330 345 362 368 382 419 432 439 459 479 544 580 619 631 686 732 738 747 771 775 828 858 866 874 879 893 
29	2	17	5	22 26 27 90 98 103 147 168 183 252 295 300 341 535 575 622 643 656 661 669 680 719 745 786 798 831 871 881 900 924 928 946 
30	11	35	1	19 55 107 112 127 131 198 214 234 253 260 289 334 386 391 409 463 484 500 503 527 570 588 602 605 610 617 622 650 671 699 707 731 761 769 813 851 868 897 914 932 943 979 996 
31	5	4	8	14 36 42 43 66 104 136 195 237 238 250 296 308 322 367 444 471 582 621 671 673 688 692 697 703 722 724 755 790 794 797 804 847 950 953 
32	5	24	1	25 38 58 61 76 101 113 119 133 161 169 174 175 187 194 275 303 342 416 418 423 442 455 477 505 578 678 691 733 741 785 843 857 862 901 959 971 986 
33	4	11	7	115 133 139 161 165 175 211 225 232 258 262 265 284 286 293 390 403 411 437 438 455 471 474 475 525 534 608 698 713 723 748 798 822 844 995 
34	18	16	8	24 27 28 80 101 113 146 150 199 217 243 264 282 325 374 384 391 395 403 431 460 510 513 593 596 623 709 713 807 889 905 925 939 986 997 1000 
35	10	28	8	4 12 25 47 112 148 152 153 197 208 253 274 286 323 339 351 361 379 427 439 458 617 642 648 687 698 718 727 761 775 840 865 876 895 899 912 928 
36	5	24	7	7 27 55 63 64 67 88 207 255 285 294 313 320 367 378 494 498 501 515 542 591 595 600 607 626 665 687 691 700 731 747 755 766 773 784 802 831 834 838 839 856 870 890 910 936 971 
37	9	50	8	52 70 89 157 190 192 196 211 220 234 240 248 285 301 343 349 453 461 490 508 567 584 646 651 669 706 736 788 819 828 867 898 935 990 
38	4	9	1	4 11 16 34 56 108 204 229 297 371 389 554 659 673 722 727 835 838 934 938 946 950 997 
39	1	37	3	17 67 130 173 175 197 219 225 348 352 361 396 419 465 512 535 567 750 779 804 819 869 872 892 992 
40	8	47	8	51 68 134 142 169 173 358 372 397 430 442 493 511 568 572 626 668 675 704 740 748 769 774 777 779 792 818 829 853 888 929 931 941 952 985 
41	18	5	2	7 35 39 59 65 68 70 108 149 150 151 172 186 196 264 273 313 316 346 359 375 381 442 493 497 508 516 526 549 571 610 678 689 715 728 740 753 778 798 845 856 890 
42	8	43	2	76 133 137 160 166 197 218 224 227 300 326 340 366 376 385 421 465 469 474 501 543 563 589 599 608 633 641 648 662 717 787 879 903 904 927 953 960 
43	5	6	3	14 21 178 246 286 369 388 437 532 595 618 664 667 690 705 720 721 741 742 768 802 842 851 923 930 967 972 986 993 
44	5	16	5	109 116 123 130 178 194 223 248 288 344 362 378 391 410 434 474 484 516 517 581 592 623 677 681 684 689 726 733 750 774 779 808 938 941 947 955 
45	18	5	1	3 26 64 71 72 120 134 170 193 218 312 354 381 393 406 422 435 524 567 581 583 593 596 606 647 668 735 776 780 781 805 812 816 871 877 913 942 962 999 
46	14	10	2	26 50 57 90 200 254 281 329 455 472 476 546 548 570 575 578 583 588 595 638 655 685 735 756 794 872 905 951 968 969 993 996 
47	9	22	6	21 25 43 125 129 142 167 171 183 188 217 255 272 294 399 446 450 515 539 557 584 609 614 653 664 702 712 725 740 748 751 766 770 801 802 844 851 863 920 989 
48	4	7	8	74 117 118 181 213 218 235 246 288 305 328 334 344 347 492 519 553 562 577 590 591 631 684 743 796 814 820 821 835 841 861 868 944 999 
49	6	9	2	13 31 40 87 88 154 180 263 305 320 335 388 408 424 434 436 437 468 496 699 757 777 854 935 986 
50	14	21	8	37 168 185 193 214 230 236 257 258 326 387 399 418 466 540 554 574 603 638 656 659 664 681 725 800 885 904 926 932 940 971 973 
51	11	29	6	23 45 56 65 87 91 136 144 178 184 202 242 287 319 342 365 373 423 433 435 466 499 503 530 534 548 589 593 612 668 750 799 807 822 829 871 898 933 961 974 
52	4	21	5	19 40 45 91 134 140 169 182 203 237 249 264 267 285 389 447 476 495 496 505 538 617 635 683 691 753 843 874 882 886 960 991 
53	5	50	6	9 18 67 108 112 140 152 263 296 334 337 344 357 425 448 457 509 512 517 529 537 552 560 576 577 594 605 606 738 739 788 797 813 876 913 937 977 980 
54	11	25	8	58 61 93 144 188 231 247 249 255 259 269 302 317 327 338 359 420 435 481 502 523 526 541 543 556 581 645 701 705 708 734 745 758 811 836 874 892 921 968 992 
55	2	3	4	15 21 24 39 62 67 93 100 111 162 206 257 268 280 288 338 340 377 393 431 469 474 484 526 633 672 676 692 739 760 782 785 840 877 985 
56	5	8	4	4 13 51 54 113 137 190 191 217 267 294 304 352 365 374 381 386 406 421 444 480 493 499 500 521 573 601 620 637 708 732 775 823 824 825 833 839 845 878 959 
57	14	10	5	5 12 30 42 52 59 62 78 92 158 170 198 208 231 305 321 337 416 458 468 498 507 552 562 563 577 603 616 640 647 665 671 814 830 878 908 918 929 939 
58	9	22	1	44 96 98 130 291 300 327 329 331 366 387 412 429 445 454 490 502 508 522 540 551 571 586 624 627 640 685 701 751 756 764 767 853 855 869 870 965 984 
59	13	41	1	10 57 89 99 103 110 191 206 208 254 292 333 350 421 424 470 549 553 557 563 642 662 684 694 710 715 778 820 826 830 899 916 920 955 
60	9	18	3	31 116 160 167 205 212 218 240 241 243 269 370 379 469 482 579 615 617 631 653 663 706 710 762 787 791 815 833 909 910 926 934 
61	18	18	7	9 12 37 46 84 203 238 246 251 311 335 341 355 372 375 407 421 422 431 443 469 476 483 537 632 640 673 681 725 740 763 765 843 915 943 946 
62	13	27	8	15 29 33 60 75 81 83 92 164 216 226 227 337 350 438 456 459 565 580 597 635 640 689 716 749 773 805 832 896 909 919 920 936 942 
63	18	8	5	9 35 39 127 135 139 157 173 215 222 230 235 242 266 293 294 343 350 395 401 440 441 494 499 536 547 587 675 687 688 695 727 731 737 739 746 995 999 
64	18	6	6	14 70 107 122 162 375 385 393 416 470 500 506 510 610 620 645 652 672 674 678 730 742 764 795 815 825 826 873 903 910 
65	16	19	8	6 16 34 62 97 122 133 143 263 283 297 298 331 332 336 389 433 434 455 485 509 586 720 759 767 770 784 786 842 862 894 916 918 945 966 975 988 
66	18	44	4	12 36 61 79 90 143 145 187 188 197 201 210 230 235 256 281 424 471 497 536 552 611 650 674 682 694 696 726 764 801 827 828 832 923 925 937 963 965 
67	9	31	5	13 34 41 46 85 86 88 100 125 156 159 164 165 202 204 207 247 281 289 366 450 465 485 497 515 530 532 537 542 551 553 564 576 604 609 618 666 670 711 723 738 768 788 823 841 865 873 935 969 996 
68	5	35	2	69 122 135 159 187 243 253 284 325 360 391 401 416 451 491 505 514 522 564 592 635 693 744 762 788 837 899 909 938 
69	4	36	3	16 48 129 138 163 164 172 185 238 258 272 276 333 335 362 395 402 413 423 489 510 538 569 674 685 697 728 737 752 781 830 908 911 933 
70	4	33	2	45 74 78 110 126 203 205 210 223 235 343 452 471 504 561 639 683 697 741 754 783 824 849 860 919 924 932 950 954 963 
71	13	27	3	2 27 33 54 83 114 140 144 146 149 171 192 211 215 236 320 360 382 516 523 544 554 557 559 573 588 598 630 635 645 736 759 793 823 825 875 887 889 916 957 958 
72	9	44	2	11 44 58 80 83 96 99 101 102 117 119 138 183 226 269 301 308 328 332 339 345 351 354 429 446 494 524 636 661 682 701 726 774 805 835 887 898 908 978 988 994 
73	8	34	5	10 18 58 64 84 145 221 274 297 315 320 331 346 377 406 430 454 464 486 501 540 559 604 606 698 700 704 705 716 717 760 797 801 805 806 870 872 921 931 937 981 
74	16	2	1	5 8 22 32 33 54 65 83 97 115 118 146 162 195 199 200 202 213 240 245 249 281 339 353 374 395 411 414 456 615 623 636 638 721 729 759 836 846 865 891 964 978 994 
75	19	26	7	3 25 32 92 99 106 148 155 174 209 236 299 326 338 370 429 478 506 546 567 568 605 609 644 654 749 761 774 836 886 893 908 930 933 951 955 974 979 
76	14	32	7	20 75 105 127 151 177 268 300 319 328 349 363 384 425 430 450 487 492 499 523 533 606 633 659 666 699 728 739 760 762 778 808 852 892 
77	14	1	6	10 51 60 94 115 132 159 196 208 220 240 253 264 390 419 440 444 449 464 497 502 518 585 599 607 615 714 726 728 752 765 810 839 875 887 912 941 985 
78	13	31	6	4 59 98 135 138 150 165 201 261 299 330 453 467 482 501 550 628 646 677 681 694 709 789 849 854 891 894 921 945 952 984 
79	13	46	2	28 94 120 142 182 293 299 330 365 370 380 410 414 420 425 489 517 525 556 557 569 573 584 591 614 618 666 708 732 746 793 822 846 882 939 941 956 961 964 981 
80	1	26	2	20 158 249 256 261 268 290 295 309 336 350 353 402 486 487 488 492 547 574 594 650 658 738 743 792 806 857 867 871 878 879 889 913 923 949 
81	19	20	1	45 104 128 186 207 210 224 259 265 273 278 309 314 344 397 511 514 529 536 552 564 591 600 626 634 676 709 745 892 949 976 
82	14	32	4	40 47 129 155 158 212 250 251 368 378 462 478 518 520 527 541 576 585 586 598 787 849 860 866 869 876 882 889 958 
83	4	36	6	13 49 93 110 121 177 205 211 257 280 285 289 313 325 406 429 439 443 461 479 511 519 527 566 583 649 693 773 833 850 904 936 956 
84	11	4	7	41 71 72 199 220 221 222 233 260 267 292 314 348 392 404 410 413 415 480 500 528 531 549 575 586 592 625 692 704 710 724 756 776 786 815 832 848 851 860 862 906 938 981 987 997 
85	11	23	2	8 17 86 123 132 141 153 174 327 338 579 600 613 627 632 674 790 817 881 902 925 942 958 972 987 
86	11	48	4	22 107 154 159 170 184 239 254 261 412 413 417 440 502 517 532 542 545 571 625 646 653 664 669 677 714 715 730 734 790 791 803 837 843 853 883 896 907 917 934 939 948 974 976 997 
87	19	30	6	50 62 69 89 105 128 181 225 232 284 306 404 426 460 483 546 547 559 598 602 611 621 644 675 676 685 711 753 824 867 893 897 940 
88	13	14	4	2 19 41 56 102 124 128 220 234 273 279 356 390 403 450 504 582 658 691 707 725 746 757 768 806 818 850 868 888 894 897 928 949 
89	19	14	3	37 38 92 97 109 122 168 176 180 190 191 209 227 298 306 394 435 539 546 556 560 623 646 679 696 702 717 734 735 743 765 799 863 865 886 915 965 980 991 
90	10	39	2	1 85 116 175 179 231 232 245 302 310 318 333 369 371 396 426 503 518 624 628 630 670 696 730 808 836 875 883 915 936 
91	18	41	3	81 113 251 313 323 347 392 401 454 485 487 543 561 619 658 682 747 767 783 826 829 901 970 971 975 978 998 
92	9	42	7	38 48 57 89 100 104 132 147 160 202 219 224 226 271 272 273 334 394 446 527 545 550 560 581 582 599 615 652 662 707 742 746 791 830 842 850 866 880 901 905 954 982 994 
93	8	49	1	24 43 86 121 143 148 151 222 279 310 318 349 384 400 404 405 426 440 483 555 582 601 657 711 772 783 824 848 854 876 917 945 983 987 
94	8	42	3	11 23 44 47 66 73 94 118 135 204 206 226 229 232 239 244 247 256 271 304 345 356 368 418 428 441 513 536 562 565 642 669 782 786 794 813 837 867 880 917 931 966 
95	19	30	8	50 82 137 149 156 209 219 275 276 340 355 364 371 376 400 401 405 409 463 479 520 531 538 601 612 625 649 660 665 686 690 696 712 742 744 803 834 859 913 959 970 982 983 993 
96	9	20	4	1 34 139 142 144 229 233 262 263 271 277 346 372 388 397 398 400 433 436 529 562 636 661 686 687 721 763 798 811 842 881 895 900 924 995 
97	19	49	5	94 97 104 111 153 172 262 268 352 399 456 467 473 478 511 531 534 574 580 772 802 809 864 866 880 912 919 988 989 992 
98	8	37	6	24 38 47 61 79 106 166 179 194 223 227 246 279 321 347 358 417 422 441 447 462 624 636 706 707 744 759 778 817 852 884 900 964 973 
99	4	34	4	17 42 48 49 69 157 252 291 306 321 458 463 530 551 566 568 569 572 590 627 649 655 663 666 690 749 834 861 863 982 987 
100	13	46	5	95 107 167 177 186 190 210 214 317 319 324 385 407 411 428 442 448 449 461 519 522 545 556 573 579 588 642 644 651 730 752 766 787 903 911 948 970 
