Course	Room	Teacher	Time	Students
1	12	20	2	21 61 74 81 90 125 144 187 218 261 297 374 384 446 467 475 485 513 523 536 543 555 620 661 684 717 725 756 770 847 861 877 901 927 945 982 
2	16	4	1	13 70 113 163 166 177 179 189 253 257 300 328 346 357 363 380 401 414 431 464 516 523 563 594 628 632 752 753 788 856 863 900 
3	16	48	3	23 56 131 181 199 213 216 228 244 291 315 323 382 437 459 474 476 488 495 506 559 649 653 751 771 793 815 817 845 863 882 884 897 921 960 
4	16	4	2	4 15 138 171 234 351 355 359 362 372 411 424 472 537 542 571 594 609 622 630 632 679 708 711 722 760 787 815 818 826 830 873 895 918 935 
5	12	20	8	8 12 96 97 110 138 148 166 248 264 266 281 301 351 366 382 419 443 509 531 553 554 570 608 656 682 688 692 696 705 838 869 1000 
6	18	43	6	24 52 61 102 108 254 377 448 462 540 567 654 658 659 667 684 688 702 722 729 740 762 774 778 804 819 826 853 866 909 921 938 960 964 
7	11	32	1	11 16 29 30 44 64 80 92 95 145 222 249 284 335 367 383 402 442 453 489 505 545 557 574 582 650 676 684 685 724 728 764 791 800 803 850 923 924 926 932 938 945 977 
8	16	19	4	5 8 26 29 38 49 56 64 120 154 179 183 188 198 207 211 218 239 249 271 396 416 476 482 524 563 577 582 600 664 665 685 690 712 748 765 792 855 871 883 914 915 925 942 961 
9	11	48	2	19 25 68 105 131 204 232 282 300 308 326 334 336 444 449 478 500 545 592 652 654 700 704 746 794 795 817 890 909 
10	16	49	5	6 25 67 95 162 230 260 272 287 311 316 319 322 327 354 363 390 432 437 497 560 586 595 610 622 659 689 744 808 810 813 853 865 933 937 
11	16	12	6	15 37 123 127 164 180 225 281 310 322 339 403 414 423 485 574 584 587 611 629 691 696 721 739 742 796 816 834 900 903 904 955 956 959 
12	8	15	4	19 33 71 81 101 136 159 165 174 199 209 317 325 369 375 419 454 461 511 535 604 626 632 641 647 668 676 679 686 715 744 762 836 837 891 895 903 907 913 979 982 
13	3	30	8	1 38 59 125 144 170 191 200 244 271 294 298 305 339 390 412 441 452 510 540 543 544 575 603 633 658 708 762 812 817 830 852 892 906 910 956 991 
14	16	36	8	3 9 15 18 28 40 48 60 79 86 101 108 121 123 150 165 168 178 183 217 227 323 361 363 370 372 374 455 458 550 598 616 639 679 757 787 790 803 883 889 947 993 
15	11	3	7	100 134 150 194 204 218 304 310 336 340 381 390 394 407 410 428 454 500 522 583 587 658 666 705 814 848 857 887 890 909 913 930 931 954 
16	2	36	1	34 35 51 73 122 137 162 174 180 185 205 241 250 256 283 289 292 334 418 432 444 475 487 521 530 537 550 576 581 637 666 690 746 814 866 894 933 941 950 976 
17	11	2	4	75 86 88 90 93 132 259 316 343 385 388 460 495 501 548 556 588 599 602 617 628 642 670 697 698 778 811 822 825 826 911 913 934 937 941 943 946 959 966 992 
18	12	28	4	41 57 89 128 138 141 145 153 205 214 248 268 270 283 298 312 329 334 368 378 393 395 412 442 449 459 465 469 504 643 678 706 710 754 770 773 797 807 830 841 846 849 870 898 975 
19	7	27	3	61 68 99 226 256 277 333 364 372 388 438 452 473 505 580 582 617 765 776 800 848 970 975 988 
20	2	38	6	13 23 36 118 121 157 206 228 238 249 258 280 320 341 361 363 379 387 405 406 481 484 505 509 513 526 551 564 604 632 670 677 748 820 822 829 912 929 997 
21	2	39	4	51 139 219 236 240 242 256 281 299 309 389 400 405 406 426 471 479 498 507 552 554 569 575 576 592 605 610 625 645 699 703 756 761 781 920 929 939 950 951 
22	11	11	8	94 112 153 182 193 209 252 270 276 307 343 345 349 352 365 422 476 499 525 552 569 594 595 601 612 613 615 618 627 640 663 680 710 720 740 767 808 829 912 
23	18	45	8	24 69 113 116 147 194 254 275 284 289 304 325 359 386 397 475 573 614 621 644 674 716 751 776 844 855 865 893 930 934 936 950 977 
24	18	30	1	7 54 58 71 172 268 319 347 384 413 477 515 526 529 566 579 617 644 652 659 671 698 712 717 795 953 963 
25	2	26	7	35 65 89 90 99 124 142 191 208 214 215 279 293 295 321 333 338 396 425 434 450 482 490 520 608 615 636 653 656 676 677 691 693 695 735 807 808 841 886 901 
26	13	22	4	46 80 167 247 347 350 361 373 448 463 470 484 496 553 568 571 589 601 603 674 683 726 758 771 795 828 844 909 962 968 
27	7	11	4	10 25 31 83 98 129 134 148 231 294 302 331 353 364 372 380 392 517 581 590 606 692 700 711 714 741 743 798 800 829 845 852 926 930 931 933 948 983 990 
28	13	16	6	22 122 147 160 195 214 234 273 284 287 288 294 313 318 329 336 356 360 370 375 391 399 428 432 456 474 479 480 507 556 590 609 641 656 758 767 790 868 927 942 944 953 962 980 
29	9	14	3	32 55 59 67 255 264 275 286 307 342 430 520 581 624 639 648 713 730 733 787 791 797 803 825 835 849 930 955 
30	7	33	5	9 77 82 103 137 150 163 167 169 185 280 308 312 366 395 398 403 445 455 518 535 545 553 649 669 772 792 859 880 882 887 892 927 946 957 983 985 988 
31	7	38	1	45 62 75 85 97 135 173 209 230 242 293 295 341 381 417 455 486 493 510 551 597 604 683 733 741 772 786 819 846 914 921 986 
32	18	10	5	10 34 133 134 152 160 173 181 183 192 210 214 236 299 335 357 358 360 396 462 489 499 502 549 559 620 635 651 658 682 732 790 791 795 812 840 952 
33	15	14	4	40 91 96 109 160 206 230 253 284 401 435 464 493 688 760 779 833 840 901 963 972 
34	11	3	5	49 129 177 200 229 302 353 359 370 402 415 446 447 456 469 534 565 645 683 691 751 783 801 820 850 851 931 948 961 999 
35	9	10	4	37 116 166 180 213 233 258 287 354 391 413 422 436 440 455 497 512 534 541 547 555 574 694 718 803 857 859 874 917 980 996 
36	18	23	3	21 46 48 143 173 175 186 227 233 296 312 458 489 533 577 597 647 652 661 680 755 772 829 832 856 858 915 989 
37	7	42	8	22 27 45 50 126 151 172 174 188 225 290 295 299 331 335 340 369 393 395 403 442 471 481 522 542 563 637 675 676 693 717 756 761 763 764 774 779 810 811 821 822 843 854 872 895 896 944 952 971 986 
38	13	16	1	107 142 146 208 220 221 267 270 273 290 291 294 321 361 404 434 435 437 440 473 483 488 528 561 568 572 620 639 645 704 713 719 831 832 876 907 940 970 
39	1	40	1	33 36 61 108 126 130 152 195 196 255 282 350 354 400 429 452 546 548 549 558 587 631 669 695 711 785 792 801 809 869 881 893 905 942 944 955 982 987 
40	7	22	7	106 120 122 145 158 165 175 197 225 245 274 316 317 322 347 405 420 433 451 453 476 521 527 537 584 598 613 672 675 715 719 727 766 837 920 974 
41	13	35	5	7 20 86 109 139 196 223 231 232 288 314 326 331 347 472 492 508 526 605 680 695 724 726 745 749 797 839 854 867 910 915 928 941 997 998 
42	1	24	5	18 33 36 47 92 111 117 156 216 228 243 320 330 343 355 435 439 441 451 454 500 516 533 541 572 583 606 630 648 671 703 709 711 756 883 956 990 1000 
43	13	9	8	20 31 44 109 136 143 169 207 240 245 262 355 373 376 379 410 515 519 541 558 564 577 605 655 669 672 673 686 738 766 806 867 918 946 951 
44	2	49	3	2 60 66 82 104 111 148 168 174 177 190 211 232 384 392 445 454 490 517 530 548 560 622 645 664 692 722 724 743 769 792 802 831 936 947 974 
45	4	25	5	1 32 35 51 66 81 94 104 127 158 170 180 219 269 344 379 458 495 538 540 551 573 613 638 646 702 706 708 718 729 747 748 757 764 793 794 847 870 888 926 929 943 958 960 967 977 
46	12	43	1	6 20 56 72 101 104 131 140 191 239 277 280 304 305 339 366 382 386 393 411 430 542 547 577 596 607 625 682 721 734 799 827 839 875 887 925 983 985 999 
47	7	26	2	33 45 49 53 57 67 83 94 203 223 229 249 274 290 345 367 403 451 452 462 474 493 514 516 531 663 678 690 731 735 745 758 780 782 831 843 845 884 912 975 
48	4	1	1	14 23 43 55 77 89 99 105 132 133 161 176 178 216 232 243 336 425 433 445 460 479 504 522 531 539 544 570 610 619 654 661 662 663 674 723 771 773 783 879 898 901 908 969 974 981 
49	7	39	6	86 88 104 114 131 208 242 274 327 328 364 381 402 503 548 554 612 615 638 650 653 765 777 807 824 840 841 874 881 949 995 
50	13	42	2	6 22 34 41 115 133 141 167 228 236 268 295 343 371 388 394 407 427 435 473 494 530 600 638 643 686 699 701 750 857 870 934 948 
51	4	5	4	11 14 47 70 82 111 161 175 192 212 226 265 275 278 280 292 306 319 326 409 468 475 506 570 580 593 629 631 672 675 709 747 752 753 839 843 879 881 984 998 
52	4	50	2	35 80 84 89 154 158 201 220 230 241 259 260 283 306 312 365 413 520 640 659 703 707 716 768 834 872 885 904 933 947 949 
53	1	50	8	16 30 68 87 124 179 208 221 263 330 348 401 413 423 430 433 436 447 470 494 506 514 567 599 652 697 700 719 739 741 759 775 780 850 888 894 996 998 
54	13	1	7	14 39 55 78 98 105 119 140 141 189 244 253 286 296 342 369 397 398 415 419 456 461 519 524 559 578 599 607 668 673 796 802 804 811 828 884 917 919 949 965 971 975 978 
55	10	7	4	2 3 12 42 76 78 110 123 150 162 182 193 194 224 322 327 330 410 447 462 565 634 656 731 736 737 750 786 810 860 953 958 973 
56	10	7	3	45 69 98 151 152 246 308 330 334 371 376 518 538 547 562 573 585 587 621 626 629 636 654 674 675 682 687 693 701 738 739 768 785 821 823 871 873 895 923 993 995 
57	11	2	6	17 47 85 119 163 213 264 306 324 338 416 442 457 464 467 472 514 522 593 626 637 693 699 806 814 858 882 893 908 910 989 992 
58	12	37	7	11 107 114 156 229 233 291 303 418 465 523 625 655 657 733 738 741 742 755 774 788 789 801 805 820 842 861 889 928 948 951 982 
59	13	40	3	16 28 54 77 85 124 156 223 241 252 276 341 374 408 409 447 450 466 478 486 491 509 527 546 556 596 662 669 727 745 781 805 847 981 
60	10	31	1	9 28 74 83 119 125 127 144 202 225 303 331 332 388 461 484 507 541 553 633 634 641 679 697 749 776 804 830 922 
61	1	9	3	4 24 65 117 137 165 221 247 250 269 301 340 355 360 373 380 390 396 431 479 531 536 539 586 609 684 698 705 710 789 790 801 811 820 827 855 860 927 932 968 985 
62	9	28	5	27 31 106 161 184 191 197 202 213 235 281 286 346 352 362 381 411 436 464 558 579 608 716 828 899 906 911 
63	10	29	5	3 4 40 52 57 60 63 207 252 282 310 324 356 365 375 397 404 444 449 453 532 578 611 641 660 668 687 710 728 788 809 837 869 902 955 963 979 989 
64	2	33	8	46 66 93 224 229 300 309 320 409 446 503 511 537 549 689 704 721 725 755 784 836 856 858 863 864 877 882 925 939 940 959 997 
65	1	34	7	30 34 48 58 76 102 115 127 171 211 236 237 265 266 267 302 349 358 377 384 467 513 556 568 601 602 647 729 732 747 753 769 775 779 793 851 854 860 877 907 923 969 
66	1	24	4	15 163 184 186 203 220 251 286 351 399 466 483 485 499 516 532 533 540 578 594 618 619 637 657 727 864 868 877 897 902 965 976 995 
67	18	23	2	26 42 69 97 100 108 135 136 142 177 210 211 243 266 288 311 318 333 424 463 484 497 503 550 560 589 613 642 714 767 806 814 835 846 868 907 916 937 954 964 
68	4	47	6	18 32 39 42 43 65 98 144 171 199 212 235 277 285 300 316 317 326 346 376 389 436 483 486 494 597 599 633 668 784 878 896 898 961 977 
69	1	5	6	3 106 112 133 135 175 209 219 349 350 385 392 438 614 621 664 698 727 747 772 785 786 788 802 865 876 916 917 965 969 1000 
70	2	27	5	8 42 48 79 140 188 254 275 333 378 418 457 521 602 619 624 750 769 777 807 819 832 836 866 885 932 935 992 
71	11	19	3	19 62 73 78 88 100 114 122 126 145 161 167 169 239 263 267 313 328 362 428 448 480 492 494 504 508 524 552 601 606 611 618 678 726 734 736 749 852 868 906 945 946 958 971 984 996 
72	10	13	6	7 71 125 130 134 204 218 224 245 261 271 315 353 358 368 415 460 477 501 518 532 572 586 607 623 657 681 697 720 754 781 857 862 873 905 
73	3	6	3	75 118 149 164 202 238 337 383 412 420 433 461 481 487 498 499 503 515 593 600 630 671 673 681 690 718 731 750 783 990 
74	8	41	3	18 27 155 159 201 258 259 260 262 285 324 353 357 359 416 429 432 439 471 477 502 511 542 564 576 589 607 657 670 677 691 695 706 723 737 740 775 784 799 862 866 908 944 994 
75	2	32	2	20 29 37 76 87 128 129 184 192 205 245 291 314 319 329 341 342 357 408 434 453 508 525 648 681 709 823 828 838 862 880 889 896 919 959 976 
76	9	15	6	26 117 151 154 170 172 207 489 490 491 492 495 506 523 692 746 770 782 805 859 884 922 987 
77	3	18	5	44 53 100 105 110 136 151 164 182 193 212 221 246 276 325 389 407 414 485 496 509 510 520 570 582 591 598 653 712 721 736 881 964 980 
78	8	18	2	1 36 40 101 110 132 149 152 153 157 188 222 250 256 285 337 405 417 421 430 437 456 521 544 567 576 590 595 651 664 715 728 759 798 824 842 879 967 
79	10	41	8	6 13 21 74 95 154 155 164 226 250 273 293 303 434 478 487 498 513 561 596 611 619 623 649 714 722 742 796 842 876 903 915 916 945 954 962 
80	3	34	1	59 88 90 106 143 149 168 171 217 231 246 337 358 378 398 406 428 443 469 508 518 538 580 624 640 735 736 739 768 778 798 842 853 855 885 886 888 900 918 964 978 980 
81	4	25	3	72 91 93 103 146 176 196 203 235 321 344 345 350 365 423 514 528 554 585 616 753 754 762 782 813 872 886 911 912 917 935 972 
82	1	35	2	102 190 195 237 239 246 247 252 296 323 344 376 385 399 429 465 466 557 572 608 764 786 816 851 853 854 864 871 893 894 899 914 924 943 952 
83	3	21	6	50 75 96 189 200 210 297 332 362 395 410 426 431 511 519 529 592 642 643 671 728 730 738 851 861 957 966 976 979 996 
84	4	13	8	72 113 132 185 192 215 255 258 313 338 400 418 424 427 439 488 497 517 630 665 733 737 773 831 834 878 886 928 970 
85	16	12	7	26 37 52 81 129 139 147 183 187 196 242 248 254 257 278 320 392 411 440 463 466 474 566 603 627 639 701 703 748 780 798 812 834 864 880 899 963 972 
86	8	44	7	87 157 162 219 238 262 263 272 311 314 327 371 385 386 426 439 443 459 526 535 539 560 588 628 640 648 670 686 694 720 723 740 816 846 872 892 898 904 936 939 
87	8	17	6	63 70 115 139 169 231 244 259 279 293 298 305 308 383 409 419 500 504 512 528 552 578 618 636 651 678 685 701 725 768 773 809 821 844 931 
88	4	47	7	22 29 70 96 111 116 128 170 184 201 222 226 243 273 325 329 335 387 468 481 502 525 590 597 629 631 799 815 817 818 827 865 869 875 924 967 990 999 
89	10	31	2	5 12 24 58 146 156 173 181 198 279 307 332 352 364 373 533 535 546 574 614 623 650 660 677 680 777 791 802 809 819 825 905 906 922 926 973 988 991 
90	8	37	8	17 47 58 73 103 157 176 186 187 206 234 247 267 394 406 429 459 463 545 555 566 568 600 635 647 650 667 683 749 815 833 845 919 920 929 957 968 988 999 
91	18	45	4	16 17 30 68 84 103 168 190 339 421 423 425 438 596 612 616 662 666 667 816 838 867 887 890 935 
92	8	8	1	38 52 66 79 204 212 251 285 309 314 458 471 480 512 562 565 592 689 694 696 706 759 760 763 766 777 779 873 904 972 973 994 
93	10	17	7	31 73 84 85 91 97 135 155 223 240 251 268 270 301 404 412 488 491 547 555 569 638 649 712 821 823 833 849 870 874 875 981 
94	3	6	2	27 63 112 118 160 193 194 227 272 292 309 315 354 389 441 445 457 468 498 507 510 584 588 591 602 615 617 627 644 713 730 732 752 763 813 837 844 874 908 965 986 
95	3	29	4	21 55 79 112 126 197 215 257 261 303 305 321 328 360 367 377 402 427 446 450 478 525 529 561 579 585 660 687 689 707 775 776 783 794 827 848 923 940 978 
96	12	46	3	10 14 44 53 71 130 217 237 240 248 261 274 304 306 317 318 346 422 441 443 451 457 465 482 628 646 660 665 672 702 757 796 806 822 888 978 987 993 
97	12	44	5	41 50 74 138 147 234 237 278 337 368 408 512 543 557 562 575 621 626 631 704 705 707 789 804 818 825 826 878 896 938 970 981 986 
98	8	21	5	28 54 62 64 102 107 116 149 215 251 255 265 290 348 367 387 391 400 427 470 480 486 519 539 571 603 604 642 655 663 743 784 824 843 848 890 947 966 974 991 
99	3	8	7	2 5 43 54 64 118 153 159 199 227 264 332 351 356 382 401 417 483 487 517 646 665 734 761 838 891 916 958 960 968 989 992 994 
100	12	46	6	120 143 148 158 222 257 262 276 289 301 311 323 342 380 421 496 530 544 575 591 616 622 634 635 661 708 732 745 755 769 771 832 835 889 891 897 924 952 
