Course	Room	Teacher	Time	Students
1	19	46	1	14 18 33 63 71 75 81 95 151 167 176 191 193 205 221 254 303 322 339 367 377 388 404 407 432 482 498 565 589 599 602 749 786 898 908 945 
2	18	1	6	21 39 188 201 248 327 348 387 404 459 470 530 541 551 595 658 661 691 722 747 750 861 875 902 939 946 1000 
3	19	19	3	35 112 117 170 218 256 310 313 370 389 391 419 429 432 446 453 476 496 501 594 623 629 646 670 671 704 706 760 764 792 795 803 815 828 858 871 895 998 
4	8	9	2	40 101 124 157 178 190 208 228 264 367 402 491 543 579 600 604 606 614 639 671 677 678 725 751 762 769 811 840 906 911 914 930 954 962 989 
5	19	15	5	23 60 135 144 147 218 264 338 358 367 383 451 455 465 466 483 548 555 575 638 678 685 690 704 761 763 764 793 853 857 863 881 883 910 917 919 977 
6	8	34	3	6 47 67 96 141 224 226 233 274 276 281 307 321 340 347 348 352 368 388 417 439 469 471 585 611 665 667 699 721 791 842 879 912 972 984 
7	19	5	6	102 130 145 147 148 159 170 189 213 239 241 261 271 284 318 321 345 375 411 415 435 452 463 565 634 636 684 731 767 769 772 775 787 801 890 894 900 955 960 982 
8	14	18	1	32 57 67 85 90 108 117 128 131 200 202 206 215 284 333 343 344 346 360 374 415 440 469 473 524 547 587 590 598 670 716 743 746 770 816 843 914 915 940 948 963 971 986 
9	19	17	8	3 32 103 109 133 163 186 193 223 261 269 274 307 310 330 341 511 561 584 591 607 622 648 680 685 687 699 725 800 826 862 885 895 926 977 
10	19	5	7	33 60 64 69 71 86 124 147 176 204 217 218 221 263 268 349 360 383 408 430 450 481 486 522 566 588 613 694 701 774 782 814 825 842 861 889 958 973 974 976 977 985 
11	8	44	7	19 23 29 38 44 92 93 99 121 134 140 171 197 245 259 269 272 290 295 300 329 350 363 381 382 388 420 435 509 559 654 708 736 820 834 928 947 990 
12	10	7	5	31 82 180 184 220 251 312 339 356 384 391 392 438 534 561 566 584 701 744 748 759 762 798 823 860 877 891 892 894 902 918 932 936 947 953 958 
13	20	35	2	4 13 129 142 211 212 222 258 260 265 290 378 428 456 496 497 504 527 531 567 580 679 744 755 793 821 836 857 875 882 884 920 939 941 963 977 
14	14	30	5	12 14 55 115 120 139 177 208 210 224 246 250 260 266 270 272 284 290 395 436 437 453 461 498 519 543 549 589 608 651 662 684 836 852 909 945 983 
15	10	2	4	16 133 140 240 289 307 323 330 381 412 436 468 508 521 537 567 606 640 650 673 691 699 716 739 742 798 802 897 918 945 979 
16	3	13	2	11 12 19 71 91 94 111 181 188 191 209 248 267 354 414 439 500 502 503 508 512 585 672 674 692 704 781 787 886 934 969 
17	10	34	1	21 24 45 49 55 58 74 101 127 187 197 253 328 439 447 529 532 559 572 610 662 799 823 827 831 832 851 864 921 952 
18	14	50	6	11 49 59 63 97 106 134 167 198 218 224 225 252 262 285 293 310 359 377 400 456 465 469 476 533 597 677 696 713 723 737 794 807 874 925 930 993 
19	19	9	4	20 28 52 103 134 136 146 147 162 186 208 260 320 329 332 359 369 429 434 445 458 466 478 520 524 538 545 574 617 631 632 636 649 723 724 771 790 794 809 842 868 876 899 932 950 951 990 
20	8	19	1	9 42 51 79 103 123 189 244 324 332 350 383 430 434 446 470 485 512 541 549 550 573 585 606 615 681 682 720 737 742 748 808 810 819 838 844 883 994 997 
21	10	2	8	10 24 35 107 139 207 237 241 244 252 297 320 363 400 416 521 540 545 548 579 639 660 674 764 770 804 812 822 844 861 866 874 878 887 891 927 938 953 959 964 
22	14	42	4	22 36 66 75 82 107 142 150 156 174 187 226 228 236 242 267 352 362 406 431 459 467 522 526 531 547 553 560 573 583 586 611 643 648 698 732 757 766 792 837 847 870 921 922 931 960 969 
23	8	30	4	29 105 118 120 135 153 159 172 181 183 250 266 278 324 335 351 386 423 446 455 482 489 515 613 623 652 712 765 782 871 890 920 943 955 978 981 
24	8	44	8	64 88 122 144 146 174 239 264 333 366 395 396 422 429 435 440 512 525 582 583 617 650 656 689 693 695 710 731 738 740 747 818 905 943 952 962 970 971 976 999 
25	8	18	6	18 50 81 87 105 136 141 160 190 209 221 268 328 338 350 412 484 514 519 560 600 633 719 724 730 755 773 825 889 897 929 968 
26	10	48	7	27 58 96 100 195 274 281 298 309 358 376 398 475 479 485 544 574 577 602 607 609 648 682 686 688 713 750 756 761 763 771 795 806 845 869 873 874 900 915 
27	8	17	5	13 44 102 107 111 134 168 185 236 241 252 321 349 375 418 430 447 463 484 491 525 572 574 618 625 643 646 711 752 754 854 859 895 990 
28	2	26	3	14 45 53 59 73 76 101 165 166 240 270 277 298 356 396 426 464 514 545 552 555 556 559 591 601 603 674 707 743 805 821 919 960 967 993 
29	2	33	4	1 57 64 78 92 114 139 151 164 256 303 316 322 356 379 433 465 487 501 533 534 543 568 657 669 671 774 800 813 994 
30	14	22	8	120 130 161 175 185 201 253 256 279 298 308 313 345 350 368 406 417 449 550 556 595 726 736 741 763 783 817 819 833 837 893 922 923 933 942 956 965 
31	2	36	1	26 37 82 135 140 154 170 262 287 305 312 319 340 438 448 456 480 548 659 663 694 697 709 719 731 744 778 787 792 812 813 830 841 859 881 954 979 983 
32	2	49	7	42 61 118 132 155 200 234 238 244 253 299 301 312 324 412 414 425 427 443 474 484 520 528 560 580 615 663 698 727 793 810 827 829 831 835 850 925 938 939 969 970 986 
33	2	4	2	1 18 31 99 188 197 239 251 263 272 275 307 408 426 453 467 487 550 594 637 670 833 881 885 890 898 946 947 993 
34	12	47	7	11 28 41 91 109 167 215 219 251 294 296 311 369 371 432 441 487 498 502 503 511 519 533 601 608 629 738 760 833 875 892 951 954 965 984 1000 
35	9	29	1	46 48 72 87 136 166 186 204 237 266 275 297 355 387 389 414 427 435 466 471 475 477 500 507 544 556 567 588 604 631 721 723 753 759 764 806 888 901 907 919 924 995 
36	11	16	6	19 22 26 61 151 156 164 202 210 227 384 390 399 423 424 442 460 504 535 578 587 594 609 611 656 676 693 757 758 761 799 810 832 858 877 912 928 964 
37	10	15	2	14 141 143 154 226 233 246 291 293 338 407 478 495 555 562 564 572 596 624 626 642 687 722 735 749 759 785 809 854 865 872 874 923 988 
38	12	3	2	51 76 232 255 259 285 288 299 348 356 387 410 416 440 450 463 472 493 499 522 536 539 541 552 558 563 575 620 625 628 651 685 701 703 715 753 765 819 824 864 877 901 904 961 976 999 
39	9	43	2	9 20 62 73 74 102 136 146 158 198 200 244 331 372 380 451 454 597 609 618 623 682 689 767 788 806 822 846 855 927 
40	12	14	3	16 49 51 113 130 137 158 174 201 223 246 292 295 317 326 358 409 424 480 482 488 490 503 520 535 561 616 728 736 758 768 790 885 887 937 966 
41	9	37	8	56 59 62 119 160 183 292 337 361 394 398 419 436 464 477 569 573 580 596 614 630 635 638 694 717 718 730 757 767 824 830 836 839 840 863 872 879 961 972 
42	10	7	6	7 66 78 100 109 113 128 177 183 272 278 312 314 362 395 396 431 434 479 483 493 527 584 614 659 683 685 703 749 802 862 871 919 956 975 984 995 
43	14	36	7	32 88 146 172 175 214 223 252 283 288 319 325 359 397 457 468 493 551 555 558 572 619 641 647 651 667 690 729 801 803 818 876 899 903 936 961 
44	9	40	5	74 77 92 96 105 123 187 190 214 222 248 255 315 317 318 342 355 422 442 494 500 514 538 562 599 613 636 683 727 758 804 838 842 879 896 951 
45	15	39	1	25 54 183 293 302 308 366 370 378 400 409 419 426 442 486 505 575 577 594 675 702 707 712 727 729 845 880 910 918 935 942 990 
46	18	25	1	52 64 129 158 172 184 192 220 225 315 330 364 385 393 398 403 406 436 444 474 496 511 524 592 633 634 649 673 680 691 695 726 776 779 785 788 800 829 834 885 913 937 944 960 973 992 996 
47	11	1	4	47 54 62 117 137 152 179 216 255 257 282 290 337 393 448 454 633 655 668 719 730 745 808 835 850 856 880 905 907 908 954 980 986 
48	14	50	2	2 5 22 47 69 78 113 127 155 163 171 184 204 225 238 261 276 295 326 336 359 377 448 476 540 557 635 646 675 740 778 779 780 827 828 834 867 899 907 935 
49	9	37	3	7 72 94 116 118 121 142 157 179 185 245 289 291 311 373 385 392 434 497 511 522 563 602 606 652 737 756 811 832 844 856 857 860 872 883 893 911 958 997 999 
50	19	46	2	34 43 72 87 100 123 151 166 175 182 213 214 256 257 268 283 286 296 357 411 455 492 538 557 603 648 726 729 743 772 789 802 807 903 924 995 
51	20	12	3	91 181 229 247 305 342 438 465 492 513 541 553 583 607 649 655 702 731 733 774 780 793 817 873 908 924 996 
52	9	8	7	3 6 9 73 112 117 165 180 224 249 277 316 318 323 341 344 379 460 505 514 527 535 563 612 620 631 697 726 778 830 867 870 884 994 
53	7	10	2	7 21 56 108 144 289 294 308 366 368 376 392 404 417 422 432 449 458 473 534 551 592 593 601 645 647 768 784 798 815 841 843 873 883 897 916 966 997 1000 
54	12	22	4	33 41 79 132 148 173 191 204 231 235 288 306 333 363 398 442 457 509 525 536 544 566 588 634 641 692 735 736 754 789 812 852 857 928 941 956 959 
55	9	40	6	25 37 58 70 79 85 86 120 195 270 311 394 425 464 499 503 510 513 545 553 570 673 741 743 791 848 865 869 876 933 935 971 986 988 
56	9	29	4	4 143 196 212 251 276 321 371 380 399 418 428 516 542 554 604 605 645 679 702 741 753 781 786 817 819 838 946 996 
57	12	47	1	40 138 145 203 217 222 236 260 286 390 457 502 561 562 566 626 655 752 773 784 795 861 870 920 929 966 980 987 
58	2	33	6	34 47 69 80 110 119 121 149 176 179 212 220 265 277 287 329 361 364 379 386 388 405 453 461 481 497 537 589 665 666 687 700 734 759 763 785 798 866 872 882 905 941 
59	7	11	5	46 84 175 230 304 345 354 357 413 482 579 590 627 674 700 742 826 853 856 913 916 941 957 974 988 996 1000 
60	2	3	8	19 84 102 149 203 206 235 282 286 344 348 351 352 354 355 362 370 397 401 405 461 471 492 530 637 663 688 692 711 715 805 806 808 827 832 886 908 913 991 995 
61	15	12	7	4 16 48 76 83 123 137 138 152 157 248 303 317 336 343 395 407 488 530 536 537 578 653 714 715 739 772 837 839 886 887 893 932 943 946 953 
62	15	31	4	30 60 72 89 124 145 163 233 259 262 298 304 325 338 339 346 456 462 507 517 571 587 595 625 659 666 678 710 738 755 831 916 958 968 975 
63	12	49	6	8 77 140 165 232 243 301 349 410 420 444 529 531 571 573 590 631 668 689 718 784 816 826 879 884 906 936 967 992 
64	11	25	5	2 4 26 35 45 50 81 116 141 152 157 213 271 278 372 382 389 405 443 488 501 513 588 622 635 705 724 735 747 815 822 855 878 901 903 914 924 949 972 
65	15	21	5	67 97 199 211 245 287 291 332 340 360 421 424 471 571 576 591 604 639 650 694 722 813 866 944 956 
66	3	35	3	23 131 168 198 205 220 225 238 242 250 306 337 377 403 437 494 499 539 570 578 642 651 672 708 766 799 848 849 928 936 
67	7	39	6	10 12 13 133 138 168 196 240 269 300 313 351 419 486 532 543 569 621 647 675 760 821 845 851 891 911 934 989 
68	6	45	2	3 41 44 149 358 382 397 433 437 470 483 489 515 521 612 644 652 683 720 774 777 791 844 862 869 895 931 937 
69	18	32	2	6 27 29 79 89 90 150 173 310 320 323 353 355 394 477 611 632 636 640 690 706 718 719 734 922 940 953 
70	15	31	8	15 30 41 53 131 153 182 216 271 319 334 335 342 349 357 421 430 439 478 484 507 513 518 523 567 600 612 615 624 675 676 728 765 773 778 791 809 835 846 864 877 888 918 
71	2	26	5	8 56 73 125 138 145 171 173 191 196 207 209 219 221 275 305 309 336 366 369 400 414 427 444 452 459 462 473 492 509 518 527 528 532 533 551 581 597 614 617 619 664 666 688 689 692 708 738 766 770 779 783 784 840 849 915 927 963 982 
72	10	42	3	33 34 38 57 74 80 83 88 89 143 154 156 163 173 208 210 217 219 235 285 316 327 362 418 421 461 512 516 544 547 599 600 624 643 678 696 750 782 796 902 961 975 
73	6	21	8	16 18 80 83 94 113 115 124 180 189 192 304 306 315 322 332 353 385 455 479 515 520 562 641 681 781 807 831 973 978 
74	7	14	1	5 17 36 142 155 165 169 258 264 274 281 294 357 381 391 401 433 462 468 488 509 535 539 540 571 581 623 628 629 654 696 711 713 732 775 777 780 815 850 853 955 989 998 
75	12	4	5	17 22 71 106 150 153 166 216 280 294 296 313 363 373 374 390 420 467 526 531 542 553 565 583 768 790 799 814 846 886 925 952 978 979 997 
76	18	27	3	24 28 39 95 139 186 261 280 334 335 336 353 374 394 397 449 460 518 661 663 680 687 715 723 739 786 788 825 837 865 890 926 973 
77	7	8	4	10 53 68 96 149 229 230 237 299 315 443 474 518 519 528 569 585 592 637 642 658 751 862 889 910 926 964 992 
78	14	48	3	62 68 114 129 160 164 193 212 271 279 300 318 351 364 380 399 431 441 444 470 474 477 479 481 491 506 615 620 639 650 712 713 714 745 761 775 779 804 824 839 855 917 932 934 957 959 964 970 980 987 
79	6	28	6	5 75 150 161 169 187 206 230 234 250 263 267 279 326 335 378 380 391 402 441 454 478 523 547 549 577 581 610 642 705 708 725 727 803 828 839 868 927 940 948 
80	7	10	8	43 61 67 76 91 169 242 265 325 331 340 459 486 536 644 707 756 797 814 847 852 884 897 909 914 
81	15	11	2	52 82 97 137 168 219 300 316 334 342 421 431 485 532 584 590 627 630 661 710 797 805 823 967 970 985 
82	6	28	5	54 61 65 95 98 154 172 273 282 283 292 299 333 347 386 416 423 425 450 454 457 472 490 495 508 516 559 634 647 665 739 773 786 818 843 850 858 911 942 965 992 999 
83	18	6	7	5 39 46 85 98 125 192 216 257 297 328 347 353 374 405 428 438 490 569 576 586 658 660 728 741 765 770 811 841 894 981 
84	6	45	4	2 3 42 43 51 55 65 86 122 128 178 209 241 258 317 365 382 389 413 415 472 529 558 578 622 624 629 646 701 705 706 711 717 733 748 749 752 824 830 893 902 912 929 966 974 
85	18	38	5	40 66 70 80 122 231 238 240 243 302 319 365 370 408 452 464 475 563 568 587 605 610 654 695 699 709 728 760 777 796 811 887 906 948 991 
86	7	38	3	29 63 66 77 93 126 153 302 314 383 386 433 440 475 493 504 510 564 582 640 644 654 662 677 732 851 854 909 923 933 938 952 962 
87	11	27	8	34 104 112 178 194 195 207 288 302 303 311 328 387 392 413 451 502 542 546 632 670 679 714 720 753 782 860 880 889 896 916 929 982 
88	12	43	8	50 60 93 99 106 126 162 177 270 378 403 411 412 428 450 490 508 517 526 554 570 621 655 669 691 696 775 802 848 849 854 856 869 871 944 950 969 983 987 998 
89	11	16	3	2 15 31 36 56 104 162 206 211 230 236 254 255 259 282 287 413 416 451 515 574 638 653 668 683 735 751 835 864 892 925 
90	20	13	5	7 32 90 101 110 114 228 234 253 297 327 331 343 429 476 517 539 556 577 586 593 667 693 703 733 769 776 812 816 829 841 904 930 968 976 
91	7	23	7	17 24 25 81 119 129 205 330 373 385 406 426 448 483 506 510 534 595 616 626 645 672 722 724 737 797 823 843 846 851 859 882 904 931 937 957 978 
92	18	24	8	13 20 21 48 69 90 98 100 190 217 231 249 254 285 314 371 376 379 472 586 704 732 758 762 790 794 917 984 985 994 
93	18	20	4	160 180 199 202 215 232 243 280 309 314 327 341 375 402 437 441 463 481 496 500 505 546 582 601 609 627 628 672 697 729 797 810 814 816 822 826 828 868 881 944 989 
94	6	24	1	28 31 70 116 162 223 231 243 247 249 277 279 399 411 418 445 499 501 537 552 554 564 603 605 679 725 756 771 796 803 863 930 949 959 
95	6	6	3	8 20 25 27 37 110 127 132 159 161 203 239 273 339 376 401 402 420 489 528 558 568 597 630 633 657 686 700 757 801 834 836 847 867 898 982 
96	11	20	2	37 38 65 68 95 185 196 203 227 235 247 273 324 361 460 506 549 608 616 656 660 664 681 686 700 813 838 859 888 921 949 981 991 
97	15	32	6	9 30 112 131 181 194 273 275 305 393 449 462 468 480 507 552 557 576 579 599 608 644 671 706 721 733 742 746 754 805 817 820 833 852 855 907 965 
98	15	23	3	54 84 106 111 169 182 184 194 199 228 268 278 296 346 365 367 372 415 523 598 635 669 673 716 752 783 794 840 845 876 896 904 913 915 950 
99	6	41	7	36 45 70 75 115 170 194 211 226 237 276 280 326 409 422 446 447 494 497 516 529 565 664 684 693 702 740 745 780 804 821 848 878 896 910 949 950 971 975 979 
100	11	41	1	23 43 83 97 111 125 126 130 148 182 210 233 246 301 304 354 361 373 384 410 425 458 504 510 530 546 593 619 630 632 638 640 661 688 734 789 809 820 865 873 899 905 943 962 985 
