Course	Room	Teacher	Time	Students
1	8	18	1	37 41 45 97 98 103 111 121 129 144 164 172 189 204 213 218 232 278 296 302 319 333 360 376 402 415 444 469 490 492 502 513 514 523 551 570 610 687 752 801 887 889 892 894 
2	6	1	1	31 135 149 161 185 217 234 241 309 425 432 434 459 486 509 595 624 682 694 700 706 718 726 747 779 786 789 806 839 846 879 932 941 953 954 
3	6	44	3	75 91 92 95 97 116 118 124 194 238 247 251 297 300 317 345 369 437 468 512 548 593 596 607 618 632 663 706 748 749 802 829 831 835 842 863 869 928 932 950 
4	11	25	4	54 62 77 83 91 108 134 146 162 253 279 294 299 305 313 316 339 342 374 388 438 489 491 506 528 599 724 725 776 829 841 902 910 920 922 933 943 999 
5	6	19	2	79 92 96 143 152 160 245 249 252 277 321 335 472 479 515 516 523 593 629 673 827 828 854 884 887 907 985 991 
6	8	11	5	4 66 70 92 102 105 130 131 141 150 163 167 174 179 244 252 255 331 340 359 371 377 378 400 405 439 508 514 530 549 566 586 626 639 664 693 702 710 712 739 778 859 862 871 882 978 992 
7	2	34	3	22 108 110 204 277 304 447 490 511 519 566 615 645 662 711 782 834 851 878 914 938 
8	8	5	7	10 52 102 166 168 180 185 271 273 292 328 356 362 416 431 465 477 520 529 533 581 588 608 612 642 646 672 684 730 777 806 830 832 833 951 
9	10	9	7	4 5 63 100 124 165 196 202 205 207 213 217 261 262 272 297 323 326 343 350 446 509 521 531 578 638 685 710 773 805 837 840 876 896 925 931 974 
10	9	8	4	9 30 86 96 112 218 258 270 291 296 326 329 340 369 378 402 422 436 451 453 466 499 510 580 583 613 628 754 798 815 868 888 912 955 993 1000 
11	7	31	8	12 24 63 86 128 160 222 234 311 321 365 406 418 422 423 447 556 569 636 791 798 802 845 860 914 928 979 
12	1	28	7	6 32 41 45 50 90 134 264 268 280 298 351 354 370 408 482 495 522 579 636 739 811 909 950 972 999 
13	9	45	3	15 78 106 109 139 222 240 254 349 373 382 398 425 442 444 465 469 529 565 575 584 591 614 638 649 719 726 762 788 815 832 862 994 
14	9	36	2	20 31 112 119 171 224 292 309 344 351 357 371 392 394 401 422 517 519 550 557 565 581 590 606 623 639 671 672 705 755 782 821 868 888 905 918 929 932 942 955 974 980 
15	10	39	5	13 24 95 111 126 168 170 191 216 289 315 318 319 337 416 420 445 451 504 533 554 570 594 631 673 720 755 781 794 812 817 821 838 849 872 925 943 982 999 
16	8	11	6	10 22 83 94 128 165 184 208 223 255 271 282 297 425 478 521 560 568 593 599 621 628 634 659 668 680 710 716 728 743 751 752 790 821 868 886 921 
17	6	21	8	17 62 106 111 182 191 197 279 347 404 500 562 574 599 613 617 624 625 629 655 664 685 733 741 754 766 777 779 795 812 816 824 837 841 847 869 883 941 944 958 
18	11	34	8	26 36 54 90 98 131 138 180 188 221 233 320 323 477 478 487 579 607 632 656 666 700 720 728 746 764 780 797 819 882 887 901 935 981 987 
19	4	39	3	18 35 58 131 141 177 181 184 220 239 245 290 293 346 358 377 386 407 408 440 503 537 589 595 613 666 696 724 763 797 820 822 855 886 898 917 941 
20	9	43	5	65 80 83 97 108 142 160 188 217 347 351 355 391 403 442 454 455 484 490 522 532 572 602 621 632 640 647 661 665 704 733 760 766 767 773 824 830 858 874 907 
21	9	42	8	5 108 122 187 242 319 396 398 435 437 445 457 459 463 484 523 553 586 601 637 652 683 694 718 729 745 749 778 864 920 996 
22	13	13	5	71 82 113 114 132 133 154 156 208 210 265 284 367 448 457 476 492 499 500 531 539 574 589 628 662 682 735 738 749 752 783 842 869 910 
23	9	35	7	13 21 37 42 71 75 80 120 132 143 192 201 230 238 246 253 267 291 308 352 358 420 513 516 580 654 657 659 679 688 745 822 823 826 854 877 894 927 965 966 968 
24	4	28	1	19 29 34 52 64 203 261 294 303 321 368 401 404 411 414 443 457 470 488 503 538 555 588 645 654 665 710 728 757 765 841 847 848 945 964 990 992 
25	8	18	2	5 17 37 38 40 74 99 126 169 204 212 233 276 312 343 353 367 409 426 452 482 492 507 561 570 607 646 649 724 735 820 823 826 836 862 880 896 926 
26	13	35	2	159 191 193 203 239 243 288 328 329 370 486 532 541 544 655 675 687 703 726 732 762 763 771 852 877 885 916 936 940 948 949 954 990 
27	18	41	4	1 73 85 93 101 119 138 156 157 183 214 220 221 251 263 286 300 368 389 393 485 495 501 570 587 616 622 632 654 661 694 711 713 746 768 787 837 915 965 977 982 
28	18	2	2	42 68 102 116 147 286 298 310 311 315 316 334 374 383 454 460 480 485 488 548 575 600 620 635 642 647 680 699 761 770 787 848 956 967 979 995 
29	13	23	7	11 28 117 137 152 154 158 190 206 215 235 305 332 344 361 414 438 444 449 463 464 466 467 476 481 493 518 537 585 598 641 678 759 775 796 824 834 863 881 888 920 947 953 
30	18	7	6	4 57 60 63 99 160 183 195 214 286 310 370 389 481 531 542 578 607 612 615 618 738 740 754 756 832 867 876 905 938 994 
31	13	23	6	54 90 93 101 121 134 219 279 304 431 438 461 480 484 561 623 630 639 651 681 690 714 776 778 875 889 946 962 970 976 989 
32	4	22	2	52 59 91 120 129 141 179 219 231 242 250 297 302 350 379 424 473 491 498 502 510 525 552 559 572 588 622 695 723 750 760 797 813 919 951 992 999 
33	1	24	8	56 84 198 201 280 348 350 384 385 403 467 491 495 506 532 541 594 598 630 673 709 781 808 875 885 893 
34	13	43	3	9 77 96 161 170 202 212 234 244 312 374 422 454 464 505 514 604 644 695 722 806 843 845 848 853 872 875 879 908 912 935 937 946 986 
35	5	50	2	62 69 72 81 88 114 121 131 153 192 209 236 303 322 338 355 378 386 388 389 395 407 429 469 537 547 555 584 595 615 657 688 713 746 754 839 866 947 960 975 
36	13	41	1	3 96 166 168 178 206 226 246 251 254 273 275 320 383 394 399 426 536 586 587 592 626 660 683 688 742 744 750 756 769 780 827 843 865 868 978 
37	18	17	5	33 43 54 85 117 195 209 215 233 246 279 322 346 369 376 395 398 404 423 426 427 504 516 540 542 553 585 620 686 694 716 741 792 818 834 850 861 876 887 909 921 949 969 987 997 1000 
38	6	8	5	1 10 35 40 50 58 125 144 240 268 282 314 328 356 362 389 394 421 494 497 555 579 592 629 642 708 711 744 756 802 828 836 843 851 853 865 888 998 
39	5	48	5	2 16 18 31 119 123 147 198 214 223 248 251 288 303 320 330 348 370 401 444 498 501 524 577 583 600 608 627 650 655 656 670 676 705 714 725 729 762 820 870 915 919 929 970 981 
40	3	3	2	7 11 98 107 183 210 253 317 331 354 365 425 458 489 501 511 562 577 592 697 706 731 743 768 790 811 927 946 970 
41	12	10	2	29 34 36 76 124 146 168 172 173 196 216 223 255 272 324 327 356 358 440 445 478 533 546 558 566 567 596 602 610 708 715 725 733 740 742 745 831 857 890 930 943 950 973 977 
42	8	1	3	2 31 67 164 183 228 236 257 262 263 274 306 314 395 402 426 460 470 535 560 627 651 687 733 766 774 793 833 850 871 891 905 915 953 993 
43	4	9	4	2 40 55 104 114 155 171 189 224 227 248 281 307 347 380 383 417 424 435 440 441 479 518 522 543 547 576 759 835 842 880 
44	18	50	8	13 25 43 120 125 140 157 174 175 202 228 259 283 294 301 335 353 402 414 483 499 504 554 575 614 615 620 638 675 702 722 727 740 889 897 913 916 955 972 
45	20	20	5	69 75 145 230 232 237 242 324 326 441 464 526 623 683 698 785 791 804 805 844 854 881 963 
46	4	49	8	85 130 136 147 151 177 296 310 312 322 340 360 364 367 390 460 525 545 587 628 715 787 800 801 803 805 813 857 881 964 
47	5	3	4	33 67 80 109 132 136 142 143 169 181 232 269 273 289 353 372 407 412 429 431 432 443 458 477 520 526 530 550 555 581 601 619 626 662 696 757 794 822 849 861 865 893 914 945 972 975 994 995 
48	3	24	6	8 16 47 70 81 82 100 169 188 243 263 277 281 306 327 339 390 398 410 429 539 543 558 586 600 627 640 729 741 757 760 824 869 873 914 919 939 971 975 988 
49	9	21	6	27 35 39 79 116 117 129 197 222 249 250 264 272 283 288 307 308 335 368 420 442 458 463 545 610 625 660 667 686 697 700 704 709 712 746 758 763 852 859 880 895 898 951 959 968 987 998 
50	1	30	3	3 7 11 26 44 45 46 55 79 125 135 145 178 185 186 187 220 221 266 324 363 384 394 399 409 524 526 703 730 747 783 810 830 856 880 911 960 
51	6	19	4	24 61 84 141 182 256 260 268 298 302 314 421 459 500 566 588 596 629 722 808 829 874 879 886 917 926 953 996 
52	12	31	7	15 26 101 144 162 198 208 209 256 285 294 299 313 325 327 338 360 376 410 415 475 560 568 665 668 779 846 850 913 934 940 983 
53	3	26	5	38 48 81 91 155 192 194 201 225 227 234 236 266 344 345 379 393 452 475 482 489 496 517 519 597 637 652 663 719 731 772 784 825 860 932 954 985 
54	1	30	4	66 72 128 174 201 202 228 229 275 323 334 418 467 468 482 487 488 535 646 681 687 718 769 800 809 838 873 900 901 
55	5	6	6	130 170 290 318 352 355 380 399 411 412 414 430 483 505 506 530 564 580 582 590 604 673 685 692 699 717 724 734 769 772 777 799 801 809 883 907 934 
56	5	10	1	23 30 38 68 82 188 190 199 258 285 306 331 336 347 374 375 436 468 478 484 496 517 545 567 611 721 737 774 776 817 884 921 967 
57	12	32	4	45 99 116 126 135 140 147 149 177 241 271 346 355 357 375 403 404 559 674 676 703 771 781 788 793 802 810 823 852 863 916 938 952 956 961 987 988 
58	18	32	7	2 19 65 133 149 197 203 236 270 365 411 443 472 474 496 497 507 511 525 536 556 596 645 658 738 778 809 857 905 910 959 
59	8	45	8	11 46 47 49 71 76 87 101 135 145 170 200 206 229 241 243 281 285 308 317 344 362 415 433 480 492 568 584 595 611 647 670 696 735 757 763 767 796 820 848 859 918 968 985 
60	18	7	1	20 27 65 105 148 195 224 252 253 262 281 322 356 392 430 441 474 491 512 521 630 671 675 698 722 761 770 808 818 870 903 913 920 950 952 962 989 993 996 
61	4	16	5	7 21 22 46 60 77 173 189 207 219 231 241 284 305 321 332 343 428 430 525 564 565 706 709 736 833 892 906 933 966 971 984 
62	3	6	4	17 152 154 175 184 194 197 212 217 259 301 366 377 384 387 447 567 568 634 667 688 715 730 806 812 826 894 897 899 928 942 960 
63	3	40	8	20 28 55 67 78 94 148 247 255 256 277 351 373 450 455 461 514 515 534 535 571 603 635 650 653 677 684 692 774 794 833 840 872 874 892 895 976 
64	1	14	2	14 44 55 61 213 293 341 352 390 421 432 457 471 500 574 616 698 720 747 748 753 765 767 804 812 867 873 901 903 934 937 989 
65	3	12	1	33 49 76 109 110 150 158 193 231 250 337 361 442 464 473 481 489 505 541 578 609 631 634 707 708 732 784 832 877 897 898 900 939 944 986 
66	5	26	8	15 18 27 32 34 40 69 104 107 207 261 274 291 298 333 379 381 391 397 408 443 446 448 452 466 473 526 564 565 585 648 674 697 714 761 776 790 839 862 903 924 948 990 
67	12	37	5	23 25 56 89 148 159 260 352 385 411 438 518 611 619 648 653 657 689 707 728 743 764 769 770 787 798 891 957 995 
68	12	15	6	13 72 74 84 150 167 205 233 242 260 265 316 377 378 386 448 466 474 486 512 546 553 554 635 713 721 723 736 737 783 814 815 828 840 917 922 923 933 940 969 984 997 
69	11	15	2	21 28 47 89 123 137 187 211 240 247 254 256 261 269 287 349 373 382 417 430 433 449 456 524 538 569 601 676 684 691 908 952 957 966 
70	18	17	3	1 14 25 51 70 134 142 148 286 296 308 334 366 368 387 392 415 419 499 506 507 564 598 612 616 621 633 654 667 678 708 727 751 771 792 805 811 840 896 919 939 964 980 983 
71	12	4	1	16 66 88 95 107 114 222 229 263 301 304 311 318 326 338 359 445 448 471 524 562 580 582 676 697 699 712 758 767 809 835 866 946 981 
72	11	33	1	80 84 93 104 118 119 151 187 221 245 330 342 348 354 366 369 380 387 405 412 461 497 522 543 563 571 594 620 658 669 689 691 693 709 715 734 831 864 874 876 882 886 906 925 
73	5	48	3	30 37 52 90 127 128 163 288 291 310 337 343 388 427 429 463 480 483 493 550 576 606 634 679 682 738 759 864 870 902 906 940 1000 
74	4	47	7	8 16 46 79 82 95 98 110 122 140 164 204 214 275 276 314 317 336 345 400 434 456 460 485 487 502 527 534 587 617 631 670 725 774 788 865 893 897 930 942 945 
75	16	20	8	10 42 50 81 93 109 133 161 216 341 388 412 424 439 508 510 519 551 561 612 618 689 734 742 744 811 850 856 891 923 957 965 991 
76	6	36	7	9 35 47 60 73 113 161 178 225 257 315 359 366 471 523 532 541 569 577 605 614 639 666 674 719 723 752 753 817 841 844 915 917 958 984 989 
77	10	27	1	12 51 61 72 115 139 159 162 200 211 235 237 240 267 269 289 293 325 332 341 421 515 557 560 572 591 619 717 749 800 834 845 855 878 904 907 908 933 936 961 
78	16	49	4	22 44 102 127 249 257 264 283 295 341 406 419 437 540 649 659 698 701 753 761 773 908 909 921 923 971 
79	10	46	4	14 70 78 110 113 137 165 196 211 280 381 428 439 470 474 507 527 571 590 610 663 712 717 729 758 821 827 830 
80	11	47	6	18 33 56 59 62 87 111 139 152 156 166 171 172 215 267 274 293 328 385 416 433 447 494 508 510 557 581 585 591 601 611 624 633 636 643 644 655 669 675 678 684 718 780 819 823 826 890 899 903 927 958 967 974 977 
81	1	16	1	176 177 182 186 230 274 292 313 363 365 423 450 462 465 472 511 527 542 546 549 556 576 613 648 650 668 679 705 739 804 807 819 825 828 842 890 927 969 
82	6	5	6	43 44 48 58 64 146 151 176 179 185 199 225 228 238 248 258 325 333 379 407 409 440 459 473 476 501 503 513 528 563 569 579 608 662 693 702 782 844 846 853 860 948 981 986 
83	5	40	7	39 76 85 118 173 186 244 278 312 349 373 390 396 406 437 462 508 542 583 609 616 626 633 637 644 669 690 692 747 772 807 813 845 849 855 901 924 938 955 976 988 
84	8	44	4	6 74 89 92 100 164 237 246 272 287 359 386 434 494 496 544 546 549 563 589 598 603 721 750 782 853 911 930 935 937 967 985 991 
85	3	12	3	99 117 171 276 329 330 372 376 381 393 396 420 458 476 487 498 513 518 520 534 547 609 631 652 658 680 686 700 716 743 838 861 968 997 
86	11	27	3	19 38 68 146 157 179 223 295 305 309 313 361 391 397 530 536 538 544 597 608 641 643 656 664 672 681 713 740 742 775 795 799 813 816 836 860 956 974 977 978 
87	12	37	3	4 23 86 87 180 200 208 360 362 410 467 528 552 567 637 674 677 691 714 732 744 755 764 825 847 890 918 934 963 965 975 
88	10	14	6	3 36 71 75 86 153 252 257 287 342 371 405 408 441 493 527 550 552 556 594 617 647 679 727 775 789 818 864 885 892 894 904 906 918 931 961 983 
89	10	29	8	14 30 64 66 89 150 153 155 166 190 192 226 235 260 275 282 299 307 315 334 339 413 451 479 509 576 582 583 597 605 660 665 704 759 789 815 827 838 866 912 929 949 959 980 
90	3	46	7	36 53 59 64 127 138 193 194 224 232 265 331 333 340 342 371 391 417 450 553 558 562 640 651 663 705 716 736 766 814 851 858 866 899 916 924 944 973 998 
91	11	33	5	3 12 19 51 57 73 74 181 218 247 249 259 327 382 392 417 418 433 434 453 485 495 512 573 605 617 622 677 701 737 793 795 807 879 884 935 942 947 960 
92	11	25	7	48 49 58 88 121 176 191 199 266 282 283 300 364 384 409 413 573 582 603 707 750 762 770 804 810 816 875 891 895 952 969 
93	13	2	8	9 39 77 112 181 196 354 399 453 456 572 578 623 641 642 686 693 719 768 783 814 871 898 902 937 983 
94	10	38	2	60 103 136 162 195 198 200 229 267 380 405 427 455 475 505 605 618 653 669 671 690 748 751 773 780 871 872 889 982 994 996 
95	12	38	8	57 132 142 163 167 178 215 258 265 289 290 295 302 336 363 400 410 462 517 559 695 731 758 765 925 931 963 
96	16	22	3	32 41 123 133 143 149 169 190 210 225 259 270 287 318 413 428 439 450 545 551 557 573 646 659 661 779 803 807 858 895 900 945 959 972 979 982 
97	9	42	1	6 7 50 53 57 67 87 157 175 184 248 299 346 357 403 456 493 533 539 577 602 643 649 652 680 681 760 777 785 798 803 836 863 873 902 976 979 988 995 
98	10	4	3	5 29 42 94 115 154 182 189 203 219 268 278 406 449 451 452 497 625 699 723 745 784 791 818 867 877 883 904 929 930 936 948 973 
99	13	13	4	8 15 94 103 153 158 199 206 226 239 244 284 324 382 427 461 516 529 540 561 606 614 643 648 650 726 727 735 756 772 786 791 797 799 831 867 885 939 944 966 990 992 
100	4	29	6	65 68 106 115 124 137 144 173 212 285 330 419 428 446 471 544 584 622 641 670 730 731 771 785 792 808 817 861 926 947 964 
