Course	Room	Teacher	Time	Students
1	9	48	2	17 21 95 125 250 299 332 333 419 434 444 473 511 523 546 574 592 596 616 674 692 779 787 825 862 873 881 917 944 
2	10	29	1	6 9 105 112 224 247 251 267 280 343 349 404 417 426 431 441 450 456 484 490 517 525 552 559 565 590 593 609 618 628 643 648 682 753 819 842 848 856 906 927 949 962 971 974 982 
3	20	5	1	61 68 81 108 123 192 256 288 327 364 385 460 477 516 540 572 659 668 690 692 698 700 764 783 788 824 832 858 871 880 919 925 936 997 
4	20	23	2	25 30 52 54 79 81 101 115 147 187 188 196 208 221 271 308 321 385 397 413 424 430 507 515 530 531 557 567 611 631 648 654 663 723 744 746 749 763 780 786 804 812 871 898 900 924 953 976 981 
5	20	49	4	30 52 77 108 121 149 228 267 273 283 346 376 378 391 409 429 451 509 539 542 547 599 603 608 682 686 730 762 768 791 851 866 878 887 892 915 943 954 968 981 988 
6	10	27	6	70 96 106 207 217 222 263 272 306 318 327 352 363 392 396 398 399 400 404 461 466 492 524 536 537 601 629 681 731 746 772 796 807 834 835 889 903 938 963 
7	20	7	3	1 6 8 45 59 63 65 70 122 143 183 195 212 226 275 309 326 342 447 492 503 533 536 545 559 587 644 649 657 679 693 698 731 741 786 813 828 833 928 980 993 
8	10	27	7	15 70 88 111 117 145 206 221 233 237 259 261 388 390 412 421 445 514 518 544 557 571 614 617 637 766 772 793 871 887 888 918 941 955 963 
9	10	5	3	20 33 42 137 166 252 259 261 299 304 328 364 385 392 418 443 449 464 499 544 606 617 681 683 695 705 724 734 736 774 805 816 849 860 869 874 881 884 985 988 
10	9	2	6	21 58 133 148 160 185 188 212 218 266 271 341 344 347 380 391 449 475 493 521 528 532 574 575 594 606 624 670 741 742 767 806 856 867 946 957 964 
11	10	44	8	84 85 94 107 127 173 175 176 185 196 197 223 241 247 265 270 341 358 374 382 385 387 400 412 561 596 609 634 654 690 751 798 820 852 868 937 993 
12	15	34	1	18 19 110 125 131 142 164 166 170 200 207 232 235 282 306 334 367 440 476 519 531 539 606 637 656 808 839 868 878 897 905 917 958 
13	20	7	6	36 99 102 140 164 172 241 264 281 294 326 393 394 414 432 517 603 604 642 723 771 863 891 902 968 996 
14	20	31	8	9 14 96 110 161 186 209 213 214 215 228 233 249 268 287 312 335 389 425 450 519 552 594 598 599 640 664 671 729 735 743 857 865 888 899 971 987 
15	10	23	4	11 56 97 113 117 129 140 165 199 216 238 239 264 269 276 323 349 356 374 387 393 414 458 490 500 530 577 656 664 687 705 770 825 880 882 930 939 965 980 998 
16	19	22	2	49 91 160 181 203 231 272 293 325 326 337 350 355 389 458 461 463 477 478 481 483 488 500 587 632 633 634 662 669 688 695 707 721 730 768 830 867 884 902 914 927 938 960 962 
17	7	31	4	7 85 88 126 210 278 288 359 373 390 412 417 439 463 479 499 583 592 594 602 618 628 674 683 685 697 745 826 828 859 873 972 
18	20	38	7	38 84 95 119 123 167 172 187 190 217 241 269 423 517 526 545 559 567 572 576 585 597 631 640 653 658 659 686 737 744 761 765 773 811 826 866 869 891 899 903 921 992 996 
19	19	22	5	11 41 77 81 92 120 122 142 150 211 253 268 339 357 361 369 391 403 405 442 445 475 480 485 509 567 605 618 691 696 725 763 789 790 794 825 846 872 890 895 896 923 933 935 967 979 
20	7	41	7	29 42 47 143 174 278 292 301 309 362 454 458 459 466 495 501 527 565 602 632 648 672 735 779 799 830 831 835 838 855 858 872 905 958 959 994 995 
21	10	29	2	43 94 106 112 136 179 183 201 229 284 313 324 328 359 426 431 451 584 601 607 619 624 709 715 815 822 875 948 959 961 971 994 997 998 
22	10	49	5	30 48 112 127 130 140 146 164 180 183 199 250 270 273 274 279 286 340 344 345 395 412 441 451 501 512 572 590 606 620 624 685 687 700 730 753 774 803 861 922 960 971 973 
23	7	37	1	23 37 95 102 157 162 184 193 194 197 201 218 242 266 268 338 350 357 372 373 442 446 453 462 486 518 520 558 579 608 617 622 645 684 687 699 719 743 750 757 767 769 864 867 879 904 933 977 984 
24	2	34	5	67 88 151 169 216 243 307 324 378 384 484 570 653 655 660 670 688 689 707 740 746 750 758 771 806 826 841 864 909 919 932 950 998 999 
25	7	33	5	3 32 104 109 158 162 168 193 200 241 252 258 264 301 365 399 428 430 493 564 566 569 610 659 668 673 734 743 754 810 830 834 840 876 913 934 942 946 947 972 977 995 
26	9	30	8	13 25 33 102 236 238 262 322 367 368 411 428 498 524 528 559 577 578 593 638 653 657 740 742 793 809 810 931 944 946 949 979 980 986 
27	18	43	3	12 68 75 115 146 152 158 164 204 217 248 274 308 452 483 484 486 490 517 518 537 554 655 662 664 691 704 706 713 721 762 765 772 784 793 937 995 
28	18	35	6	35 66 90 110 192 203 240 273 284 357 388 410 454 463 467 474 477 483 491 533 551 555 557 591 593 635 695 732 748 776 799 817 852 939 952 962 976 982 990 
29	2	3	4	14 36 65 71 72 130 194 204 242 271 366 369 372 392 397 415 428 448 453 468 474 491 493 512 525 558 575 622 625 630 646 665 684 708 739 765 775 785 792 855 898 961 1000 
30	2	47	7	144 160 254 284 311 316 325 334 444 449 468 480 500 563 623 708 732 736 787 818 821 840 842 881 908 930 950 
31	18	43	5	46 51 53 63 66 75 98 134 173 176 224 231 262 315 409 414 419 423 433 453 471 503 511 547 579 585 589 597 630 715 737 760 770 777 783 785 837 856 862 865 914 970 
32	18	32	8	5 21 86 105 163 167 191 221 234 294 313 316 336 338 359 360 366 379 384 392 393 398 416 441 460 470 495 496 516 547 554 571 587 601 626 661 663 702 844 883 963 973 998 
33	7	44	3	23 26 40 62 66 85 89 106 154 181 222 230 269 318 356 448 450 502 529 607 670 720 739 785 818 827 829 846 853 870 876 893 916 964 976 996 
34	9	47	1	17 39 41 114 148 175 219 285 293 318 351 388 401 522 527 528 534 541 550 566 585 611 625 662 671 673 678 680 681 726 728 746 752 785 835 877 901 940 964 979 
35	9	3	7	1 2 34 89 139 179 201 250 260 262 300 371 395 396 430 431 435 455 473 499 519 551 560 584 587 604 722 726 734 829 913 932 942 956 968 974 
36	6	12	2	22 41 104 119 132 174 178 506 533 544 576 618 635 639 659 705 752 789 809 811 841 886 936 957 972 984 
37	16	39	2	1 16 97 107 138 139 184 294 298 311 312 338 340 347 374 394 416 427 443 462 520 608 621 673 702 718 765 781 861 865 888 939 975 
38	2	30	6	60 62 75 87 98 118 121 169 260 320 334 419 436 484 516 523 546 633 656 674 699 700 704 712 735 737 749 777 824 874 892 927 991 
39	20	41	5	62 103 105 113 117 124 131 145 153 172 290 342 351 355 360 404 411 446 462 495 549 555 654 676 733 747 800 818 850 857 879 918 983 
40	6	42	8	35 113 123 149 165 178 231 240 246 298 303 362 401 413 434 447 454 483 512 545 567 608 641 649 675 714 791 806 815 900 905 909 932 995 997 
41	18	32	1	34 56 121 167 240 278 320 328 352 371 386 421 424 530 591 644 711 733 813 843 870 876 883 915 920 941 950 961 973 
42	6	20	5	9 64 97 118 119 220 272 288 300 312 334 353 417 496 505 544 561 616 627 636 671 678 776 784 807 809 821 849 851 921 949 978 989 
43	18	35	2	23 88 89 163 204 213 218 232 239 302 358 379 399 485 535 539 562 563 589 591 595 629 650 680 698 755 766 798 801 831 932 970 987 1000 
44	7	38	2	7 10 11 37 48 50 66 67 126 133 182 222 242 263 287 329 345 366 370 383 390 409 437 440 470 510 537 573 577 642 660 684 699 703 704 747 756 764 776 788 810 843 859 866 868 901 954 
45	16	26	1	53 138 146 155 177 180 227 248 274 315 319 333 336 355 375 395 397 422 437 493 548 632 639 677 685 694 697 707 727 730 742 795 800 823 844 874 889 908 952 954 993 1000 
46	18	39	4	12 31 162 172 205 207 229 274 297 305 308 317 347 367 446 529 571 612 652 678 690 752 775 799 816 835 885 897 928 934 986 999 
47	11	21	2	2 42 98 156 180 235 269 323 348 357 361 418 505 525 550 599 706 741 750 840 853 882 883 934 951 973 
48	11	24	1	28 31 119 132 214 272 279 296 329 331 408 415 469 502 526 573 577 600 624 642 650 744 771 778 790 814 818 887 907 916 922 953 967 969 986 
49	6	21	7	96 102 148 152 168 211 212 220 267 298 327 354 408 418 438 644 646 684 692 710 729 770 794 868 880 947 972 985 
50	9	10	3	10 49 55 73 109 123 176 203 229 244 322 335 338 369 377 389 409 436 463 478 526 532 552 600 619 668 714 718 727 740 848 854 863 905 989 
51	16	25	4	13 62 64 86 141 174 236 290 300 381 383 435 464 487 574 580 615 636 647 650 658 677 694 718 764 777 783 810 819 841 850 860 871 877 883 890 923 964 
52	6	16	6	45 48 80 85 115 154 224 238 286 310 315 322 329 336 443 471 472 487 496 500 509 522 547 554 579 585 590 612 620 708 713 727 747 788 851 895 921 937 977 984 994 
53	5	13	2	4 18 44 60 76 128 135 145 158 210 214 255 256 260 309 314 320 368 439 466 475 501 571 572 593 657 664 666 667 668 690 710 807 839 845 894 955 
54	16	25	8	2 69 82 135 147 148 156 171 190 192 219 255 266 285 286 288 296 300 410 422 429 453 543 569 685 688 710 759 838 851 910 943 
55	7	37	8	16 20 22 39 64 70 92 112 128 206 244 253 257 260 289 301 317 355 440 465 472 476 494 607 611 612 623 655 692 705 712 719 724 728 752 754 760 775 787 803 842 847 869 880 890 904 954 982 
56	3	2	5	27 71 83 87 93 139 161 167 171 215 267 333 516 640 663 666 677 680 718 724 736 762 792 858 884 901 907 925 
57	11	50	3	5 28 105 189 192 223 256 277 281 302 321 330 379 380 406 420 427 542 556 558 569 582 672 712 729 761 782 821 834 850 889 890 909 924 925 941 950 961 970 987 992 
58	9	46	5	15 72 159 178 190 213 222 280 316 326 331 382 410 465 521 548 583 586 623 635 665 667 711 781 838 844 940 965 
59	6	20	3	43 74 78 99 114 171 179 233 236 253 270 349 401 405 491 498 509 511 515 525 616 630 658 742 820 822 862 879 886 896 955 
60	3	36	4	15 54 60 101 139 178 256 284 286 403 430 441 456 469 526 532 551 563 598 649 655 666 720 723 748 756 757 778 782 803 812 844 862 912 974 
61	11	19	8	40 52 83 87 115 129 134 144 150 151 168 212 229 280 331 337 343 383 457 478 503 529 555 565 580 584 602 632 721 766 771 788 802 854 870 911 956 988 
62	11	13	4	51 106 120 135 137 227 235 263 287 312 317 350 379 404 445 459 502 521 531 600 614 631 641 753 805 824 833 888 921 963 985 993 
63	19	36	1	4 13 34 71 103 111 116 160 163 189 225 340 425 494 504 507 508 513 589 605 714 755 779 798 811 831 837 891 909 966 978 991 
64	5	19	1	40 67 86 91 120 124 191 198 203 217 249 275 341 363 376 399 402 406 420 423 438 457 467 482 503 505 588 595 601 627 641 665 679 709 725 735 737 751 803 804 805 875 945 
65	5	28	3	31 38 53 67 86 96 121 200 209 238 297 339 358 432 438 472 508 513 543 561 592 594 596 613 625 641 709 715 726 754 768 787 794 859 894 914 931 966 979 
66	16	40	6	3 20 41 84 124 141 201 242 243 285 295 325 330 340 365 367 479 486 497 518 553 602 610 637 644 652 688 697 703 766 786 804 840 842 870 877 911 926 958 966 1000 
67	5	17	5	4 68 128 136 143 175 187 194 223 226 291 343 368 373 434 456 466 468 508 538 551 560 581 584 588 592 611 702 717 720 741 745 782 801 802 814 822 827 832 
68	5	1	6	24 56 69 109 145 170 278 287 303 308 354 362 372 395 413 415 508 626 711 784 816 829 864 
69	11	17	6	22 42 43 95 183 184 208 248 309 356 378 387 403 407 408 505 527 569 588 609 625 682 716 717 789 798 822 923 945 981 
70	5	18	4	24 28 37 49 63 69 79 93 94 169 179 181 185 262 301 303 336 394 425 433 497 498 536 553 597 648 651 661 767 817 918 922 924 975 992 
71	11	28	5	25 35 79 149 165 174 184 191 236 251 277 282 335 348 362 364 370 375 376 429 494 497 535 546 553 582 633 645 703 828 836 889 892 931 980 986 
72	5	40	8	1 12 47 54 126 130 159 295 353 370 415 435 442 464 489 541 548 549 556 566 639 720 755 784 795 821 885 903 924 983 
73	16	16	7	59 64 74 92 135 136 161 165 166 193 195 279 307 310 342 359 383 389 424 465 469 476 489 531 552 578 583 643 672 709 716 724 739 747 774 786 816 845 849 911 915 919 940 
74	15	18	6	8 19 54 72 93 104 125 136 177 182 187 239 265 291 302 351 377 448 514 538 540 556 560 580 694 740 769 797 802 805 916 929 931 992 
75	15	14	4	8 25 33 46 61 83 103 157 234 363 421 565 573 629 634 667 671 673 675 728 761 808 836 837 852 854 858 872 896 899 900 933 937 945 957 994 
76	2	11	1	10 76 94 100 137 156 161 185 188 231 237 252 261 283 295 310 324 325 342 396 524 568 576 596 598 603 604 636 658 675 693 833 939 965 
77	15	15	8	28 37 57 74 116 131 138 170 211 369 377 381 426 471 523 533 540 543 558 568 616 773 814 827 896 912 984 991 
78	15	9	7	6 32 52 58 77 83 127 151 180 223 225 243 283 291 299 304 314 360 363 377 402 486 490 511 520 535 575 582 621 633 639 647 669 670 676 733 757 797 802 825 876 917 923 
79	15	15	2	72 80 110 111 190 237 248 252 265 276 279 282 305 331 356 384 410 447 452 457 482 492 497 504 545 586 613 615 637 679 738 769 814 885 907 908 910 919 929 940 978 990 
80	15	6	3	11 15 17 27 35 144 155 163 254 289 291 298 337 351 353 411 429 437 460 469 521 568 574 722 801 808 830 832 838 855 861 911 934 982 983 
81	16	50	5	26 43 78 80 100 155 230 239 249 261 289 296 400 406 461 481 504 631 669 701 817 891 917 968 
82	19	8	3	16 22 46 60 151 153 198 208 220 257 292 293 306 332 361 419 467 523 524 605 645 677 725 745 758 763 790 799 804 815 831 845 877 885 902 907 935 946 958 967 
83	19	8	6	4 5 26 29 33 71 73 78 89 114 116 202 232 245 251 314 319 345 422 440 459 489 504 512 621 628 661 676 680 686 691 715 734 751 791 843 875 893 894 898 900 908 930 941 
84	6	42	1	47 101 133 141 150 176 186 210 226 244 313 332 346 384 413 433 455 461 510 514 560 562 599 610 635 696 713 717 722 817 853 861 893 894 944 957 
85	11	1	7	23 24 44 53 57 68 90 97 158 159 169 204 213 333 350 361 411 436 452 538 550 556 562 586 665 689 693 700 719 749 758 759 783 800 833 847 863 878 882 920 928 944 953 969 
86	19	9	4	2 26 38 50 91 324 382 388 400 418 447 473 477 488 510 620 627 676 689 699 738 755 758 796 797 832 895 913 920 952 962 
87	19	46	7	20 30 104 162 197 205 207 209 245 246 293 321 335 339 380 386 407 439 451 507 529 534 537 541 588 603 619 622 627 661 694 731 776 791 846 860 867 873 884 898 904 912 936 960 976 
88	2	11	2	5 24 74 87 149 166 245 257 352 378 381 401 405 435 479 513 553 564 622 626 652 689 762 795 857 872 925 926 933 956 996 
89	12	10	5	7 19 101 225 263 285 292 295 354 422 431 499 595 756 759 820 824 839 853 874 916 959 969 
90	15	6	5	39 50 65 133 152 244 254 318 366 416 436 476 488 502 534 550 557 575 646 761 780 869 887 893 897 912 943 966 974 
91	7	33	6	51 55 65 82 103 108 113 129 157 168 181 206 216 234 343 346 368 374 375 376 446 464 465 506 638 660 736 753 763 774 778 823 836 873 899 955 
92	6	26	4	16 55 100 147 188 189 196 198 211 247 259 275 277 302 304 322 344 345 371 420 437 481 482 528 541 586 613 617 657 698 751 801 856 879 938 942 
93	16	24	3	48 57 58 76 80 90 92 138 142 157 177 307 315 346 381 386 393 421 494 507 527 610 614 623 629 656 669 686 723 738 748 778 781 865 897 947 949 959 975 981 
94	19	4	8	29 55 76 142 202 215 258 277 320 348 364 390 402 407 438 480 506 513 522 542 570 642 643 651 687 711 722 725 733 792 901 929 990 999 
95	18	12	7	8 12 107 108 122 137 173 224 265 276 319 328 347 353 365 387 403 426 482 487 542 591 626 636 701 706 721 760 792 795 812 813 820 828 836 841 906 910 
96	5	14	7	9 17 27 61 63 69 73 118 128 154 191 199 240 266 297 306 323 391 427 443 515 555 581 609 649 691 714 748 864 902 987 
97	9	4	4	6 29 32 44 45 75 81 99 122 132 175 219 246 257 258 316 380 398 444 455 470 534 562 570 643 716 731 743 793 794 834 848 849 886 914 929 936 948 951 967 989 
98	3	48	1	59 221 281 305 365 416 445 498 506 578 647 651 683 706 732 781 789 796 806 807 926 935 943 948 956 990 
99	2	45	3	18 82 186 228 235 255 311 327 348 360 414 457 462 479 485 487 488 522 549 612 621 647 663 678 717 773 812 847 882 903 904 938 951 
100	2	45	8	7 98 143 152 193 195 205 227 254 264 299 427 432 433 491 492 535 539 581 597 697 701 739 749 764 770 780 819 837 866 942 948 952 
