Course	Room	Teacher	Time	Students
1	17	16	7	27 37 43 60 66 111 197 231 274 290 293 316 322 367 410 416 435 449 488 493 517 518 559 579 670 700 793 868 904 982 983 998 
2	18	25	6	4 21 113 118 119 133 175 224 258 316 333 335 338 372 414 420 448 495 500 532 547 583 584 597 617 646 666 671 700 721 763 812 826 856 864 879 942 953 955 957 999 
3	6	32	3	59 62 65 104 213 237 243 310 336 412 440 451 474 488 500 501 508 572 633 640 646 733 751 784 803 815 830 832 842 847 854 918 931 935 958 
4	13	39	1	26 57 60 97 136 155 171 199 218 239 251 258 299 351 369 376 380 387 469 470 541 549 554 582 589 628 635 647 659 664 688 730 737 783 789 791 798 809 817 844 849 851 881 885 907 910 929 952 953 959 971 979 988 
5	4	37	3	93 192 195 205 270 360 475 478 479 506 511 521 522 603 618 623 649 690 693 697 701 763 811 823 863 871 880 884 899 920 924 979 
6	4	15	4	16 56 90 114 167 190 220 225 311 349 353 357 392 416 464 467 530 539 549 626 690 696 722 765 911 924 951 964 
7	17	20	2	20 21 24 70 101 106 121 148 151 229 242 277 278 289 374 407 429 439 450 511 536 540 655 675 689 703 724 760 776 805 808 813 827 833 859 893 899 901 919 952 954 
8	13	29	5	35 38 55 68 117 118 160 190 191 214 217 219 236 247 256 311 343 366 367 384 397 403 437 439 441 453 487 488 499 524 540 564 592 636 659 670 674 698 706 745 770 780 781 831 841 909 910 945 971 
9	11	5	2	40 47 97 160 162 207 210 216 223 256 300 317 345 394 420 482 528 571 579 630 660 668 671 699 722 741 750 794 892 898 936 940 947 968 986 990 991 
10	13	8	4	22 42 52 60 168 170 176 234 243 255 302 318 372 373 385 395 423 456 465 487 491 540 553 561 608 609 657 666 732 751 773 784 815 838 890 917 921 957 969 999 
11	20	6	2	5 9 34 135 182 230 269 275 366 387 424 432 444 445 485 489 601 633 644 646 658 698 702 763 848 856 916 937 972 997 
12	13	23	3	8 17 31 61 88 115 156 187 229 241 251 263 306 309 329 357 375 403 409 454 535 541 545 609 626 635 643 652 660 674 689 706 741 756 779 783 807 819 836 837 843 867 926 942 
13	2	42	7	14 29 53 67 84 151 159 176 179 181 199 286 298 303 304 379 400 430 439 451 462 514 526 542 633 654 658 712 716 725 790 835 840 855 887 923 
14	20	28	7	13 42 59 64 69 75 160 208 252 295 350 371 375 390 394 406 434 437 572 577 606 689 724 739 756 777 786 807 837 846 851 856 909 915 920 928 972 997 
15	17	45	6	7 56 69 151 152 253 261 291 312 320 326 347 406 435 463 524 525 545 553 575 627 708 717 753 771 820 828 863 866 939 952 
16	20	41	6	3 13 30 33 66 73 165 247 259 319 351 356 428 450 466 514 587 590 620 654 656 661 686 697 709 713 715 738 740 750 796 799 800 807 861 930 944 
17	20	2	3	12 46 63 89 101 196 215 252 279 287 296 305 335 350 425 444 503 514 536 558 636 650 662 736 747 791 814 851 885 911 929 932 952 954 967 
18	5	3	3	29 97 130 139 145 149 182 203 211 216 239 348 390 453 466 525 532 552 582 586 617 642 653 654 656 801 804 818 883 908 913 945 959 968 982 987 
19	4	39	2	72 116 173 219 220 239 243 247 290 339 355 367 447 492 537 563 584 611 614 645 685 707 716 736 780 785 820 826 884 888 903 926 
20	20	28	5	4 19 22 27 49 54 85 92 134 184 199 231 260 282 308 309 313 349 375 436 480 481 498 559 562 566 605 638 663 687 722 731 732 734 794 796 823 885 998 
21	15	45	1	5 25 76 94 98 101 110 118 144 202 217 221 252 274 276 284 315 321 323 365 366 368 388 427 433 477 489 492 501 519 538 557 571 669 694 754 774 797 829 848 854 893 923 935 944 949 951 966 982 
22	20	50	4	10 31 40 81 126 181 228 264 277 285 331 339 384 422 474 506 552 659 677 684 686 709 724 884 928 930 977 987 
23	5	19	5	28 47 77 78 127 131 143 171 182 237 248 279 322 400 406 409 442 504 505 529 533 536 548 556 558 569 644 646 686 707 712 773 774 838 852 859 871 896 907 917 925 967 976 991 993 
24	5	30	2	7 15 75 86 87 103 122 179 212 280 334 357 361 405 480 504 517 539 620 626 661 664 665 679 769 788 817 829 864 928 
25	9	38	4	3 28 49 72 78 133 254 316 330 344 360 388 448 479 490 513 526 575 582 679 687 727 730 735 774 777 849 863 876 984 
26	2	12	8	30 56 86 93 102 139 195 200 210 227 275 326 343 354 390 489 519 548 567 694 702 815 841 844 869 1000 
27	3	49	2	111 200 206 233 255 284 398 457 476 494 525 556 599 612 629 682 688 694 708 738 762 765 793 800 816 818 876 924 975 
28	5	43	7	32 77 80 94 150 204 218 250 325 335 353 360 363 412 420 423 438 531 555 560 593 594 616 672 696 732 806 817 848 878 941 973 980 984 
29	5	43	8	5 75 78 104 107 126 150 168 180 198 206 225 256 277 281 290 305 336 352 363 423 428 442 461 546 560 669 684 720 725 788 807 874 898 925 
30	6	32	5	23 51 63 76 89 97 100 140 180 222 230 246 267 312 337 364 379 389 424 434 448 509 512 518 537 567 591 596 602 603 637 715 726 737 744 752 755 757 785 797 806 860 868 877 932 957 969 981 
31	5	48	4	33 46 54 62 79 85 121 123 161 177 201 207 233 274 282 310 352 374 410 470 485 585 598 603 625 649 671 782 817 839 898 953 966 995 
32	3	1	8	41 49 51 53 58 144 183 201 209 215 250 268 293 295 297 351 362 440 447 449 462 468 492 507 581 664 732 738 798 843 852 858 868 924 931 994 995 
33	4	33	6	25 40 79 107 157 176 213 215 218 265 275 308 327 355 447 470 528 571 632 649 682 705 757 770 802 821 855 908 912 921 986 
34	13	6	8	2 32 47 62 63 64 66 84 87 120 128 138 157 160 166 231 240 263 269 273 308 330 350 393 408 432 473 490 500 511 535 542 550 592 620 650 681 686 716 734 839 864 880 892 915 917 945 970 989 
35	6	20	6	34 72 82 91 140 189 222 248 260 307 336 357 392 409 418 432 436 459 475 496 539 551 560 569 593 598 600 615 626 636 698 751 874 876 895 926 
36	19	11	7	65 71 76 81 138 144 158 263 268 291 318 329 346 349 456 505 536 539 558 570 580 604 651 656 660 688 699 714 717 723 726 734 740 776 800 835 865 872 886 891 916 932 994 
37	3	33	7	2 73 139 182 219 242 243 280 413 427 455 490 497 524 578 671 673 704 743 812 822 827 870 889 938 971 
38	5	19	1	3 20 58 109 149 203 254 317 322 330 355 356 407 414 468 502 509 527 579 595 599 607 621 622 666 672 676 691 758 779 792 821 828 
39	2	42	5	2 7 42 96 141 183 188 272 278 358 420 455 456 496 519 531 543 554 568 580 673 710 723 750 786 804 826 869 914 950 978 
40	20	15	1	21 36 56 73 75 85 93 140 150 176 192 222 264 267 281 486 494 504 515 600 604 613 663 677 740 752 757 759 764 785 801 825 869 888 919 926 928 946 948 958 990 996 
41	2	18	6	12 27 28 51 61 135 162 221 232 233 257 371 391 434 487 513 559 579 588 624 625 662 668 714 728 730 755 768 824 883 894 902 914 940 981 983 985 990 
42	19	17	1	37 62 113 127 145 159 249 261 266 285 306 324 327 345 382 410 418 467 487 499 506 523 531 564 572 574 575 596 624 707 804 860 862 894 922 950 956 
43	3	21	3	18 41 79 106 131 135 186 236 278 371 402 491 498 520 523 538 577 581 600 611 676 709 721 777 795 802 844 890 903 906 907 922 933 950 978 
44	4	41	8	6 37 39 59 83 100 193 265 294 309 327 347 361 394 395 413 483 521 573 601 602 627 640 644 665 709 723 731 741 792 842 877 885 930 984 
45	3	36	5	10 16 24 83 105 111 124 148 177 255 275 315 319 329 371 446 457 459 468 477 482 515 522 565 585 657 711 721 748 778 824 833 881 886 889 935 936 938 1000 
46	11	5	4	4 8 18 128 205 238 314 359 386 418 433 546 581 623 665 692 723 739 814 819 909 976 981 982 
47	4	2	1	10 82 95 100 111 190 207 223 238 246 312 314 346 348 385 400 422 493 513 522 551 561 566 603 609 611 617 625 632 642 808 819 840 986 
48	2	7	3	22 81 102 103 132 189 212 214 232 258 283 326 340 347 372 396 422 445 494 495 531 557 563 590 605 639 648 702 713 740 781 816 897 946 949 977 986 
49	14	44	1	1 12 32 34 35 55 86 146 180 197 200 247 253 262 358 544 555 556 568 633 650 652 692 693 701 729 811 834 876 883 939 960 976 998 
50	5	3	6	9 92 142 195 206 208 266 292 297 313 399 421 429 438 439 445 458 481 493 567 576 589 595 608 655 680 684 691 704 733 742 746 765 780 848 878 946 965 968 
51	19	46	5	17 20 33 39 58 71 80 87 90 99 113 129 135 166 174 226 259 271 288 289 303 342 352 354 370 395 404 463 464 557 570 583 623 645 648 667 682 703 792 800 813 814 820 845 853 947 966 
52	15	12	6	46 108 132 156 173 202 234 239 276 282 301 304 325 329 367 426 490 527 563 566 605 631 760 787 798 822 846 897 915 918 947 949 961 
53	18	14	1	6 104 112 130 142 161 169 173 174 184 210 245 272 307 311 318 333 344 391 416 451 496 542 581 594 634 639 753 770 772 842 861 882 987 
54	17	38	3	67 69 98 114 125 151 179 194 267 293 304 338 339 342 380 383 384 417 441 460 468 483 584 588 610 695 707 731 739 742 766 824 825 833 841 879 888 891 896 914 
55	18	22	2	83 89 96 110 168 171 178 205 246 370 373 381 384 404 419 433 458 515 569 570 691 696 711 879 904 959 980 994 
56	13	8	7	18 33 39 105 127 143 149 261 312 373 389 391 461 510 564 629 637 643 647 669 683 710 720 737 765 769 810 871 881 892 900 914 927 929 961 963 975 
57	6	9	2	23 36 54 71 73 95 138 141 142 156 194 211 217 262 328 338 363 426 448 478 521 526 574 591 592 622 631 639 641 643 782 786 795 796 823 824 860 880 891 905 933 965 996 
58	19	48	2	6 82 108 124 204 227 264 270 282 301 340 341 378 414 430 438 442 479 509 582 678 701 744 801 810 830 844 851 946 948 995 
59	14	4	5	13 29 44 74 91 164 167 192 227 265 273 288 295 297 299 304 344 462 470 476 485 547 586 622 675 727 735 761 802 827 916 918 920 934 940 942 
60	3	11	4	9 15 24 44 94 96 109 155 224 269 296 335 351 377 379 380 472 476 492 533 534 592 617 629 708 714 733 775 797 804 808 823 855 862 878 881 974 
61	15	47	2	8 57 79 107 137 139 164 250 279 313 321 337 347 359 449 465 481 503 507 522 550 578 596 606 720 749 775 778 787 790 852 855 858 894 906 923 934 941 943 945 951 960 992 1000 
62	19	14	3	25 57 116 126 137 165 198 301 303 432 493 587 593 594 606 672 675 677 719 724 760 761 780 858 861 872 916 955 960 970 997 
63	18	46	7	23 91 99 216 306 314 385 405 407 445 453 556 588 608 628 632 733 738 755 906 913 921 925 939 
64	15	18	3	43 68 95 109 119 128 138 152 167 178 190 193 199 222 242 266 317 319 320 324 344 349 354 358 415 419 471 480 484 546 607 684 703 716 745 810 828 915 943 957 976 
65	14	22	4	29 36 50 112 120 183 209 221 244 253 319 332 341 366 375 382 391 412 463 500 503 515 537 541 566 580 591 612 639 640 672 693 725 737 834 840 865 866 902 913 949 988 
66	4	23	5	48 106 112 187 194 241 262 266 334 350 378 421 452 484 491 510 576 601 612 635 677 719 729 753 790 818 822 828 906 962 
67	2	7	4	17 38 70 119 150 191 203 235 292 294 320 328 378 397 399 404 436 446 455 532 583 599 601 611 650 661 718 721 726 754 763 772 779 806 907 920 941 955 
68	6	35	8	68 80 114 125 134 140 143 147 188 208 248 257 260 285 286 302 360 378 451 474 486 494 555 615 658 675 705 751 789 895 903 919 950 968 
69	3	47	6	6 8 42 48 58 64 159 164 186 193 209 217 251 255 330 368 382 437 461 471 507 529 550 568 572 596 607 616 642 657 727 731 769 795 819 938 
70	4	30	7	1 41 104 115 154 164 172 220 317 340 359 426 428 441 450 504 533 553 576 586 653 685 744 764 821 845 850 873 911 960 
71	19	17	8	16 99 155 156 174 185 196 238 240 267 276 322 331 345 369 372 381 429 430 465 477 481 495 520 523 544 545 625 628 638 678 712 757 810 813 818 821 838 859 870 886 901 905 936 
72	20	50	8	22 70 76 123 154 165 191 219 228 254 271 316 332 346 383 443 594 624 668 688 699 729 758 759 803 816 882 922 
73	3	49	1	40 48 115 134 175 177 181 188 205 208 211 213 336 342 405 409 446 464 476 505 512 532 535 537 588 630 658 681 696 715 718 728 736 768 805 816 830 857 872 877 912 973 974 989 993 
74	6	4	1	18 54 59 65 153 225 256 269 331 383 386 390 393 402 411 431 459 465 510 525 563 616 654 685 690 717 719 727 787 875 903 905 927 
75	19	34	6	17 65 84 122 136 196 197 204 228 244 277 279 352 365 425 433 452 501 502 503 519 520 534 562 577 602 619 637 725 754 772 774 803 805 850 888 890 931 934 958 
76	7	40	2	31 64 88 99 185 226 231 232 235 245 296 348 356 364 463 472 497 555 559 565 683 734 746 766 812 846 847 883 887 935 956 
77	11	16	6	16 50 77 169 170 174 238 271 299 300 306 328 332 346 401 404 431 443 473 484 486 498 578 630 681 710 782 788 832 839 852 882 969 977 978 991 996 1000 
78	14	1	2	19 49 63 120 136 172 186 214 276 283 326 382 385 393 422 474 527 530 535 583 610 642 647 755 758 822 857 902 961 964 
79	18	10	8	25 26 38 52 103 158 163 184 224 233 259 315 321 323 399 419 446 469 472 484 508 512 547 591 597 649 651 662 679 687 692 706 718 754 768 802 809 836 923 992 
80	15	24	5	81 98 132 133 146 287 301 380 399 501 618 621 661 678 746 784 793 798 834 837 847 854 873 884 944 972 974 997 
81	9	35	2	32 130 154 184 281 287 294 298 318 325 416 418 421 518 523 573 575 609 728 745 767 771 835 838 843 853 874 875 896 925 962 999 
82	13	29	6	11 47 123 125 141 145 148 153 201 216 237 254 281 289 303 305 341 361 363 377 387 393 403 419 497 508 510 530 543 574 585 621 638 651 663 711 720 739 752 783 789 811 813 896 933 973 988 993 
83	15	31	8	9 27 95 105 109 112 117 122 145 148 167 169 251 272 274 299 370 386 388 411 437 467 475 499 509 516 517 524 552 558 589 590 613 673 695 698 710 747 748 783 790 801 863 867 887 929 955 956 963 980 
84	6	10	4	5 80 92 158 171 245 325 356 411 417 441 449 450 554 613 637 673 678 680 766 776 789 837 857 867 872 893 971 
85	18	27	3	1 15 74 87 105 121 124 129 172 191 202 248 259 292 332 377 400 401 455 458 472 516 549 565 571 615 621 624 651 700 717 726 778 796 831 840 853 856 901 910 937 
86	15	40	7	10 15 78 90 93 129 130 152 211 221 249 311 368 377 381 431 452 479 495 511 530 544 546 552 595 648 735 781 836 853 902 908 964 966 992 
87	2	24	1	52 68 165 185 189 204 229 235 291 337 415 423 425 429 466 473 475 576 627 656 682 703 722 743 747 748 762 814 820 826 866 871 937 995 
88	17	25	4	7 35 51 91 131 144 147 214 227 232 250 280 300 305 307 327 355 415 440 517 529 634 655 670 746 758 771 794 829 843 873 877 904 962 970 975 990 
89	14	21	7	44 96 110 133 134 141 163 169 175 223 236 257 288 334 341 361 362 396 398 411 454 478 516 534 573 622 634 674 705 718 778 784 829 862 880 948 988 
90	7	31	4	12 67 84 100 192 226 241 257 265 284 287 290 297 338 358 364 408 431 442 452 457 486 560 597 604 607 628 635 674 694 713 743 749 760 846 967 
91	6	13	7	147 183 200 215 283 294 333 364 365 386 397 401 414 469 548 551 618 631 640 641 680 742 761 768 772 791 797 799 825 830 841 849 895 942 951 983 996 
92	19	36	4	14 34 43 53 83 116 127 137 162 178 195 223 249 291 333 365 430 435 460 466 521 528 538 544 557 565 574 618 632 641 653 683 711 752 759 793 831 836 845 870 875 897 998 
93	14	26	6	2 14 70 129 161 229 235 241 268 302 310 323 343 370 398 424 427 469 491 542 629 634 645 685 695 741 767 900 901 927 
94	18	26	5	36 41 45 88 101 108 126 152 157 234 242 245 261 263 340 353 374 392 417 541 590 620 631 647 653 664 668 680 695 764 839 842 867 919 943 948 959 985 
95	14	9	3	11 26 38 55 77 92 110 117 154 180 226 244 273 289 345 376 447 496 518 551 614 627 659 667 699 735 743 773 805 808 870 895 905 912 930 947 972 980 
96	18	34	4	11 45 146 153 212 230 240 270 324 354 383 396 407 462 471 497 547 569 570 610 619 652 681 736 748 786 927 954 978 
97	13	37	2	11 44 45 74 85 125 131 153 166 203 224 236 272 307 331 369 456 508 613 619 638 667 704 770 811 865 900 969 984 987 
98	15	27	4	66 69 102 198 258 413 444 482 505 527 543 562 573 584 614 697 719 756 785 899 963 965 991 
99	2	13	2	61 146 170 181 196 197 218 228 273 362 368 376 406 415 435 443 453 461 502 516 545 548 562 693 809 815 882 908 970 
100	14	44	8	19 23 50 57 89 94 132 142 187 202 249 262 324 339 425 438 460 478 480 485 561 598 648 652 660 714 782 812 878 894 897 934 938 954 985 993 999 
