Course	Room	Teacher	Time	Students
1	20	30	1	68 74 97 161 171 197 231 244 254 297 306 308 315 322 357 358 370 400 402 411 518 560 567 581 590 597 632 701 775 815 825 876 902 914 960 963 968 
2	19	35	1	12 15 38 75 88 98 101 113 117 121 157 170 211 217 223 275 276 313 334 352 377 440 447 448 467 469 520 553 582 667 685 704 768 771 796 816 824 831 877 900 913 916 953 982 998 
3	20	19	3	4 14 15 66 72 110 123 132 157 213 233 258 316 322 339 354 391 392 393 414 472 474 496 507 523 549 579 692 698 709 723 739 772 776 782 831 853 863 864 874 915 916 928 964 980 1000 
4	10	7	2	33 136 218 244 250 271 274 347 365 371 380 390 392 419 498 532 537 569 571 600 630 636 640 656 677 686 688 758 770 780 819 
5	20	16	5	14 22 30 43 58 74 125 127 141 180 207 231 237 269 278 301 357 359 360 397 398 407 424 520 532 584 594 611 614 639 652 707 718 736 741 754 770 824 832 866 873 899 981 999 
6	11	23	1	6 8 32 36 54 87 119 130 137 149 159 190 205 245 247 307 340 401 413 420 465 471 500 506 593 623 638 646 684 720 740 754 810 823 840 842 920 935 942 951 978 
7	20	1	6	38 61 62 211 222 251 295 334 359 392 401 432 447 505 512 531 550 562 600 685 699 730 775 777 778 785 790 847 917 924 938 
8	11	23	3	60 103 106 230 383 429 437 452 480 530 544 657 706 721 741 757 764 843 867 944 950 960 987 
9	10	2	6	43 111 143 177 196 253 272 336 382 388 405 406 417 476 480 515 535 543 544 568 642 663 680 684 711 752 779 808 832 860 865 872 884 888 964 
10	18	26	7	14 42 54 67 140 175 176 190 274 284 294 317 342 393 400 411 563 725 741 756 783 917 946 960 976 979 982 
11	19	12	7	9 48 87 104 153 220 261 350 416 439 444 467 498 532 566 574 597 644 647 682 721 723 882 907 919 927 951 955 
12	10	37	7	7 80 117 136 225 228 232 264 276 287 292 306 327 340 347 376 405 443 450 459 485 490 497 511 557 584 589 620 631 637 691 713 737 739 749 764 784 795 802 948 971 973 994 
13	13	50	3	17 35 40 61 70 79 93 181 202 206 215 245 250 279 294 303 343 363 368 373 430 433 436 445 473 477 481 487 511 526 553 565 595 694 707 728 759 789 792 827 951 982 997 
14	5	6	1	24 52 195 226 235 268 329 363 389 429 446 485 540 569 583 589 599 615 626 660 689 744 749 784 832 870 908 918 956 959 981 983 
15	18	39	6	40 46 85 98 227 248 294 358 409 479 494 509 539 601 640 648 674 681 687 709 715 754 780 810 818 876 926 954 971 997 
16	10	32	8	3 114 183 186 206 209 232 267 363 365 413 427 429 444 463 520 525 550 584 589 594 599 607 609 652 719 724 765 776 795 798 799 808 819 852 859 882 905 925 956 960 
17	20	50	8	46 94 146 150 153 156 166 199 205 246 247 249 252 269 277 337 346 369 425 446 466 484 535 560 612 631 639 644 668 673 687 707 710 810 870 904 989 
18	13	2	2	9 28 38 54 94 111 121 158 185 198 220 272 277 310 410 452 501 531 533 550 551 582 619 620 641 663 669 681 717 720 722 736 743 753 776 875 896 910 913 923 976 
19	10	29	4	13 19 24 42 56 92 105 127 156 188 197 228 236 246 247 251 262 321 329 354 482 491 536 537 538 546 549 557 559 614 633 702 712 748 765 777 787 799 834 880 911 921 936 954 959 961 967 
20	17	41	1	16 67 70 81 85 86 91 95 129 131 241 253 283 290 323 325 359 367 376 398 449 451 539 542 548 592 677 700 702 714 732 736 750 788 801 812 839 844 932 1000 
21	13	14	6	8 74 168 200 291 309 319 325 368 376 416 441 460 466 470 493 522 534 554 557 580 598 606 761 846 887 895 904 919 922 
22	13	45	4	29 31 59 103 113 134 160 171 177 181 189 199 300 313 317 326 330 334 348 351 380 383 408 417 451 508 542 579 593 628 686 766 790 794 898 903 913 923 925 927 988 
23	2	38	7	52 61 68 72 115 155 179 195 209 315 339 380 394 419 434 460 462 507 527 546 622 715 747 767 770 790 810 811 819 853 855 856 858 880 936 943 964 988 998 
24	5	21	3	23 45 51 83 115 173 196 203 204 225 263 291 338 416 442 450 482 529 533 577 601 678 701 704 753 802 813 844 893 985 989 
25	10	16	1	4 28 106 181 187 188 266 328 332 382 394 397 479 488 538 566 575 600 653 680 755 797 857 898 910 966 
26	10	29	5	18 59 66 130 157 174 176 179 233 266 310 317 346 348 426 430 436 450 552 574 590 593 597 645 684 694 732 760 804 806 822 823 852 912 934 947 951 972 
27	13	45	5	1 10 44 45 64 80 149 153 175 251 315 322 327 328 370 396 439 444 501 637 662 674 721 766 809 843 871 881 916 926 939 949 
28	6	11	4	16 26 62 182 252 261 279 285 294 306 311 312 384 401 402 406 484 500 503 521 524 550 555 574 590 636 687 694 704 720 752 755 759 760 772 774 796 804 852 877 896 899 929 972 
29	13	24	8	50 76 128 135 144 165 172 255 265 283 287 291 299 307 340 342 349 387 397 438 470 476 479 544 565 635 638 643 674 742 767 802 809 816 817 823 840 865 892 912 918 
30	7	35	8	2 11 51 71 85 126 214 348 367 434 458 468 514 517 570 576 604 629 662 670 709 716 730 772 825 839 845 883 906 911 921 937 946 970 997 
31	16	46	3	56 58 65 91 100 254 283 341 426 439 485 515 537 575 691 700 735 798 837 933 936 996 
32	19	39	4	1 6 21 38 48 83 186 234 235 286 327 335 377 386 443 570 585 587 599 613 721 723 727 788 809 846 849 865 889 935 968 980 986 
33	5	44	8	32 102 105 179 187 196 220 234 237 245 273 275 279 284 290 341 347 362 382 421 423 440 459 469 471 480 553 630 645 647 669 693 702 715 768 770 803 811 848 878 927 959 993 
34	16	20	8	81 130 136 139 201 316 317 383 392 408 464 483 528 530 538 546 552 665 683 688 696 752 771 824 828 831 851 880 909 968 988 
35	16	32	1	35 112 134 141 143 165 208 214 242 293 299 336 344 353 371 453 458 464 509 512 571 573 602 603 621 630 675 718 733 747 817 829 849 859 863 883 911 961 977 984 992 
36	20	30	2	16 114 120 126 163 174 175 191 240 267 304 357 384 404 408 415 421 457 515 527 546 548 559 567 579 593 625 633 651 657 691 695 708 713 728 749 774 791 801 811 830 842 928 940 946 958 962 964 972 
37	5	21	6	50 118 150 155 190 219 226 282 292 375 380 398 402 407 442 478 492 510 524 538 541 561 576 586 637 653 658 665 671 686 702 712 727 784 845 857 891 893 933 958 
38	11	12	5	27 86 131 135 155 166 189 259 275 282 358 442 483 488 551 578 579 582 631 659 697 734 753 796 799 862 864 888 889 910 929 932 979 
39	5	18	7	6 36 37 40 44 95 126 161 192 201 206 208 258 271 295 324 367 403 404 417 565 611 619 625 655 664 667 672 680 698 716 766 789 794 828 839 851 852 860 905 931 938 954 1000 
40	2	31	4	25 28 66 101 128 168 198 202 250 259 264 309 336 447 450 453 488 552 598 652 668 700 709 744 756 829 833 842 871 873 890 891 915 920 926 957 
41	4	18	1	39 124 163 175 189 288 289 295 350 404 417 431 475 486 499 524 586 613 618 683 737 752 799 800 806 848 861 882 884 894 895 903 
42	12	22	1	116 151 185 286 333 362 468 483 529 712 722 828 866 874 889 901 939 
43	7	41	4	112 114 122 152 170 220 243 303 379 387 409 423 466 469 489 493 502 588 610 666 679 769 771 778 797 807 850 861 862 901 904 949 958 
44	7	4	7	107 158 216 246 257 260 266 305 348 369 442 447 457 465 492 501 555 561 568 578 602 661 675 685 686 781 801 829 850 866 886 
45	6	42	1	11 34 96 139 146 179 183 207 216 229 255 272 285 314 351 356 408 473 484 495 497 503 519 525 531 551 587 627 738 751 766 776 826 833 837 855 864 905 907 922 941 945 
46	1	4	4	37 47 53 77 80 100 104 129 212 240 244 276 308 391 393 432 459 472 477 517 529 615 616 618 624 630 691 729 740 741 768 835 881 888 892 909 969 984 
47	4	47	6	1 12 32 84 210 277 280 314 333 343 350 403 413 475 496 578 591 602 622 624 629 644 706 713 720 724 729 745 835 841 915 927 930 931 932 999 
48	16	49	7	21 22 43 73 75 81 92 137 184 224 267 302 308 354 360 388 389 409 415 435 451 471 512 526 588 617 626 684 697 765 785 804 805 806 861 867 893 903 910 962 965 974 978 985 
49	2	26	8	25 58 70 147 174 197 204 213 228 264 298 374 399 445 448 454 488 492 515 547 556 564 625 642 680 764 784 812 820 827 842 874 924 967 980 
50	16	5	4	41 76 118 195 206 208 210 215 230 241 270 280 282 318 319 331 340 345 349 403 441 495 525 533 554 584 589 597 643 672 800 836 843 856 868 870 875 924 940 
51	7	33	3	29 104 117 193 229 240 251 299 310 330 352 405 448 494 497 498 502 504 531 542 561 634 638 641 669 679 690 740 750 887 932 963 967 968 
52	11	34	6	26 80 110 146 218 257 268 273 281 303 304 353 356 412 502 530 549 565 583 646 700 708 725 734 786 798 850 854 913 928 940 944 945 966 973 979 987 989 992 993 1000 
53	5	6	2	39 51 105 118 134 190 222 223 238 299 385 400 462 470 475 494 673 748 778 787 813 844 870 886 
54	11	3	4	20 49 60 139 194 260 296 324 342 344 355 399 410 415 456 523 604 660 661 695 705 711 716 758 826 830 874 876 919 933 943 975 979 
55	4	47	3	1 78 89 95 96 107 108 114 120 133 159 161 241 265 287 298 326 359 399 420 438 460 513 516 518 534 558 566 569 573 603 618 621 654 659 696 711 737 756 763 778 890 897 900 947 961 995 
56	4	40	5	35 36 68 70 79 90 99 100 105 110 132 169 191 209 217 246 306 324 332 377 389 390 413 459 474 486 499 509 556 567 596 632 664 670 678 730 739 757 760 792 826 834 839 867 952 986 993 
57	5	24	5	8 51 172 186 224 234 255 305 311 319 378 379 437 454 456 547 587 610 675 745 769 875 878 879 882 922 937 955 
58	13	37	1	2 7 63 65 69 136 145 215 225 260 265 277 338 355 366 474 559 585 703 707 719 742 814 885 923 955 970 
59	6	10	5	13 39 71 84 108 113 140 143 162 213 291 320 343 355 361 387 427 431 548 562 588 604 623 725 726 735 791 821 837 903 911 918 941 942 977 984 985 994 996 
60	4	5	2	10 15 41 78 92 142 145 208 212 255 358 360 376 381 455 456 460 465 467 496 516 522 542 555 610 646 705 735 783 803 824 833 858 929 987 
61	4	25	4	2 7 27 45 90 97 158 159 178 184 193 211 227 238 283 323 360 372 461 520 609 640 656 662 671 789 792 798 816 827 838 917 928 952 953 970 990 994 
62	6	10	7	41 94 109 116 131 133 167 188 207 214 219 243 349 353 374 378 427 437 474 503 506 510 516 528 572 601 621 639 641 695 734 735 777 786 845 857 864 877 887 921 944 957 977 999 
63	16	42	2	4 20 25 40 63 82 123 147 161 201 224 230 261 285 287 288 313 318 335 352 406 423 449 451 473 562 626 682 706 747 761 869 
64	6	27	2	22 32 37 64 75 95 103 159 170 187 209 235 236 242 243 292 344 361 364 430 458 482 489 558 577 581 595 617 629 635 689 714 733 742 808 814 850 853 924 
65	6	49	3	18 25 47 74 119 146 148 185 232 243 264 284 337 349 387 418 453 454 517 545 578 581 588 677 708 743 748 820 829 917 940 
66	1	36	5	48 94 123 144 156 177 238 252 260 270 271 330 339 373 381 420 471 493 519 540 543 595 617 663 666 681 692 706 779 783 838 848 860 898 948 995 
67	13	14	7	5 24 57 90 112 121 124 127 217 262 270 285 286 289 297 329 399 431 441 484 517 519 524 552 564 580 653 658 727 729 750 758 796 797 814 831 894 902 950 995 
68	1	9	2	3 43 46 59 83 106 113 116 154 167 169 194 226 253 279 297 300 307 308 356 395 405 407 440 445 477 486 523 613 622 623 697 767 838 840 879 897 918 967 971 
69	20	19	4	55 67 89 107 116 125 150 174 180 224 225 295 307 339 361 381 422 476 480 560 571 605 608 612 690 713 725 742 786 841 872 905 947 983 991 
70	1	28	1	23 33 47 55 76 177 234 237 250 305 311 346 368 384 396 403 428 461 472 481 504 541 572 609 655 757 781 813 835 841 846 854 871 891 999 
71	1	22	6	17 18 82 126 132 149 152 162 178 191 252 341 345 352 355 365 464 523 563 567 633 635 651 728 793 862 950 955 985 
72	1	27	3	2 9 26 63 69 82 122 168 170 172 182 200 239 259 296 313 321 375 398 444 466 483 499 505 506 522 619 627 643 648 676 683 736 795 869 906 908 946 992 
73	4	40	7	23 31 84 102 143 191 215 238 239 316 362 364 373 377 406 425 478 482 495 518 543 551 585 610 613 643 646 648 671 674 701 817 822 834 835 879 897 899 923 937 991 
74	6	36	8	63 92 108 109 111 118 158 160 184 185 194 198 216 233 289 323 329 371 372 422 426 490 527 539 632 651 697 699 733 777 779 780 822 867 869 896 900 990 998 
75	2	8	1	62 111 120 142 166 172 200 269 278 301 318 373 416 421 434 564 594 616 628 658 666 669 676 678 763 772 915 957 965 
76	4	25	8	44 57 100 103 117 127 129 140 221 227 229 288 338 366 396 407 424 449 455 508 518 554 558 566 581 583 592 620 661 729 734 737 738 746 751 754 762 793 872 881 901 973 977 
77	11	31	2	12 45 49 68 72 96 135 176 178 219 280 314 319 337 411 429 478 510 511 513 603 612 701 710 715 726 794 818 847 885 925 949 956 969 974 
78	16	20	5	11 42 53 55 91 119 122 151 160 164 201 221 256 261 262 268 371 393 443 462 473 521 568 569 636 679 758 763 785 830 893 963 
79	2	11	6	64 72 88 97 154 163 193 203 213 231 242 269 278 326 328 342 370 374 378 381 390 415 437 497 528 540 575 673 679 683 703 746 762 765 787 800 806 816 849 853 868 912 935 982 
80	7	17	5	17 112 120 148 212 240 249 263 281 304 382 388 445 511 572 607 618 629 665 695 705 710 774 775 795 851 856 908 921 930 954 990 
81	19	34	5	9 33 73 77 102 138 181 192 214 248 293 394 411 526 585 616 634 647 653 667 668 719 731 886 897 920 938 
82	16	46	6	19 28 192 297 332 362 384 430 439 486 504 521 553 587 599 617 689 718 755 759 767 802 836 886 991 
83	2	28	5	4 93 115 171 199 200 205 210 218 223 236 303 412 438 448 463 495 502 514 576 655 685 687 690 717 759 771 803 836 847 858 868 902 931 953 969 987 
84	5	44	4	14 137 145 149 167 169 173 239 254 268 271 274 325 350 385 425 433 436 514 580 591 607 627 657 688 693 696 731 805 818 844 851 857 906 914 
85	20	1	7	10 34 39 69 71 119 144 152 154 187 210 282 304 312 332 335 341 458 505 534 596 608 616 650 663 696 718 774 815 838 846 862 878 909 
86	6	9	6	3 30 60 138 142 148 151 176 195 230 270 300 310 357 369 379 395 418 419 435 452 485 500 527 614 615 642 716 744 817 855 859 863 871 873 947 956 970 976 996 
87	7	3	6	24 81 93 99 107 128 147 183 186 207 233 244 330 351 391 453 465 503 507 513 516 537 545 577 620 634 639 692 694 739 797 809 890 929 942 
88	2	8	3	88 101 125 139 163 347 410 492 508 541 606 664 712 779 791 793 801 815 819 836 876 902 914 935 948 965 974 
89	10	7	3	71 86 98 189 221 273 302 311 315 320 364 379 412 424 441 446 461 468 470 509 525 536 543 649 656 661 672 703 717 730 731 745 787 861 877 912 925 941 962 983 994 
90	11	17	7	50 78 86 156 171 180 182 202 204 241 256 290 385 386 418 420 449 487 536 554 591 614 623 649 662 676 699 704 740 745 762 803 823 883 884 891 934 966 
91	19	38	6	10 49 65 87 123 137 228 290 296 301 305 414 472 487 519 529 556 582 605 638 645 656 659 670 723 749 812 820 833 866 885 900 920 949 
92	19	15	3	3 52 64 67 77 121 144 164 216 249 256 257 288 312 324 331 404 421 428 435 583 608 631 714 805 875 934 943 969 
93	7	48	2	21 35 79 93 97 132 229 254 258 281 298 333 338 476 560 573 596 601 652 654 659 671 675 693 727 744 751 786 812 887 907 938 952 
94	7	43	1	18 29 125 164 182 194 258 267 312 369 414 433 487 491 534 556 557 596 625 724 761 782 869 906 934 937 989 997 
95	18	15	2	5 29 50 55 58 87 99 102 104 133 188 248 276 278 289 293 395 454 464 479 493 545 570 655 664 738 768 781 837 859 873 880 948 957 980 986 
96	18	48	1	20 22 30 37 46 56 108 202 222 300 321 335 378 383 419 443 452 463 477 549 595 605 608 635 647 650 743 792 807 811 958 972 
97	1	43	7	16 19 20 33 56 138 173 203 212 227 245 249 253 326 426 428 433 446 455 456 491 545 576 598 628 634 654 717 719 743 746 753 854 975 
98	1	13	8	13 21 27 34 53 73 89 98 124 134 162 257 272 320 327 375 386 400 432 478 535 536 619 682 756 773 788 794 832 843 854 898 899 916 945 962 965 974 975 
99	19	33	2	11 27 31 47 53 61 69 130 138 151 232 262 345 366 372 388 412 427 481 528 547 590 606 624 637 649 650 667 732 769 773 805 807 821 825 841 865 872 883 909 
100	2	13	2	8 30 57 88 89 131 141 166 256 263 296 302 321 331 334 346 351 367 374 414 434 508 544 561 563 592 604 609 645 660 668 698 755 764 793 834 845 889 894 895 939 961 966 991 
