Course	Room	Teacher	Time	Students
1	13	29	1	67 71 104 105 113 156 176 180 255 258 304 319 322 326 336 341 374 402 425 431 436 444 496 533 537 545 636 644 688 731 747 750 756 776 787 870 885 897 950 954 955 
2	13	32	3	62 72 78 89 101 161 187 224 251 269 348 384 400 410 456 458 513 515 544 548 600 631 674 693 700 723 774 788 789 841 846 923 936 937 963 965 983 991 998 
3	7	2	4	15 38 40 85 89 120 121 159 212 214 234 236 271 280 291 293 294 350 374 402 473 485 495 537 608 622 654 736 873 887 894 929 949 964 978 986 
4	13	33	5	9 22 48 80 96 103 126 146 159 162 166 168 170 180 236 241 255 271 297 354 370 371 424 458 539 575 595 633 634 717 765 775 858 871 882 943 972 983 995 
5	6	35	4	24 26 69 86 132 148 154 157 184 187 250 266 295 321 355 368 382 435 445 455 475 488 492 572 652 663 667 694 711 735 755 758 883 892 939 940 960 
6	5	36	3	2 8 16 38 58 67 74 113 119 189 245 260 276 283 326 352 356 377 398 404 466 498 541 568 595 596 604 618 657 676 678 704 738 792 816 829 875 917 925 949 
7	13	7	2	1 12 13 33 46 85 107 139 141 180 182 219 238 290 298 309 313 328 379 415 432 437 473 485 505 521 605 616 641 647 728 734 790 808 833 851 890 956 979 993 996 999 
8	7	35	6	16 50 62 68 177 195 208 249 252 253 257 261 267 303 391 462 495 536 581 584 594 600 644 717 745 785 786 827 834 899 915 946 968 
9	5	4	1	47 125 178 202 211 222 251 271 282 293 313 340 355 358 383 395 412 413 482 500 514 540 586 638 685 730 742 743 770 775 784 841 847 906 910 926 947 984 985 
10	19	36	1	56 88 97 131 155 226 306 316 328 337 339 399 467 523 560 570 574 589 596 610 663 679 713 723 749 760 791 835 892 
11	17	15	5	35 88 188 246 252 284 287 317 339 445 476 480 486 504 510 517 528 544 632 637 650 716 736 780 809 827 859 900 917 938 
12	13	7	6	12 49 69 100 182 232 237 242 248 293 307 309 313 323 367 370 394 423 426 431 439 548 607 633 682 709 771 817 822 849 860 893 947 965 989 995 
13	10	31	8	6 14 48 60 79 151 199 262 270 284 336 377 433 459 480 491 527 566 582 591 608 626 629 656 673 689 692 703 712 722 757 776 782 797 815 862 871 928 961 975 
14	14	23	3	11 36 99 100 112 209 222 232 270 294 316 321 343 359 369 405 407 434 445 450 473 481 562 587 602 646 654 656 659 696 752 759 769 815 824 871 872 890 909 918 927 970 
15	3	48	6	17 19 21 34 74 116 130 137 141 183 203 275 291 308 333 388 413 437 451 520 537 555 563 583 618 642 656 658 669 670 673 677 697 736 744 777 779 782 804 901 940 996 
16	5	8	5	51 147 165 186 201 214 225 231 232 265 270 278 346 348 372 407 408 456 460 503 512 518 524 554 564 577 582 588 590 600 620 680 701 729 739 751 834 845 918 926 934 971 978 
17	13	37	8	16 91 94 116 123 145 182 218 228 235 239 256 261 273 305 353 362 395 471 476 488 513 518 545 559 613 662 677 680 698 765 766 793 872 889 895 929 951 959 966 971 997 
18	1	20	4	20 36 63 107 110 112 119 160 209 218 297 311 324 359 393 411 422 423 571 598 609 684 693 702 714 759 773 792 806 898 932 944 
19	3	48	1	28 42 59 63 72 103 185 210 215 245 286 405 406 486 498 584 609 612 662 671 689 717 785 831 833 853 883 920 923 948 973 983 989 
20	3	9	4	7 39 44 54 67 105 136 167 172 254 277 328 347 365 392 400 406 452 469 504 527 552 656 719 779 807 809 819 822 846 867 896 916 
21	6	5	5	3 15 38 109 140 160 202 257 277 290 381 420 447 477 484 487 505 506 509 529 538 557 598 666 713 760 787 788 795 811 820 828 847 867 872 886 913 916 953 956 980 
22	19	29	2	84 142 171 193 197 214 269 315 353 371 372 441 465 541 585 589 679 776 806 812 819 912 943 971 974 980 985 995 998 
23	5	25	2	6 34 60 144 147 179 186 200 246 254 265 282 284 286 388 396 439 480 509 522 525 535 542 549 617 636 653 738 779 798 801 844 859 897 
24	16	39	4	55 74 75 97 161 171 194 207 226 238 376 427 432 450 457 465 478 503 506 578 624 628 630 650 661 717 723 733 804 824 827 895 925 934 941 977 995 
25	5	11	6	11 30 37 93 118 206 229 288 338 363 376 447 461 476 490 502 527 575 630 649 661 720 727 747 803 847 871 903 951 
26	1	21	7	7 18 71 92 106 131 146 190 291 304 346 356 367 371 382 384 441 494 498 552 587 589 602 618 629 632 648 680 690 697 714 805 821 862 877 887 923 965 969 970 999 
27	16	12	7	39 51 88 107 152 183 191 202 214 230 281 309 350 361 479 513 518 544 569 631 657 704 708 713 725 740 804 869 890 894 
28	1	37	5	31 37 93 100 116 135 139 164 234 264 269 289 332 545 548 550 558 569 579 609 636 667 672 683 709 758 854 862 865 875 905 
29	1	22	8	9 18 53 109 124 186 192 205 253 275 287 295 299 334 345 360 375 376 396 451 586 587 614 624 648 668 674 702 720 737 739 774 829 847 905 922 943 952 960 969 989 
30	1	21	6	33 71 178 184 191 223 298 352 357 375 407 411 530 550 561 629 634 679 818 850 864 867 878 939 963 
31	10	41	2	9 42 61 89 92 153 283 307 310 326 352 404 448 477 510 534 573 600 632 635 660 667 730 752 753 789 810 816 829 835 855 879 953 962 997 
32	4	11	4	47 61 62 130 139 146 179 204 248 263 286 317 319 340 357 373 397 421 448 467 472 531 574 606 611 700 712 727 763 837 877 891 901 920 956 968 984 
33	19	49	8	4 29 49 54 66 71 332 351 371 408 416 417 446 453 504 507 526 540 577 660 678 681 724 748 752 767 791 795 979 990 
34	14	26	2	29 58 76 91 108 130 132 169 201 278 297 338 355 365 366 401 486 489 500 506 526 566 580 591 613 640 646 664 674 682 692 694 707 713 727 737 785 786 794 815 834 848 888 902 904 950 969 972 
35	17	9	8	3 43 72 75 85 102 129 152 154 155 158 212 215 232 250 398 409 410 415 429 499 558 634 676 715 761 800 801 814 817 823 824 902 909 915 919 942 
36	16	47	1	26 40 54 83 149 150 159 177 302 323 324 359 382 427 430 465 483 551 576 624 670 673 675 724 739 744 769 794 882 899 922 945 974 
37	4	30	5	14 32 79 174 207 250 251 375 384 396 414 417 428 461 535 567 585 604 734 738 742 786 800 856 888 935 944 964 987 
38	16	30	3	17 18 24 56 63 70 116 123 145 147 174 190 230 236 282 288 324 333 334 350 358 376 378 402 518 525 581 591 597 610 649 698 740 779 806 818 842 866 881 892 916 980 
39	5	25	8	34 40 55 59 62 65 70 78 97 139 170 172 176 181 242 280 368 392 424 444 481 490 493 523 547 554 555 557 561 633 641 643 684 788 808 842 865 866 869 883 886 935 992 993 
40	4	24	7	19 64 76 83 111 170 197 201 210 219 220 235 248 299 307 315 318 333 340 351 424 427 448 534 597 669 754 759 770 801 838 843 848 863 917 918 932 943 953 986 
41	1	49	2	23 45 64 72 77 81 88 106 161 176 187 205 293 301 342 363 399 407 413 429 433 454 455 459 474 484 511 516 562 672 681 688 704 705 722 725 742 743 772 782 793 828 846 873 899 938 946 
42	3	1	2	52 70 95 103 167 173 192 209 226 274 304 354 378 491 493 563 582 604 615 619 621 663 691 751 784 823 825 826 870 910 954 968 
43	13	8	7	9 43 44 112 118 162 256 306 319 362 418 442 528 549 558 567 568 576 590 660 718 756 790 808 823 889 924 946 976 977 993 
44	16	47	5	30 45 50 58 60 66 222 303 329 335 345 361 403 421 444 459 464 483 536 580 589 612 648 655 711 761 762 789 808 823 832 835 853 880 901 928 936 974 979 
45	1	20	3	47 54 76 106 129 150 167 168 202 234 274 301 351 362 373 380 390 393 414 415 435 496 509 516 523 531 557 576 636 645 651 710 726 755 767 781 782 849 863 914 
46	17	43	1	11 50 86 102 115 132 157 182 241 244 257 259 299 315 354 373 422 452 453 538 539 552 556 578 614 616 684 694 712 824 898 911 935 937 1000 
47	6	38	6	20 45 94 96 173 176 181 198 224 234 263 268 272 310 314 390 395 498 540 664 687 696 706 750 751 799 858 921 970 
48	11	1	3	28 33 44 61 98 149 185 194 205 212 330 413 468 500 532 603 627 628 655 666 771 773 812 819 821 832 854 858 869 907 911 972 
49	7	31	2	19 73 78 82 216 251 257 531 545 579 611 624 648 690 732 748 814 820 831 839 866 900 918 940 944 988 
50	19	22	7	1 10 14 36 124 184 206 216 238 264 335 404 421 474 515 532 614 621 642 662 692 753 762 777 784 799 819 829 922 945 
51	10	28	3	1 193 254 291 310 349 375 385 408 412 417 426 429 440 467 482 485 502 533 593 605 630 640 661 671 680 690 702 795 838 885 888 982 987 988 
52	10	44	4	53 122 134 175 186 190 213 221 233 242 279 285 314 333 426 463 499 511 521 543 570 593 623 642 645 737 745 781 793 798 879 907 958 961 993 1000 
53	4	17	2	20 27 28 56 75 133 162 184 208 220 229 273 275 279 323 364 425 438 456 458 472 481 497 515 544 558 571 596 606 639 658 666 744 759 775 796 832 850 931 937 959 977 994 
54	3	40	7	21 29 73 138 158 177 193 263 294 354 368 400 443 446 469 488 538 559 628 647 659 665 699 795 830 840 841 864 
55	7	6	7	12 35 105 117 125 143 161 169 236 272 273 339 370 408 457 502 551 556 593 599 620 778 787 792 807 811 826 861 908 920 954 973 990 994 
56	19	45	4	21 196 200 258 270 390 405 446 449 477 524 555 607 612 685 701 734 761 841 852 857 902 962 976 
57	10	13	5	10 13 17 52 69 76 152 157 228 260 281 285 320 386 388 426 463 493 522 526 572 584 615 645 658 663 721 725 749 770 772 803 821 831 849 851 868 908 915 975 992 
58	16	44	2	2 41 51 53 68 102 114 154 195 217 218 222 223 256 266 289 308 337 357 361 383 466 507 520 559 587 622 643 716 813 856 864 914 925 948 963 973 982 987 
59	11	26	4	5 35 99 113 117 137 192 198 276 326 341 349 360 439 470 487 519 548 554 658 774 810 840 858 860 890 921 942 
60	16	27	6	3 10 44 66 77 119 132 134 167 200 228 299 320 324 353 386 418 460 492 501 516 531 543 551 591 608 623 625 693 740 812 839 948 
61	7	2	5	4 20 123 169 179 189 193 215 220 267 331 412 436 452 543 546 581 583 592 606 670 671 707 708 805 810 842 884 912 919 931 951 952 996 
62	9	13	3	39 55 83 122 127 153 195 204 240 244 248 281 298 336 425 441 449 453 463 475 514 524 528 601 608 635 665 687 820 855 894 952 953 997 1000 
63	9	23	2	79 120 122 136 150 152 159 163 164 174 175 199 213 233 249 267 276 296 341 385 393 419 424 451 469 478 501 536 575 577 595 623 638 652 668 673 719 720 746 756 757 766 778 805 930 964 976 
64	5	39	7	26 32 53 57 77 99 110 121 145 155 245 247 283 292 300 303 312 322 397 462 492 496 503 541 611 634 646 654 682 693 854 856 872 876 898 904 926 931 944 963 
65	17	38	3	19 22 77 115 124 128 137 146 154 179 183 210 213 223 264 308 363 391 464 538 547 565 599 619 697 733 897 924 930 966 981 985 990 
66	9	19	1	14 52 74 151 153 166 173 265 327 330 364 368 380 410 484 542 547 572 580 649 797 820 852 881 902 908 928 940 
67	17	10	7	75 100 103 115 144 243 317 386 392 429 481 605 653 700 719 724 738 774 781 817 822 837 867 874 879 882 905 980 
68	19	33	6	22 65 101 158 162 190 209 238 246 285 398 412 414 539 585 597 612 655 718 724 754 828 852 875 894 913 950 966 986 
69	3	14	8	46 50 83 84 105 111 125 197 266 283 337 344 381 445 475 494 532 552 576 654 657 683 696 709 749 768 876 906 924 991 
70	3	43	3	93 156 219 225 287 311 313 329 331 364 388 401 442 444 455 471 474 487 546 559 564 639 664 668 677 695 699 720 736 741 748 794 803 879 880 941 946 947 967 
71	14	45	7	5 8 27 33 65 68 89 149 164 175 180 203 259 280 290 394 398 419 422 575 580 583 617 639 652 670 677 707 766 783 788 836 891 896 978 
72	6	5	7	2 4 13 22 25 104 185 213 244 255 296 301 325 391 459 464 470 483 490 497 517 526 554 562 606 635 678 687 735 741 763 786 844 906 934 935 972 984 
73	17	6	4	6 25 81 114 118 151 230 235 252 256 259 265 267 288 318 331 364 389 417 430 513 529 565 566 601 637 639 689 691 704 706 709 741 747 750 791 833 843 859 927 947 971 981 
74	7	40	3	26 41 45 90 170 199 275 296 305 312 341 409 420 491 537 543 574 577 732 735 811 831 837 850 851 868 878 906 910 957 961 976 
75	13	32	4	43 87 111 135 163 173 203 208 211 231 240 303 315 343 431 443 525 530 585 588 619 633 666 698 757 778 785 830 844 903 917 928 937 967 988 
76	14	10	8	5 41 58 119 165 220 274 279 366 450 479 510 691 728 735 747 780 802 807 839 853 860 881 904 927 936 996 999 1000 
77	17	15	2	18 39 86 94 97 109 112 149 211 221 228 231 243 258 292 295 302 344 347 387 402 479 487 508 686 758 763 769 869 881 882 886 887 907 
78	6	41	3	4 6 15 49 73 94 108 142 163 175 206 233 237 261 284 345 357 372 395 438 461 508 511 539 572 579 607 626 675 731 763 813 828 844 877 945 957 960 
79	4	50	6	43 60 80 85 113 282 286 300 337 342 405 416 478 486 507 560 564 569 582 598 671 694 695 780 809 836 870 874 885 961 982 997 
80	1	12	1	5 13 32 36 96 120 127 143 197 212 239 240 242 260 261 310 379 418 428 442 479 563 573 625 701 702 706 716 722 726 733 757 764 810 862 866 904 914 930 951 962 966 986 999 
81	4	24	3	57 96 136 165 181 246 253 258 325 342 370 389 406 411 470 476 489 504 517 522 550 573 594 688 708 728 730 739 754 762 770 796 859 861 913 920 950 958 
82	10	18	1	25 30 41 64 79 87 92 128 129 138 141 144 158 199 200 262 268 276 287 311 349 358 389 461 480 488 522 550 568 588 590 631 650 672 708 746 751 792 800 815 846 895 915 949 
83	10	34	6	7 40 78 111 117 121 125 126 166 227 230 295 302 306 318 321 340 343 347 351 360 366 434 454 469 514 515 541 542 553 570 578 593 603 620 640 657 681 705 723 729 731 791 802 805 900 926 979 990 992 
84	9	3	8	27 68 104 117 135 171 185 262 269 356 369 372 421 435 457 464 467 508 512 516 520 571 592 640 650 653 682 685 741 773 790 836 912 921 930 988 998 
85	3	19	5	12 31 64 90 172 196 263 334 363 382 392 394 423 468 489 530 613 644 669 674 675 679 689 695 727 746 764 771 773 778 825 855 945 965 998 
86	14	42	5	59 115 131 138 178 221 224 245 268 300 314 328 330 335 373 380 387 430 432 433 490 492 501 565 619 621 638 710 714 718 728 755 777 793 799 816 873 893 897 927 929 941 955 
87	14	46	6	8 106 140 147 155 188 241 301 312 327 344 379 387 449 524 565 567 599 611 643 647 651 766 781 783 838 856 895 910 
88	5	4	4	66 90 95 98 156 165 169 178 188 210 239 244 253 304 353 399 438 458 468 471 512 517 586 604 625 643 651 665 675 681 683 802 812 817 864 878 884 922 933 955 
89	4	17	1	37 49 134 164 191 204 207 227 247 281 312 334 381 440 443 456 466 520 534 564 567 607 632 641 652 683 686 696 698 705 707 715 801 839 857 901 905 919 932 957 970 991 
90	9	16	7	24 28 31 38 82 87 95 134 141 160 211 227 237 302 316 329 360 369 409 428 500 507 511 519 560 586 610 701 730 732 768 772 825 911 921 956 962 991 
91	9	18	4	1 82 128 133 183 217 309 327 330 367 378 401 474 533 553 568 659 695 703 721 748 752 767 797 818 834 835 845 865 908 959 975 
92	4	34	8	15 21 57 81 98 110 121 131 153 196 201 216 219 249 260 277 290 343 365 394 403 420 425 431 482 497 535 546 549 551 594 599 620 630 651 687 697 699 743 765 798 843 851 891 898 899 923 974 
93	9	42	6	29 107 160 172 196 216 239 259 292 297 325 329 346 399 400 410 442 450 465 468 471 483 506 512 521 525 529 592 614 617 641 710 716 749 787 800 821 830 840 861 889 925 
94	14	46	4	8 84 93 108 138 142 150 191 206 224 255 322 418 420 440 441 462 493 508 509 542 603 615 626 629 676 718 753 783 816 836 848 854 936 938 
95	14	3	1	3 65 91 133 145 225 243 272 285 308 338 352 377 397 411 423 438 505 519 532 627 645 659 710 754 811 863 893 939 994 
96	9	50	5	25 57 92 101 127 129 204 217 218 233 247 296 318 321 344 374 383 385 404 453 470 494 497 514 561 594 602 616 668 705 712 737 833 840 876 878 887 892 903 973 982 985 989 
97	17	16	6	24 42 46 55 114 124 127 135 278 289 322 339 349 383 436 457 489 503 579 601 610 627 678 685 743 753 768 775 814 826 845 853 857 880 909 924 929 958 967 987 
98	11	14	7	17 47 52 61 81 140 156 198 208 250 336 390 406 416 472 495 535 555 588 615 686 769 849 852 860 888 903 933 939 960 
99	10	27	7	23 80 84 142 148 163 166 168 181 207 277 305 377 379 385 403 434 460 499 501 510 530 581 616 667 672 715 721 729 744 746 760 870 893 942 952 
100	16	28	8	23 56 80 122 143 223 226 229 231 240 254 272 317 348 378 430 432 443 447 529 536 556 578 622 628 631 637 745 764 796 809 884 885 896 913 933 977 981 994 
