Course	Room	Teacher	Time	Students
1	6	41	6	58 99 105 113 200 205 206 228 229 243 253 274 300 317 330 337 351 365 414 434 445 450 453 466 474 496 501 533 575 655 727 787 804 818 830 842 904 905 950 955 984 990 992 997 
2	7	7	1	34 74 80 82 115 135 151 162 202 233 278 333 344 409 419 447 468 501 540 543 548 615 620 720 789 863 877 884 902 907 939 958 959 999 
3	17	44	1	38 39 56 60 66 93 156 226 227 245 307 337 389 393 437 506 638 641 829 874 891 941 961 
4	7	30	3	2 13 18 23 35 76 87 96 175 183 192 253 286 304 312 327 355 395 462 488 499 503 519 543 568 591 617 621 664 667 787 793 815 830 838 902 908 911 
5	7	17	4	14 23 30 61 106 120 156 237 265 282 285 315 333 400 418 422 505 517 523 534 549 575 616 655 726 728 759 840 848 861 883 910 928 933 936 
6	18	47	3	27 33 46 60 65 98 101 133 165 167 171 176 199 213 216 309 336 344 351 379 476 500 518 539 557 588 598 637 645 717 756 773 782 805 862 869 894 950 976 
7	12	21	1	48 79 90 92 107 123 145 206 225 228 242 248 257 269 270 274 276 285 306 396 426 429 442 530 545 560 562 572 619 621 634 683 694 714 745 790 816 836 878 920 944 
8	18	16	1	12 47 88 131 143 157 186 194 205 208 318 324 329 365 380 386 491 496 509 541 583 593 608 616 668 682 690 712 743 762 788 859 899 942 962 965 985 
9	17	3	4	2 13 32 46 57 84 127 135 194 221 283 284 294 304 367 427 469 471 472 504 510 530 544 579 589 602 607 609 628 635 637 690 720 723 727 789 849 859 872 924 932 945 972 
10	14	42	7	13 15 18 35 39 43 50 165 200 258 263 302 370 409 437 453 510 513 523 718 784 817 918 937 998 
11	7	34	7	5 75 84 161 168 185 188 193 216 231 330 340 350 372 392 450 454 517 519 557 609 644 657 670 671 687 707 733 742 759 790 812 841 850 853 890 900 904 908 942 972 
12	4	15	4	63 116 158 178 182 190 198 268 276 318 325 337 342 348 358 379 384 419 429 461 481 490 497 587 619 692 719 729 754 876 889 898 911 956 985 
13	4	37	1	4 8 11 42 81 87 97 130 182 199 253 259 279 404 408 439 443 492 532 556 569 602 673 715 732 746 754 763 817 860 881 889 896 901 945 967 998 
14	14	47	6	20 54 88 112 224 245 270 343 374 423 449 547 554 567 585 608 636 641 674 718 746 749 754 764 779 781 806 815 825 940 973 
15	7	8	8	10 35 66 81 83 111 148 189 197 266 290 321 351 413 432 485 492 535 577 610 616 646 684 689 701 707 733 760 761 785 891 898 950 983 995 
16	4	15	5	31 153 194 208 209 226 279 319 363 389 397 414 478 503 610 615 659 686 730 809 888 922 934 975 
17	17	40	7	69 91 101 108 169 225 281 329 355 362 398 411 413 424 428 459 468 494 525 603 632 698 724 728 775 869 891 901 909 953 960 976 986 
18	17	38	6	51 102 120 169 188 222 303 313 316 321 353 398 457 465 476 481 483 494 558 566 591 622 700 711 791 816 870 906 933 952 970 988 996 
19	6	48	7	10 33 57 70 183 211 259 280 293 308 323 338 436 451 482 498 499 501 502 538 552 559 666 669 677 678 686 789 799 847 948 950 951 957 966 
20	4	1	8	49 54 60 88 125 170 280 449 560 607 611 632 643 681 685 692 696 724 742 802 803 879 927 944 
21	12	12	7	25 49 51 68 86 126 199 204 249 288 298 320 371 408 441 464 471 487 558 589 624 640 675 710 743 746 748 941 961 965 971 981 990 994 
22	17	29	8	85 110 130 279 283 326 327 372 383 526 527 542 606 638 641 668 680 682 688 849 873 881 938 973 
23	14	31	1	7 18 64 94 113 122 154 160 181 191 363 370 400 406 452 563 585 601 653 658 666 686 757 791 800 802 819 845 912 929 951 970 
24	2	31	6	9 33 98 104 256 257 304 326 354 407 433 464 477 509 510 521 529 564 690 705 706 755 812 822 846 854 918 923 926 948 968 
25	10	43	1	1 55 70 85 86 176 177 201 238 254 262 286 299 314 394 403 405 421 425 465 551 566 579 594 595 598 627 647 681 734 737 758 793 825 827 883 955 987 994 
26	10	50	6	7 29 31 44 45 63 64 73 74 75 147 189 204 210 219 237 302 310 327 352 362 375 379 392 400 461 480 489 491 587 660 677 679 695 698 708 747 761 799 808 921 922 972 994 
27	18	37	4	12 15 67 107 115 124 184 204 207 312 316 351 380 383 478 485 491 507 533 550 566 596 626 704 736 782 793 802 829 837 841 842 899 915 916 931 942 952 
28	12	29	3	14 17 54 80 142 174 214 237 238 270 288 322 360 364 389 474 523 542 552 554 582 605 624 636 688 736 739 753 758 811 823 875 879 896 921 934 
29	12	43	8	6 22 36 38 41 82 101 103 107 143 162 223 227 240 262 300 335 455 456 498 505 539 552 648 651 661 673 677 718 723 752 776 794 829 839 865 887 896 929 952 978 984 986 989 
30	7	21	5	119 127 173 262 275 285 352 366 367 378 385 404 430 484 509 535 541 573 588 668 708 735 769 795 814 874 894 966 978 
31	4	33	6	4 12 17 48 50 107 109 123 158 175 207 234 265 335 345 391 403 432 463 486 487 495 524 532 545 563 569 576 580 592 597 605 632 684 780 895 908 925 974 
32	10	40	2	6 60 67 90 96 117 144 168 172 174 181 200 205 212 336 341 428 449 492 505 510 539 550 559 585 610 669 672 677 692 703 759 796 818 820 857 920 940 960 
33	18	32	6	21 24 41 118 122 135 136 176 231 238 287 297 338 373 402 430 462 475 479 493 514 527 578 730 766 797 810 820 844 860 868 938 947 991 
34	12	45	4	62 78 113 129 130 134 154 170 172 173 186 188 201 227 232 245 350 365 382 405 416 443 451 454 458 463 467 470 483 493 546 557 592 718 817 862 884 
35	12	8	5	5 17 23 52 68 92 131 144 147 187 210 270 271 273 278 410 412 420 458 537 591 611 613 626 641 650 696 706 739 749 751 765 788 835 898 905 909 923 957 969 
36	5	46	3	3 29 55 56 125 150 166 173 202 207 240 257 267 272 297 302 345 413 428 478 579 603 658 669 671 689 750 764 812 899 907 978 999 
37	7	7	2	68 93 113 125 170 173 179 202 207 209 242 247 261 330 368 373 420 433 446 493 495 497 517 579 597 647 682 693 745 769 787 833 856 861 871 897 931 941 943 991 993 998 
38	18	33	7	6 22 76 92 97 103 236 299 359 382 385 390 421 561 571 581 594 622 664 679 701 723 727 738 747 786 804 814 863 893 932 958 964 982 
39	5	26	1	9 53 58 71 78 136 137 158 167 197 210 268 334 355 361 431 444 580 596 622 637 654 722 730 777 824 828 835 843 871 882 937 
40	2	9	1	24 50 77 104 119 124 140 190 222 258 288 296 308 309 388 411 420 459 519 614 639 642 660 693 751 773 784 848 947 
41	17	17	3	39 70 154 188 215 232 246 258 290 333 335 394 397 405 411 422 482 490 502 537 567 581 586 595 650 686 694 700 702 709 715 769 832 892 942 956 983 
42	14	22	2	7 26 81 132 148 159 163 187 195 196 220 283 307 337 377 390 416 426 442 469 477 480 523 656 679 685 688 750 776 777 800 811 822 838 847 864 869 876 947 952 964 
43	14	24	5	75 101 114 157 250 289 303 329 349 392 402 424 436 442 472 488 497 522 546 553 568 620 651 658 676 703 717 724 732 813 832 859 875 892 907 916 931 941 951 
44	10	5	7	59 63 82 137 144 151 176 190 209 217 306 322 328 346 367 435 460 496 504 534 543 544 605 607 608 629 639 660 661 720 773 774 854 856 858 885 987 992 
45	5	35	2	44 51 106 134 185 203 234 252 268 310 311 354 375 393 399 429 448 502 540 614 634 652 712 717 719 737 753 807 809 832 851 882 883 886 963 969 975 
46	5	46	6	10 139 160 193 199 201 209 248 268 318 456 488 500 504 505 522 525 620 625 658 673 798 833 861 866 894 976 
47	15	19	1	21 33 106 111 166 183 184 192 218 264 322 345 353 368 384 453 507 515 517 534 553 656 657 680 724 735 761 779 782 803 820 831 893 921 928 934 935 960 969 971 982 996 
48	4	16	7	11 29 32 77 177 241 260 276 292 310 332 423 432 443 456 463 467 469 485 520 551 553 600 642 653 676 700 703 704 706 731 796 818 828 889 913 924 954 959 1000 
49	10	45	8	72 118 141 142 149 150 161 167 187 191 198 203 214 267 269 297 314 320 343 356 368 371 384 451 489 569 578 654 674 694 714 720 731 737 743 755 799 826 856 897 1000 
50	1	22	6	95 115 180 215 250 258 261 306 319 376 412 418 470 507 531 577 598 618 680 701 726 771 785 801 826 827 878 907 914 967 
51	5	11	8	13 58 71 89 128 129 145 311 342 350 352 375 378 422 430 454 463 499 503 528 555 561 571 574 628 657 691 763 804 825 957 963 977 991 
52	12	12	6	19 34 47 82 119 138 227 340 388 394 401 435 534 536 582 599 604 621 640 648 689 696 741 748 775 819 852 858 881 884 893 935 959 978 
53	15	49	3	24 68 74 136 159 169 196 282 313 317 325 358 361 378 388 410 470 489 565 573 623 670 675 678 695 751 762 770 786 810 814 829 834 839 857 895 903 918 928 954 979 982 
54	10	38	5	46 67 79 87 183 218 232 294 300 335 363 396 407 457 508 558 576 683 699 711 725 775 777 786 824 856 893 914 920 949 992 
55	9	14	3	40 73 111 117 121 138 235 249 296 298 348 362 417 431 433 445 526 548 564 599 609 627 673 699 821 825 843 884 887 913 946 948 970 989 
56	12	30	2	10 28 55 138 145 156 180 184 192 206 264 340 379 383 451 460 479 507 516 537 544 554 609 639 654 702 741 780 795 813 821 891 900 924 999 
57	20	24	4	9 11 21 65 72 108 109 141 143 185 193 255 266 277 293 301 320 343 354 369 434 437 438 444 446 449 520 545 559 577 612 614 623 640 643 663 670 707 711 713 716 744 762 808 824 845 879 885 890 900 901 984 
58	14	9	3	12 16 26 135 145 172 234 247 251 301 316 352 365 387 418 427 452 473 475 481 495 511 541 590 668 683 731 735 740 760 765 772 796 797 808 865 871 886 900 914 
59	18	1	5	24 95 116 225 233 243 253 308 309 344 356 388 398 415 439 453 493 500 502 547 590 595 649 652 700 721 752 755 768 794 869 870 872 915 917 933 943 956 974 990 
60	5	6	7	52 62 64 83 88 94 109 112 140 164 181 189 212 221 250 316 333 342 360 414 440 455 511 514 562 568 572 575 612 647 683 705 781 807 866 902 922 988 
61	15	4	7	16 31 37 80 90 105 127 138 152 155 197 210 214 255 287 344 347 366 380 381 386 399 429 444 462 477 489 522 529 555 556 582 592 593 597 628 652 697 726 729 730 739 752 756 795 838 880 940 955 985 
62	17	44	2	3 46 50 57 74 77 171 213 217 244 269 286 292 325 360 362 409 457 458 563 593 628 629 678 689 697 704 752 836 870 879 881 917 932 939 
63	9	25	5	19 20 28 32 42 53 63 65 70 76 93 100 120 132 146 152 180 211 215 302 315 357 376 395 440 455 514 527 539 614 647 675 687 763 782 839 845 918 935 962 
64	15	28	4	55 96 103 123 159 269 298 340 349 356 359 376 390 411 415 425 456 484 496 498 526 611 642 671 732 748 790 800 806 851 880 896 906 912 995 996 
65	18	32	8	51 96 120 124 146 163 181 186 196 246 295 324 441 548 549 551 567 635 652 667 670 690 702 715 749 753 788 835 842 846 855 863 909 910 936 
66	20	13	2	25 47 73 110 128 139 152 239 245 251 284 303 371 400 464 468 508 512 543 599 616 625 632 640 655 761 816 840 844 868 873 890 902 935 949 953 971 977 
67	20	36	5	14 25 141 142 179 224 261 346 358 380 383 422 432 441 473 482 495 515 554 574 580 656 662 669 691 714 726 734 766 792 793 822 844 847 865 925 968 977 995 996 
68	5	19	5	7 9 40 105 192 198 214 249 263 299 350 372 381 391 467 483 504 540 566 596 665 722 758 773 791 807 811 821 853 855 864 895 945 947 972 
69	7	3	6	2 14 79 87 108 117 130 154 168 241 266 278 279 280 311 349 550 551 556 557 571 600 650 692 710 721 769 850 862 875 882 888 903 912 954 965 
70	18	10	2	20 34 41 56 59 100 124 129 250 266 274 287 295 370 427 529 555 622 659 727 764 801 804 808 848 866 903 925 980 988 
71	10	26	4	28 53 89 97 131 157 171 177 191 196 231 288 317 336 420 435 528 586 598 600 606 631 644 646 695 708 709 725 805 826 858 892 905 925 946 997 999 
72	14	41	8	42 115 116 133 152 156 201 256 257 273 310 328 345 369 373 391 402 421 459 516 573 617 698 713 784 792 795 815 820 860 864 876 967 983 
73	9	28	6	5 36 42 90 129 140 159 161 171 220 254 255 259 271 272 291 305 329 341 359 369 389 409 417 452 515 555 559 565 629 667 739 744 760 767 776 864 867 871 910 911 917 927 930 962 981 
74	6	36	2	45 155 235 260 289 313 334 348 357 391 394 439 472 531 572 573 587 653 657 663 676 681 722 751 755 756 760 765 789 792 794 812 908 936 
75	15	4	5	34 71 91 126 239 252 290 305 331 336 341 343 347 399 477 480 486 494 584 601 671 694 709 710 736 737 817 873 955 963 982 
76	6	20	1	28 31 109 139 153 168 211 246 281 331 427 446 484 516 529 538 582 626 655 662 684 705 740 772 809 813 830 865 888 919 940 949 953 957 997 
77	20	20	3	8 69 72 114 149 164 222 241 272 281 307 334 406 439 466 480 486 494 646 654 713 778 837 842 849 867 883 945 964 968 973 981 
78	5	5	4	91 121 149 150 151 189 212 228 233 242 243 246 274 324 334 360 364 381 392 448 473 535 536 588 591 601 608 675 685 716 774 822 834 877 926 927 968 974 981 
79	15	35	6	1 92 106 141 151 166 172 182 236 247 267 346 361 364 371 386 410 447 448 490 519 521 537 643 719 740 831 857 963 
80	17	34	5	18 27 37 44 149 163 166 223 260 293 313 328 338 377 431 525 526 531 560 575 589 612 630 661 663 705 728 747 779 799 801 810 828 833 846 850 885 886 913 960 989 
81	4	39	2	86 118 178 197 222 236 296 297 396 436 471 485 509 518 590 594 612 617 631 636 691 699 734 766 772 774 797 810 863 878 880 916 923 965 979 987 
82	15	11	2	8 38 52 99 175 190 221 226 276 281 321 323 332 378 421 423 499 513 542 558 619 633 645 661 698 706 709 729 732 740 771 798 855 928 934 958 961 
83	20	10	1	1 16 23 29 35 95 100 114 195 217 224 294 321 323 381 382 395 508 511 512 518 520 522 536 547 618 635 679 723 725 738 756 775 796 805 811 838 850 868 885 897 938 966 980 
84	20	2	7	3 99 104 174 219 230 244 251 277 301 369 457 472 490 536 550 574 650 656 702 711 713 725 768 783 803 872 887 946 
85	20	2	8	37 56 89 94 139 175 177 255 277 294 323 359 410 434 435 448 512 514 662 664 695 778 781 805 840 866 874 988 
86	9	25	8	19 97 102 211 237 289 317 366 398 401 405 415 438 460 538 589 604 659 663 741 744 780 827 834 852 854 859 872 882 892 998 
87	1	42	1	22 36 52 61 108 169 178 179 213 230 235 244 312 320 387 416 438 445 462 578 633 644 697 703 785 801 807 924 1000 
88	20	23	6	30 59 85 110 179 339 347 355 368 385 419 424 425 530 542 562 586 606 665 687 722 750 757 839 841 848 853 880 889 936 937 979 987 
89	10	50	3	25 57 103 162 224 230 239 291 357 370 373 401 430 434 487 513 530 572 584 626 634 649 651 708 749 771 904 919 969 
90	6	39	8	61 67 104 126 137 164 218 233 254 305 319 322 331 339 387 424 442 478 482 515 533 564 565 595 630 649 666 768 821 836 845 857 894 911 914 922 975 994 
91	9	14	2	2 22 30 62 66 69 76 131 157 198 249 271 275 291 319 328 342 374 412 443 447 506 561 574 604 613 624 638 666 714 738 754 786 875 877 
92	15	49	8	4 5 8 43 45 62 153 160 182 216 232 244 252 287 307 404 414 416 444 484 486 506 518 541 546 624 629 636 660 665 672 693 699 721 814 819 837 841 844 877 964 
93	6	27	4	27 39 44 48 59 79 98 122 163 164 203 238 247 261 273 289 295 330 374 386 393 627 753 783 797 828 831 832 867 873 958 966 971 986 
94	6	23	3	49 78 112 118 128 226 264 275 284 306 408 415 437 440 468 524 580 585 592 596 602 613 615 619 625 676 707 712 716 742 794 835 846 853 915 930 984 991 995 
95	9	13	7	73 81 102 136 146 160 178 194 202 208 213 240 267 284 290 291 303 314 315 404 407 470 474 475 479 481 524 535 570 601 602 610 672 674 765 770 783 788 809 831 878 926 931 973 
96	4	27	3	15 61 86 100 116 123 146 148 186 219 229 300 349 377 384 403 436 458 512 520 521 532 533 547 560 576 583 593 618 644 662 745 802 852 874 929 993 
97	9	6	1	3 19 26 27 43 54 84 121 127 133 134 165 216 243 260 326 339 358 385 390 455 474 479 483 498 584 630 665 674 728 823 826 837 898 913 943 993 
98	9	18	4	40 94 132 148 153 155 195 220 235 256 263 278 286 292 305 311 331 361 397 399 406 412 570 599 688 717 733 743 746 757 770 791 813 816 836 887 939 943 
99	6	18	5	15 80 83 125 143 150 205 219 248 292 332 364 418 425 450 461 506 528 603 607 621 623 631 653 697 750 767 772 778 784 806 827 843 860 903 906 910 919 921 932 939 944 
100	1	48	5	43 112 137 162 220 229 240 277 298 314 348 353 465 466 549 563 564 570 581 583 633 638 646 667 764 771 790 851 897 980 
