Course	Room	Teacher	Time	Students
1	17	37	1	20 42 92 139 190 197 212 237 242 310 336 339 356 359 376 511 594 605 629 634 638 756 841 857 860 949 
2	20	38	1	27 31 60 100 108 134 159 199 219 233 258 284 327 410 443 504 548 569 575 590 609 622 623 685 725 768 802 926 996 
3	7	6	1	115 130 151 168 206 267 272 280 289 301 312 343 348 407 450 496 498 501 503 514 523 542 556 592 596 647 653 681 704 728 752 765 809 813 832 840 885 890 934 959 973 
4	18	36	3	78 82 110 113 132 216 228 249 322 324 361 429 450 494 573 637 673 724 728 748 751 762 796 805 808 834 841 879 886 950 972 979 
5	17	37	2	39 88 103 104 105 115 132 165 185 236 252 265 299 364 365 370 383 396 398 432 460 472 507 544 576 589 609 620 629 660 778 798 830 832 839 873 928 930 933 938 962 977 992 
6	7	5	3	33 34 80 111 114 118 126 151 172 179 266 317 375 382 383 413 457 497 565 596 640 768 772 790 833 862 876 909 912 935 978 987 996 
7	17	28	4	5 17 32 60 109 136 194 242 243 253 264 273 275 296 304 306 341 373 376 451 472 496 518 534 611 617 678 690 744 793 810 835 842 862 886 899 943 957 974 
8	17	9	6	8 20 21 68 71 100 127 176 188 200 221 246 304 317 321 365 373 391 400 421 424 427 436 438 457 465 466 467 477 478 484 549 562 657 792 849 850 870 880 897 932 934 961 985 992 
9	5	50	7	18 21 68 116 190 196 210 223 235 260 273 289 290 303 316 338 345 355 433 474 526 573 584 587 638 642 671 679 717 723 747 762 804 821 823 825 868 889 952 
10	18	32	1	6 112 146 167 211 221 247 249 324 328 335 344 428 429 465 555 571 611 651 680 688 695 715 718 735 769 833 863 872 973 
11	17	10	7	5 16 153 163 178 238 241 246 300 326 347 372 378 407 475 500 541 549 551 555 600 607 612 643 676 704 716 772 810 843 906 965 989 
12	17	19	8	21 44 81 125 126 131 142 167 222 242 264 289 292 337 342 385 437 452 488 500 528 537 621 678 680 716 794 825 834 837 873 913 943 971 977 981 
13	7	24	7	25 31 34 48 96 101 139 141 168 177 180 270 310 370 373 408 411 423 427 432 491 499 529 538 542 663 750 805 818 842 922 954 960 982 
14	12	44	1	54 87 121 132 150 177 257 260 274 282 292 319 342 367 370 426 453 483 499 539 566 588 593 646 668 675 703 705 711 719 734 737 754 763 819 859 861 879 897 945 
15	1	43	1	10 33 56 72 114 118 136 157 164 180 273 295 309 371 377 419 454 462 506 526 563 620 630 639 643 669 687 753 784 812 825 834 886 914 928 
16	9	44	3	22 107 123 155 211 316 352 360 385 433 446 447 449 502 564 617 652 758 840 867 878 930 948 992 
17	11	40	7	46 60 90 98 103 110 131 202 249 266 340 375 394 404 417 434 457 494 510 568 585 640 662 668 669 689 697 715 754 756 808 816 844 917 
18	4	25	8	50 55 145 228 230 293 308 321 362 433 520 554 599 602 634 640 670 686 692 733 770 797 804 878 923 949 986 990 991 997 
19	7	30	8	12 46 69 101 164 218 244 259 270 275 346 356 430 432 445 477 513 517 530 535 607 612 625 658 803 840 857 877 884 947 967 993 
20	20	38	8	78 93 168 170 213 243 253 254 296 302 332 369 412 442 446 492 494 527 536 589 594 710 818 862 905 921 936 954 964 995 
21	5	4	5	9 20 23 37 46 48 75 110 123 136 182 201 210 215 224 226 263 294 311 335 363 374 377 482 490 549 606 630 698 724 734 764 837 931 960 987 1000 
22	17	28	5	65 68 126 148 162 223 234 248 261 342 343 392 410 412 434 468 488 502 610 618 631 632 652 668 693 694 712 763 765 786 788 798 836 843 848 899 916 933 947 982 983 
23	19	8	6	45 83 88 90 96 173 243 256 278 284 451 452 485 513 538 539 548 555 570 606 610 615 621 659 664 689 703 734 767 798 820 842 865 868 902 917 948 998 
24	12	32	4	29 59 74 75 89 104 106 121 127 159 248 293 312 349 355 386 397 402 435 436 502 565 587 623 633 710 712 756 767 792 796 867 885 894 908 920 958 980 
25	7	9	2	90 95 199 232 241 270 330 348 406 409 420 423 447 451 487 494 599 628 649 683 716 720 721 732 746 749 788 797 827 858 864 871 946 975 
26	19	39	3	36 77 84 86 101 119 153 185 192 253 257 264 315 332 345 392 425 442 538 554 558 563 577 646 667 703 736 775 847 894 923 925 940 
27	3	18	1	2 30 50 105 113 178 183 208 232 256 271 288 313 350 389 411 452 458 470 486 534 553 584 631 664 672 674 700 723 731 838 877 891 896 898 906 939 964 
28	4	46	1	11 12 17 26 59 93 109 142 163 261 302 334 340 373 398 439 460 472 479 533 535 540 580 626 642 689 701 785 787 816 842 864 895 899 918 919 921 940 951 
29	11	5	1	24 94 96 117 127 149 182 195 200 225 227 245 285 341 380 387 393 440 508 538 570 574 612 707 717 736 738 761 781 963 991 
30	11	2	2	18 63 82 102 125 151 181 208 304 309 312 322 331 362 418 431 463 547 569 600 635 664 684 685 770 771 791 800 802 812 817 820 845 853 887 932 967 
31	11	48	5	41 183 188 199 205 273 285 315 337 340 435 463 500 560 592 601 608 609 641 740 753 758 774 803 823 869 892 900 935 965 968 969 
32	19	14	5	7 13 24 27 49 54 92 118 187 191 200 207 216 219 237 280 304 353 357 364 379 381 426 437 486 520 619 625 628 629 661 672 708 725 766 796 811 849 860 910 957 959 966 
33	1	20	7	1 11 19 54 119 128 149 155 187 212 277 284 306 328 343 344 356 425 458 465 515 525 553 565 608 657 696 718 720 725 732 737 763 785 794 824 869 913 915 971 976 990 997 
34	19	18	7	3 13 40 63 76 89 107 156 183 217 261 312 324 341 366 381 420 430 447 490 513 554 557 559 592 656 691 734 744 746 761 783 857 863 
35	20	4	2	16 19 27 35 38 69 79 97 117 131 206 221 257 307 314 333 334 361 402 455 464 504 508 552 556 590 595 709 784 850 872 891 925 985 
36	11	40	3	49 55 61 72 176 256 269 275 306 343 401 428 438 459 521 544 559 595 598 611 636 639 672 679 689 697 719 759 798 803 836 843 858 881 890 908 933 977 
37	5	31	8	19 39 52 53 57 75 82 99 123 150 189 197 251 278 372 416 419 421 441 469 510 525 577 585 627 629 642 727 729 738 740 755 773 903 932 945 
38	7	10	6	13 92 128 166 204 266 275 302 333 347 350 377 387 419 420 446 473 481 493 512 545 613 617 652 671 677 711 743 752 788 815 831 839 856 875 914 
39	5	45	6	40 48 62 94 121 124 157 216 223 305 308 328 330 339 351 370 487 495 576 582 588 595 662 668 673 682 741 763 828 833 844 873 884 900 913 921 950 984 999 
40	1	17	8	4 13 121 122 130 153 159 171 219 223 274 284 401 414 451 495 523 556 561 606 650 681 694 695 713 739 749 767 795 802 821 826 937 939 963 999 
41	17	6	3	4 44 51 104 142 161 193 233 240 255 294 336 341 349 365 398 400 453 485 566 616 653 693 696 701 713 778 783 845 880 882 883 902 924 929 936 946 962 
42	1	27	5	17 63 70 76 85 87 100 130 246 255 319 365 369 427 429 455 461 489 492 517 540 571 613 637 649 719 759 768 807 815 856 861 864 885 907 948 951 953 964 981 996 
43	1	42	2	26 43 136 150 179 219 279 298 335 360 372 376 415 419 444 450 467 473 485 489 499 531 534 540 567 592 597 598 735 741 779 824 880 909 926 970 
44	20	46	3	5 7 30 46 85 158 194 198 200 208 209 226 245 251 259 337 412 480 519 620 622 631 648 655 656 676 738 750 752 793 826 832 851 868 914 
45	13	35	1	7 22 70 89 193 291 397 399 414 463 466 476 524 577 591 748 757 795 830 851 915 924 941 974 993 
46	12	50	8	59 106 148 181 184 185 241 248 309 325 333 348 349 417 449 481 501 521 579 581 667 696 709 722 736 786 811 828 829 839 848 853 855 870 
47	9	36	1	32 39 58 156 169 231 345 354 418 471 515 527 562 567 692 693 709 771 792 818 829 865 887 982 985 
48	1	27	4	40 58 70 82 111 139 178 191 231 234 239 255 288 326 350 406 408 441 521 522 561 597 648 687 711 739 825 827 833 849 878 
49	7	19	5	38 43 71 112 128 140 146 153 173 197 198 303 323 351 371 383 385 393 400 445 449 505 533 562 568 574 581 584 594 617 650 663 665 675 699 709 745 792 801 857 882 938 941 950 
50	13	21	4	2 18 23 42 80 91 115 149 151 171 238 262 336 357 371 375 388 404 426 456 470 483 491 550 568 579 604 614 625 651 659 700 714 716 720 776 814 817 901 926 931 938 949 989 
51	11	39	8	2 27 88 98 115 180 260 262 276 285 327 380 387 403 404 455 470 516 524 588 603 633 652 684 701 703 723 748 750 782 789 815 816 835 874 904 911 953 957 970 998 
52	19	48	2	34 47 56 57 62 93 98 111 141 234 239 277 368 381 430 437 477 510 516 518 535 546 557 558 619 624 637 676 757 828 838 844 869 878 881 900 911 987 
53	3	21	2	9 53 66 67 196 238 247 249 269 293 354 366 382 387 390 397 426 479 496 503 514 523 541 560 603 639 642 654 677 697 699 705 775 799 859 882 919 927 942 951 983 999 
54	1	7	6	5 67 73 77 79 99 125 147 150 177 207 212 276 298 363 409 443 492 520 544 557 569 607 627 666 694 708 717 725 730 731 746 758 789 818 848 888 891 908 936 975 980 
55	13	22	3	47 65 189 237 265 292 310 379 390 475 479 518 556 582 583 588 624 686 707 714 769 774 853 855 861 893 961 975 
56	1	20	3	112 141 186 207 250 267 268 271 290 293 323 399 402 410 411 455 484 488 492 504 541 542 580 601 643 662 712 722 824 875 976 988 994 
57	3	42	4	73 98 100 147 161 169 177 254 278 295 396 461 482 507 582 618 635 640 680 698 723 732 735 749 752 780 788 790 805 830 861 865 871 930 941 955 956 985 
58	18	49	7	14 38 41 43 52 64 78 88 137 159 172 175 222 229 230 252 269 346 367 382 384 392 403 452 495 508 626 655 738 888 920 934 994 
59	14	12	1	15 137 145 160 165 198 203 220 265 320 326 396 423 493 564 602 625 644 645 658 682 706 721 751 766 803 848 854 855 867 881 902 908 929 966 967 969 970 984 
60	3	7	8	11 26 33 74 146 149 173 305 402 448 461 480 498 511 519 648 651 675 718 721 774 776 879 894 
61	20	25	6	10 32 36 56 60 61 66 158 186 194 214 286 301 355 375 380 417 435 486 550 551 567 573 628 631 696 778 783 806 835 903 912 918 919 925 952 973 
62	5	13	1	44 65 76 78 79 86 90 106 184 252 264 308 311 347 357 446 512 522 545 573 614 636 660 677 722 745 759 777 790 804 807 850 883 888 927 932 937 979 
63	13	22	7	37 47 135 154 160 171 188 189 231 233 379 547 685 786 793 797 800 817 872 890 911 941 991 
64	13	29	2	15 37 52 85 108 166 280 320 339 386 459 461 470 532 604 608 653 655 663 665 678 679 680 724 729 733 740 748 755 837 875 889 893 897 955 957 963 
65	3	12	6	22 28 112 138 141 156 215 217 225 242 267 412 433 459 462 521 537 543 552 581 593 599 634 644 649 665 670 742 801 808 813 822 852 883 923 993 
66	12	49	5	2 11 53 66 138 144 167 204 213 254 258 290 292 331 332 334 350 358 378 389 394 399 404 406 415 438 456 457 473 501 516 542 545 546 550 569 600 634 666 667 704 707 742 775 813 937 955 984 
67	14	34	4	138 170 213 215 237 247 260 286 287 299 310 311 315 338 352 369 437 506 513 549 554 563 576 586 662 747 765 769 777 820 831 888 994 
68	4	47	2	3 6 50 51 87 91 107 127 186 190 222 255 258 268 287 306 363 380 481 528 574 601 632 644 646 715 719 728 742 751 870 903 924 940 956 964 965 981 994 996 
69	13	15	6	15 42 69 129 144 206 224 239 288 295 334 386 416 434 475 490 498 509 566 578 597 616 667 683 710 753 761 765 773 793 797 807 931 965 971 986 988 1000 
70	14	3	3	19 24 45 56 83 95 167 170 175 196 217 231 234 235 239 258 278 279 333 347 389 440 441 467 483 491 539 568 578 607 651 711 726 730 767 810 849 852 887 952 
71	13	34	8	7 23 28 66 72 107 129 157 162 165 198 214 246 281 283 300 318 323 357 376 377 420 509 576 582 593 614 630 641 805 819 845 920 929 933 944 974 
72	14	16	7	44 51 83 97 102 108 109 158 162 184 185 240 245 257 262 276 319 353 422 431 445 454 505 527 532 560 575 700 773 777 781 789 836 874 893 907 909 927 938 956 958 962 
73	7	43	4	1 4 20 36 41 144 195 202 205 240 241 265 297 346 356 359 384 401 410 422 423 465 484 529 531 691 702 730 731 743 757 761 766 784 789 822 846 873 895 982 
74	19	2	8	6 38 71 91 114 138 144 166 195 211 268 298 314 331 335 361 388 408 551 615 691 699 771 772 791 796 808 827 856 912 918 952 980 
75	19	24	1	9 55 64 67 133 207 218 228 229 244 294 330 353 360 388 395 409 475 478 520 532 572 585 621 633 654 657 659 690 726 740 760 776 779 791 801 806 862 892 909 935 943 960 995 
76	14	41	2	4 126 152 154 163 164 240 272 282 297 302 351 352 367 400 422 442 448 456 462 478 486 525 533 551 571 606 630 669 682 722 747 772 780 790 831 896 947 969 
77	13	15	5	3 14 51 106 161 190 229 297 414 441 443 497 511 547 579 587 664 671 684 727 746 747 755 771 778 889 896 917 946 988 
78	14	23	5	30 34 64 84 143 172 192 279 286 324 326 346 390 413 416 453 458 460 471 476 536 543 591 647 657 686 714 741 750 762 812 840 851 854 884 904 943 978 989 
79	12	1	3	12 15 40 43 92 169 220 229 254 301 325 354 355 388 435 509 586 587 605 649 683 708 733 756 779 781 800 809 814 827 830 898 920 956 991 998 
80	4	41	7	33 50 77 86 94 95 124 140 191 204 244 267 282 285 311 361 396 449 476 543 564 578 586 618 628 659 687 695 698 710 760 795 851 871 944 948 972 995 
81	5	31	2	8 41 61 65 77 135 174 218 235 303 329 424 466 490 512 519 553 583 736 785 806 814 846 865 877 904 949 959 961 
82	3	35	7	45 70 120 129 147 148 201 232 271 296 298 320 348 358 414 436 448 484 489 503 517 524 530 534 545 581 615 623 636 673 688 743 745 766 774 811 839 866 894 898 901 916 937 942 977 
83	4	23	3	31 94 120 130 188 281 287 299 314 320 368 369 405 444 477 505 530 547 561 589 604 645 658 692 831 874 884 955 960 971 
84	4	13	5	42 73 113 116 131 137 170 178 214 221 225 247 313 318 384 409 464 508 526 529 548 559 561 603 624 633 643 670 826 838 846 906 922 923 930 945 998 
85	12	26	2	28 71 73 74 114 116 145 146 156 161 187 189 201 203 211 226 259 300 305 321 374 379 421 471 480 501 572 613 650 691 706 712 713 764 863 910 917 918 922 934 939 972 974 988 
86	11	30	6	18 24 58 81 123 143 154 193 244 319 329 482 518 577 626 641 661 681 688 695 699 702 704 706 715 762 858 871 890 911 951 
87	11	8	4	87 105 204 216 318 322 330 440 450 454 474 485 493 537 546 564 598 609 658 665 669 782 783 815 826 836 876 925 928 939 961 990 
88	20	45	4	14 52 64 76 142 168 181 281 294 300 313 332 405 413 421 425 434 438 447 510 541 552 558 591 602 613 660 672 713 787 794 821 854 869 877 897 978 987 
89	3	17	3	8 79 129 140 143 152 165 210 232 272 274 282 338 384 422 448 466 514 528 567 571 575 579 602 618 627 663 743 819 885 913 916 976 983 
90	4	16	6	101 102 148 162 181 187 208 283 296 327 338 366 382 393 395 398 406 442 496 506 583 632 645 647 692 705 714 726 751 953 959 990 
91	14	3	6	1 122 134 171 182 192 205 218 227 235 307 344 403 407 415 418 444 453 497 507 515 580 589 637 656 721 729 759 760 764 768 837 876 895 901 905 926 
92	14	11	8	16 29 35 80 108 174 176 179 186 192 217 220 227 252 263 277 288 291 299 303 391 405 413 428 463 468 502 506 512 578 597 638 730 737 866 876 881 891 928 958 979 
93	20	26	7	80 93 125 250 317 352 371 393 424 439 483 544 590 593 604 605 616 632 666 683 758 791 799 847 852 929 968 983 993 1000 
94	4	11	4	30 68 72 124 132 135 140 174 182 250 251 307 317 354 395 473 476 479 517 646 661 666 673 829 847 870 875 893 900 903 910 914 915 927 944 981 
95	19	14	4	35 117 120 152 155 158 226 233 268 301 329 358 363 364 385 417 445 487 535 548 553 570 584 595 619 641 674 754 773 785 806 843 858 859 880 896 906 916 953 997 
96	12	47	7	22 29 39 49 176 220 224 291 308 359 383 399 418 460 464 507 603 619 675 702 739 753 832 835 855 860 882 899 902 978 
97	3	29	5	36 61 86 122 133 157 209 212 230 287 291 316 325 395 405 469 499 503 515 552 583 596 654 674 678 687 760 782 795 809 822 829 841 847 853 879 986 999 
98	12	1	6	6 47 95 97 118 175 183 184 222 251 290 342 362 374 394 489 530 590 612 648 690 727 739 744 775 784 800 854 863 866 898 954 
99	5	33	4	25 49 62 81 119 209 228 236 271 283 314 340 381 389 390 391 411 427 439 443 536 562 594 650 653 681 728 737 770 779 799 801 816 845 905 947 950 970 
100	5	33	3	10 54 102 117 133 154 201 224 262 286 289 328 329 364 416 431 436 469 511 522 529 550 560 572 610 635 661 671 684 694 702 706 718 777 802 813 820 859 942 963 967 968 
