Course	Room	Teacher	Time	Students
1	2	9	1	4 11 90 201 207 261 321 333 382 394 483 490 505 573 578 588 593 618 622 670 692 693 742 767 796 805 810 832 902 939 959 
2	2	9	2	7 22 32 65 76 79 83 93 171 178 192 198 213 215 218 224 225 226 255 256 318 336 342 346 415 418 432 477 508 523 566 579 588 611 615 649 661 664 665 725 784 861 890 955 972 
3	17	21	1	40 109 124 188 200 269 271 294 319 392 435 456 486 500 526 543 576 617 624 683 687 713 747 807 811 813 837 886 942 981 
4	13	49	3	15 16 68 147 161 195 196 235 260 325 388 395 425 446 472 487 586 588 589 618 651 705 734 757 773 813 833 856 885 886 890 911 944 960 997 
5	17	30	3	2 7 30 38 41 63 75 99 110 145 271 313 335 343 367 372 374 392 440 451 572 587 605 610 694 774 795 844 865 924 977 
6	2	42	5	1 17 61 101 112 117 126 198 223 283 287 310 348 353 398 430 440 459 469 507 523 528 552 598 611 636 639 656 661 735 848 860 889 904 911 923 948 981 998 
7	18	34	3	78 80 125 127 149 160 200 206 254 298 322 323 327 329 404 429 475 505 515 530 561 624 680 681 683 704 712 730 797 913 918 949 961 970 985 
8	2	45	6	9 10 37 57 65 70 96 126 130 131 168 193 216 239 294 302 303 323 380 463 481 495 512 514 583 609 624 679 685 689 694 768 884 886 930 934 936 974 990 
9	2	15	7	9 21 108 122 207 221 240 246 286 331 354 433 434 463 469 502 557 574 636 667 694 701 736 775 792 801 849 905 930 963 964 971 980 
10	17	37	6	17 18 25 48 177 227 280 330 343 347 410 422 474 498 501 518 521 530 567 582 604 606 621 631 701 712 738 779 877 904 918 919 922 932 967 
11	17	38	5	14 30 37 40 110 177 199 212 238 250 324 393 399 425 530 533 640 663 664 666 669 674 698 829 850 859 866 951 990 
12	17	8	7	39 100 167 236 238 245 281 288 310 330 348 384 544 551 575 603 643 652 655 662 678 720 725 776 780 804 805 825 868 870 874 917 926 949 995 1000 
13	8	32	7	3 47 67 137 269 345 375 382 399 435 448 471 483 532 547 560 591 615 629 658 712 737 741 743 793 818 861 871 883 940 948 982 991 994 
14	13	47	1	78 88 121 144 159 160 163 174 186 230 284 303 416 496 555 606 626 630 645 698 700 735 750 753 794 851 872 887 903 927 928 933 938 943 968 976 
15	4	46	3	10 19 48 54 101 115 210 227 251 280 302 310 318 351 366 398 409 520 525 533 539 541 544 551 576 602 642 658 732 903 937 950 
16	8	13	3	13 28 132 133 135 170 219 223 307 353 385 387 447 470 547 557 567 575 631 637 660 667 671 692 709 752 753 809 810 823 858 878 912 980 
17	5	6	4	1 76 91 107 130 167 209 219 221 254 314 341 366 367 379 422 438 483 490 505 527 555 580 624 630 632 641 666 765 779 823 835 838 855 881 916 925 947 976 
18	8	41	1	6 48 52 59 69 71 117 137 143 182 199 215 267 291 295 330 331 334 341 373 385 420 438 474 480 511 527 614 652 694 708 776 800 801 856 876 878 892 921 965 974 984 
19	10	43	1	30 42 114 140 181 204 216 237 243 274 304 370 384 442 450 494 520 601 610 616 659 662 726 727 787 793 827 835 881 
20	10	24	3	37 49 108 120 162 164 168 175 201 228 281 319 328 332 336 390 407 441 457 460 500 536 594 641 653 661 687 720 754 769 776 818 835 869 882 892 909 956 
21	8	19	8	40 67 238 257 315 317 322 343 364 381 396 544 614 620 642 684 730 732 745 792 828 857 947 954 960 973 983 
22	18	44	4	38 175 192 193 198 206 217 239 275 282 287 299 303 380 414 442 458 563 568 570 653 684 719 729 758 780 799 801 812 859 901 943 
23	6	22	4	85 87 90 105 106 122 133 174 268 293 305 345 359 395 424 429 503 507 514 516 517 522 636 654 696 733 738 810 827 846 865 867 933 955 
24	18	41	2	2 4 23 24 33 34 57 61 62 119 154 168 179 194 201 235 292 301 317 402 502 597 604 617 709 769 790 814 842 865 872 932 953 
25	5	42	1	12 27 55 100 169 185 213 217 221 388 422 485 487 492 539 552 574 612 660 672 696 710 714 771 773 781 821 834 910 915 972 
26	5	37	3	6 14 23 102 131 176 178 193 259 261 309 320 350 365 377 383 399 408 419 428 438 454 474 484 486 521 562 623 665 748 804 815 859 889 931 951 979 
27	5	25	5	70 81 87 99 113 115 121 123 128 136 181 186 201 219 220 240 252 268 278 300 306 308 314 328 340 361 363 442 449 453 537 551 554 560 563 600 605 621 638 647 648 699 711 723 806 842 869 910 944 970 974 985 
28	10	31	4	43 45 54 58 60 95 146 158 166 169 213 236 264 279 301 316 428 430 444 452 455 460 466 504 569 581 620 661 692 723 832 840 852 866 925 967 
29	18	10	1	10 49 64 66 97 98 162 328 348 354 381 411 455 497 582 594 613 649 656 718 731 790 830 855 871 894 895 926 961 
30	8	19	4	47 71 127 171 203 285 290 307 319 321 357 361 387 390 486 502 509 513 540 587 591 597 695 763 778 804 874 882 942 945 962 1000 
31	10	23	7	29 41 42 121 129 132 138 170 183 199 289 312 313 329 333 343 393 396 401 406 446 450 475 501 506 537 542 593 598 617 621 625 630 771 781 785 797 802 833 863 885 904 918 952 956 
32	5	24	2	75 91 108 127 232 244 270 281 300 302 339 340 360 369 370 399 412 484 517 592 620 627 633 703 714 715 730 733 785 919 927 935 963 997 
33	7	27	7	17 43 90 160 165 193 197 247 263 264 272 338 369 379 428 465 529 558 563 571 579 584 633 729 731 739 834 836 854 860 902 932 953 
34	10	4	8	1 2 5 17 26 28 38 43 85 101 119 125 133 134 156 186 194 240 251 276 284 293 325 363 416 419 440 457 491 528 646 657 672 705 722 784 804 827 831 917 925 933 939 968 994 
35	7	29	4	9 33 59 97 141 162 183 190 230 240 266 288 334 344 350 394 417 477 479 559 566 589 648 655 671 706 708 715 742 746 783 821 891 987 996 
36	7	25	3	18 20 25 27 89 94 98 109 155 279 285 303 334 355 364 386 400 405 435 459 564 584 607 608 666 685 699 766 781 787 800 829 987 998 
37	7	20	2	69 111 114 134 136 137 139 172 191 196 207 210 306 322 386 392 482 526 573 599 621 647 680 708 732 737 770 798 800 832 876 885 952 954 
38	17	43	8	31 65 91 100 141 150 159 202 230 256 261 304 305 308 321 384 406 466 471 472 488 489 540 645 670 686 731 787 789 806 807 852 871 896 923 978 
39	10	23	5	12 36 68 104 118 120 150 173 174 263 276 284 290 299 392 422 485 500 550 556 565 567 571 642 677 679 691 710 752 759 789 812 830 831 836 870 881 882 887 926 934 952 969 
40	11	50	1	36 74 149 256 279 346 349 356 358 363 379 396 462 495 518 541 592 605 631 658 679 681 691 697 711 817 818 826 864 885 913 919 920 957 978 986 989 
41	13	22	6	13 15 39 50 82 110 139 157 195 242 244 263 275 348 376 434 452 462 464 500 545 555 556 568 589 602 757 759 783 786 807 855 896 953 959 976 982 
42	7	14	6	33 52 55 77 231 238 249 278 295 306 309 310 361 373 397 400 411 420 527 593 678 696 697 729 795 806 853 960 971 986 
43	5	27	8	10 51 112 117 124 135 195 200 244 289 351 356 371 377 402 405 415 428 447 452 468 475 497 508 522 525 531 565 596 600 601 603 656 660 667 752 763 767 912 920 957 967 992 
44	17	45	2	51 63 125 138 143 165 188 220 298 347 355 356 376 421 454 461 471 496 497 504 531 564 565 600 608 637 638 663 711 760 761 766 789 791 831 844 853 874 895 911 930 950 970 982 
45	14	11	1	28 43 61 99 155 247 259 262 281 312 339 353 365 408 421 470 493 534 540 553 564 590 597 607 623 625 639 653 721 774 799 840 868 884 897 900 999 
46	2	38	8	19 36 102 144 146 149 168 170 204 212 232 241 266 288 314 355 366 387 401 412 467 470 495 538 547 559 582 587 595 606 634 663 677 689 696 721 728 741 746 769 802 808 822 833 869 900 914 
47	9	1	3	44 96 118 187 190 216 229 242 247 253 262 267 278 344 360 414 431 464 478 480 502 518 598 634 686 738 741 756 801 808 877 888 895 910 921 922 930 943 989 
48	8	46	5	153 163 172 187 209 323 341 354 367 405 443 446 479 487 549 582 610 622 668 704 724 731 756 764 828 833 849 878 908 936 984 989 
49	13	47	2	71 80 122 129 150 152 212 233 320 349 366 406 413 424 431 436 456 492 515 522 524 559 590 613 622 628 635 640 706 719 748 762 774 781 793 819 834 891 897 906 957 965 
50	14	3	6	12 92 108 109 191 197 211 221 229 266 277 326 352 371 386 413 419 471 499 560 565 586 693 711 719 723 752 820 825 827 841 852 861 962 989 
51	9	14	1	15 20 60 119 123 126 156 161 177 180 231 270 299 323 364 391 427 437 459 515 579 650 651 657 745 750 757 766 777 836 846 847 854 862 914 940 941 995 
52	14	33	3	60 93 112 154 158 180 273 290 369 455 458 483 493 528 532 538 542 543 549 554 590 592 599 635 652 689 706 772 826 851 917 929 953 958 978 
53	7	29	8	12 77 86 95 113 147 160 203 220 258 283 353 404 430 482 513 548 572 633 637 644 685 715 777 835 868 881 886 906 911 921 936 938 946 979 
54	11	44	3	11 33 58 73 81 83 87 95 179 205 215 241 294 306 307 358 362 389 394 411 449 482 491 497 499 519 550 579 591 615 629 656 668 690 733 740 755 778 817 843 870 876 896 908 945 946 948 988 
55	9	11	6	14 16 19 22 66 120 142 203 209 215 234 253 335 350 377 389 396 404 409 466 493 525 538 611 754 790 797 821 854 902 928 929 955 965 994 
56	15	18	6	4 21 41 68 104 112 124 194 202 206 257 272 342 365 383 444 489 511 577 599 601 669 848 917 935 964 
57	19	36	7	2 36 75 79 98 142 206 262 298 332 351 436 454 628 660 668 689 704 707 760 764 795 830 888 906 931 
58	18	36	8	45 88 139 154 155 180 189 208 260 267 338 345 458 459 496 501 529 535 562 594 691 755 758 759 771 790 809 855 875 899 941 955 974 
59	4	34	1	8 26 31 44 116 145 148 179 228 252 285 297 301 375 380 431 446 477 506 517 523 542 557 569 585 633 654 666 759 786 803 844 860 875 899 922 988 991 
60	7	1	5	53 67 73 84 139 178 237 248 261 273 289 342 359 418 427 451 503 512 520 527 561 576 601 612 688 726 734 779 780 784 808 813 820 826 897 899 912 928 967 1000 
61	11	12	6	38 42 51 83 89 94 128 164 170 207 218 232 243 246 317 332 445 451 519 581 625 687 736 751 805 865 873 961 
62	10	31	2	26 49 66 131 146 169 173 248 308 312 359 362 364 437 444 453 464 481 494 513 542 580 644 670 698 700 803 808 850 966 
63	11	5	7	22 25 76 104 130 249 274 319 324 328 344 358 400 407 415 456 481 513 516 695 700 765 806 812 872 882 919 939 954 997 
64	6	33	1	34 67 83 187 197 316 387 398 448 560 638 641 646 690 695 717 734 739 748 751 789 798 866 873 893 898 906 958 963 969 971 982 992 
65	9	28	2	1 6 35 41 72 81 113 223 230 252 266 271 377 472 503 506 509 533 556 561 570 575 581 626 650 674 683 809 846 880 896 905 945 947 958 969 983 996 
66	15	7	2	20 107 147 157 246 258 269 374 408 427 476 507 539 554 645 692 695 749 839 924 962 
67	14	39	2	45 77 118 202 265 311 346 398 401 426 448 534 537 545 546 553 562 577 598 603 636 662 676 723 724 735 741 744 772 802 813 830 869 887 909 931 971 975 990 
68	9	16	5	39 50 74 85 102 142 145 152 218 245 274 288 378 421 423 559 568 585 592 603 619 644 646 671 687 707 732 737 754 788 803 819 847 929 964 
69	5	8	6	54 138 140 148 176 185 208 225 228 255 269 297 368 402 456 467 492 494 506 566 616 655 702 707 708 720 721 766 785 845 862 879 888 915 951 992 998 999 
70	6	16	2	8 40 46 161 163 182 186 259 268 278 304 327 400 425 460 488 490 510 535 595 596 605 673 678 717 722 758 792 810 825 847 856 862 937 946 
71	5	6	7	46 60 114 158 191 232 251 279 315 326 429 441 494 511 549 564 600 631 647 651 676 683 685 688 697 727 747 755 828 838 848 862 864 893 894 924 929 938 965 983 
72	14	2	7	18 80 87 95 105 119 145 174 208 235 405 553 570 585 614 616 635 640 682 684 726 730 735 744 783 794 846 879 903 934 942 968 973 
73	2	30	4	7 37 53 56 82 134 246 291 311 336 339 406 415 447 450 457 473 489 496 518 546 607 626 673 675 688 697 713 728 747 839 873 879 904 914 921 961 973 
74	9	28	4	70 177 180 204 212 220 223 252 258 277 421 427 484 488 495 531 536 609 612 650 745 795 851 857 883 900 903 905 912 
75	14	17	5	13 29 51 56 105 137 138 140 167 171 183 211 217 229 233 239 277 373 409 413 414 524 599 604 616 618 625 629 654 676 700 739 762 775 816 843 868 875 916 918 949 960 968 991 999 
76	9	7	7	35 52 77 78 84 97 101 218 255 275 296 352 381 417 419 449 478 492 503 510 534 584 595 673 717 724 762 773 782 809 847 877 914 937 951 992 
77	13	32	4	5 31 61 98 103 132 135 262 292 302 335 362 393 397 411 426 434 534 551 558 577 704 756 768 794 815 819 831 876 898 908 977 985 
78	2	21	3	62 100 165 184 231 236 257 263 282 326 339 352 371 433 461 465 489 511 516 563 568 595 632 654 669 684 725 747 763 770 794 975 993 
79	11	10	2	89 156 189 305 309 372 397 423 435 443 447 451 468 593 619 655 675 716 721 728 743 746 763 764 768 811 837 867 981 994 
80	7	20	1	50 72 129 131 166 196 224 236 257 265 296 324 347 390 401 410 473 499 533 548 587 643 664 675 682 715 782 816 820 822 
81	11	26	8	197 225 227 287 296 424 433 454 499 519 554 570 576 612 618 627 628 653 748 751 756 778 812 873 878 889 905 909 931 
82	13	5	5	7 32 48 86 129 191 200 205 259 271 286 294 305 337 432 461 463 498 531 532 539 580 602 630 651 658 701 705 767 800 817 838 883 927 943 973 979 
83	13	49	8	14 23 56 74 78 96 104 111 115 136 245 270 313 327 379 383 443 455 478 524 526 541 553 583 622 641 668 678 702 714 743 798 837 849 877 922 981 988 
84	6	2	6	8 47 63 64 163 181 184 198 292 293 301 322 331 391 436 472 508 509 516 552 571 573 596 646 665 703 709 726 760 778 788 792 811 814 816 867 887 939 945 970 995 
85	11	35	4	24 99 155 161 179 184 272 327 338 373 378 425 463 467 482 528 529 610 643 647 674 753 757 764 782 822 843 889 928 956 957 975 986 
86	14	17	8	8 16 24 25 59 71 73 76 82 103 107 123 151 158 176 205 229 254 274 337 340 361 369 372 388 460 465 481 504 580 586 607 690 693 699 703 725 736 760 761 779 803 818 860 893 942 966 
87	8	13	6	26 53 84 147 151 156 173 205 226 235 248 273 321 333 334 355 367 403 429 486 491 507 569 620 680 740 744 770 777 829 849 863 864 891 944 963 969 984 
88	6	48	8	32 50 62 169 183 199 222 359 389 403 461 546 567 597 623 639 664 679 710 729 762 765 783 817 845 851 907 924 948 
89	14	39	4	18 64 69 110 114 116 157 189 227 231 243 250 253 326 340 352 443 526 608 634 665 682 743 744 750 751 754 767 771 773 775 777 788 828 858 861 872 907 935 944 959 995 
90	13	50	7	11 31 55 56 58 63 69 72 88 91 159 226 239 265 268 282 283 284 320 360 371 389 418 420 458 477 512 561 604 608 644 786 824 915 947 950 959 977 993 
91	10	4	6	27 34 49 75 80 86 102 103 136 222 224 265 329 358 416 430 479 572 574 594 628 635 637 662 674 706 755 791 793 798 894 898 941 
92	17	15	4	23 42 89 149 154 181 210 214 249 267 283 286 313 318 333 337 374 386 391 402 410 468 476 491 498 523 545 550 573 578 588 638 659 676 693 722 737 769 791 797 811 824 871 991 
93	8	48	2	39 103 105 153 222 237 243 276 290 354 368 378 382 414 441 457 466 501 529 571 578 583 681 796 815 892 907 916 978 998 999 
94	9	3	8	4 20 52 66 92 109 120 140 187 190 213 214 242 249 253 272 277 342 368 376 385 413 434 439 484 498 713 724 740 742 749 785 821 870 926 927 
95	4	26	7	13 27 57 74 82 93 143 146 148 164 178 210 241 260 273 291 362 370 439 445 485 493 514 515 543 577 609 613 648 649 691 699 718 788 823 839 840 841 850 913 946 975 
96	6	12	5	3 5 34 46 62 144 162 165 182 184 185 190 192 250 285 292 315 345 350 357 403 412 426 437 439 465 468 541 548 583 682 718 742 746 761 786 799 814 815 841 854 857 874 880 888 895 901 915 940 941 972 977 987 
97	6	40	7	19 70 92 94 116 151 173 176 233 258 300 311 316 325 336 349 357 363 365 407 453 473 476 480 519 521 530 536 545 657 677 716 770 796 826 832 857 890 920 
98	18	35	7	5 85 134 152 171 172 214 280 347 394 404 432 535 555 556 578 645 663 672 728 791 837 844 884 892 897 901 966 976 
99	19	18	1	24 44 79 81 106 111 233 234 245 289 293 332 357 360 368 374 423 439 512 544 546 558 566 572 586 632 642 702 749 829 838 841 853 880 
100	6	40	3	3 21 22 29 53 65 79 106 130 141 166 188 211 214 234 287 488 510 517 619 650 672 673 736 745 782 796 807 864 866 894 898 901 923 964 990 
