Course	Room	Teacher	Time	Students
1	6	35	1	53 54 70 103 115 120 124 179 187 239 277 285 296 300 400 445 479 529 533 537 554 564 588 593 616 681 734 751 796 808 830 842 862 876 883 902 914 922 929 970 
2	6	33	3	26 137 150 161 186 223 232 263 311 320 360 376 400 413 425 434 453 527 532 537 560 565 572 598 647 657 703 728 749 762 830 838 847 898 926 940 969 
3	14	46	7	81 85 104 160 182 219 244 270 298 323 344 364 376 381 432 469 496 502 552 564 581 597 606 650 661 682 705 719 772 921 946 983 
4	4	21	4	38 46 47 96 119 141 145 220 275 276 290 411 418 459 487 512 536 569 653 682 734 744 755 779 786 815 877 882 936 942 969 979 981 
5	6	11	5	21 22 79 128 142 164 219 235 280 291 322 357 358 391 392 400 469 485 553 562 574 577 600 602 611 633 643 664 665 712 723 754 766 770 797 806 809 851 934 949 983 
6	15	45	1	68 104 108 143 167 180 181 244 259 364 381 395 404 409 448 460 482 505 559 576 599 615 645 671 691 719 755 782 815 866 893 898 924 927 980 
7	13	22	7	15 33 113 128 143 156 176 215 424 426 434 437 455 465 504 512 521 700 715 749 776 789 804 813 824 861 862 884 893 897 898 903 914 926 976 
8	4	4	2	56 62 77 84 102 122 131 176 186 236 237 241 267 301 308 313 329 339 347 354 357 439 440 445 473 587 613 620 625 664 665 670 702 758 825 827 864 879 911 912 992 995 
9	6	26	6	70 72 86 112 159 161 216 340 472 486 504 521 525 542 546 565 575 586 588 609 610 614 629 639 719 767 795 822 828 841 849 876 884 987 989 1000 
10	16	16	4	51 125 143 195 199 242 246 257 265 274 287 307 353 362 380 435 511 529 576 619 649 709 710 718 732 745 751 783 796 840 847 855 857 890 913 926 964 966 975 
11	4	11	3	9 28 30 53 153 163 205 207 213 226 230 268 334 403 404 422 435 467 469 489 503 523 623 636 644 650 654 700 723 750 757 765 766 779 790 801 882 930 935 958 983 990 995 
12	2	30	3	40 100 133 171 231 285 300 420 429 456 484 575 648 653 724 792 798 815 872 875 904 909 923 933 973 978 
13	6	47	8	28 29 41 55 122 129 155 200 237 245 250 353 354 369 371 398 471 501 537 545 552 590 600 641 642 651 683 691 701 747 753 794 887 900 911 923 928 977 987 
14	13	18	2	3 60 70 87 124 164 182 210 220 233 285 286 345 407 413 453 472 516 544 560 568 589 603 642 694 729 745 748 772 775 782 804 848 859 861 923 965 967 
15	4	50	8	50 72 80 117 125 157 161 194 204 211 217 248 252 270 276 281 291 302 316 324 329 357 418 419 433 441 464 482 507 509 513 550 562 573 582 632 654 663 670 672 684 692 696 716 727 773 786 800 818 833 859 878 907 908 909 955 
16	11	13	4	59 146 159 211 292 309 333 349 384 419 449 463 476 489 549 581 584 612 640 795 836 838 918 937 971 992 
17	13	17	1	5 14 21 28 31 49 56 139 150 222 282 355 366 377 405 480 532 560 561 565 566 596 625 627 638 640 708 767 776 778 833 868 884 899 967 
18	4	47	6	67 105 137 202 210 218 219 221 307 341 347 373 379 387 399 501 515 578 601 646 706 713 775 785 796 807 832 874 880 920 924 928 980 
19	14	9	1	6 51 110 138 140 185 198 213 265 324 363 410 423 464 524 534 583 606 617 682 692 722 791 813 836 843 875 879 908 920 934 938 941 963 987 
20	19	1	8	17 58 68 89 191 256 284 306 341 359 388 389 395 451 459 479 516 526 575 581 587 607 622 624 668 744 783 801 851 866 
21	4	3	7	20 50 56 75 103 130 142 147 162 194 217 246 262 271 292 293 294 325 336 355 363 394 413 425 516 542 557 558 568 580 595 599 605 611 643 646 652 653 690 711 725 730 795 814 822 854 909 937 942 979 989 
22	15	1	2	40 47 61 67 74 107 108 128 200 214 289 330 338 452 487 489 506 510 545 555 563 566 596 606 621 704 766 799 836 865 957 962 989 
23	11	49	2	27 32 42 69 97 114 120 140 149 170 189 190 198 208 218 277 282 346 355 421 451 454 477 495 570 654 677 710 750 776 778 838 842 847 862 876 885 890 908 927 961 975 
24	11	36	3	4 24 90 97 106 181 182 194 209 221 306 323 393 408 444 460 471 478 483 531 550 566 569 622 671 681 694 701 719 793 821 826 883 920 938 
25	6	35	2	10 16 23 52 129 142 211 260 288 375 377 378 394 425 455 490 521 548 570 572 586 590 636 651 658 692 703 736 749 769 788 866 872 887 921 
26	2	26	4	9 33 60 62 81 82 87 124 189 190 250 314 330 346 364 375 389 408 434 444 485 559 617 657 662 694 701 705 711 740 834 849 864 868 895 919 927 939 941 947 970 982 
27	11	42	1	9 19 66 83 90 92 105 111 113 156 171 173 189 203 218 220 288 320 328 334 337 350 392 451 484 510 514 634 641 674 686 699 727 732 784 800 806 814 839 844 845 917 946 
28	11	41	6	10 20 55 64 123 131 134 176 185 257 295 311 350 356 359 378 415 422 428 450 502 503 554 579 623 653 654 661 670 675 678 698 718 761 790 811 964 
29	11	14	5	7 45 50 81 99 138 144 153 159 167 168 209 243 255 279 281 308 320 336 364 367 370 390 441 460 466 477 554 569 570 635 661 671 675 760 762 777 802 831 833 849 871 913 924 947 
30	12	9	2	31 126 148 251 293 315 419 494 535 551 623 649 707 755 759 779 829 853 867 901 944 990 
31	14	20	3	2 22 29 55 121 130 144 166 169 208 212 247 256 258 282 332 396 397 402 470 528 529 536 599 613 642 645 689 722 804 870 881 894 906 949 972 984 
32	11	25	8	34 53 138 153 174 190 199 207 333 339 345 346 415 448 500 541 557 574 631 645 700 738 760 820 821 829 868 876 932 
33	19	6	1	3 7 44 74 119 142 178 183 232 241 247 273 274 292 342 367 371 385 427 494 545 578 607 626 662 690 716 772 788 820 865 889 894 901 933 985 
34	15	7	7	47 52 91 139 207 232 233 239 263 281 311 340 402 476 488 498 507 563 589 591 627 706 712 713 714 729 735 742 746 752 787 812 819 825 907 919 935 943 958 996 
35	4	21	1	11 23 34 149 152 216 234 238 254 287 297 299 315 338 379 382 426 468 472 535 536 614 676 783 811 823 831 853 871 918 936 953 975 
36	11	19	7	30 32 67 98 172 178 210 224 275 304 331 389 411 416 448 451 479 495 497 519 539 551 598 679 718 805 827 848 864 883 891 916 938 951 982 
37	13	16	8	23 37 64 171 184 249 280 336 338 350 375 382 393 420 427 436 440 462 597 615 621 717 757 766 774 780 785 790 803 807 810 814 827 832 853 873 874 881 899 901 940 956 965 997 
38	13	34	3	5 7 25 36 43 62 107 122 338 341 348 363 371 379 391 433 443 514 544 624 643 655 698 714 754 785 867 889 905 939 955 965 974 
39	9	10	8	27 39 86 141 206 210 214 228 258 305 312 319 334 356 446 535 646 675 702 709 797 826 846 858 890 916 918 929 945 951 959 998 
40	9	25	3	41 73 79 109 110 119 174 202 278 281 284 318 394 428 447 458 499 500 538 541 553 607 616 685 695 733 744 758 784 803 837 858 953 960 991 996 
41	13	46	6	33 45 62 145 155 175 194 242 309 335 360 361 393 409 431 438 448 456 491 612 622 637 656 669 739 806 903 962 
42	2	42	6	5 8 21 24 73 82 96 100 154 156 247 291 336 358 380 384 406 414 474 480 496 497 508 544 549 551 644 666 714 727 741 858 862 863 873 950 970 997 
43	6	33	4	10 44 91 154 173 193 207 238 243 272 277 304 326 331 343 374 391 395 424 433 482 531 541 567 571 601 659 674 680 720 728 762 949 1000 
44	9	12	5	60 131 135 150 188 208 240 294 299 304 381 435 457 462 520 557 587 606 668 695 699 702 739 753 765 782 840 951 966 988 
45	8	40	5	5 9 107 149 181 213 288 293 325 337 342 402 447 458 476 494 497 546 568 571 573 604 658 693 750 763 771 915 921 942 
46	8	37	1	16 17 24 58 75 106 145 188 204 209 221 269 317 332 354 370 383 414 431 437 459 470 471 492 502 512 530 555 585 620 629 673 705 761 764 804 807 829 874 881 907 943 968 986 
47	2	13	2	13 20 34 95 118 157 187 215 216 240 317 369 396 397 398 401 446 456 474 493 497 526 574 612 626 643 731 753 765 781 787 792 793 821 839 849 850 852 870 888 919 930 986 1000 
48	9	28	2	98 115 127 137 217 268 279 322 353 356 383 399 405 450 491 513 547 632 681 683 715 791 808 809 810 894 905 917 945 970 973 982 985 
49	8	8	2	4 75 94 117 139 143 195 238 258 259 266 312 343 351 359 379 412 441 442 501 557 618 619 628 661 764 767 774 858 932 935 940 980 991 
50	13	6	5	59 65 110 139 302 319 345 384 386 406 419 481 482 496 500 517 572 610 630 735 752 803 810 811 848 860 870 884 892 895 896 
51	18	27	4	30 103 105 107 109 115 129 133 229 269 297 299 348 361 383 403 407 416 417 442 461 467 499 514 543 546 591 647 675 713 725 741 756 814 869 885 897 917 932 933 972 988 
52	9	19	6	84 94 119 132 171 192 193 200 214 222 225 243 246 267 284 301 328 417 498 507 533 543 550 604 638 690 724 729 742 757 759 787 836 840 850 937 940 
53	15	45	6	18 53 79 158 166 186 190 191 213 283 314 390 391 403 405 462 463 662 663 683 702 716 735 743 801 823 833 869 878 885 896 963 965 967 
54	5	28	4	25 56 123 134 147 151 156 180 191 223 279 303 319 329 406 409 426 462 477 493 509 521 528 683 684 685 689 693 697 717 722 771 778 799 820 837 841 863 934 951 973 977 
55	5	38	5	54 74 80 141 172 195 222 262 315 317 324 326 327 473 506 522 528 589 593 594 628 644 720 772 822 893 899 961 981 
56	5	31	6	1 3 6 35 39 54 101 148 163 197 198 211 253 273 274 278 286 318 423 427 430 432 440 453 475 484 495 524 556 571 591 613 640 687 704 723 764 768 812 824 879 897 906 929 954 956 992 993 
57	14	34	5	11 17 32 42 63 77 87 105 133 145 206 318 344 346 360 372 378 385 405 418 437 438 439 508 540 583 590 609 618 620 623 726 774 775 801 812 828 844 847 916 925 931 952 
58	9	41	1	2 64 88 91 102 196 201 205 228 240 242 249 255 362 396 465 491 543 590 618 642 652 737 759 765 773 779 794 880 912 925 930 
59	8	39	8	15 93 100 104 167 202 238 251 254 313 327 328 347 378 406 483 539 563 639 699 720 748 761 781 791 879 880 910 
60	2	36	7	19 90 95 157 161 168 174 193 206 230 231 253 257 335 412 427 428 431 470 487 523 534 584 617 622 684 717 747 777 808 832 867 902 939 960 969 
61	2	14	8	4 45 102 127 154 165 187 201 223 227 229 262 287 293 301 370 372 377 380 402 407 533 586 604 608 635 656 825 835 864 892 902 903 927 930 937 
62	5	31	7	29 61 84 108 140 165 166 179 183 188 212 241 259 268 289 297 314 321 414 429 503 608 612 671 748 755 769 770 788 841 859 860 863 874 878 882 906 923 966 967 980 
63	8	27	6	27 76 78 124 169 173 180 203 236 237 271 308 321 323 332 372 397 407 418 439 446 449 458 478 510 540 636 679 697 746 753 763 780 789 813 829 865 877 946 957 995 
64	8	40	4	42 65 86 135 157 168 225 236 248 251 252 260 261 270 280 306 339 396 401 447 478 483 486 522 579 583 586 589 618 624 747 760 764 809 819 830 891 950 963 990 
65	16	44	1	12 26 52 97 116 136 233 261 271 305 308 349 374 386 412 432 435 438 450 504 541 580 649 650 684 700 733 735 738 798 812 854 877 910 948 969 982 
66	5	38	1	13 15 36 46 63 96 126 162 298 331 358 416 434 453 461 501 525 548 558 579 582 594 597 601 602 632 669 678 730 749 754 769 822 826 851 890 895 921 931 993 
67	5	23	8	1 2 12 144 158 203 234 255 275 278 283 330 365 404 455 457 475 511 584 592 657 658 664 669 712 768 771 787 857 863 883 896 906 914 984 989 
68	18	29	2	29 66 76 132 135 163 197 204 242 257 265 270 300 304 348 362 410 420 476 577 660 693 705 721 807 846 855 909 948 950 954 
69	15	22	4	8 83 101 112 121 137 163 224 245 310 315 321 373 388 400 423 452 464 480 562 580 637 670 707 773 798 848 856 922 935 974 987 
70	18	29	3	8 18 20 37 71 75 78 113 117 146 158 164 179 195 198 203 206 239 261 264 361 436 439 518 522 535 558 584 615 666 841 844 854 861 907 918 936 
71	18	39	1	10 25 27 41 122 125 129 151 166 200 263 310 322 325 361 365 369 417 420 443 456 467 481 487 531 552 556 562 577 630 659 665 667 679 689 695 701 736 740 774 781 792 817 824 928 952 972 
72	5	37	3	48 59 61 74 80 98 116 135 175 222 224 277 280 283 307 316 395 398 437 496 524 539 563 604 609 672 770 777 799 813 850 888 913 928 964 
73	6	30	7	11 16 31 35 60 70 71 116 191 218 235 342 345 374 390 397 440 460 543 559 561 569 578 614 625 633 641 651 660 676 696 727 780 843 855 881 948 962 999 
74	18	2	8	6 49 52 66 67 69 99 103 148 172 205 208 267 268 358 410 444 532 540 579 625 638 648 660 687 728 741 828 843 869 953 986 988 
75	9	10	7	37 38 88 101 111 121 214 216 227 229 276 284 302 320 371 442 506 515 526 531 544 549 663 686 699 756 792 794 817 853 892 899 900 904 920 963 968 972 
76	18	15	6	23 43 44 108 126 136 170 259 260 282 287 294 327 479 499 513 516 517 561 567 587 600 655 667 756 793 803 816 839 900 945 948 988 
77	4	50	5	26 95 113 121 126 199 225 241 244 245 258 260 264 266 272 290 295 311 366 367 368 446 450 488 504 511 519 530 547 682 698 704 773 788 818 835 887 888 936 975 999 
78	14	17	2	85 88 92 106 109 146 183 227 234 244 256 333 385 457 459 508 517 524 571 578 585 610 648 673 678 685 696 706 722 733 747 754 817 871 924 946 953 966 
79	16	15	3	38 85 94 95 131 141 159 170 197 255 266 269 296 327 382 386 445 457 473 573 581 585 601 611 614 630 687 736 756 782 860 877 878 952 
80	15	7	8	14 63 116 120 128 177 188 271 296 303 321 325 392 432 449 490 492 493 527 529 538 542 610 655 703 733 743 751 805 830 838 867 886 904 949 954 
81	5	23	2	11 12 18 19 33 91 152 154 205 225 269 298 433 498 520 542 546 549 605 608 641 668 686 718 732 744 768 834 956 978 998 
82	2	4	1	1 22 37 72 79 132 226 303 312 316 341 486 528 567 575 619 621 656 667 707 721 725 742 745 799 825 835 958 961 971 976 
83	9	49	4	28 58 73 84 97 111 160 235 295 328 360 392 399 421 429 472 505 520 525 593 603 629 630 651 666 677 690 691 752 758 776 793 835 945 984 
84	16	32	6	25 50 69 88 115 147 153 215 224 264 305 344 368 430 436 485 555 602 605 628 634 635 645 665 708 710 721 725 730 786 809 818 826 886 894 932 943 952 959 
85	19	5	2	26 45 78 96 130 235 337 344 376 384 411 444 461 503 534 539 548 552 553 676 688 761 837 925 947 968 997 
86	16	43	8	21 81 87 92 123 136 162 182 193 261 272 294 342 401 413 422 429 454 458 576 577 611 652 659 680 711 731 775 789 806 854 944 974 994 999 
87	8	12	3	14 44 72 89 99 101 112 118 152 183 192 196 329 333 368 375 381 385 388 463 492 510 603 656 659 688 832 852 896 912 977 979 981 999 
88	14	20	6	49 57 89 117 146 164 172 233 248 252 262 290 322 352 388 424 426 466 489 490 534 558 594 595 598 607 616 626 664 668 688 709 777 855 872 915 916 931 968 981 994 
89	16	43	2	7 100 155 160 175 219 254 263 335 349 373 374 393 408 443 515 518 565 576 588 602 631 652 655 672 680 708 712 720 743 892 895 926 960 971 
90	2	3	5	15 18 43 47 55 78 89 111 125 134 165 174 177 178 249 343 387 425 468 502 505 582 596 636 731 785 794 800 819 857 859 868 875 886 891 910 912 958 
91	14	5	4	2 17 48 68 76 77 132 152 179 192 232 288 368 455 484 488 530 538 556 595 626 633 678 724 739 763 781 802 805 889 995 
92	14	24	8	30 35 36 61 71 151 169 181 226 239 253 273 309 366 443 468 491 495 603 628 688 689 715 726 732 737 758 759 802 840 845 882 
93	8	8	7	36 65 69 80 94 102 109 114 155 173 267 312 339 474 509 540 547 585 594 624 681 737 778 790 823 856 889 955 971 
94	18	2	7	40 46 49 57 83 93 196 201 249 256 306 326 351 352 369 471 481 485 492 527 533 572 573 596 634 637 669 677 703 704 708 728 796 800 802 811 815 828 846 852 873 875 917 941 978 998 
95	18	44	5	1 8 24 48 57 93 140 180 192 231 251 276 289 335 349 351 398 415 430 475 526 567 580 588 595 672 716 734 784 786 816 820 873 897 933 944 959 964 984 
96	15	18	5	13 19 39 51 90 127 130 226 234 247 305 314 352 424 428 454 470 512 523 638 647 657 660 673 706 711 808 837 869 904 943 977 994 996 
97	16	48	5	82 104 114 118 147 184 185 204 212 228 248 252 296 331 334 465 545 627 631 639 677 730 821 852 955 956 1000 
98	15	32	3	86 120 149 199 237 240 347 372 389 410 442 506 525 564 597 605 629 637 680 721 726 745 760 810 865 887 915 931 
99	19	24	3	66 93 184 254 286 299 387 401 409 415 421 438 452 480 519 592 693 738 741 797 834 842 880 886 893 922 957 976 986 
100	16	48	7	41 118 177 220 228 295 300 307 310 313 318 365 370 380 422 423 461 467 483 494 500 514 517 530 553 556 592 631 639 674 791 839 905 911 990 997 
