Course	Room	Teacher	Time	Students
1	17	45	8	18 43 130 143 150 159 215 276 330 337 408 413 424 442 443 450 463 465 471 516 523 554 606 623 642 646 654 714 721 791 830 832 842 860 866 918 962 994 
2	17	46	6	163 165 171 172 175 235 250 259 314 351 393 413 434 473 526 555 562 675 688 798 814 820 844 887 888 913 937 958 
3	18	1	1	6 25 29 108 112 113 118 120 134 138 210 228 265 332 365 415 445 448 465 506 564 573 583 612 707 800 802 810 821 831 851 852 877 1000 
4	17	43	4	30 35 45 47 69 90 117 121 132 190 213 253 264 302 307 346 357 368 423 430 472 494 511 518 562 591 601 618 633 644 677 688 703 799 803 827 836 853 880 910 947 967 978 998 
5	18	41	3	44 67 71 191 210 212 318 347 360 391 416 420 423 481 487 537 555 582 613 623 629 662 676 756 766 784 817 868 899 902 925 974 
6	3	37	5	6 83 114 122 177 186 247 290 299 419 421 446 458 470 485 507 522 523 534 539 547 613 618 633 642 694 726 745 750 761 765 810 886 892 932 964 
7	5	47	3	11 78 114 119 134 141 182 213 229 235 258 382 402 406 467 475 495 505 507 511 536 569 572 574 614 634 638 652 654 661 686 724 729 801 805 832 847 888 892 906 959 993 997 999 
8	9	18	6	24 38 60 194 227 244 266 275 331 345 527 546 569 599 605 632 740 757 775 783 830 836 840 848 852 864 869 870 879 900 972 1000 
9	5	36	4	31 64 70 77 102 115 162 179 189 215 248 395 402 406 428 461 480 489 561 565 581 605 608 643 672 713 725 730 748 764 821 828 838 854 862 889 895 898 902 907 919 924 927 930 950 958 987 993 
10	18	4	4	28 59 66 134 140 143 156 205 226 232 293 314 324 336 347 361 396 403 524 558 566 567 570 607 679 704 727 783 826 936 982 
11	9	23	7	94 180 193 270 272 283 316 334 342 417 433 510 522 533 576 592 618 660 665 723 753 771 803 830 848 852 883 887 888 896 910 933 934 960 
12	5	22	6	4 54 63 66 76 147 166 218 229 302 338 355 362 372 391 454 578 588 590 593 600 620 622 640 641 644 673 686 697 709 722 729 731 780 790 815 863 867 893 899 939 961 965 997 999 
13	18	39	8	4 19 36 41 136 144 152 158 191 257 260 278 304 309 343 350 353 407 453 459 495 498 501 508 535 575 587 621 639 680 689 694 697 702 757 759 784 845 979 983 992 
14	17	44	1	60 133 136 150 153 166 171 175 217 268 275 281 291 297 304 319 339 341 343 351 357 366 436 540 541 553 557 585 650 651 700 741 779 845 894 919 942 
15	2	42	3	12 14 36 70 85 96 155 167 189 221 254 289 348 356 433 439 444 577 579 630 635 640 682 712 727 838 840 904 935 942 945 960 979 
16	5	20	5	63 107 191 193 215 254 275 377 401 417 533 541 561 574 593 594 657 663 733 738 747 811 831 832 897 901 903 950 970 971 989 991 
17	19	17	2	14 20 34 55 81 85 174 221 262 273 279 313 336 358 372 410 411 514 540 573 775 778 794 813 835 837 875 908 951 1000 
18	9	23	8	37 38 40 69 110 139 210 223 246 271 306 347 358 388 399 416 436 437 445 468 479 540 577 607 625 739 755 779 844 855 900 911 947 951 956 959 
19	18	36	5	10 11 19 25 26 60 61 93 120 144 148 222 224 234 271 294 308 315 326 354 397 498 586 620 645 671 702 737 743 760 780 793 808 861 983 988 
20	3	46	7	25 39 79 87 99 141 145 212 230 237 261 318 321 405 467 492 504 548 564 581 601 614 710 716 746 839 857 867 884 886 992 994 
21	2	26	4	7 11 92 107 123 133 145 166 173 185 252 256 261 269 394 410 421 434 454 457 482 586 592 598 603 614 629 630 662 694 759 761 825 896 955 989 
22	9	11	3	89 95 177 198 200 220 239 308 366 386 390 424 458 462 472 573 576 609 649 658 696 728 739 755 783 810 811 820 919 929 930 972 987 988 
23	7	45	3	37 47 56 88 131 156 202 228 238 295 331 335 364 373 376 397 412 460 486 490 512 563 671 720 747 777 782 785 809 823 828 850 862 920 977 
24	15	2	7	21 57 71 75 144 220 253 259 274 287 323 363 378 390 401 414 451 453 520 529 557 562 565 566 591 627 669 689 707 752 775 790 805 826 827 881 965 966 
25	5	4	1	13 36 96 140 195 199 205 249 279 321 336 342 392 399 413 423 425 454 515 521 537 554 556 587 596 601 684 686 768 777 782 827 833 864 897 901 
26	18	1	2	44 48 56 99 118 127 131 172 175 196 207 237 242 245 260 275 281 296 298 317 330 355 376 378 397 407 416 548 550 590 644 655 683 727 739 741 747 760 822 828 846 858 874 936 
27	19	34	3	3 26 43 58 68 116 124 137 157 173 180 232 237 251 307 310 315 346 351 354 384 387 401 451 488 503 546 567 570 585 601 641 674 698 741 748 762 769 824 826 837 918 928 944 978 
28	2	13	8	21 24 49 75 80 82 101 151 214 230 235 239 264 269 273 368 405 422 456 500 528 559 622 633 660 701 705 772 776 868 879 885 949 950 988 995 997 
29	19	49	4	48 137 153 163 186 220 222 229 240 245 292 300 313 349 352 356 374 379 387 435 471 483 487 496 507 512 544 579 595 613 620 661 678 696 731 745 746 749 781 796 844 891 909 
30	7	43	5	62 75 187 204 227 248 252 257 284 306 369 380 461 467 481 486 542 578 604 623 706 775 797 846 884 888 895 896 902 942 948 952 
31	17	25	2	1 6 12 27 86 115 160 183 208 252 284 302 308 332 357 380 408 432 508 580 587 621 631 647 714 724 773 806 807 851 879 884 892 899 953 968 998 
32	2	49	5	45 53 56 87 91 100 170 182 199 236 255 278 323 340 352 392 396 431 466 468 478 515 518 526 566 588 756 762 772 773 782 834 853 889 922 937 943 953 
33	9	25	4	5 19 23 52 56 74 84 119 164 181 193 259 326 375 386 388 484 509 522 545 549 553 577 606 615 625 639 656 743 755 786 850 890 906 915 916 931 984 
34	10	13	1	10 98 101 139 152 165 168 181 204 231 239 266 285 289 311 323 408 430 442 478 488 511 527 539 551 655 690 699 704 710 730 731 757 767 790 816 899 945 949 983 
35	19	9	7	3 16 63 121 126 128 181 186 233 240 289 311 322 326 364 365 387 388 459 516 545 572 652 729 776 835 890 900 948 950 959 
36	7	16	8	17 27 58 61 68 71 85 114 157 197 198 201 203 207 221 236 243 256 267 268 270 348 363 395 426 455 476 485 492 511 584 600 619 629 645 665 670 677 687 751 762 777 778 788 806 829 858 903 993 
37	10	29	4	3 78 124 155 200 203 224 288 297 309 378 409 411 414 502 510 517 538 539 609 635 638 667 682 721 750 754 788 813 814 815 859 980 983 
38	17	32	5	33 52 58 97 131 132 137 153 165 171 180 267 335 349 355 359 402 441 455 463 471 491 516 553 571 634 693 719 769 807 850 859 864 869 926 959 961 984 
39	13	40	2	2 90 110 186 223 243 246 286 370 389 390 429 454 461 477 491 535 595 618 648 660 697 730 771 821 839 868 877 906 920 930 962 990 995 
40	7	5	7	32 54 81 133 169 179 262 290 309 345 384 396 435 462 478 483 487 493 505 508 513 530 538 544 547 560 578 596 645 659 692 719 749 755 806 814 817 885 973 984 
41	6	18	1	32 39 93 174 213 234 238 261 273 363 367 504 548 570 592 622 626 640 669 674 756 766 822 825 847 935 955 956 985 
42	9	38	2	4 57 116 143 166 178 206 213 216 226 299 334 398 440 493 499 642 646 654 675 718 725 728 754 800 812 815 867 912 915 935 986 
43	2	12	6	89 100 101 110 120 173 197 211 237 242 282 311 325 327 356 366 369 385 398 441 455 469 474 478 486 586 619 629 637 652 734 784 795 797 809 854 865 866 877 923 955 977 
44	1	38	1	5 24 84 102 111 117 142 180 245 251 262 283 318 379 405 450 453 470 483 505 572 672 688 694 737 795 801 809 839 855 861 941 976 
45	1	40	5	42 64 109 113 147 219 230 288 321 331 342 440 476 573 585 658 735 799 800 847 871 878 883 909 923 924 954 967 975 
46	2	47	2	18 29 33 50 147 158 164 168 181 235 250 292 312 335 354 425 430 451 462 517 549 579 632 634 663 680 732 742 852 862 894 905 924 954 961 973 974 988 991 
47	17	7	7	1 5 7 17 67 76 89 95 134 164 184 224 226 241 247 248 278 280 286 304 377 479 553 555 631 671 698 722 733 734 792 809 831 833 845 882 909 938 968 995 
48	15	5	5	17 27 69 96 104 105 112 117 129 211 302 327 328 332 371 383 389 422 424 448 456 460 472 488 506 521 551 555 563 582 583 603 615 676 710 711 712 819 915 916 925 933 941 958 980 990 
49	13	10	3	13 49 66 113 121 126 136 207 271 276 301 380 395 396 494 530 594 616 624 647 673 681 742 774 831 834 845 936 939 955 981 
50	3	19	6	28 55 112 132 133 222 223 260 300 307 335 405 433 458 502 534 535 567 571 607 617 650 662 690 703 719 748 771 785 851 921 953 
51	13	27	1	31 40 86 127 169 185 258 305 338 349 375 398 428 460 500 514 520 533 547 578 598 603 645 662 689 708 764 824 882 924 975 
52	4	31	4	40 51 68 73 79 148 167 178 188 191 194 285 286 343 401 438 443 447 520 552 597 626 637 687 716 719 763 767 769 798 833 856 913 934 939 991 992 1000 
53	19	29	8	8 47 72 77 103 149 195 204 217 219 292 361 410 415 493 564 610 657 667 708 716 733 780 823 828 834 849 861 863 876 894 941 990 
54	13	3	6	3 22 92 117 135 176 203 240 301 308 310 397 400 418 465 500 582 608 634 672 679 684 747 753 768 918 945 957 980 
55	6	32	3	24 27 54 80 138 260 288 291 298 316 330 345 362 385 501 664 723 761 763 792 821 843 866 881 893 910 980 996 
56	10	6	5	22 65 73 82 95 98 238 250 273 274 319 324 384 399 433 452 580 612 673 697 798 805 838 
57	19	31	5	29 30 32 51 72 103 115 198 209 225 243 280 282 320 339 347 379 386 416 525 529 550 558 572 596 610 621 646 651 653 667 682 688 713 730 734 910 917 928 998 
58	13	44	5	90 106 161 174 176 207 210 218 251 296 298 350 353 477 496 524 532 544 570 581 649 659 664 690 715 804 823 880 962 966 974 982 
59	9	19	1	1 21 57 68 146 214 221 263 276 310 333 344 393 400 424 431 468 494 531 561 577 591 624 630 668 692 705 762 763 811 812 873 881 898 946 954 960 978 996 
60	10	9	3	4 22 38 52 77 128 169 241 244 261 277 283 287 328 421 425 476 532 533 556 557 558 602 626 628 632 642 643 670 705 718 736 764 768 789 795 816 819 835 876 886 905 916 921 
61	10	6	7	14 35 109 111 146 158 192 197 214 288 337 359 392 420 473 501 546 579 595 605 610 635 653 678 680 684 685 756 764 774 791 795 810 879 905 917 985 989 
62	10	48	8	33 35 42 59 91 99 122 147 163 169 176 177 222 229 234 241 249 346 362 370 379 389 510 541 545 628 636 674 703 704 743 781 813 822 865 869 873 897 970 982 
63	10	24	2	53 76 78 80 82 84 94 103 125 154 203 206 274 287 331 341 426 431 437 525 559 566 575 666 689 782 805 814 842 865 911 971 
64	7	7	2	39 91 182 190 212 257 266 272 301 359 382 385 395 457 459 474 502 507 560 574 581 611 650 710 720 767 799 824 843 847 861 866 872 881 927 944 989 
65	4	28	2	43 47 51 179 195 253 304 311 314 315 391 392 422 475 506 526 529 541 607 616 623 637 651 661 681 692 702 717 722 765 804 853 863 909 972 
66	9	16	5	20 44 141 202 228 373 394 414 425 432 439 443 453 475 514 567 616 639 675 695 708 770 848 872 904 927 
67	3	2	4	23 86 100 130 141 159 165 219 227 263 279 303 305 338 354 426 432 464 546 550 660 685 693 728 744 820 840 873 874 875 887 908 945 946 996 
68	6	15	6	34 49 50 145 156 185 265 271 324 337 357 374 403 407 417 481 483 543 615 664 667 711 735 791 793 833 837 882 922 947 
69	5	39	7	22 29 62 108 110 138 148 157 216 217 225 249 269 294 312 340 343 370 439 444 484 494 500 534 583 597 606 656 668 686 754 787 807 841 860 880 889 892 912 922 926 929 946 
70	19	50	6	122 126 149 216 226 262 333 383 447 457 505 525 544 548 576 648 663 671 698 773 786 812 885 925 967 
71	2	34	7	8 28 37 45 116 149 155 162 178 208 228 231 268 281 320 338 394 400 409 427 441 446 612 674 699 701 706 715 720 736 742 772 793 829 843 849 862 907 911 914 918 969 991 
72	15	14	1	7 63 67 73 194 209 233 244 368 382 386 412 429 438 444 449 503 513 517 529 602 627 643 656 681 695 738 799 830 876 885 905 940 973 993 
73	3	15	1	45 51 74 75 106 189 211 219 277 284 292 300 312 325 329 406 409 447 486 493 499 530 565 600 611 677 682 751 778 823 829 896 902 920 951 
74	4	12	3	23 81 151 170 183 193 201 209 216 227 255 267 297 340 344 365 393 414 415 422 437 473 482 489 562 568 590 597 604 631 666 683 711 726 735 754 787 858 923 931 943 954 969 
75	10	35	6	30 88 123 139 170 214 258 268 285 299 328 370 384 428 442 445 464 495 515 528 537 545 591 598 625 683 687 714 742 752 801 813 817 912 914 928 
76	1	27	3	65 123 168 172 197 353 399 455 518 560 611 615 679 691 737 743 744 802 804 948 970 
77	15	50	2	5 25 26 42 52 87 93 151 171 218 233 256 280 285 351 363 364 418 427 428 434 447 482 515 568 569 588 612 668 672 860 873 878 882 890 898 919 976 
78	4	24	7	55 91 102 120 125 154 206 232 299 344 372 419 463 464 472 474 485 497 503 543 587 589 593 600 603 604 648 691 703 717 721 871 891 941 952 998 999 
79	7	11	6	7 40 41 43 93 115 136 160 277 287 289 290 291 295 320 367 381 419 439 449 466 477 479 556 575 639 646 666 669 700 702 707 766 770 816 827 842 872 904 915 931 975 
80	13	37	7	9 15 19 90 105 112 161 201 244 252 317 319 341 358 360 381 475 563 580 584 589 608 670 708 758 779 796 800 811 832 854 963 979 
81	4	21	8	9 46 74 79 100 125 155 202 247 320 345 377 378 381 382 403 519 530 542 543 585 599 638 643 690 699 717 740 785 789 808 878 921 930 931 986 
82	4	30	6	15 18 61 78 118 128 152 161 187 192 255 272 276 294 303 334 339 376 406 426 429 508 516 531 657 691 692 696 716 725 727 736 744 749 758 796 856 949 956 968 
83	15	14	4	10 12 41 46 196 223 233 330 332 362 383 390 408 452 497 519 617 621 624 641 648 665 666 684 700 711 712 740 793 802 806 808 843 855 903 904 914 932 973 
84	3	8	2	16 46 66 67 92 113 121 189 192 264 290 319 412 417 449 473 501 513 518 521 605 628 630 649 676 696 700 709 855 857 907 949 966 
85	18	22	7	48 59 97 98 124 140 150 160 188 218 293 371 434 495 509 517 524 526 575 611 617 724 760 783 786 788 818 819 870 874 897 920 935 942 
86	4	48	1	53 85 95 104 123 135 188 208 215 247 293 352 358 359 361 432 467 482 484 498 619 709 733 736 758 771 776 794 798 837 838 869 889 893 908 926 963 969 977 987 990 994 
87	5	41	2	30 69 114 128 129 142 167 236 248 283 297 325 367 368 404 409 413 448 487 534 538 608 627 636 638 706 713 761 770 772 774 784 803 836 856 880 914 932 934 957 975 
88	3	8	3	35 59 60 62 87 142 185 190 256 259 300 333 404 435 469 498 522 523 584 650 657 663 759 797 818 842 848 870 883 900 938 964 965 
89	15	33	6	2 33 42 64 97 119 143 151 154 162 205 231 249 265 286 316 329 404 436 496 497 503 519 532 549 580 592 616 726 767 841 874 883 895 906 943 981 987 
90	15	33	8	13 32 50 70 105 108 154 200 295 329 375 430 435 499 502 504 512 527 550 551 589 614 620 647 675 693 713 724 753 787 797 839 871 891 893 895 908 940 960 
91	17	3	3	10 17 74 82 129 146 158 184 194 208 257 266 278 350 389 445 450 479 497 506 528 559 571 619 655 695 738 746 859 865 890 932 976 
92	5	26	8	107 111 173 175 188 224 254 272 327 333 365 418 452 458 480 484 489 491 536 552 568 602 669 673 728 732 749 750 768 774 786 825 841 846 851 887 943 952 957 969 
93	18	17	6	21 31 83 111 131 199 243 251 270 312 340 470 491 514 538 542 554 559 609 628 676 678 704 723 732 808 829 876 913 926 940 963 964 966 971 986 
94	15	28	3	6 9 16 18 46 72 84 195 196 205 225 230 280 305 410 438 449 456 504 543 552 596 668 693 731 757 877 917 922 947 985 
95	6	10	5	142 160 269 329 337 388 411 438 474 565 595 751 752 778 789 803 849 854 891 956 994 
96	7	21	4	14 15 20 104 106 116 149 246 267 291 323 325 369 371 427 490 536 563 569 594 599 604 627 636 658 695 707 717 722 732 944 957 961 963 971 977 
97	19	20	1	26 48 71 80 88 109 159 163 187 190 192 296 301 322 350 353 355 381 446 480 485 490 492 496 509 528 531 568 625 661 745 750 759 788 844 912 925 928 938 984 
98	7	30	1	2 50 72 83 124 137 145 198 225 242 255 270 303 306 372 373 466 536 552 631 659 721 734 752 769 804 815 818 836 840 857 860 868 937 939 962 964 968 986 
99	2	42	1	70 76 132 135 183 196 250 282 294 315 369 391 420 451 463 535 549 558 597 610 649 665 706 723 735 773 780 781 853 923 929 979 999 
100	4	35	5	8 13 31 37 81 94 108 127 146 159 240 310 313 316 317 322 360 374 407 465 480 490 510 537 540 584 626 632 680 685 691 705 714 718 740 746 781 787 792 802 875 907 978 981 
