Course	Room	Teacher	Time	Students
1	1	4	1	19 21 60 83 97 117 120 196 197 207 239 264 356 367 375 396 404 454 493 497 533 552 554 560 571 577 585 617 654 660 719 729 731 751 782 792 795 804 817 829 863 977 986 990 
2	7	22	1	14 33 34 58 101 124 132 176 209 211 215 234 240 245 312 324 341 409 485 522 527 535 550 551 561 565 583 606 618 657 680 701 702 704 720 722 760 776 816 840 891 934 958 974 
3	7	3	3	91 105 165 200 221 239 246 303 327 392 521 537 549 562 575 584 590 613 648 655 668 669 689 700 745 765 811 817 852 854 867 876 921 930 933 951 962 981 
4	1	21	4	7 21 48 86 114 264 284 322 329 341 343 363 377 390 404 428 495 550 557 559 578 602 625 640 653 657 695 701 726 781 790 800 822 825 834 836 842 878 879 921 926 934 964 971 996 
5	8	36	3	9 10 12 15 56 70 83 142 244 258 278 313 329 360 365 377 379 402 474 512 514 573 635 705 738 757 775 805 813 838 846 884 887 945 986 994 
6	1	14	6	22 51 62 65 72 91 97 131 152 155 228 246 269 345 350 368 378 405 414 460 464 473 491 549 556 577 625 703 719 741 796 829 832 857 898 982 1000 
7	7	34	4	20 73 95 113 115 210 292 303 342 353 367 368 386 391 471 483 493 499 531 542 607 616 629 633 650 652 685 749 765 780 872 886 896 914 938 940 994 
8	2	45	1	20 32 35 63 69 84 95 112 119 121 133 139 161 184 227 260 265 278 281 311 330 332 359 369 416 446 477 481 498 503 508 559 621 634 647 672 682 690 705 717 723 739 779 837 865 889 902 920 942 
9	8	17	2	1 5 8 12 14 61 70 77 82 96 104 135 152 167 179 187 206 237 316 443 446 462 482 490 497 511 523 536 600 613 648 652 677 698 710 793 829 844 871 943 967 969 
10	1	17	8	4 31 80 91 108 112 168 172 191 202 204 208 219 247 251 255 261 270 285 332 336 342 369 379 401 448 530 538 567 570 605 624 653 664 716 736 739 742 776 794 821 853 854 856 879 884 916 940 957 964 965 969 974 989 
11	7	40	5	21 79 125 186 209 243 266 310 385 396 413 445 468 477 488 505 581 595 597 676 692 723 727 738 745 799 809 869 939 942 980 996 
12	3	49	5	12 42 50 54 163 189 192 200 215 273 400 428 476 509 556 587 656 702 742 751 769 775 784 847 866 875 929 
13	7	3	2	57 69 93 137 188 223 296 459 481 484 521 526 563 593 598 603 641 688 689 712 754 756 776 812 815 818 821 841 847 848 885 934 939 
14	8	42	5	11 66 110 113 128 151 211 212 235 245 262 269 284 311 342 350 374 394 398 453 460 462 467 483 535 548 549 558 564 575 586 639 680 726 782 946 958 986 
15	16	8	1	41 57 86 103 143 153 160 164 177 235 272 329 347 361 405 417 427 441 450 475 570 596 636 638 652 659 664 748 789 801 823 851 868 905 937 975 
16	1	22	3	3 24 29 30 53 72 102 124 128 133 134 138 143 181 187 229 282 304 314 343 363 373 452 457 467 519 529 536 615 622 677 702 712 718 722 730 733 747 786 792 802 831 845 873 911 953 
17	7	46	6	5 23 59 101 130 162 164 175 265 291 301 319 325 330 339 369 393 445 500 531 553 648 674 706 728 745 760 804 859 942 951 
18	1	34	7	3 9 27 38 43 65 77 108 115 139 155 156 167 180 267 273 283 293 302 326 337 354 366 417 453 456 474 517 521 543 618 637 665 670 673 685 693 725 751 755 777 797 800 811 842 897 929 978 979 
19	12	49	8	13 83 115 122 149 157 217 223 227 228 229 260 271 278 302 321 350 359 392 583 669 709 805 809 885 905 919 930 943 958 978 982 998 1000 
20	12	39	2	9 74 136 161 193 199 220 230 248 264 318 380 435 466 570 582 643 711 737 741 766 807 849 872 879 908 929 957 
21	11	26	3	4 95 230 232 263 309 337 346 356 366 414 415 425 472 496 510 569 572 641 651 760 762 804 818 820 828 935 944 948 954 969 992 
22	11	47	5	62 75 105 123 130 219 344 346 389 404 420 442 463 498 504 521 563 568 588 629 643 651 679 721 734 827 839 894 902 904 905 924 
23	19	33	6	14 20 104 111 128 174 181 214 271 336 341 357 372 402 466 516 540 569 576 581 589 614 620 664 670 675 695 714 729 755 793 797 825 847 852 899 934 
24	9	20	8	49 69 71 142 146 147 195 297 328 405 418 432 519 557 558 601 616 652 655 660 668 683 693 728 774 832 868 869 874 877 977 979 
25	8	40	4	1 40 54 58 103 132 200 249 255 256 320 429 510 512 516 518 543 549 584 599 630 656 660 671 676 718 758 768 796 799 810 819 823 851 865 887 952 955 956 963 976 998 
26	10	28	3	62 63 141 171 220 224 235 290 397 451 520 530 533 595 601 642 678 726 734 749 827 833 869 897 923 985 
27	8	7	8	11 81 134 175 186 216 287 292 314 349 365 372 423 433 469 507 517 586 597 615 623 672 688 704 713 722 730 740 748 753 763 836 837 875 966 985 988 
28	12	9	5	31 37 116 126 152 222 234 256 267 306 380 392 403 406 438 470 491 511 531 533 539 542 616 621 658 716 752 771 786 844 861 871 895 900 
29	19	32	1	3 7 52 108 131 137 154 237 261 290 415 455 526 611 666 718 778 819 842 852 916 918 936 944 946 999 
30	16	16	3	20 28 43 84 159 166 172 216 225 274 291 371 423 449 500 506 579 591 607 611 612 629 638 650 691 727 840 882 904 996 1000 
31	1	36	5	6 26 93 119 129 138 155 178 179 217 228 254 277 332 336 359 381 387 441 469 495 512 529 633 673 691 714 739 787 795 804 812 876 941 956 985 
32	3	24	6	18 73 96 226 270 312 337 363 365 377 383 387 395 413 440 463 618 675 732 754 772 773 798 822 835 841 855 900 920 931 937 941 952 973 975 980 993 
33	11	38	8	19 22 39 53 60 93 117 154 160 162 173 174 189 212 254 258 282 290 306 347 348 358 383 390 396 416 428 449 481 518 578 606 617 644 645 658 747 759 788 793 803 843 849 866 886 897 970 971 986 992 993 
34	11	7	2	16 27 42 60 106 126 145 232 291 305 314 319 328 330 333 374 378 454 465 474 477 496 534 550 565 586 610 626 634 663 667 678 706 774 805 840 913 927 973 981 
35	11	27	4	9 91 96 153 168 222 231 238 247 296 346 366 399 492 502 522 527 541 596 610 613 632 647 703 742 787 856 864 867 983 
36	12	8	6	29 45 50 52 66 80 90 157 161 224 243 286 289 302 317 322 332 360 386 409 455 494 513 519 588 609 646 692 694 701 713 737 828 830 936 965 977 
37	16	11	2	58 62 88 111 148 166 194 205 271 308 311 320 354 370 445 473 492 494 504 538 561 566 608 632 647 668 720 732 733 780 797 824 830 837 869 912 975 977 999 
38	12	12	7	25 68 146 147 174 186 204 296 318 330 357 384 385 458 459 478 487 488 508 588 590 638 661 675 686 690 749 768 779 821 831 855 857 953 988 994 
39	10	23	5	76 121 149 205 248 287 291 292 432 465 479 518 538 551 591 642 684 690 708 728 766 789 793 798 801 843 865 927 933 949 966 975 
40	4	28	5	3 13 30 39 55 135 159 225 240 276 278 295 357 361 364 367 375 378 391 407 411 431 448 501 508 526 590 611 663 665 667 681 687 732 757 845 895 940 965 999 
41	20	5	2	67 147 163 190 203 218 255 281 307 317 336 351 376 424 428 467 501 616 672 700 707 722 777 810 813 831 858 887 923 928 941 946 968 982 988 989 
42	3	31	7	4 7 66 73 105 120 129 165 210 247 248 251 298 319 339 356 433 435 440 482 535 591 599 704 723 732 814 826 873 874 902 907 926 945 
43	13	23	2	18 44 66 180 233 270 288 290 324 383 403 406 507 525 592 686 762 816 932 938 947 
44	19	5	4	33 130 139 148 190 203 266 310 345 351 434 459 460 462 486 567 575 591 600 608 634 641 661 756 761 766 818 835 845 875 909 910 935 961 962 984 
45	20	30	1	15 18 71 76 82 98 134 188 226 250 286 298 335 362 381 388 403 422 465 473 484 499 543 592 601 665 679 700 777 781 826 834 839 881 939 949 955 959 960 971 
46	11	2	7	26 86 94 168 243 260 262 370 412 429 439 465 468 469 522 547 556 580 635 640 644 692 697 778 852 936 948 964 971 
47	1	4	2	37 39 98 118 153 197 227 231 239 285 344 373 377 410 453 540 559 564 580 656 673 697 721 827 828 846 888 914 954 959 978 983 987 
48	19	19	7	5 10 30 79 82 85 131 136 182 194 231 238 280 315 362 382 406 422 438 461 476 483 498 502 506 558 601 724 739 741 742 796 838 847 901 933 991 
49	20	2	5	8 58 67 115 118 172 202 258 300 312 368 379 417 419 444 451 461 471 490 522 524 552 584 618 619 624 627 662 719 725 743 780 917 945 959 
50	3	45	4	104 160 170 183 198 208 272 279 283 302 373 383 410 524 545 564 604 623 628 636 788 791 808 827 928 972 
51	20	29	7	88 118 153 190 196 234 244 257 266 361 372 414 464 525 565 572 577 600 605 610 653 658 698 708 718 746 807 815 858 894 941 958 
52	8	21	1	68 74 85 102 125 178 219 233 253 267 326 331 346 355 402 412 437 447 486 489 528 548 663 674 689 694 699 735 790 873 884 886 890 906 908 931 953 956 957 991 
53	3	35	3	2 5 42 78 123 182 212 213 355 447 476 478 554 574 577 609 649 663 684 750 771 791 836 848 955 972 988 990 997 
54	10	48	2	28 90 122 164 225 257 289 293 331 334 367 396 397 432 433 450 585 602 605 609 704 713 726 743 763 786 856 866 
55	7	42	8	17 47 94 113 123 131 167 218 239 240 249 268 272 312 319 353 382 400 426 439 457 466 485 487 490 505 509 533 589 594 612 636 647 685 731 761 762 764 768 771 799 808 865 870 888 925 999 
56	12	20	1	4 13 36 72 80 81 141 151 173 180 201 236 257 308 327 348 419 461 464 479 516 531 545 576 619 653 688 780 807 820 846 864 919 938 
57	9	37	5	38 51 74 191 279 325 386 401 466 506 543 635 637 659 674 696 698 711 735 746 747 765 779 896 899 907 918 943 970 
58	20	37	6	33 38 41 44 47 110 127 170 192 209 213 218 259 314 318 342 375 442 474 495 603 613 662 665 684 707 717 724 736 738 757 758 764 777 839 853 863 872 911 914 987 
59	9	18	4	50 53 55 75 111 143 144 187 196 280 297 300 326 497 561 562 606 615 690 691 738 782 877 918 921 933 942 997 
60	4	31	2	52 94 112 183 201 204 244 246 321 371 381 388 408 418 423 431 447 457 528 542 548 553 639 694 832 894 900 
61	2	35	6	19 53 84 89 92 105 146 156 167 173 186 194 207 223 257 306 348 353 438 546 582 587 615 630 643 655 785 807 814 868 905 906 926 928 962 
62	16	12	5	1 10 17 28 33 184 213 299 303 329 333 347 351 352 393 408 410 424 436 492 520 574 578 625 632 648 710 781 802 824 850 863 898 960 997 
63	20	19	3	73 109 116 176 196 198 205 249 251 275 287 310 335 345 384 439 470 507 509 535 538 563 567 578 713 714 766 829 858 871 883 903 924 964 967 982 
64	20	30	4	10 25 51 79 87 98 123 164 287 299 334 358 381 388 444 458 463 477 488 547 563 571 573 583 642 646 669 681 712 723 752 805 858 861 893 903 949 965 968 974 979 
65	8	26	6	2 78 99 129 140 145 159 201 208 252 293 303 338 343 401 407 415 416 430 436 451 482 485 524 528 544 593 628 637 680 697 816 836 843 844 854 862 904 925 939 
66	2	9	8	8 42 48 61 68 77 85 118 132 177 199 209 232 262 266 318 324 344 364 375 425 445 454 479 503 541 552 560 611 625 630 682 702 715 737 912 937 976 
67	19	33	3	61 67 68 107 179 311 320 333 406 458 468 501 566 586 604 608 654 659 685 688 710 753 763 768 787 797 798 800 855 864 991 
68	19	13	8	106 148 185 259 263 284 305 331 399 413 419 444 450 494 510 536 632 699 710 727 735 786 841 845 890 899 902 927 983 996 
69	16	1	8	24 43 54 55 63 265 304 308 325 326 386 397 411 434 504 525 546 595 602 631 639 650 686 783 785 825 904 920 950 963 
70	7	46	7	60 125 126 192 202 223 292 325 344 390 393 399 492 505 518 528 541 546 560 603 620 622 634 700 727 758 769 772 774 932 954 972 984 
71	3	24	2	29 32 46 99 119 127 156 185 261 300 327 352 369 426 434 488 502 506 514 631 638 693 696 734 748 751 806 823 834 857 859 867 876 877 896 898 909 911 953 
72	19	27	5	22 23 36 99 100 120 132 150 171 177 181 226 230 281 297 348 358 366 415 421 422 452 464 475 481 486 571 707 709 749 767 810 870 877 880 889 926 928 931 935 984 987 989 993 
73	2	25	7	6 67 90 216 226 240 316 317 380 434 489 524 532 566 579 607 609 614 646 706 737 770 801 803 849 862 879 908 961 990 
74	20	43	8	2 76 79 103 152 178 214 220 242 246 323 376 387 408 430 435 437 452 484 514 523 571 582 600 708 724 769 784 792 802 819 820 828 830 844 860 867 883 895 922 931 944 
75	9	41	6	12 32 48 56 70 82 109 149 165 166 169 205 236 241 245 253 260 263 281 298 300 309 352 355 371 374 398 408 511 530 573 683 689 711 733 748 795 892 893 984 
76	18	44	4	14 17 37 56 77 81 106 110 127 133 150 217 242 245 252 254 258 273 288 289 316 338 411 418 431 440 456 517 536 539 551 585 589 603 645 668 716 731 789 792 802 853 894 925 946 
77	18	13	3	16 26 117 119 140 170 180 191 204 210 227 243 248 301 339 391 413 438 446 455 505 513 541 544 550 555 568 633 636 656 681 683 715 756 759 773 812 821 908 925 952 963 973 983 
78	18	25	6	16 21 95 106 197 217 276 277 304 307 327 425 499 515 539 650 708 712 744 752 753 783 789 794 875 878 881 890 913 932 948 978 
79	18	16	8	59 124 136 144 158 222 250 279 298 394 409 424 443 451 458 470 499 527 534 547 572 588 592 614 619 651 654 666 673 677 705 717 746 754 767 775 781 838 839 851 901 935 962 995 
80	9	15	1	50 109 138 179 187 189 190 198 249 285 309 315 420 476 513 534 553 555 599 605 610 691 734 736 764 767 806 812 822 850 857 860 874 888 910 945 972 995 998 
81	2	50	3	27 34 44 47 65 87 90 151 155 199 207 234 242 259 340 350 362 364 389 394 412 448 473 540 559 583 597 662 671 740 770 872 916 947 957 961 968 981 
82	2	10	2	19 38 64 75 87 100 113 116 124 141 174 250 275 315 322 338 359 398 405 417 480 487 503 513 574 595 630 649 684 730 764 769 770 854 915 919 951 974 
83	18	41	5	24 71 72 89 137 233 334 363 390 395 402 433 435 455 484 489 530 554 562 612 703 756 785 806 815 882 892 912 922 990 
84	19	32	2	30 45 49 103 160 215 228 282 323 335 421 422 478 624 627 640 695 705 725 736 778 826 843 884 889 892 924 966 
85	16	48	6	64 89 93 125 135 143 148 150 171 199 231 233 237 288 313 361 404 426 444 502 503 566 579 604 617 666 677 681 696 699 740 759 809 819 848 850 916 917 954 
86	16	39	4	11 39 52 69 107 134 188 197 213 221 229 241 304 337 427 441 475 504 580 592 614 672 720 728 755 771 814 826 833 907 912 927 991 992 
87	11	14	1	26 43 46 65 78 88 170 183 238 294 349 400 453 472 478 483 487 509 546 587 622 626 676 683 696 709 787 811 824 825 871 876 882 885 901 980 
88	8	38	7	1 35 142 150 175 188 193 211 214 224 269 272 276 294 352 392 416 430 462 480 493 496 510 512 527 554 557 575 649 711 715 747 762 896 950 966 976 
89	18	15	7	31 46 61 96 100 121 122 127 135 162 184 189 198 201 241 268 295 305 351 400 460 485 491 500 540 542 570 573 587 621 623 627 671 694 699 721 868 889 903 952 955 970 985 
90	9	29	3	11 22 23 49 147 175 193 195 206 255 262 265 270 297 299 328 354 385 411 421 430 437 471 482 525 557 593 626 628 657 676 687 725 744 772 774 803 880 922 943 949 
91	11	47	6	8 57 98 122 136 154 200 221 242 254 256 261 275 340 356 362 418 420 421 439 443 456 457 472 489 493 517 529 561 572 590 598 602 626 750 833 860 870 923 968 
92	2	6	4	35 63 70 78 92 159 166 169 185 216 271 277 294 308 309 331 340 387 397 407 448 449 454 480 496 598 644 680 687 692 733 746 759 770 811 832 846 859 870 880 891 932 
93	12	1	4	34 44 114 162 165 274 285 301 321 335 349 360 370 384 395 443 467 498 500 532 581 594 612 620 635 658 706 754 757 767 773 776 806 816 883 960 
94	12	6	3	6 13 40 86 126 145 158 184 203 264 268 286 338 370 378 399 480 486 491 516 526 596 619 679 724 790 808 823 835 856 860 891 937 959 993 
95	9	18	2	102 128 219 221 347 358 382 394 442 470 520 576 629 637 651 659 670 782 788 791 893 901 917 922 930 980 997 
96	18	10	1	28 140 157 194 252 259 275 280 282 306 313 353 410 459 515 523 532 661 740 750 761 784 785 794 892 893 913 929 947 950 970 
97	16	11	7	48 51 56 75 107 110 116 138 144 163 181 185 215 235 288 401 441 472 497 515 523 545 576 657 678 682 709 891 915 956 967 973 987 
98	9	43	7	18 34 36 41 45 55 151 195 222 299 323 341 420 427 471 490 495 519 537 568 608 639 674 701 716 729 743 837 861 882 887 920 969 992 
99	2	44	5	15 16 40 57 84 97 101 114 161 195 244 274 323 349 376 450 456 494 515 544 555 569 599 604 606 660 661 720 744 750 813 835 848 878 890 911 913 923 938 976 
100	18	50	2	54 59 97 158 173 176 236 263 280 283 286 307 379 385 429 449 469 579 607 642 645 664 682 758 765 817 851 862 907 960 961 
