Course	Room	Teacher	Time	Students
1	14	11	1	5 62 122 131 144 230 279 316 319 375 377 424 438 439 448 507 608 617 681 740 754 775 787 904 999 
2	14	18	3	4 7 21 22 35 43 79 130 144 166 184 191 193 243 251 283 295 321 323 347 368 392 420 429 477 480 494 507 527 543 548 559 611 635 676 702 724 866 884 891 903 907 954 962 968 981 998 
3	14	15	4	29 32 46 87 121 132 160 176 182 191 264 289 341 419 440 462 487 492 512 562 633 668 725 735 752 806 844 867 876 881 1000 
4	14	13	5	26 47 48 69 77 83 116 117 135 153 205 206 223 241 249 314 316 320 371 385 398 422 439 456 457 472 479 523 544 546 548 602 614 627 650 676 678 694 737 752 768 798 805 886 935 953 
5	14	8	7	47 62 87 91 102 168 185 190 213 226 244 258 269 273 309 339 396 482 504 511 534 618 685 704 719 760 791 792 860 885 908 920 931 935 954 
6	3	5	1	24 48 68 77 96 132 178 199 200 214 221 261 264 284 290 357 363 433 513 560 657 708 712 773 789 804 847 861 917 930 939 998 
7	14	9	8	9 37 39 57 109 119 130 138 144 149 185 199 200 203 222 238 252 278 314 332 341 374 379 390 407 476 545 552 650 685 746 795 812 883 895 918 928 948 
8	15	31	6	9 31 34 36 39 42 76 117 137 169 190 275 300 325 347 348 404 468 474 536 562 569 571 591 601 659 696 722 733 794 796 864 879 911 952 992 
9	18	23	2	23 114 135 167 227 238 239 240 244 255 260 262 286 311 324 353 400 419 461 507 605 662 677 732 781 783 825 847 855 869 889 896 899 934 939 969 993 
10	15	29	5	39 104 108 164 224 237 248 270 296 297 318 323 335 397 408 434 449 458 461 487 500 529 573 601 640 643 707 709 722 769 790 867 868 887 888 898 904 921 924 969 
11	15	39	8	5 16 123 221 299 320 323 330 331 335 349 366 402 424 468 512 569 574 581 623 627 645 654 683 712 723 751 756 787 833 840 861 889 916 942 943 975 989 997 998 
12	17	4	4	10 60 80 90 94 128 133 148 150 152 180 211 229 243 246 283 299 310 316 318 321 325 326 363 421 461 510 511 615 678 688 699 707 740 790 795 799 816 828 830 857 866 890 946 951 974 
13	12	3	8	3 10 22 54 63 104 105 115 116 118 146 165 192 211 243 245 296 333 347 422 430 496 519 563 565 603 616 643 711 716 747 769 846 867 888 902 923 
14	17	43	5	2 41 73 95 146 147 256 360 390 417 465 518 540 553 595 600 622 625 649 672 749 779 793 808 841 842 858 915 959 
15	20	16	5	27 101 105 165 187 220 288 370 420 448 454 471 506 545 549 613 615 637 651 701 704 716 729 731 742 743 750 773 788 852 862 869 912 914 936 941 943 964 976 979 
16	4	32	3	25 51 108 140 154 196 205 248 258 294 338 374 395 417 514 522 577 582 585 609 638 705 712 725 726 748 783 897 978 
17	20	17	4	24 91 92 113 127 147 151 170 224 236 241 250 253 262 279 300 355 366 369 381 411 450 516 568 598 637 664 674 697 722 723 750 852 879 944 946 965 968 976 986 
18	20	32	2	44 49 81 91 122 151 179 187 241 266 269 279 288 323 334 354 355 364 446 447 488 506 529 578 612 629 663 692 706 711 745 763 766 782 784 794 795 814 822 829 887 888 904 929 948 953 985 989 996 
19	12	16	3	5 40 55 74 81 95 115 127 131 138 209 273 296 303 309 346 357 375 376 379 393 444 451 485 486 537 555 558 636 652 672 721 732 766 770 776 804 822 883 893 911 926 977 997 
20	19	5	8	28 101 113 124 143 148 175 182 194 197 213 235 287 334 358 383 384 423 463 473 520 589 639 669 720 739 815 834 912 924 935 962 977 981 
21	15	39	4	1 3 11 51 52 66 116 123 124 205 257 285 292 346 386 488 517 535 576 628 691 724 738 746 755 803 817 891 932 
22	4	22	2	16 33 42 88 102 126 136 143 164 171 190 293 316 341 368 410 418 430 477 480 483 567 590 594 599 646 700 731 733 773 777 780 802 804 827 840 864 872 892 906 920 957 981 997 
23	15	9	3	17 29 101 128 142 186 206 207 216 229 230 239 261 263 297 369 431 442 493 531 549 573 599 633 641 653 675 709 718 745 746 756 805 859 862 870 919 956 
24	17	43	8	42 45 74 85 92 100 106 128 130 142 201 207 225 226 250 353 354 359 377 401 432 444 487 501 535 551 578 588 614 631 632 644 647 662 671 703 714 715 725 808 855 899 906 910 941 949 987 994 
25	18	7	7	2 4 9 53 80 121 131 174 196 216 272 289 333 383 413 513 603 612 625 688 761 763 764 836 838 869 900 904 916 927 933 937 947 955 
26	16	40	2	2 13 40 92 93 159 188 189 277 307 489 565 569 591 598 608 628 638 645 675 703 757 767 805 819 867 878 882 884 917 922 964 971 972 980 
27	17	45	1	1 29 106 134 152 187 218 225 259 275 328 340 365 427 442 449 458 504 517 519 520 557 569 596 618 625 634 689 698 723 788 814 832 838 890 900 908 972 991 
28	15	8	1	20 38 99 105 110 150 195 197 205 231 292 327 362 389 420 421 441 466 487 489 506 526 553 663 707 742 745 764 767 779 785 801 819 834 849 860 899 934 936 956 965 986 
29	3	41	4	27 35 63 86 159 196 233 260 294 328 380 429 486 540 592 692 693 736 741 774 805 807 821 824 826 887 984 987 
30	16	2	5	87 99 125 129 137 195 216 247 261 281 293 368 388 411 477 480 532 541 561 606 620 636 652 675 685 690 697 699 718 791 794 802 824 901 902 906 916 917 958 988 
31	18	26	3	32 61 62 67 98 100 106 117 119 171 201 208 212 215 224 246 289 298 372 400 436 484 542 597 686 727 761 788 815 839 848 851 852 858 889 894 910 955 991 
32	18	7	6	114 160 166 192 200 247 267 271 283 298 299 319 437 443 470 471 475 486 494 521 670 754 790 863 868 870 900 903 928 945 953 
33	7	19	2	35 38 43 103 147 155 178 220 263 265 271 274 328 332 367 379 393 416 425 432 448 462 505 522 525 528 548 551 572 589 611 625 657 659 715 792 798 849 861 930 936 962 
34	13	47	1	34 42 53 69 70 75 95 148 155 215 253 414 426 431 450 468 518 542 558 571 598 609 673 726 734 750 760 798 901 921 933 973 990 
35	18	40	5	14 31 32 54 63 72 123 136 162 193 209 255 260 267 309 311 332 333 337 343 357 387 413 415 433 445 475 483 513 587 599 605 642 653 661 665 667 674 683 705 717 754 756 765 775 826 827 913 926 960 972 975 998 
36	18	38	8	1 30 77 135 168 174 176 251 257 259 302 322 428 478 490 491 492 503 523 525 537 558 561 584 591 621 629 661 682 737 741 755 758 763 797 814 831 843 857 905 971 980 990 
37	16	36	3	10 15 85 89 157 161 176 183 214 240 255 269 305 350 380 421 427 428 443 465 520 546 552 554 580 613 660 687 692 710 717 827 829 865 874 879 906 920 953 966 980 
38	9	48	1	11 33 84 118 140 176 202 226 236 269 350 351 381 382 394 416 445 497 531 552 610 619 624 636 713 719 743 803 820 839 841 845 870 881 941 955 964 
39	4	37	6	5 73 97 113 140 153 168 177 213 240 258 309 310 387 394 436 476 479 489 492 497 506 509 514 515 543 600 620 713 846 854 878 930 961 974 995 
40	15	18	2	20 85 94 96 128 149 191 233 290 337 375 409 501 543 617 654 718 727 738 758 775 845 913 959 970 
41	7	12	7	37 111 167 237 254 257 259 276 281 319 353 377 390 401 457 466 502 551 562 566 567 576 590 596 602 681 695 720 724 727 752 797 807 814 817 894 924 939 942 957 974 983 
42	16	25	6	52 64 75 112 138 164 221 228 242 315 327 413 523 530 579 611 613 628 641 668 679 684 689 708 736 751 784 820 873 890 897 
43	7	46	3	8 26 39 59 109 113 195 198 213 223 277 301 348 360 398 401 414 424 430 448 449 456 470 471 556 679 790 797 821 831 832 836 864 873 902 960 995 
44	13	14	4	7 17 49 75 115 142 157 158 167 194 228 254 277 324 393 397 406 427 438 460 476 523 524 574 595 642 689 690 825 950 967 973 
45	14	11	2	47 50 56 83 99 131 163 186 193 217 253 295 335 349 372 476 508 552 606 632 644 647 679 685 694 696 759 765 772 776 787 791 820 932 
46	19	35	4	145 179 206 207 232 247 306 327 359 376 496 501 541 564 565 566 583 584 589 590 619 649 696 823 846 847 861 874 885 888 892 942 
47	20	20	8	65 136 156 161 217 268 420 429 494 514 521 559 579 586 622 641 651 680 694 733 761 803 850 864 922 930 
48	3	49	3	53 71 110 121 126 181 190 233 336 373 390 404 462 482 499 561 583 617 624 640 659 665 743 747 784 806 835 843 999 
49	19	37	7	7 33 78 119 145 149 163 172 229 248 267 278 285 301 314 329 378 409 486 560 575 605 606 631 726 738 754 758 837 845 850 863 919 950 958 
50	3	41	8	6 24 38 53 120 133 141 231 254 263 362 389 416 451 454 495 517 532 541 556 560 566 590 691 698 721 791 792 800 835 871 886 909 967 972 992 993 
51	18	26	4	15 18 23 45 58 64 67 89 106 198 199 282 333 391 423 452 453 570 585 587 627 632 635 638 641 717 730 818 836 843 849 894 908 917 923 945 991 
52	4	22	4	36 56 97 155 186 209 210 270 371 373 437 481 545 571 581 601 617 652 669 709 729 759 769 848 909 935 963 
53	16	38	1	15 71 85 127 210 234 239 244 245 282 296 326 378 405 434 463 467 481 533 550 575 631 652 656 688 727 748 776 846 880 966 983 996 
54	7	36	1	28 74 87 92 100 125 161 166 297 312 330 338 372 387 502 586 639 654 661 667 729 739 744 766 796 868 932 948 952 967 974 
55	16	48	4	102 103 122 153 161 183 215 217 235 238 301 354 357 365 405 425 431 435 441 445 454 493 528 538 578 602 604 610 648 663 720 728 767 770 777 813 868 871 873 878 896 948 983 
56	9	34	6	8 19 96 231 252 284 285 301 303 351 352 375 403 405 439 491 517 544 554 577 580 598 639 646 672 775 779 785 806 823 844 857 947 963 971 
57	17	4	7	26 49 59 68 118 303 327 340 346 381 414 456 505 541 589 593 615 626 714 810 811 819 879 892 903 943 952 964 
58	12	12	1	4 30 57 60 86 204 272 304 325 332 358 376 406 412 475 577 599 647 666 690 693 735 757 844 894 911 915 949 995 
59	16	28	8	40 187 240 264 274 303 382 410 434 455 508 528 554 570 642 657 676 695 740 760 782 799 873 874 882 896 973 
60	16	45	7	6 38 48 54 60 76 134 139 159 162 192 203 236 292 295 326 356 360 370 445 489 492 526 608 684 690 706 751 766 813 821 826 847 858 871 883 897 922 940 977 
61	9	34	5	16 71 88 124 182 192 201 202 218 232 243 266 291 302 308 317 355 430 469 473 497 533 536 579 634 638 671 691 728 759 762 774 781 786 810 815 816 934 968 990 
62	20	50	3	12 18 48 50 72 93 148 149 173 267 278 288 313 317 322 361 410 467 516 564 572 670 699 730 739 769 780 801 825 838 853 875 909 933 937 965 987 
63	12	6	6	28 44 104 105 127 198 212 222 249 382 384 386 396 402 440 459 463 469 505 539 573 603 615 667 674 730 738 744 745 776 793 800 811 827 830 837 842 855 923 966 
64	17	29	3	30 31 34 60 75 82 86 90 118 124 129 141 143 155 172 175 218 227 232 284 293 315 320 340 343 433 457 478 502 530 538 539 575 584 614 655 684 753 772 818 824 828 895 898 924 986 992 
65	14	13	6	2 10 27 46 172 180 184 188 218 219 265 308 336 393 417 422 482 490 499 501 518 542 556 585 647 650 675 677 680 682 724 725 765 778 786 799 802 809 838 840 848 856 866 877 921 929 942 981 
66	9	25	7	94 220 230 234 252 253 283 366 392 452 475 480 507 521 578 609 620 621 639 708 737 749 756 762 778 816 842 853 893 928 932 988 
67	4	44	1	138 141 160 203 219 228 232 246 300 344 371 385 388 410 423 429 454 485 527 540 585 614 637 648 664 665 680 715 733 793 800 817 856 909 960 982 
68	12	1	2	37 67 153 165 197 210 247 256 287 289 298 305 330 470 484 564 574 609 624 655 747 788 830 877 886 901 907 961 979 
69	9	21	4	9 19 26 41 44 76 79 84 126 129 166 181 221 271 349 356 368 409 470 474 497 498 503 557 560 572 586 655 703 744 749 793 845 883 901 903 952 978 985 989 999 
70	18	2	1	16 19 112 173 181 184 224 256 263 307 317 446 532 564 579 594 616 662 686 722 731 741 761 853 872 940 
71	3	35	2	46 64 111 177 212 219 245 342 384 392 403 406 407 491 518 593 635 640 658 678 755 803 837 862 875 893 927 954 975 982 
72	7	46	6	30 66 80 91 145 197 211 256 279 280 291 307 324 334 342 344 398 435 555 557 563 566 593 595 640 693 697 717 728 750 762 782 783 865 970 996 
73	17	23	6	3 13 17 18 21 32 78 100 107 139 186 199 203 364 377 378 412 457 485 549 584 604 619 626 671 687 707 753 771 835 910 958 968 
74	20	30	7	65 152 180 214 262 291 294 311 318 355 459 499 509 516 550 570 600 624 634 655 661 666 667 669 677 705 721 731 786 809 830 840 870 875 877 886 912 960 986 
75	19	30	5	12 23 81 89 102 150 156 174 226 233 235 268 284 305 331 353 423 482 525 527 542 563 668 732 757 764 770 822 880 895 905 925 965 
76	19	50	2	14 17 62 73 125 139 206 208 225 291 306 314 319 344 345 358 362 366 369 376 382 387 395 397 435 453 479 512 577 630 634 636 643 648 683 716 748 807 809 859 881 898 973 1000 
77	4	14	8	21 25 79 107 179 202 237 272 340 342 363 369 418 456 459 462 464 484 571 582 602 612 626 666 681 732 768 771 778 829 880 945 954 985 
78	9	28	2	31 57 171 194 222 246 272 275 281 310 352 394 398 408 438 466 509 554 570 588 592 603 613 621 650 651 670 688 730 808 810 841 854 910 933 950 955 
79	9	42	3	23 45 63 139 211 237 286 394 402 408 415 481 488 529 594 623 666 673 706 716 719 720 759 785 813 876 877 882 890 905 976 
80	4	47	5	15 22 55 111 134 179 180 194 198 236 244 257 419 421 425 452 460 464 467 493 499 528 531 537 547 567 583 592 664 670 682 687 721 806 812 851 875 918 937 961 1000 
81	3	27	7	13 21 36 67 74 82 117 151 156 178 188 204 210 312 342 373 402 435 461 467 483 488 510 643 660 692 765 895 970 971 
82	17	15	2	58 69 86 95 144 173 185 189 251 331 336 343 515 524 537 547 555 586 600 604 681 735 742 744 834 858 931 945 956 990 
83	20	6	1	3 36 46 65 72 73 98 133 158 162 167 168 174 223 280 288 356 395 413 453 465 473 483 510 512 516 534 573 580 630 644 645 660 687 711 747 784 811 818 828 835 854 885 891 914 922 925 944 994 
84	13	17	3	103 135 249 266 312 329 370 391 399 418 432 496 509 519 601 607 608 616 642 658 771 779 912 993 
85	9	42	8	27 56 68 78 82 98 151 169 172 249 255 273 287 300 304 313 324 338 361 386 400 436 440 450 522 534 567 610 697 705 852 865 915 919 927 939 944 946 950 963 966 991 
86	13	3	6	37 72 170 274 290 302 321 379 427 458 546 551 588 597 605 649 651 658 683 691 808 824 884 918 925 944 
87	7	21	8	7 8 33 52 111 114 191 212 242 286 294 339 345 350 351 352 364 385 409 415 442 511 515 538 539 540 550 580 596 611 653 679 704 713 764 789 819 842 860 872 876 881 907 1000 
88	7	44	4	70 119 195 265 273 312 336 339 361 388 428 491 513 515 548 591 653 656 673 694 702 715 734 748 753 812 832 850 918 984 
89	12	24	4	28 61 77 112 164 185 219 305 307 308 350 364 367 372 383 396 426 447 455 464 465 526 530 561 630 657 677 695 700 704 710 758 771 772 778 792 833 856 863 913 925 926 938 957 958 994 
90	7	19	5	112 120 140 181 227 234 276 280 313 347 380 407 416 441 498 511 574 576 593 629 680 708 734 767 801 813 823 836 891 947 962 963 970 
91	12	24	5	11 44 50 110 122 133 154 178 242 258 264 298 326 443 446 504 539 559 568 607 631 633 658 760 807 831 849 853 882 889 899 931 949 951 
92	3	33	6	54 71 99 108 143 196 201 225 261 293 304 322 337 341 359 411 415 432 446 455 473 498 502 503 547 660 729 742 833 927 
93	10	27	5	65 84 96 200 286 330 383 428 485 698 736 753 777 938 978 984 996 
94	4	33	7	24 41 50 51 81 116 120 183 245 260 275 315 345 363 385 391 438 439 500 520 524 533 544 546 553 583 597 646 649 674 702 703 712 746 785 839 841 878 880 896 905 949 
95	15	31	7	40 93 97 107 123 137 142 209 223 250 270 276 282 310 331 386 388 395 404 424 440 444 479 530 568 607 633 637 654 686 710 777 789 796 799 848 851 855 862 911 915 929 941 959 
96	19	49	6	20 70 93 154 175 193 266 277 292 318 328 329 356 374 380 389 400 452 453 460 472 495 508 568 618 644 701 714 774 804 821 940 978 980 983 
97	19	20	3	66 83 88 94 134 146 158 165 177 204 281 403 412 437 459 468 495 498 504 526 547 576 619 693 695 700 701 768 774 802 885 900 982 988 
98	20	1	6	14 61 69 90 125 150 163 183 238 250 362 365 451 464 522 532 538 582 596 622 623 664 673 676 686 711 734 770 810 817 851 898 914 916 937 989 994 
99	12	10	7	8 25 58 109 170 175 182 268 367 374 422 472 474 478 555 604 622 628 656 659 672 698 780 781 801 829 832 884 902 938 993 
100	19	10	1	55 59 82 115 120 126 137 169 189 208 227 251 278 306 339 399 535 536 549 562 563 621 646 668 718 755 780 794 826 837 919 943 951 979 988 
