Course	Room	Teacher	Time	Students
1	16	18	1	44 94 101 203 207 223 228 278 306 330 348 357 375 390 393 402 424 439 446 455 458 495 567 574 746 775 805 806 824 826 859 875 944 985 
2	13	16	2	44 66 109 136 137 198 219 248 298 306 381 384 396 424 439 459 489 516 549 586 626 660 661 662 729 767 790 818 835 917 926 930 962 991 
3	16	50	3	28 40 69 73 74 80 113 115 134 167 179 184 186 201 224 254 259 263 310 340 383 416 447 551 606 609 613 684 702 751 779 792 805 812 836 898 913 945 994 995 1000 
4	16	50	4	70 76 132 254 260 292 295 351 354 361 386 424 434 568 645 707 714 847 910 988 
5	15	25	1	21 38 45 55 77 85 109 128 139 160 162 183 221 248 259 269 297 314 350 366 415 461 476 477 507 516 530 543 544 554 571 584 657 675 689 721 732 756 761 763 827 871 884 902 948 
6	5	12	6	2 42 63 66 79 127 200 222 247 274 307 323 373 411 448 481 498 542 562 613 614 631 633 636 665 670 724 772 808 882 895 934 993 
7	15	47	2	57 104 107 169 182 189 193 194 230 244 272 286 288 315 327 398 438 446 456 517 523 532 561 579 638 742 743 756 795 838 973 985 
8	19	7	2	116 130 177 281 305 326 390 407 411 487 501 521 557 569 594 595 641 657 722 737 817 874 888 899 986 988 989 
9	16	1	6	7 8 58 59 61 120 136 190 261 359 362 375 385 391 446 506 570 575 579 587 622 625 683 748 759 779 801 852 886 896 908 912 963 
10	8	34	6	14 28 36 72 118 162 169 179 187 199 234 284 300 324 332 339 344 364 368 396 441 494 497 534 581 597 618 649 666 680 722 746 783 814 818 870 913 932 937 977 
11	16	46	7	6 22 41 58 125 157 166 214 250 254 332 335 336 358 362 412 469 473 499 547 548 590 635 656 671 688 694 725 740 760 762 789 796 799 824 880 923 950 967 
12	16	42	8	9 44 51 63 78 95 123 209 211 218 228 238 239 249 284 355 360 413 437 474 528 589 616 621 622 675 705 725 738 754 770 771 784 851 853 861 898 901 907 909 911 952 
13	19	32	5	57 92 105 118 135 167 192 196 197 226 229 257 258 285 291 298 308 320 334 355 357 376 409 414 440 462 538 553 586 593 605 637 668 685 724 773 775 781 808 825 930 974 978 
14	15	35	8	18 59 70 81 109 119 122 266 285 367 401 406 431 452 464 487 496 522 585 588 626 642 643 655 661 715 764 787 792 852 877 919 950 984 997 
15	14	27	1	102 108 182 249 252 267 280 300 301 303 316 344 368 387 394 397 444 445 468 557 629 630 646 661 700 701 708 709 724 747 753 768 832 992 
16	13	12	3	30 43 60 82 137 138 191 213 235 237 288 290 303 320 332 339 354 390 403 405 418 430 457 485 491 522 548 564 615 632 637 698 700 735 736 741 756 775 776 807 849 865 873 890 
17	13	13	1	26 33 42 82 105 132 148 167 187 188 214 329 370 372 423 443 478 504 519 589 620 649 669 712 720 752 780 793 800 811 883 901 911 912 926 956 957 961 991 
18	15	32	7	3 35 54 91 92 99 128 129 141 181 205 212 264 270 284 311 314 334 347 355 405 481 504 542 549 574 596 603 620 640 700 787 823 839 843 870 908 920 947 956 
19	5	19	8	13 57 64 159 207 220 320 323 377 450 499 521 537 555 572 595 607 629 639 744 749 780 811 818 834 878 939 990 
20	5	2	1	16 19 31 60 75 104 130 174 190 197 224 230 237 253 258 291 307 313 337 386 418 448 552 647 672 676 694 696 726 727 730 733 754 765 846 860 869 895 897 914 923 932 959 
21	19	22	6	37 45 53 117 126 146 209 217 218 235 285 311 312 347 357 369 392 395 449 459 500 517 531 567 599 615 639 692 761 777 799 812 837 840 853 858 867 884 902 951 958 961 980 992 
22	14	20	5	50 63 81 157 162 164 193 225 233 266 279 301 345 371 374 413 442 448 482 515 655 656 679 706 757 784 843 847 905 935 956 980 989 998 
23	1	37	1	88 124 138 144 185 186 196 220 227 231 242 263 324 345 358 388 431 508 536 578 585 631 739 743 769 791 831 861 887 938 995 997 999 
24	5	24	4	6 47 68 133 135 155 180 226 324 326 333 348 419 449 466 485 512 533 574 607 612 625 626 627 663 672 676 709 808 813 818 837 874 888 914 969 
25	20	6	1	6 141 157 210 219 238 302 315 328 380 413 421 456 539 576 597 608 617 624 632 658 703 745 748 764 792 797 834 890 894 942 
26	19	20	8	10 14 20 23 94 99 115 145 154 188 232 241 252 286 325 351 370 419 421 445 466 532 541 562 565 654 659 678 694 710 742 789 821 822 826 886 894 903 935 970 975 
27	14	17	3	26 106 116 139 164 178 185 203 268 281 338 356 368 380 434 463 467 555 558 587 598 710 713 721 733 763 765 806 809 821 823 828 840 892 894 904 960 969 975 981 991 996 
28	14	22	4	14 15 24 42 61 64 98 151 227 274 293 310 359 383 421 435 447 561 567 577 686 699 715 743 785 846 856 866 876 884 919 935 957 
29	1	19	7	96 144 251 312 439 502 553 566 570 600 684 798 831 893 906 910 957 
30	20	49	5	75 79 98 108 210 252 269 302 309 328 378 466 472 485 529 542 547 551 560 584 619 634 642 648 650 674 693 721 729 745 771 776 783 796 801 820 852 909 933 994 
31	1	28	2	33 67 73 83 95 166 258 271 330 342 370 379 388 429 465 512 515 573 608 624 625 675 731 755 757 821 831 854 855 868 869 870 905 910 913 949 951 964 967 982 987 
32	8	11	1	20 37 87 129 172 260 376 378 441 462 526 527 566 600 603 619 635 642 662 665 728 778 809 855 928 941 974 
33	13	30	6	98 102 139 143 150 241 243 260 270 291 294 296 314 376 381 444 464 486 487 488 520 533 564 603 629 790 793 800 802 813 827 835 838 846 876 889 915 919 928 
34	8	28	5	3 4 13 35 40 70 99 107 134 178 184 201 250 262 283 296 385 420 473 503 581 652 661 699 823 885 901 918 925 927 981 
35	1	2	4	25 41 113 127 154 158 165 168 178 187 208 211 212 278 283 329 350 352 369 382 388 412 471 472 473 477 490 509 573 601 604 631 632 634 642 646 666 770 776 786 802 990 
36	2	14	8	1 28 68 97 117 122 126 127 141 149 164 178 184 229 255 262 263 267 311 434 457 513 567 602 647 679 708 720 902 906 929 936 941 969 976 985 989 
37	19	35	4	5 18 35 45 77 108 125 199 220 222 257 263 265 270 298 306 356 358 407 498 516 519 544 546 556 606 608 635 689 803 826 839 840 860 867 880 924 995 
38	13	8	7	5 7 13 68 134 153 188 227 242 282 290 301 307 356 371 399 419 462 529 543 546 563 608 627 648 690 707 715 767 783 819 849 866 897 930 949 998 
39	15	47	4	10 17 39 69 97 110 112 121 131 150 161 170 182 207 236 243 266 289 389 394 433 454 463 467 487 506 539 560 578 593 614 621 640 648 651 690 697 731 794 796 797 814 872 941 954 
40	1	24	6	70 89 153 171 212 232 264 303 313 343 379 394 442 452 501 502 541 586 592 595 677 700 729 750 755 804 805 834 918 920 943 948 973 998 
41	14	33	8	32 45 89 91 111 140 183 198 202 217 222 251 292 317 336 344 394 458 470 471 524 545 559 568 625 644 648 696 758 772 799 813 857 922 945 951 964 992 
42	1	14	3	58 63 72 114 120 121 175 285 317 336 347 377 386 395 414 423 427 438 492 497 525 526 553 580 675 683 764 862 881 922 953 954 966 967 983 
43	20	38	7	31 38 47 97 114 139 146 171 176 279 295 313 333 351 365 384 387 397 425 552 558 578 617 641 693 701 737 820 853 867 1000 
44	8	8	8	21 48 71 104 107 162 182 200 201 216 233 273 274 327 328 331 346 386 409 412 439 494 504 536 564 615 650 656 665 670 704 786 795 798 810 817 864 869 917 971 
45	19	46	1	3 17 25 34 52 84 100 117 156 168 173 200 229 299 311 317 331 371 482 498 518 556 601 602 610 611 616 628 656 680 685 695 702 705 715 735 744 772 774 777 837 844 850 880 896 916 987 
46	3	41	7	15 25 76 109 112 185 219 245 315 322 325 330 359 363 411 422 440 488 636 659 682 683 718 768 873 909 922 936 937 951 995 
47	20	39	2	10 23 36 54 69 103 110 170 175 195 203 224 226 249 251 262 304 328 365 414 437 440 490 581 768 804 816 827 850 857 876 878 889 893 947 975 
48	3	15	5	1 5 28 33 93 106 110 133 145 176 195 208 212 245 381 501 530 559 575 604 615 638 678 711 712 732 742 791 806 833 873 890 993 
49	19	27	3	47 61 67 112 173 190 204 228 279 321 337 345 454 490 535 536 600 671 688 697 703 705 762 766 787 883 942 956 972 978 
50	20	29	6	39 62 73 88 121 149 213 227 233 251 318 319 340 374 399 405 408 435 450 507 515 522 523 529 545 558 566 647 658 690 697 747 842 848 885 903 922 944 962 
51	9	26	1	27 39 71 114 133 206 236 255 333 391 392 406 464 493 502 551 573 623 627 634 667 737 781 782 816 825 836 849 900 904 909 934 939 964 965 970 986 996 
52	3	39	1	8 15 36 103 121 143 145 159 170 192 198 204 211 216 232 273 282 332 342 346 361 385 395 425 509 511 528 538 596 598 671 779 830 936 946 969 975 978 979 
53	20	44	3	89 126 177 188 220 234 286 294 302 307 319 409 452 458 520 543 550 574 576 611 614 640 653 692 722 730 758 778 789 796 798 811 879 895 906 912 955 962 971 
54	14	17	2	143 144 260 292 294 334 352 393 395 405 427 441 506 510 556 584 585 643 664 687 702 714 725 782 807 810 820 845 933 939 980 
55	3	31	3	5 27 48 49 65 94 98 161 181 192 208 264 271 309 316 365 372 381 392 455 470 475 499 507 514 532 591 593 617 649 660 662 680 711 716 720 739 761 801 803 815 841 886 
56	5	11	3	17 49 50 88 96 147 194 241 261 276 374 436 444 451 511 512 531 541 563 612 628 646 654 677 679 771 791 859 863 900 903 918 927 936 982 999 
57	9	29	7	9 40 60 131 137 155 165 174 175 226 230 297 302 338 370 410 429 445 448 457 463 514 557 638 673 717 747 804 822 835 851 918 963 976 
58	9	9	8	4 40 56 105 135 151 152 156 173 287 304 338 428 484 488 495 510 531 554 579 584 695 697 735 743 756 777 790 803 819 828 833 847 856 859 879 938 949 967 968 982 
59	6	48	1	32 46 96 119 125 152 164 239 243 271 310 340 363 420 469 474 505 525 535 691 786 905 927 929 947 966 
60	9	44	2	31 90 100 163 223 234 242 312 331 399 404 426 436 475 562 580 613 650 659 713 727 826 915 924 937 943 990 
61	9	10	3	24 37 54 141 246 272 278 289 391 396 401 429 449 569 619 620 669 687 712 719 734 737 745 753 773 785 839 917 930 938 979 986 990 
62	16	18	2	12 22 42 43 48 50 81 91 93 113 131 218 243 245 269 322 420 460 474 492 503 537 546 555 568 652 672 679 681 719 758 778 787 828 866 911 952 960 972 996 
63	6	16	8	50 65 195 221 236 270 277 316 335 398 465 473 478 500 509 527 591 618 632 636 707 728 747 751 768 794 797 812 842 846 875 891 925 934 977 
64	15	7	3	11 16 41 92 119 123 143 148 197 216 217 249 250 293 325 366 371 387 524 566 621 699 709 724 750 755 759 824 844 851 888 925 928 
65	13	48	5	36 59 87 111 120 148 198 246 254 255 275 294 314 323 336 349 383 426 428 438 441 452 453 460 496 518 572 606 752 848 875 928 
66	6	5	2	19 52 64 87 97 114 124 129 140 256 273 320 356 377 418 423 530 545 558 572 633 691 751 769 819 824 832 856 862 871 872 895 959 965 
67	13	37	8	2 8 17 26 27 87 146 177 225 247 258 265 378 389 462 486 507 540 581 582 587 590 592 596 605 609 681 698 788 800 815 816 836 838 841 900 958 973 
68	3	26	4	22 29 78 79 81 83 95 130 142 149 160 185 216 264 319 321 380 398 437 465 479 480 510 587 655 688 698 749 781 829 835 844 853 929 931 939 959 968 972 984 993 
69	2	36	1	2 12 14 54 64 73 89 110 147 213 275 287 322 435 467 491 496 501 549 568 582 583 612 650 666 687 716 766 771 854 857 868 885 898 955 976 983 
70	2	9	7	21 84 133 186 209 353 382 389 401 484 517 530 534 618 622 623 653 706 736 863 907 914 915 929 981 982 991 
71	20	41	8	76 136 194 204 248 290 369 382 393 402 417 432 436 449 483 493 506 529 534 580 623 657 658 664 667 673 690 701 723 748 762 767 774 776 785 808 848 858 860 924 947 965 
72	6	5	4	16 21 33 85 92 111 118 145 193 387 410 427 430 483 484 494 499 703 713 784 804 815 858 933 943 986 
73	3	45	6	15 29 30 90 122 177 180 257 262 279 304 346 432 475 484 489 571 589 610 664 678 694 708 739 762 786 816 829 843 868 869 892 899 921 942 954 959 964 
74	4	30	2	3 68 75 76 82 101 106 155 180 183 228 257 268 282 290 295 308 337 362 443 453 468 477 542 619 630 653 669 686 732 740 760 773 788 833 844 921 931 944 955 
75	9	36	5	11 16 24 37 56 58 85 100 123 204 247 256 312 339 397 447 520 527 540 544 577 597 603 633 644 647 654 684 727 765 782 794 832 863 871 877 881 912 
76	20	49	4	9 20 46 66 72 91 107 137 147 153 163 176 195 205 217 237 240 327 335 346 349 367 420 443 500 514 518 537 575 594 613 618 681 721 723 736 757 810 825 834 865 879 892 920 948 994 
77	3	31	8	52 72 125 130 142 158 165 168 189 213 223 253 357 397 404 410 424 443 451 503 511 520 533 593 604 666 691 706 719 731 753 773 893 960 988 
78	13	3	4	43 53 60 94 104 120 186 218 256 259 268 284 353 355 415 442 513 570 571 653 704 763 793 805 836 838 842 851 891 897 901 921 925 944 987 
79	16	25	5	6 18 34 39 43 74 95 103 115 128 150 219 253 288 343 369 373 379 380 435 437 444 450 455 461 478 486 492 505 511 535 571 576 610 622 626 645 660 665 681 695 702 703 709 778 802 807 810 862 932 977 983 992 
80	9	10	4	57 62 80 174 179 253 271 272 404 406 438 523 563 589 596 610 639 660 693 728 738 769 823 875 877 887 893 896 963 983 
81	14	33	7	11 44 53 56 116 138 147 151 152 159 169 225 316 327 342 348 408 489 508 540 545 597 634 667 674 704 711 746 754 766 793 829 859 864 879 887 966 
82	5	23	7	12 23 34 71 77 100 108 161 172 280 283 308 341 416 427 460 575 583 595 668 696 698 726 748 759 770 814 881 882 888 899 905 916 935 946 999 
83	8	21	4	1 11 65 84 190 234 241 261 276 288 384 457 534 565 590 591 592 641 644 678 706 710 712 734 744 772 820 827 832 850 940 946 953 997 
84	15	42	6	10 32 102 103 194 202 203 205 214 239 246 275 297 329 334 354 360 388 390 400 422 423 451 455 480 524 526 550 565 582 583 624 766 780 781 861 871 877 890 999 1000 
85	14	38	6	85 93 196 221 248 281 289 295 306 338 341 352 372 476 479 490 512 549 557 559 569 601 604 630 645 651 659 740 865 894 940 979 989 
86	15	1	5	27 66 140 191 205 236 265 277 293 350 353 445 463 470 504 528 562 570 594 616 624 669 670 696 720 740 741 841 867 898 903 915 921 938 942 943 
87	8	13	7	29 48 86 115 117 150 158 170 173 235 261 281 304 323 349 361 391 392 402 403 442 447 453 479 485 497 509 524 555 569 585 599 605 630 662 670 677 692 788 797 801 855 857 862 884 885 955 971 
88	2	21	3	23 221 244 265 267 350 360 400 417 469 519 547 577 583 590 686 723 742 749 774 868 870 889 891 899 926 963 965 987 
89	3	15	2	26 47 51 61 80 105 127 161 174 296 300 310 363 383 400 409 428 430 548 551 554 564 588 631 651 674 680 683 692 701 736 738 765 792 811 822 830 837 863 865 882 946 950 970 993 
90	5	34	2	1 25 30 34 55 79 99 167 222 267 291 303 309 367 375 415 461 476 479 513 531 550 599 667 673 754 864 908 940 948 
91	9	4	6	9 49 157 163 168 191 208 244 245 273 287 305 315 321 322 401 416 453 470 472 478 508 560 641 699 717 725 731 784 845 904 981 
92	2	45	4	90 166 169 172 184 197 215 280 309 325 330 374 379 418 422 538 559 576 588 623 673 730 774 777 817 913 945 974 
93	2	4	2	38 134 146 206 211 232 240 274 276 280 299 317 329 343 348 354 378 408 432 433 434 498 519 538 560 621 627 637 671 710 744 750 812 843 923 
94	8	40	3	12 124 159 176 196 210 215 223 231 296 298 326 363 364 373 375 412 456 474 482 493 539 633 643 644 668 676 717 732 780 795 872 910 916 931 
95	5	23	5	29 181 231 240 242 276 297 321 362 415 421 422 446 451 467 532 552 598 609 657 677 682 689 730 767 831 840 854 874 887 937 960 966 
96	19	6	7	62 67 78 111 136 142 160 202 210 268 272 277 278 287 364 417 454 458 471 472 494 522 535 554 561 565 586 594 602 616 643 663 727 741 830 852 872 904 917 
97	2	43	6	35 41 65 83 129 156 206 215 238 250 331 353 414 426 433 465 505 540 548 552 588 638 705 807 825 828 855 860 878 891 952 968 976 
98	1	3	8	7 19 86 112 175 199 214 269 275 305 308 313 366 372 373 426 440 514 525 544 612 726 745 760 874 932 953 961 972 996 
99	8	40	2	46 74 128 135 172 192 259 266 289 359 454 481 491 526 533 553 592 607 682 685 717 718 752 759 770 803 841 842 897 920 997 
100	2	43	5	30 78 88 101 126 154 206 207 224 230 333 337 344 382 403 425 431 459 517 537 563 600 617 628 646 649 714 716 718 722 728 733 734 760 809 839 845 858 907 919 950 968 984 
