Course	Room	Teacher	Time	Students
1	11	50	1	3 37 47 56 62 65 69 113 122 136 138 181 195 218 236 278 312 323 348 351 353 366 370 381 391 433 464 475 478 490 511 529 562 570 584 614 625 656 658 685 686 713 755 834 836 846 848 860 910 994 
2	12	43	1	12 22 38 48 87 125 128 162 176 179 204 273 293 300 434 450 458 462 500 548 556 558 632 645 675 684 728 788 818 831 879 897 927 929 960 974 987 
3	11	34	3	1 17 19 79 111 129 136 148 199 206 309 346 383 392 395 401 417 419 429 456 459 528 549 551 578 595 750 783 822 856 885 894 906 934 988 
4	12	28	4	44 58 104 128 152 155 204 231 232 278 281 345 391 402 424 430 458 517 585 597 604 607 620 641 761 787 814 828 838 856 858 932 933 949 968 970 971 973 
5	19	44	6	2 34 50 60 62 129 141 163 230 259 269 327 353 367 370 408 414 425 446 449 462 484 496 503 521 588 591 633 709 759 788 901 919 925 952 956 996 
6	11	32	5	3 6 75 77 124 134 139 202 216 241 250 256 267 270 288 291 294 305 317 416 450 503 510 521 526 554 574 576 621 650 681 690 711 727 767 825 832 871 885 887 891 932 956 983 985 987 
7	11	31	7	12 14 213 242 247 260 268 284 290 315 329 412 419 502 512 538 621 651 652 670 794 802 827 831 839 842 949 956 958 
8	11	47	8	8 27 32 47 67 90 107 119 123 194 238 329 338 378 380 381 392 396 421 547 569 593 610 640 671 677 681 702 704 735 738 751 797 800 803 829 831 845 930 940 954 962 966 999 
9	11	50	2	28 54 99 115 140 145 174 184 193 218 279 369 382 385 488 493 512 527 552 561 563 623 697 714 728 731 743 746 747 771 785 806 811 876 881 904 948 953 
10	7	23	1	20 32 43 115 153 187 203 222 247 252 272 310 377 422 466 515 520 544 615 725 756 779 792 823 842 875 893 911 971 977 1000 
11	12	33	5	4 11 13 33 55 88 133 145 182 232 262 309 345 349 370 404 422 445 451 452 453 524 531 563 586 602 674 695 796 800 838 840 851 857 863 914 926 988 
12	4	46	7	6 22 27 44 51 80 87 101 104 125 253 374 377 415 465 467 483 534 600 606 620 661 664 682 684 695 698 752 767 778 824 826 915 937 991 993 
13	11	34	4	29 33 96 98 145 177 283 313 316 326 334 337 400 413 422 440 447 450 490 510 529 569 715 747 749 750 790 819 834 844 882 892 913 918 994 
14	12	33	6	9 15 96 142 153 373 376 404 459 460 509 549 575 619 648 663 666 668 707 713 715 746 751 967 986 988 
15	4	8	4	25 34 42 122 131 191 206 229 336 356 369 372 423 476 505 599 609 650 665 676 684 737 776 789 791 854 874 905 
16	17	20	3	49 74 168 171 214 220 233 301 350 494 526 537 558 560 611 673 678 685 711 768 772 773 787 801 802 814 861 865 882 896 928 942 
17	11	32	6	33 51 55 110 180 202 234 254 291 345 363 411 422 434 498 539 553 568 570 580 586 616 624 651 724 739 765 766 796 799 810 812 817 843 876 896 915 929 963 
18	19	4	8	71 74 147 174 191 199 223 276 313 408 447 458 482 486 503 524 664 782 804 806 836 879 885 893 921 943 949 968 
19	7	5	6	4 11 50 57 81 88 118 125 134 190 193 231 253 275 347 352 379 393 447 451 499 506 523 532 545 587 590 656 679 700 705 723 731 750 764 800 829 841 895 989 993 1000 
20	12	9	7	5 25 35 106 142 154 185 188 283 285 327 328 360 395 403 416 435 504 507 520 523 540 598 633 655 699 700 712 727 733 735 762 785 787 811 846 878 981 
21	17	6	2	21 26 35 38 41 63 86 144 154 157 162 170 188 190 215 240 263 280 287 288 318 324 336 362 415 432 437 438 467 469 479 489 502 537 541 542 550 607 659 755 765 795 835 837 853 922 923 989 
22	7	37	7	21 33 39 66 68 89 139 149 189 274 312 347 348 356 394 426 427 441 459 484 494 576 602 654 665 666 716 757 774 795 814 836 873 881 890 901 903 920 942 979 
23	6	38	2	4 57 64 78 139 146 201 226 238 355 372 390 397 410 412 430 449 481 487 556 598 620 643 653 654 657 701 735 776 796 810 869 882 946 952 969 
24	2	24	3	30 118 127 170 186 192 201 209 224 234 257 317 360 378 413 436 437 441 470 503 562 582 590 596 695 701 726 729 756 796 819 847 867 925 997 
25	4	30	2	18 40 68 110 133 172 207 269 300 333 335 389 441 452 455 519 584 594 601 636 665 673 708 713 754 769 838 889 933 965 977 
26	19	4	1	8 30 31 46 53 149 169 180 215 258 275 283 295 354 355 399 416 488 507 528 537 581 610 671 707 717 740 742 753 830 847 882 908 945 947 963 984 
27	3	45	1	24 71 90 164 209 346 358 403 516 523 538 557 559 631 640 699 703 751 772 813 826 888 898 953 958 
28	3	1	8	11 35 97 116 117 187 226 260 261 279 280 285 303 320 385 453 495 525 585 604 622 626 643 650 680 763 768 772 887 892 897 928 967 
29	17	25	1	10 17 26 93 123 167 253 290 291 340 476 484 494 501 541 554 626 638 649 670 688 696 729 730 766 798 894 899 906 912 918 937 939 944 
30	17	39	7	4 8 53 118 119 137 166 169 236 325 331 407 420 425 436 457 482 524 577 593 605 609 616 659 843 852 876 902 918 926 987 
31	19	44	4	22 52 76 95 117 138 143 169 170 282 296 350 432 452 545 605 646 657 694 700 721 728 755 760 794 804 821 831 889 902 920 937 947 
32	16	35	1	25 34 60 84 96 116 124 142 173 183 186 196 200 244 255 286 393 445 479 585 630 648 650 672 678 682 691 901 922 978 
33	2	35	2	7 51 178 197 236 343 357 419 435 582 612 639 642 655 671 684 685 705 739 741 767 779 813 846 847 883 932 
34	4	16	1	7 18 36 81 114 131 140 144 161 192 227 265 304 326 357 388 443 444 463 517 555 566 574 621 687 689 760 762 770 809 857 883 950 975 
35	6	45	7	37 46 57 62 70 73 75 81 83 91 153 159 168 170 212 235 264 277 299 304 317 349 400 478 515 529 541 564 619 680 708 720 725 744 759 862 884 892 909 910 932 971 975 
36	16	12	3	57 58 73 106 117 133 166 172 235 289 303 320 365 384 403 418 421 446 472 520 536 559 580 589 607 627 707 713 721 727 754 798 811 951 973 989 998 
37	2	36	8	22 41 42 56 102 127 136 165 269 274 282 307 340 374 426 435 446 481 483 510 556 568 583 609 637 645 658 715 745 779 791 821 848 873 888 916 923 979 995 
38	12	28	3	6 11 43 72 102 130 146 147 159 207 213 250 344 371 391 402 423 447 485 486 521 542 566 572 604 633 663 665 746 770 824 857 858 863 868 915 919 963 977 990 999 
39	16	15	8	60 148 157 180 219 251 256 265 281 297 315 344 356 359 399 460 518 575 618 638 673 686 698 703 734 785 805 851 876 886 895 904 912 965 987 
40	14	26	3	90 100 123 131 134 191 248 274 314 330 348 382 432 450 463 491 534 573 586 642 659 732 760 803 807 826 873 975 
41	16	15	7	19 85 97 158 176 223 226 251 254 320 323 336 351 358 376 405 409 442 486 490 492 499 508 543 568 603 718 719 739 745 781 855 860 923 934 936 947 957 976 978 992 996 
42	16	21	6	36 48 95 128 145 181 197 211 214 227 240 257 265 298 308 328 372 409 440 495 511 554 578 622 676 718 738 768 773 792 877 880 985 
43	19	13	2	65 192 216 242 274 292 302 312 319 349 352 375 381 401 408 453 560 569 624 632 634 635 680 712 804 805 817 820 821 849 850 878 906 908 911 996 
44	14	7	8	23 63 98 164 171 183 184 202 273 301 306 319 326 331 371 413 414 429 459 473 475 500 601 614 683 685 689 723 742 770 787 871 881 889 929 933 937 952 
45	16	2	5	1 65 99 113 128 135 178 203 225 233 239 259 337 396 457 467 507 548 565 592 661 671 698 757 761 788 794 839 873 888 890 893 936 940 
46	16	40	2	5 29 59 61 114 132 161 166 195 219 228 244 277 294 305 366 380 383 433 477 483 547 557 559 567 573 647 662 691 744 781 792 793 801 812 825 830 855 920 925 927 938 943 974 
47	3	38	4	3 5 15 23 87 89 108 148 339 421 470 506 507 539 549 655 670 674 703 717 723 730 870 935 939 942 964 976 
48	19	48	5	35 48 58 111 112 114 129 183 339 341 355 400 417 426 561 571 600 608 636 641 659 724 728 733 810 874 880 927 931 957 968 971 986 992 994 
49	4	14	8	1 49 59 111 143 177 200 266 267 287 289 322 339 382 442 449 497 519 591 605 613 617 621 627 670 672 692 708 727 765 792 822 875 903 934 959 969 997 
50	2	26	5	59 60 106 115 181 185 194 199 220 229 316 379 389 413 454 461 483 494 517 575 584 679 706 723 759 771 803 841 848 856 911 921 943 945 951 998 
51	14	29	1	5 16 67 97 112 239 261 268 277 293 363 415 419 468 496 533 560 565 588 597 636 654 662 668 720 759 793 822 889 948 997 
52	6	13	6	13 91 120 207 239 323 344 361 380 415 448 510 514 527 548 552 564 599 626 629 638 678 686 687 711 798 832 839 852 854 858 902 913 924 980 
53	19	30	3	9 125 153 175 196 205 210 221 243 258 261 310 331 351 359 368 454 504 546 574 576 639 641 646 820 842 877 916 926 938 960 966 
54	1	40	8	12 16 21 37 79 92 120 121 161 189 220 237 270 358 402 434 477 489 538 562 572 611 697 724 753 819 828 841 864 931 960 974 980 
55	14	3	5	8 18 53 78 85 105 151 163 245 255 273 276 300 335 348 351 377 378 386 412 589 595 644 663 689 719 744 811 828 935 958 964 972 
56	1	41	5	39 140 177 240 249 260 264 277 332 371 390 418 455 496 542 612 642 662 664 667 668 693 697 701 717 763 799 823 855 933 934 976 990 
57	7	37	8	9 13 83 86 109 112 140 201 214 235 244 246 271 394 409 490 492 513 528 532 552 599 612 644 653 657 666 687 743 775 817 818 861 
58	17	25	6	14 26 47 59 75 108 160 167 182 183 185 209 219 252 279 287 305 316 332 382 395 396 428 436 469 517 535 563 593 606 652 661 689 704 736 758 760 844 853 870 872 875 884 891 903 970 999 
59	1	10	7	10 28 47 131 156 165 210 243 279 282 298 334 364 386 423 432 443 472 475 491 546 615 628 630 647 653 674 679 737 742 812 863 867 897 944 998 
60	7	5	5	2 19 68 72 144 173 179 198 248 306 334 347 350 369 405 408 440 448 460 477 522 532 533 541 551 558 568 570 591 624 627 676 702 709 716 801 824 868 875 949 966 969 
61	12	23	8	50 85 105 176 212 217 249 262 263 290 318 357 383 439 455 461 522 529 553 558 576 579 580 603 608 615 655 695 718 719 720 721 774 906 918 922 
62	14	27	2	2 100 101 107 143 175 186 209 223 245 256 289 301 307 326 329 345 388 398 461 466 596 669 688 710 726 784 816 828 840 848 852 872 919 935 959 
63	17	24	8	52 66 69 126 186 210 283 295 316 332 333 350 354 360 361 365 403 418 444 454 505 506 509 523 594 600 607 633 773 814 843 872 894 927 972 
64	4	8	3	27 53 103 180 188 215 271 280 300 311 322 393 406 411 420 424 428 457 489 499 544 550 571 602 635 677 706 714 725 753 758 763 769 774 797 805 837 845 890 903 
65	3	1	3	31 92 108 113 119 150 165 167 211 254 263 297 354 367 513 588 651 672 718 767 809 810 840 952 984 992 
66	1	18	2	80 106 130 152 156 210 212 217 221 232 233 243 268 272 278 309 311 367 368 429 480 492 495 513 514 555 574 586 614 667 693 696 740 753 780 789 824 833 844 858 900 942 984 1000 
67	4	16	6	37 46 52 71 99 116 179 270 322 336 387 398 442 464 465 470 582 583 603 658 664 675 734 747 777 790 905 944 948 
68	9	14	2	82 83 89 92 127 173 194 205 249 264 313 371 439 456 543 546 565 577 579 583 608 610 648 706 709 729 756 770 786 827 836 860 871 879 880 885 886 905 907 944 955 985 
69	3	46	6	10 58 64 78 112 132 162 217 232 235 241 245 258 284 303 310 313 339 349 397 399 485 519 566 628 660 667 730 743 761 781 802 808 857 869 935 
70	17	6	5	32 41 71 100 110 121 142 149 171 189 213 218 307 324 330 340 356 362 372 387 393 465 512 520 555 580 585 588 618 647 656 678 712 769 782 809 813 821 870 897 947 955 
71	17	9	4	7 115 126 151 158 176 182 184 193 211 215 216 222 224 306 335 361 366 373 379 457 469 471 528 584 617 710 726 757 778 803 807 820 827 845 855 880 893 
72	2	21	4	55 78 93 102 159 160 163 197 208 230 243 248 303 321 333 343 439 487 498 499 525 531 538 591 594 644 672 690 704 793 853 862 864 898 941 
73	7	31	2	49 105 117 150 211 255 267 273 284 299 373 445 465 484 505 548 551 645 711 736 742 748 752 777 778 791 819 826 832 862 898 913 921 940 951 957 
74	16	7	4	63 79 147 261 269 286 291 344 354 365 378 404 416 453 488 500 557 587 627 630 638 691 699 745 783 785 842 886 907 936 986 991 
75	2	36	7	45 61 77 147 174 203 208 231 257 266 276 288 293 363 388 399 463 473 485 556 572 626 641 660 683 686 706 729 751 784 823 847 856 868 
76	9	19	5	7 29 30 70 87 98 164 172 208 219 226 282 346 398 401 421 428 431 433 470 473 530 543 550 573 583 587 604 725 731 748 766 793 833 854 899 912 938 995 
77	6	48	8	26 28 29 40 76 103 108 124 130 137 144 156 178 190 195 198 227 253 286 308 314 330 342 346 386 407 443 471 472 566 590 624 696 744 761 788 798 830 854 917 973 981 982 991 
78	7	47	3	13 52 55 157 160 236 242 290 328 353 364 379 468 469 493 502 506 547 557 579 666 675 735 747 776 839 859 866 900 917 950 959 
79	1	27	1	19 40 74 126 127 148 212 259 285 314 315 325 328 360 368 397 427 467 508 530 571 637 660 690 714 715 739 741 802 820 849 852 862 871 890 972 973 
80	9	17	7	17 20 54 132 135 192 217 270 272 338 343 390 398 424 448 464 474 487 498 501 505 522 535 552 575 581 623 637 643 673 694 736 764 771 783 816 895 905 924 943 951 
81	9	18	1	23 28 39 63 102 224 246 317 327 342 374 385 473 502 513 518 531 539 553 561 618 657 733 746 748 804 807 825 829 850 853 866 874 884 930 962 993 
82	14	19	6	16 21 68 72 135 178 189 260 266 297 302 306 311 315 355 357 456 471 478 530 540 543 595 610 613 635 719 732 757 762 780 805 846 850 864 868 881 894 909 914 926 931 938 946 969 978 981 
83	6	49	1	61 75 92 101 111 121 163 175 220 221 229 296 319 332 405 409 423 430 461 480 487 527 578 589 593 599 601 677 681 737 752 768 777 794 851 859 946 980 
84	12	43	2	24 31 44 74 93 95 116 149 187 246 262 298 321 325 331 376 377 406 418 444 474 526 553 613 622 646 861 877 884 939 960 
85	9	3	3	24 38 64 120 138 266 288 292 302 334 366 474 600 630 690 703 704 705 709 782 795 833 835 841 962 964 970 
86	14	2	7	3 41 56 76 96 122 124 136 308 384 389 396 433 434 582 592 597 617 631 675 724 741 749 765 780 797 806 835 859 907 908 917 921 929 
87	6	22	3	20 39 137 141 182 193 225 228 324 341 352 394 438 479 482 495 539 563 564 594 618 620 649 669 710 730 815 844 849 883 887 908 914 945 958 965 972 
88	2	12	6	67 123 133 143 155 161 177 206 256 271 281 417 435 480 508 534 537 559 571 611 649 699 722 754 755 786 795 866 879 887 900 964 976 
89	14	41	4	14 17 45 77 194 285 319 363 364 375 392 565 589 608 625 629 648 654 656 660 667 731 734 740 775 786 813 822 835 866 919 955 982 988 993 
90	1	10	4	20 94 100 107 109 141 162 196 213 230 287 307 310 338 352 384 411 466 491 581 613 622 642 669 702 722 799 800 840 850 861 899 953 961 963 995 
91	6	22	5	9 15 34 152 200 204 227 228 237 254 284 368 385 394 442 464 466 468 482 493 497 515 544 567 631 643 692 722 775 817 865 869 
92	2	39	1	159 165 225 250 280 302 318 335 337 361 373 375 386 436 441 477 509 525 534 536 577 616 694 700 701 773 789 815 895 920 983 
93	9	17	8	2 38 45 51 72 99 134 146 152 158 172 234 294 342 384 388 390 411 451 478 480 554 596 628 639 646 647 676 682 748 783 784 815 816 837 865 896 936 946 961 977 992 
94	4	42	5	61 84 160 166 191 214 238 247 275 281 314 321 327 438 492 518 564 579 598 606 625 688 736 741 784 789 818 837 878 916 930 941 950 978 979 
95	7	20	4	36 49 82 105 187 195 198 223 242 295 311 322 340 359 448 455 485 489 512 514 542 555 562 567 602 640 649 651 662 692 705 752 797 806 808 900 910 931 967 979 
96	9	11	6	43 54 70 82 94 97 154 237 251 286 329 330 333 405 406 407 410 412 437 439 454 486 504 525 546 581 598 612 614 615 632 634 683 694 712 745 830 867 928 990 994 998 
97	6	11	4	69 80 90 130 146 150 167 175 246 247 268 292 301 380 425 438 444 451 456 474 530 533 577 578 592 595 601 619 683 733 823 851 869 877 888 891 909 950 989 
98	1	29	3	15 42 56 86 88 94 104 109 185 218 231 241 252 275 295 343 362 410 414 431 501 511 516 545 623 652 693 697 716 749 764 779 808 832 983 
99	1	42	6	42 151 203 222 249 272 296 309 341 389 427 431 475 497 500 531 550 560 561 636 645 682 772 791 859 860 910 930 940 941 953 955 962 
100	9	49	4	12 40 48 66 70 84 110 305 358 387 420 431 462 516 526 536 540 547 572 603 611 634 639 663 698 720 732 758 771 777 833 849 896 904 911 924 925 954 
