Course	Room	Teacher	Time	Students
1	15	39	1	7 41 46 92 133 200 233 250 312 314 333 340 364 382 449 491 506 561 603 610 611 627 634 646 661 753 797 819 853 861 870 882 909 979 989 994 
2	12	5	1	25 52 97 114 115 118 128 136 158 203 259 298 327 335 373 395 401 453 504 520 529 542 563 569 635 666 687 718 748 774 808 844 898 929 
3	19	3	6	19 26 27 49 70 99 202 213 220 231 246 262 285 299 377 381 383 440 445 459 484 487 506 508 517 556 562 567 608 613 677 701 723 730 742 857 865 870 875 907 915 958 
4	15	5	3	54 95 119 142 152 166 168 182 204 226 249 281 382 411 412 424 490 500 522 532 542 557 597 614 639 676 697 719 724 747 757 760 772 855 870 885 921 926 946 973 
5	15	33	4	153 233 244 259 295 298 302 351 403 446 451 454 474 476 481 484 578 622 636 645 648 697 730 734 744 820 869 881 896 944 
6	18	40	1	35 61 78 82 87 123 199 262 270 280 306 339 349 368 399 454 458 487 498 515 528 546 556 559 579 585 639 654 683 710 728 761 810 961 
7	5	19	5	3 56 61 82 85 105 149 151 179 185 211 229 292 293 324 345 357 379 401 402 501 581 593 610 622 659 672 731 742 781 791 851 863 929 995 
8	12	11	5	71 74 91 96 114 180 210 228 232 268 317 320 323 325 339 354 426 431 443 465 481 490 529 534 599 603 608 673 697 698 699 712 732 759 770 807 894 909 945 956 973 
9	15	43	7	77 118 154 190 196 208 210 244 310 312 314 373 405 415 428 617 625 674 718 733 810 812 848 900 933 951 957 970 985 
10	4	46	4	4 67 98 100 113 185 260 274 291 384 400 429 437 525 551 559 611 666 704 788 802 830 969 986 
11	12	28	8	6 18 29 35 36 70 115 141 168 206 207 210 252 262 298 330 381 407 446 450 485 512 526 538 585 651 670 676 735 746 754 777 778 779 830 867 880 889 899 908 996 
12	12	31	2	1 62 124 170 173 193 269 276 307 412 430 459 464 473 478 514 518 555 618 631 632 659 680 712 729 738 745 780 793 795 807 816 827 833 883 925 969 972 
13	18	14	2	36 65 66 87 115 119 159 162 169 188 205 211 218 233 286 347 361 402 414 415 420 429 447 539 548 645 657 685 690 691 713 792 840 842 862 871 894 900 913 921 943 948 979 
14	18	48	5	75 89 107 129 141 164 203 251 262 278 316 352 376 410 496 499 569 640 722 747 764 835 841 858 916 960 985 992 996 
15	15	11	6	7 20 30 36 58 115 130 151 160 179 200 219 258 295 309 332 364 370 398 408 409 423 453 473 481 521 524 537 545 620 624 632 645 652 676 689 699 704 732 813 828 864 887 897 919 935 961 968 978 988 993 
16	12	4	7	98 181 188 189 204 224 231 237 280 307 309 323 342 363 384 433 463 480 521 527 559 588 633 667 686 702 752 754 785 787 801 809 827 849 858 871 878 922 925 927 979 981 
17	7	1	1	6 57 191 198 205 206 242 245 257 277 304 325 332 337 344 367 408 429 447 493 524 562 614 618 645 681 685 746 759 779 790 891 902 924 992 1000 
18	12	31	4	1 36 58 64 72 92 112 123 157 198 213 256 319 320 330 349 352 353 361 432 464 490 519 530 560 569 586 607 624 634 649 658 692 708 713 766 775 790 827 832 917 943 946 959 972 975 976 998 
19	18	44	3	14 40 78 124 134 181 184 187 199 224 254 270 273 287 299 346 351 388 397 444 492 537 623 634 644 647 650 665 667 720 771 848 858 863 914 958 962 
20	4	17	1	24 32 91 117 214 243 255 317 425 441 451 496 564 587 591 598 608 615 664 667 679 691 700 792 813 834 840 864 867 875 885 910 927 928 977 
21	11	20	3	27 34 46 69 108 116 155 265 267 268 289 293 297 341 357 374 384 398 404 417 420 430 460 467 468 473 476 529 536 558 591 672 745 756 763 802 877 923 928 981 987 989 991 
22	11	29	5	18 29 65 76 102 153 206 258 276 315 322 329 332 371 374 421 468 504 506 525 533 556 633 641 677 694 777 783 803 804 805 854 856 908 935 947 976 
23	15	40	5	32 38 63 78 131 139 168 240 241 279 300 347 361 403 407 408 427 449 482 508 541 555 560 605 689 696 702 704 751 765 797 811 826 852 857 893 941 954 959 970 991 
24	4	17	7	89 112 126 132 180 221 272 278 311 325 368 369 410 500 561 571 574 650 740 758 775 816 828 904 966 986 
25	19	3	3	121 140 162 167 193 198 217 251 418 456 550 566 573 619 651 741 749 791 856 966 
26	7	15	3	5 55 59 88 122 127 145 153 161 242 271 294 385 423 433 454 475 485 486 511 589 613 629 630 664 687 703 744 780 784 817 844 853 897 992 
27	19	49	5	19 90 175 212 318 338 365 375 383 396 424 566 568 598 682 730 767 771 814 838 912 924 928 963 971 
28	15	39	2	20 48 77 80 92 128 197 266 287 302 314 320 328 389 395 462 510 512 609 627 642 653 682 814 836 870 893 905 916 935 987 
29	18	30	7	12 28 73 104 105 113 133 238 301 344 359 385 396 399 412 469 478 518 522 543 547 555 564 572 601 654 666 687 721 792 799 802 822 855 860 861 862 873 882 911 968 980 1000 
30	11	8	7	61 92 138 157 183 236 239 248 283 313 332 357 387 400 424 430 431 468 484 607 623 676 707 771 774 798 818 835 886 906 916 919 928 953 974 983 
31	7	6	8	63 64 69 71 96 103 109 112 120 135 172 180 188 193 194 208 233 238 242 247 249 306 328 335 351 358 372 379 385 399 414 438 449 455 498 547 590 628 629 686 698 728 774 834 884 936 958 967 977 985 999 
32	18	44	4	2 24 27 35 37 44 51 52 93 111 132 143 165 199 261 264 267 282 311 368 391 420 439 498 507 508 527 538 547 621 639 643 696 735 816 826 851 865 892 920 932 963 985 
33	18	48	8	22 44 54 83 93 95 99 143 167 199 345 350 362 436 487 509 535 548 571 610 613 649 696 713 721 733 737 741 747 788 857 860 873 903 944 982 993 
34	8	50	4	10 60 84 160 197 201 229 246 342 343 363 392 394 445 502 503 518 532 540 552 583 618 677 751 753 772 782 818 828 831 838 871 900 926 939 952 
35	8	7	1	48 79 88 101 120 232 283 378 482 489 604 607 640 777 849 895 899 911 913 926 997 
36	1	49	2	9 10 102 105 125 140 141 217 219 242 269 273 290 341 342 431 440 461 480 505 542 664 696 725 778 804 837 923 955 
37	5	46	1	42 58 77 85 95 109 124 142 160 175 219 224 231 238 264 269 299 322 362 383 519 641 657 714 721 763 803 825 847 877 888 925 967 993 
38	8	26	2	19 28 53 57 76 81 103 116 151 183 185 187 194 206 223 264 267 338 384 391 471 474 479 485 523 531 551 600 610 630 663 675 704 705 747 763 768 825 922 971 980 994 
39	9	22	3	15 32 74 94 154 207 212 215 285 350 371 394 509 534 554 565 570 599 616 618 662 674 675 831 894 904 906 907 941 952 953 984 988 
40	6	38	6	13 16 23 54 76 80 90 91 129 170 195 254 256 266 300 321 355 376 405 422 492 574 605 631 653 672 774 793 837 840 994 996 
41	9	24	2	31 47 49 63 68 94 97 117 131 255 263 277 285 331 367 378 407 438 521 536 595 621 654 658 669 700 707 731 734 736 860 881 887 898 909 937 942 963 993 
42	11	28	1	33 55 70 105 116 178 217 221 227 308 310 345 391 421 443 494 507 536 550 574 576 580 584 659 705 709 796 801 845 878 894 907 962 
43	8	21	6	35 43 73 122 156 166 196 208 252 310 324 345 348 382 387 402 451 542 543 593 594 656 737 759 841 842 881 883 911 918 931 944 955 999 
44	9	16	6	1 9 10 21 57 77 78 109 127 164 193 247 303 315 354 358 359 386 393 442 455 466 491 512 531 535 543 578 598 635 662 681 703 707 729 794 798 809 815 824 866 889 959 964 1000 
45	8	21	7	1 5 74 130 139 151 158 223 258 260 265 282 296 302 346 366 377 386 397 429 438 492 502 515 524 554 584 587 647 653 710 734 737 786 829 853 908 939 941 
46	5	23	2	25 101 137 154 178 216 246 253 315 359 385 390 405 436 498 563 565 573 655 709 720 726 785 820 834 835 854 868 933 940 950 990 
47	6	12	8	42 76 107 137 152 169 174 220 230 354 395 458 459 523 525 577 601 638 700 706 738 740 762 768 786 815 817 818 825 959 974 976 
48	19	12	2	54 59 71 149 155 161 176 279 293 299 322 357 360 370 418 449 450 457 493 516 557 567 570 678 694 703 727 759 800 819 875 938 983 
49	8	9	5	46 52 93 98 125 148 157 181 281 284 380 392 478 511 573 601 613 614 619 623 626 695 708 755 794 823 832 836 839 859 875 910 915 936 
50	7	6	5	9 26 43 55 73 130 144 200 207 275 288 330 333 417 435 440 445 446 454 456 469 606 617 647 780 789 861 879 890 905 939 958 
51	7	8	2	45 138 145 146 150 174 209 213 214 257 274 295 309 386 401 426 497 500 605 724 746 754 772 845 917 936 986 999 
52	9	18	4	20 86 127 192 202 221 281 336 398 421 460 473 533 563 600 625 638 727 731 754 763 765 787 793 807 824 852 903 919 
53	11	20	4	9 34 107 120 131 163 169 172 176 231 250 255 272 290 305 365 371 407 415 444 520 521 528 576 606 619 627 633 681 710 769 797 825 850 907 927 929 933 977 999 
54	9	42	7	13 16 34 46 82 111 152 263 289 355 361 460 568 590 602 604 619 620 622 624 745 753 767 783 836 866 934 973 
55	7	15	4	6 17 18 156 170 181 190 195 208 230 243 265 266 348 418 423 434 438 455 472 495 517 522 553 603 616 626 630 660 721 761 783 800 806 812 880 902 923 
56	8	24	8	38 49 66 111 119 190 216 225 235 248 261 289 292 308 316 323 324 343 359 374 398 411 423 428 550 575 579 581 637 643 665 748 750 765 781 819 846 914 970 984 
57	13	2	5	37 39 59 72 81 95 177 197 227 239 256 301 364 388 409 447 459 463 485 549 562 577 587 615 662 715 739 773 775 816 817 873 887 901 902 914 938 977 
58	13	25	3	4 8 29 30 48 56 106 123 139 143 170 179 185 329 378 379 396 409 413 458 480 513 518 587 638 642 657 686 701 722 773 843 869 912 924 937 942 948 978 997 1000 
59	14	34	7	3 17 20 79 110 123 125 146 177 182 246 259 284 319 364 390 393 426 464 479 494 513 516 523 636 649 716 723 830 843 846 850 854 865 890 903 971 
60	1	10	7	2 26 32 45 67 136 143 167 226 247 251 288 408 409 435 441 486 504 656 692 693 711 725 776 839 864 868 923 965 975 991 
61	12	33	3	42 45 49 66 81 101 137 144 149 173 191 222 230 247 276 277 278 310 319 322 434 436 439 451 493 499 519 549 556 604 611 622 714 789 864 867 886 891 893 
62	11	50	6	84 147 221 236 251 293 294 313 326 334 392 394 395 418 424 432 469 476 530 541 575 604 671 680 706 752 753 760 808 821 849 941 949 965 
63	2	23	7	60 62 68 102 129 165 202 327 351 416 570 651 683 689 691 714 732 743 744 755 762 913 962 
64	19	38	4	7 106 159 180 218 253 276 303 306 328 367 388 397 406 419 442 487 489 516 546 575 582 620 646 709 739 764 781 844 848 856 872 905 922 964 995 
65	14	32	3	21 75 117 138 171 209 240 305 321 343 365 369 461 464 510 526 531 540 579 583 585 661 695 710 731 735 742 758 765 783 798 801 826 841 876 888 899 902 910 931 940 947 963 982 
66	15	43	8	7 21 41 56 79 121 133 144 146 163 165 211 219 229 240 253 287 331 339 341 369 390 426 452 467 515 536 668 797 820 836 838 848 872 874 898 916 930 952 969 971 979 995 
67	4	41	5	11 33 51 62 80 83 99 108 112 183 257 297 327 337 353 367 428 433 462 502 527 545 554 567 634 652 679 690 757 776 819 876 921 951 965 978 
68	5	41	7	15 23 29 39 50 58 71 142 145 166 176 225 334 350 375 401 404 472 482 499 514 605 629 724 738 791 803 821 824 880 884 926 954 972 
69	6	10	3	31 100 147 213 235 237 250 275 314 316 333 334 344 375 402 405 609 620 627 652 670 673 679 688 715 734 737 809 882 890 892 896 930 970 
70	13	2	7	27 33 38 140 216 241 245 308 331 336 349 356 444 450 452 475 507 541 560 583 585 592 632 665 682 715 730 764 766 769 790 833 847 867 895 909 918 940 947 949 
71	7	7	7	69 91 141 153 159 173 191 249 328 338 358 360 378 381 517 545 553 578 582 595 597 626 671 688 697 701 717 805 874 879 901 921 938 948 960 989 
72	14	27	6	22 108 135 161 194 209 272 337 346 374 416 428 470 474 503 528 544 546 606 611 617 637 686 714 756 762 785 788 802 933 936 984 
73	7	22	6	8 50 94 110 136 186 237 243 288 289 329 331 335 389 412 415 420 425 431 462 483 496 525 560 569 582 655 658 741 748 749 757 761 764 771 779 792 806 820 872 934 950 960 980 
74	11	29	2	2 4 8 16 41 52 82 126 189 232 252 283 284 297 301 335 373 417 419 508 534 561 562 581 636 660 670 689 723 743 752 812 863 876 918 934 956 982 998 
75	11	4	8	37 106 129 134 148 149 156 215 260 268 281 291 302 317 370 376 406 437 544 552 553 561 586 674 720 791 796 804 843 858 869 887 888 932 
76	9	42	5	15 40 42 45 47 87 128 186 260 282 308 355 366 406 416 471 492 509 515 570 572 583 600 648 713 717 724 726 758 799 808 845 904 955 967 982 997 
77	19	19	8	28 47 114 182 195 201 202 204 214 222 241 254 271 300 305 312 320 326 337 355 404 427 453 456 466 539 573 624 633 642 644 654 669 716 749 757 795 829 833 854 877 896 905 964 983 
78	13	16	1	26 28 53 65 83 113 135 187 220 235 236 253 261 295 336 341 419 442 448 477 486 488 538 566 571 597 612 632 644 647 650 692 719 739 743 786 800 817 822 823 865 866 938 945 951 981 998 
79	14	9	1	3 69 75 89 126 139 145 156 159 162 171 179 196 212 223 226 248 265 278 304 318 343 380 434 452 463 480 497 558 575 703 738 749 773 775 776 841 856 871 873 893 917 950 953 
80	6	32	7	25 43 75 101 124 186 234 274 347 413 453 465 466 505 532 594 596 630 648 684 690 699 728 750 778 831 892 955 
81	12	14	6	3 11 14 24 41 53 66 86 102 144 178 205 227 228 292 327 333 347 363 434 437 441 463 477 538 547 565 577 596 660 661 682 693 709 719 735 740 782 787 832 859 861 874 903 912 920 937 956 974 
82	9	18	8	11 23 25 31 60 86 104 122 125 155 171 187 203 212 218 270 382 389 439 457 469 481 505 514 520 545 596 609 612 625 688 725 769 807 808 910 943 
83	14	36	5	4 104 135 154 162 174 243 307 311 356 387 479 500 544 551 552 557 628 646 656 663 665 685 796 886 895 931 990 
84	13	13	2	15 24 107 110 111 171 235 239 241 303 306 326 376 380 416 456 483 501 503 510 592 603 716 741 770 776 794 796 806 813 821 878 908 968 
85	13	34	6	2 62 67 106 118 119 128 132 140 184 189 191 207 222 232 342 353 366 406 414 430 435 443 475 494 495 516 523 557 589 718 725 743 770 790 800 823 847 869 896 901 945 957 973 990 
86	8	30	3	39 51 57 70 96 97 146 150 176 225 238 255 301 324 348 349 356 392 393 452 489 501 548 553 563 572 588 602 635 668 669 678 699 708 752 769 794 813 829 833 837 838 898 972 986 
87	14	27	4	8 11 14 134 138 147 184 211 245 248 252 300 344 387 389 433 468 470 483 491 548 550 554 590 594 641 674 680 884 889 931 954 989 991 
88	14	47	2	74 90 118 136 148 167 195 201 249 275 296 321 340 354 394 482 488 537 546 591 597 599 656 671 673 683 758 850 891 924 978 992 
89	6	45	4	19 40 53 109 173 271 273 275 294 410 422 461 467 509 513 601 637 667 684 687 729 748 750 839 846 876 915 940 942 961 966 988 
90	6	45	1	22 44 68 100 177 197 204 230 234 274 288 326 467 596 684 694 733 772 824 829 831 859 874 890 968 987 996 
91	18	1	6	47 56 61 87 88 163 190 215 226 267 283 296 325 365 372 436 448 472 533 540 559 580 586 602 705 766 789 827 839 844 852 884 892 929 966 967 995 
92	13	36	8	157 158 164 217 227 236 244 257 263 280 286 307 313 393 396 425 471 489 496 539 576 589 616 658 661 675 691 694 712 736 780 782 784 805 814 847 897 913 920 939 946 950 951 954 980 
93	19	47	7	21 31 37 83 85 88 121 220 254 298 348 411 421 425 445 488 526 533 579 628 644 698 719 726 760 768 795 811 834 842 857 
94	6	37	2	17 30 51 120 152 215 291 316 329 334 346 377 403 411 444 476 506 529 549 588 614 615 767 801 822 823 879 886 897 919 949 957 960 965 
95	13	25	4	116 121 130 158 224 279 304 318 373 413 478 488 497 564 591 593 599 640 664 672 678 726 767 773 778 799 883 885 888 904 949 957 984 994 
96	4	35	2	40 72 73 84 108 184 229 250 352 427 448 477 491 494 519 520 558 582 593 608 612 668 711 755 788 815 846 866 906 930 947 
97	9	26	1	13 80 90 148 285 309 360 372 427 432 437 460 483 513 555 568 592 595 600 625 631 643 651 662 706 784 814 860 883 901 915 944 974 990 
98	6	13	5	14 16 79 103 122 172 189 192 286 303 305 319 340 360 362 399 422 470 493 528 535 595 602 649 666 668 693 701 729 810 818 872 882 889 899 962 969 987 
99	19	37	1	5 12 64 94 132 228 282 311 400 404 465 495 512 537 552 567 588 617 652 663 669 702 717 727 736 751 756 768 782 785 793 799 806 826 932 975 
100	14	35	8	10 12 33 59 97 113 161 175 177 234 272 279 432 447 461 486 504 531 549 580 623 636 646 683 685 692 707 809 810 851 862 868 881 900 922 925 981 
