Course	Room	Teacher	Time	Students
1	3	40	1	55 60 137 143 151 214 216 285 332 356 358 434 452 461 479 488 571 614 619 656 676 711 715 732 759 805 855 856 907 935 961 
2	1	32	1	17 42 44 71 101 128 135 153 197 210 226 333 343 396 401 431 449 453 474 502 504 561 602 616 828 837 876 927 945 958 997 
3	9	1	5	7 15 27 57 62 93 95 130 174 196 218 227 247 271 292 308 374 407 492 502 562 592 631 634 640 686 696 702 722 765 766 784 794 811 853 879 882 912 960 
4	1	11	3	7 79 132 141 157 198 200 224 233 239 252 275 319 329 384 424 427 439 443 498 499 511 528 536 553 648 669 684 705 722 734 776 778 784 853 915 960 978 
5	18	9	4	141 166 167 171 188 216 225 251 270 338 349 350 356 367 397 460 465 502 533 539 559 598 608 681 687 713 715 718 747 763 774 797 814 822 872 883 913 967 984 
6	7	1	8	18 41 79 157 287 337 485 515 517 596 675 756 774 812 824 878 894 925 926 935 957 963 965 972 
7	4	19	1	11 39 49 80 171 208 218 255 312 338 344 357 374 442 448 476 521 545 579 615 636 637 646 654 657 669 744 749 784 785 806 810 878 916 957 971 
8	3	4	4	15 31 88 96 132 161 165 183 195 219 298 329 353 371 387 439 450 452 507 514 541 558 560 585 628 633 661 719 734 741 745 817 926 961 
9	9	22	8	64 86 113 299 353 368 386 392 439 529 548 664 683 687 732 755 787 821 832 850 873 897 911 947 951 979 983 984 
10	18	25	1	27 59 89 122 152 183 188 205 291 310 337 366 422 468 493 506 527 534 542 567 584 595 597 634 661 712 714 751 772 895 942 946 986 
11	1	36	5	78 134 168 177 191 197 255 331 362 462 475 504 546 565 583 584 593 603 613 630 659 668 678 707 750 754 788 819 829 881 911 920 934 961 975 987 
12	3	50	8	12 33 63 96 105 164 169 200 211 237 265 281 295 297 324 399 400 409 416 463 466 467 576 585 587 624 654 701 727 735 785 826 892 912 919 987 
13	18	30	5	10 17 50 90 137 163 187 220 236 253 268 298 303 307 311 352 398 486 518 576 577 615 620 669 780 793 797 827 845 865 871 941 942 
14	4	28	5	11 35 66 68 72 113 146 244 302 373 389 390 414 445 457 483 500 553 570 606 607 610 768 791 850 864 869 877 924 944 
15	10	4	3	10 36 113 128 154 170 189 214 221 235 260 273 305 323 325 344 388 415 433 491 494 497 547 636 672 706 730 737 746 770 809 837 847 931 941 
16	18	21	6	29 38 64 73 81 108 121 123 135 166 235 238 239 245 257 262 264 331 337 342 347 359 372 460 484 521 568 573 629 650 666 670 680 690 699 748 774 775 779 834 876 899 947 976 998 
17	1	45	8	39 46 154 158 224 226 238 249 254 267 315 355 434 461 481 507 562 600 606 660 672 790 822 827 849 854 883 918 927 930 934 948 953 
18	5	7	4	1 16 28 32 49 81 140 226 243 264 295 326 346 354 401 490 495 524 571 580 583 590 601 629 636 642 643 721 766 783 786 794 809 847 857 873 918 933 958 979 987 
19	3	23	5	5 13 112 117 149 159 170 198 230 232 284 289 397 411 439 459 545 564 596 632 731 742 748 764 803 832 875 901 937 
20	18	41	7	12 52 84 98 99 179 275 281 317 326 343 359 376 398 409 420 434 435 464 469 555 560 569 586 621 631 641 642 649 661 671 699 751 853 858 882 911 974 
21	5	5	1	21 50 53 99 130 139 155 166 211 228 342 385 405 426 470 487 498 565 660 682 731 733 773 799 803 815 824 844 851 858 865 889 905 910 944 956 988 
22	6	33	4	53 87 91 105 118 138 160 223 235 244 250 256 274 308 320 340 347 440 444 459 501 535 566 655 683 692 733 777 805 819 825 956 991 
23	5	6	6	16 36 45 46 59 67 96 101 133 140 144 148 167 177 178 193 195 223 279 340 379 395 396 466 526 531 555 563 589 615 700 736 769 801 855 860 883 914 928 962 995 
24	10	47	5	23 38 49 92 138 155 214 254 305 323 394 396 446 490 503 508 547 573 621 625 636 641 649 652 723 736 741 760 762 769 847 863 867 876 947 949 
25	3	28	7	17 25 41 61 110 117 158 160 172 178 193 230 238 263 283 336 357 384 416 480 516 549 590 601 622 627 659 663 709 727 773 803 866 938 968 976 983 984 
26	5	13	7	37 56 85 88 97 104 145 208 259 282 332 338 408 459 490 491 525 592 604 605 638 654 660 690 695 700 715 716 725 732 763 806 818 835 839 867 871 893 905 906 981 982 
27	4	23	3	46 71 143 145 158 272 285 287 300 347 361 423 445 446 449 477 538 540 620 696 708 811 816 825 845 866 880 887 925 
28	6	20	7	34 78 83 102 111 137 192 204 206 221 293 314 324 373 425 437 456 476 493 511 514 523 539 616 645 657 664 689 707 768 781 785 801 832 845 932 966 975 985 995 998 
29	6	43	6	3 15 30 54 75 120 185 210 217 256 269 271 273 283 300 332 475 476 494 503 547 556 597 604 614 625 641 671 673 702 724 786 797 810 828 829 849 898 924 929 930 933 950 983 
30	6	43	3	32 60 77 81 116 155 167 248 387 432 442 457 522 537 591 601 635 656 667 677 685 693 729 742 749 828 842 886 894 896 916 939 967 969 
31	9	19	3	1 6 38 48 51 95 112 114 126 150 161 173 250 259 268 270 310 350 393 451 464 510 544 550 593 652 709 711 762 783 807 890 932 987 
32	17	35	1	37 66 67 98 102 115 146 168 256 331 359 421 515 519 530 536 558 562 575 580 592 606 623 631 710 743 758 764 769 771 790 802 835 852 857 871 929 936 970 994 995 
33	6	33	1	2 62 112 134 169 172 182 204 279 292 297 299 340 402 414 424 477 480 503 570 577 582 586 647 648 718 726 746 770 781 786 875 901 917 918 965 976 977 
34	4	14	2	21 29 74 87 108 110 111 142 148 158 179 201 209 255 294 297 342 410 422 450 458 508 532 577 597 599 638 656 660 688 697 740 761 768 841 843 866 888 
35	17	26	2	34 50 66 88 115 164 199 205 208 222 248 260 304 314 345 379 453 513 519 545 548 578 635 643 654 713 796 804 839 879 884 919 950 
36	8	3	8	22 27 81 171 193 263 264 274 286 309 318 397 408 414 468 528 537 552 593 595 598 644 655 706 724 761 767 777 780 862 885 891 915 921 980 982 
37	17	34	7	10 57 116 153 156 222 279 291 294 356 393 440 444 447 482 487 500 583 584 625 630 698 705 726 731 736 752 780 782 823 826 850 870 874 877 931 963 
38	5	45	2	8 14 32 84 105 127 161 200 226 246 247 316 350 376 377 383 435 440 460 533 538 542 559 573 598 618 627 680 763 765 779 836 870 900 904 955 985 
39	9	50	7	16 42 74 76 92 107 126 143 150 173 202 203 225 231 315 337 351 377 382 429 441 454 458 508 518 528 551 739 744 747 807 860 875 900 908 939 946 952 958 969 999 
40	20	22	1	4 14 145 149 160 174 176 177 248 265 269 276 296 363 370 393 430 482 497 539 557 591 620 662 684 690 693 703 736 797 808 870 885 893 991 
41	9	10	6	13 116 126 129 141 147 156 159 180 191 200 202 203 212 234 328 388 467 525 541 561 566 575 608 692 707 712 725 731 740 747 799 847 859 941 949 975 
42	20	24	8	6 8 24 47 93 94 100 111 117 151 166 208 282 312 387 457 501 589 663 666 708 714 719 737 758 855 881 910 973 
43	17	26	8	31 92 182 213 240 258 327 344 403 407 431 436 489 527 544 563 611 692 718 721 754 794 806 837 884 886 908 920 923 931 949 964 981 990 
44	6	20	5	31 42 54 103 148 151 172 188 240 279 288 321 430 471 472 473 489 516 534 561 566 589 602 616 633 663 695 746 755 759 778 833 848 870 891 896 922 950 981 
45	8	34	3	15 20 41 56 64 73 94 96 105 125 138 140 201 205 225 251 261 367 372 378 381 416 436 479 485 496 509 545 554 558 575 611 653 670 738 771 830 874 884 922 977 
46	8	15	2	9 56 119 131 165 202 223 278 302 303 353 407 413 431 433 461 471 490 510 517 529 580 786 795 821 831 840 848 859 923 932 986 
47	17	2	6	10 18 33 58 119 150 189 248 261 280 343 357 380 392 414 423 428 452 459 462 499 501 504 522 632 686 717 742 840 911 934 954 970 
48	6	13	2	4 52 53 75 101 128 139 207 299 324 332 355 361 364 402 404 421 424 437 475 540 570 574 605 674 679 708 723 741 789 810 834 864 924 929 965 969 971 
49	8	12	7	18 68 109 164 205 240 253 261 285 286 307 321 363 371 406 413 446 488 510 526 556 559 567 581 587 606 639 675 684 696 730 750 755 760 766 796 805 813 879 917 
50	16	38	8	84 120 170 186 190 285 306 317 322 351 385 394 609 613 690 698 700 705 745 852 867 944 
51	3	10	2	18 24 28 104 107 120 162 182 185 192 218 219 241 252 290 320 369 415 427 463 473 479 521 522 544 562 571 619 647 648 649 650 655 657 721 728 752 755 775 798 807 813 820 895 896 897 957 999 
52	17	6	4	19 22 144 242 296 306 309 330 345 368 389 406 478 482 506 537 568 569 577 657 678 725 737 761 767 800 860 906 936 939 964 978 983 
53	16	49	2	7 67 82 106 145 187 210 234 243 258 280 331 381 398 425 441 469 537 541 565 610 668 670 676 698 714 720 729 748 758 784 812 815 858 898 920 928 963 975 978 992 998 
54	8	39	5	75 77 129 152 206 293 296 301 348 375 383 417 420 444 454 455 469 484 501 511 521 554 585 666 683 688 718 744 752 779 842 846 858 862 886 902 921 936 953 986 992 1000 
55	16	37	6	9 25 63 69 89 139 349 356 364 391 424 465 471 507 539 554 607 622 628 655 658 693 711 730 785 792 803 826 863 868 871 903 908 915 937 961 
56	16	44	4	9 94 115 152 155 213 257 275 283 287 303 341 360 366 473 480 505 552 556 581 620 622 624 640 641 723 750 798 840 848 917 927 943 968 993 996 
57	10	47	8	4 13 29 37 82 114 116 134 197 223 225 308 333 340 359 363 367 371 375 378 432 464 478 516 520 531 550 564 629 674 716 738 740 743 776 789 831 861 865 888 899 962 999 
58	5	41	3	12 26 47 59 75 93 124 133 217 228 229 258 269 293 307 312 318 335 348 409 412 452 512 520 543 579 619 646 664 675 682 707 724 739 751 766 779 787 802 833 868 889 897 984 994 995 
59	18	7	8	14 23 28 57 59 70 78 125 159 161 217 250 266 289 304 358 362 369 381 390 406 411 425 472 512 519 553 573 581 603 638 667 697 710 764 792 793 799 833 838 922 938 969 997 
60	19	42	4	5 14 20 36 69 76 83 84 92 127 131 184 234 259 297 307 334 336 339 380 405 415 422 443 449 487 653 679 705 739 762 778 808 812 838 869 881 908 965 977 
61	8	15	4	12 35 62 85 125 151 192 209 282 321 364 394 400 485 488 492 500 621 634 637 656 669 697 799 818 843 844 846 889 934 957 982 990 
62	19	48	1	77 78 82 86 142 242 273 300 305 309 360 387 412 429 455 495 513 514 518 533 547 628 659 673 738 747 783 801 832 839 840 894 909 928 952 960 996 
63	9	40	4	13 44 90 112 126 206 227 233 241 268 315 374 393 416 483 520 525 529 531 663 677 742 743 749 765 781 852 864 901 921 937 948 972 994 
64	4	24	4	34 80 180 232 276 294 325 361 396 411 413 441 445 463 572 604 605 607 609 632 662 667 728 775 815 834 895 951 
65	4	31	6	114 125 143 157 162 171 174 181 322 330 390 437 488 530 557 599 630 652 662 682 694 706 741 767 825 844 862 901 906 907 940 960 
66	1	36	6	6 44 47 68 74 83 103 109 194 284 303 304 325 368 406 489 496 509 551 582 611 668 776 823 827 853 878 890 894 932 945 946 979 989 990 
67	1	32	2	38 76 80 90 91 147 149 188 214 221 328 384 408 419 430 465 480 481 494 534 613 651 701 703 719 725 737 744 855 930 
68	20	14	6	20 22 48 49 221 242 249 270 278 308 311 352 402 409 464 472 477 478 515 602 631 646 708 728 746 773 782 821 880 891 902 905 
69	5	5	8	3 5 26 43 123 138 179 185 199 229 260 261 273 277 319 466 492 493 565 630 643 665 677 685 688 704 720 734 805 816 820 869 904 959 988 
70	17	2	5	19 24 70 108 124 147 153 179 199 211 249 259 300 333 344 347 351 365 369 379 386 428 432 437 451 505 522 530 574 600 614 624 635 667 673 674 694 726 753 757 808 835 837 843 874 892 980 
71	10	48	4	2 63 93 97 133 288 290 324 382 408 417 433 467 471 474 486 489 494 526 549 578 603 626 659 665 686 717 756 811 816 833 854 877 1000 
72	10	8	6	23 35 130 137 196 251 293 313 319 327 360 365 399 403 417 436 443 492 516 540 548 633 642 643 653 685 689 701 777 780 812 850 851 861 882 938 974 985 
73	10	31	1	8 71 127 173 189 192 217 260 301 336 354 355 386 417 428 481 550 551 594 610 612 665 701 709 722 750 753 791 795 814 864 902 919 978 992 
74	3	17	3	16 17 52 144 146 182 237 240 256 349 351 353 404 426 467 523 530 561 574 588 607 626 639 689 699 702 704 713 757 790 791 824 834 860 861 873 951 
75	19	42	2	1 2 3 31 40 48 54 68 77 89 132 160 184 266 310 311 317 339 444 447 474 487 509 511 520 583 616 625 644 658 691 709 716 735 823 865 880 974 993 
76	5	21	5	33 40 45 51 64 69 83 85 107 127 156 178 201 239 262 274 277 306 312 322 358 382 443 527 555 681 703 789 809 813 849 909 916 943 964 970 991 
77	16	29	5	37 104 136 154 169 190 207 212 213 234 241 334 335 343 366 391 419 448 476 497 571 579 623 687 693 739 743 820 872 883 898 903 907 918 919 931 956 968 
78	9	16	2	30 122 152 159 176 180 181 206 215 231 242 265 281 313 329 341 372 411 418 423 506 524 558 563 567 587 590 600 608 617 645 730 757 762 764 769 772 793 852 854 887 891 925 966 979 988 
79	8	38	1	79 87 91 121 124 131 136 170 186 195 235 253 270 278 288 327 419 456 460 465 578 590 626 651 734 735 748 796 800 841 914 938 954 972 993 
80	18	25	3	30 87 97 106 153 187 220 241 255 266 291 295 306 394 470 473 493 560 586 681 763 768 777 818 838 841 857 909 937 959 997 
81	16	37	3	58 70 86 100 121 156 196 232 236 253 267 301 380 392 401 413 428 430 438 519 572 578 598 632 647 668 723 760 817 836 872 910 936 943 966 989 991 
82	19	44	6	51 53 94 115 186 198 213 224 227 236 247 320 378 415 479 523 528 564 588 594 617 639 661 672 695 713 857 913 922 968 
83	8	12	6	70 124 134 201 220 222 229 230 232 244 254 263 310 315 375 405 418 438 453 455 470 482 485 486 505 506 514 534 546 596 665 678 684 719 745 756 791 796 843 846 877 884 952 955 
84	16	49	1	19 22 24 65 123 175 194 215 266 268 277 280 302 313 318 319 352 364 375 383 447 484 499 505 525 549 559 569 581 588 624 670 728 811 822 836 859 863 892 899 
85	10	27	7	28 46 106 142 163 204 209 250 288 292 298 318 320 345 436 463 475 563 623 672 702 753 761 774 790 795 802 822 829 844 872 920 941 948 992 
86	1	30	7	8 40 44 122 131 207 224 243 251 290 316 334 362 388 421 432 442 548 554 610 644 679 767 793 809 842 930 945 962 988 
87	4	17	8	30 118 139 177 181 189 191 233 245 301 311 418 435 445 450 456 491 496 524 536 751 810 914 916 933 943 994 
88	10	8	2	45 79 86 99 257 276 292 322 370 385 438 442 451 454 468 504 572 593 601 609 640 646 662 678 727 770 788 794 800 856 902 917 926 935 967 981 996 1000 
89	19	16	5	58 61 142 167 175 185 194 245 295 327 377 400 410 536 542 544 557 587 664 676 691 712 717 721 787 868 925 977 996 
90	16	29	7	26 39 60 100 118 119 162 187 195 198 252 264 265 267 274 284 389 391 392 412 422 455 481 513 532 570 572 579 582 589 658 687 710 712 771 788 804 817 819 836 859 873 912 955 956 
91	18	9	2	5 6 19 73 140 272 296 348 395 448 495 512 543 586 591 637 671 675 681 704 717 778 817 830 838 874 885 912 962 976 997 
92	17	3	3	21 23 42 67 103 123 135 218 289 302 328 346 355 358 383 400 403 421 440 535 567 603 617 621 638 666 753 795 798 808 815 829 831 879 906 921 940 
93	1	11	4	11 33 109 111 175 176 197 211 228 236 238 362 453 456 472 582 694 698 700 703 704 722 729 773 821 839 849 898 905 940 942 954 963 980 989 
94	9	27	1	7 32 35 43 95 107 113 129 190 191 271 323 373 381 382 404 418 420 435 508 524 526 543 566 608 617 618 633 642 686 688 706 724 754 760 816 831 846 861 881 903 904 923 950 959 973 1000 
95	20	18	4	21 55 56 61 102 120 129 147 215 263 271 272 299 335 399 407 498 550 595 599 639 645 710 782 801 813 824 827 903 924 935 953 
96	3	18	6	39 76 110 163 168 219 246 276 281 370 410 532 605 627 635 649 683 697 749 771 800 830 900 966 
97	19	46	7	11 43 48 55 62 65 69 72 80 114 132 136 165 196 228 237 280 330 333 365 380 427 451 541 546 553 653 680 691 720 757 772 783 851 862 887 890 913 915 951 973 
98	19	46	3	2 27 72 109 148 176 190 193 199 202 212 215 231 246 254 341 345 352 354 405 441 462 552 568 576 612 651 695 788 792 804 869 882 888 893 993 
99	19	39	8	51 58 72 99 101 141 183 203 216 262 321 336 339 360 376 395 426 429 454 535 560 615 618 634 650 814 818 828 900 929 946 970 
100	6	35	8	25 34 66 165 175 252 257 275 316 326 361 370 373 433 448 469 569 602 673 689 733 759 807 851 863 955 971 989 
