Course	Room	Teacher	Time	Students
1	1	33	3	42 44 72 113 156 179 203 228 273 288 294 304 329 337 350 364 451 474 518 532 585 597 677 787 829 830 839 852 860 862 872 901 930 945 
2	15	5	1	69 70 88 164 169 171 222 251 300 342 352 362 378 403 427 435 457 538 552 582 620 623 635 660 695 712 721 743 773 787 831 832 853 868 885 913 940 951 
3	15	1	3	20 130 136 164 165 233 260 268 293 305 307 309 324 352 405 465 473 481 523 571 579 580 594 598 612 613 659 698 731 756 764 778 807 854 867 904 928 942 947 967 
4	14	22	4	19 39 59 89 102 104 146 164 214 286 325 335 372 373 404 422 459 479 488 495 502 519 557 641 695 714 795 804 814 820 843 921 925 942 993 999 1000 
5	9	45	4	56 63 115 132 169 258 269 278 287 306 359 462 499 511 567 569 595 599 644 646 656 759 764 784 785 822 856 872 886 922 935 949 
6	15	30	5	8 53 69 105 112 114 175 241 289 306 317 329 445 458 463 515 556 580 583 611 649 656 673 693 760 812 817 820 880 919 964 980 996 
7	15	47	6	12 24 103 134 137 143 148 153 158 161 170 171 221 260 282 308 315 352 355 367 453 469 482 484 536 581 601 649 678 712 731 753 787 798 811 815 819 830 840 847 929 980 992 
8	15	5	2	9 115 170 211 214 219 237 238 294 358 383 385 392 398 457 474 494 497 506 569 598 606 611 646 687 711 728 730 741 792 795 799 807 823 828 912 919 921 934 978 997 
9	1	22	1	55 103 162 177 248 273 279 282 310 326 344 486 514 543 586 624 625 629 637 645 654 682 716 717 733 749 754 759 780 805 852 882 899 928 937 
10	15	27	7	22 45 103 127 176 185 225 227 279 385 449 450 463 480 589 647 652 658 705 714 734 746 772 786 825 826 838 842 852 853 888 889 896 899 948 952 954 964 995 
11	15	1	4	10 37 81 87 91 123 144 166 380 382 413 455 465 481 507 550 560 565 570 636 673 710 732 735 773 854 859 864 926 938 948 983 
12	6	17	1	7 93 173 241 264 280 316 327 330 333 351 397 405 416 502 579 639 648 753 757 792 816 828 848 878 932 955 979 983 984 
13	13	20	1	50 74 82 118 126 129 130 194 236 240 336 381 391 404 422 510 515 542 571 584 587 602 616 650 668 681 686 761 783 789 798 833 849 850 861 924 947 
14	13	44	4	60 97 128 135 160 174 175 177 182 207 245 254 264 270 285 397 427 442 450 482 501 504 529 540 579 591 609 620 625 632 635 675 683 722 725 758 781 782 796 824 871 892 903 904 909 
15	9	20	5	2 57 61 127 141 174 181 192 201 204 320 323 354 362 393 417 530 534 545 560 578 617 628 634 642 670 700 704 729 744 784 891 893 920 941 947 976 
16	9	35	6	8 27 90 99 108 111 119 149 192 259 287 305 317 386 395 486 548 564 568 662 695 699 735 772 796 849 860 888 895 919 
17	18	25	2	5 8 11 19 27 39 47 88 129 149 160 164 179 288 296 314 319 361 402 420 423 435 436 513 523 587 625 633 665 700 737 805 840 880 903 909 950 985 986 
18	13	35	2	30 54 108 118 146 188 190 227 276 286 291 306 328 336 348 399 437 466 478 483 511 522 547 660 691 704 719 743 756 777 801 809 819 888 891 907 918 
19	20	10	2	51 111 119 131 133 134 138 152 184 185 195 199 272 316 329 342 349 384 427 458 476 479 505 510 538 566 601 627 629 661 707 770 784 786 832 852 859 901 933 965 976 996 
20	18	2	1	6 61 76 132 144 159 167 231 238 253 254 255 303 325 349 350 409 440 475 509 518 526 529 532 541 566 581 590 655 657 659 689 690 715 728 762 765 774 871 923 
21	13	28	5	45 46 51 63 77 123 156 180 189 202 215 291 338 346 356 367 406 413 428 468 487 496 558 559 587 593 596 602 613 639 750 791 797 846 871 915 916 943 983 1000 
22	16	17	7	3 30 139 153 158 210 222 229 262 313 332 376 461 498 525 576 604 651 663 671 690 709 716 738 873 880 906 908 909 914 925 944 972 982 
23	13	19	7	18 50 74 101 131 161 188 197 218 219 268 282 283 351 364 436 451 468 499 513 560 592 615 624 626 688 762 808 872 878 912 942 945 974 988 
24	16	14	1	16 68 71 79 122 124 139 149 221 228 250 286 287 292 358 417 463 495 496 497 546 551 562 569 583 614 631 676 685 692 702 705 737 830 851 865 896 957 963 988 
25	18	24	8	47 49 100 103 120 126 138 150 201 215 234 236 357 393 423 467 480 546 561 581 592 615 627 638 640 676 697 707 716 738 780 814 820 871 926 980 
26	14	39	6	52 110 222 223 279 290 294 296 301 325 365 366 370 378 402 408 454 456 496 528 543 544 554 561 575 585 589 596 602 630 638 661 687 709 761 768 790 806 876 886 911 948 951 993 
27	13	46	6	6 16 21 23 64 73 79 144 152 230 243 248 256 272 276 300 340 341 372 387 505 518 535 592 597 614 654 703 711 775 782 799 802 816 818 837 842 873 937 939 960 
28	10	3	2	14 66 85 124 161 187 197 209 212 249 258 270 287 318 321 389 404 472 493 507 512 526 605 656 701 774 785 804 826 836 862 955 992 995 
29	20	6	4	61 62 88 148 228 300 400 401 436 464 531 580 590 658 679 733 779 790 839 887 905 933 939 994 
30	18	37	7	1 55 76 95 191 199 217 234 237 261 352 355 415 452 453 462 466 473 528 563 594 670 683 718 783 810 822 844 879 881 897 922 923 932 957 
31	14	26	5	28 29 39 56 59 142 235 295 310 324 331 361 408 470 485 489 498 516 519 550 568 573 574 584 606 659 684 687 705 707 722 804 833 836 847 860 917 929 958 994 
32	16	31	2	71 99 104 168 239 248 266 285 295 298 382 445 448 462 463 467 591 637 644 688 714 720 727 787 813 820 885 905 908 923 962 968 973 
33	13	25	3	36 57 180 183 215 229 259 275 296 331 349 365 391 444 454 504 514 565 569 575 627 702 718 776 817 841 842 843 882 883 924 954 977 990 
34	20	16	7	32 113 125 126 145 162 194 200 221 276 292 314 382 384 402 465 483 541 542 551 583 601 610 655 674 677 695 715 717 719 733 736 742 753 763 769 837 865 877 913 929 975 993 
35	14	43	7	17 34 86 109 157 168 180 184 196 211 235 239 249 253 257 328 354 363 386 437 443 474 505 507 561 581 591 657 682 712 723 739 758 848 898 900 904 959 970 979 
36	10	38	5	14 35 71 95 97 146 157 207 226 232 281 288 336 347 381 422 429 437 520 525 546 572 610 614 623 633 661 734 757 772 815 816 843 857 873 907 918 927 932 934 951 
37	13	28	8	2 31 37 52 84 91 216 219 227 235 242 245 251 269 315 342 371 377 398 439 445 477 478 483 503 513 526 544 612 648 682 696 706 717 756 802 853 869 915 959 969 
38	10	9	4	9 38 86 122 124 173 183 218 242 251 252 260 304 320 365 385 396 470 543 593 613 622 721 723 731 745 754 783 801 825 828 842 862 878 907 913 937 976 989 997 
39	18	6	6	17 25 53 68 117 133 234 239 280 348 363 374 434 441 512 531 532 539 545 553 557 595 611 621 666 691 720 727 797 863 890 924 949 1000 
40	14	43	8	4 10 22 45 51 70 94 161 173 175 192 264 317 355 364 380 436 442 448 452 464 466 484 512 515 573 617 629 631 641 686 688 691 700 760 818 855 868 892 923 925 
41	9	47	3	3 18 19 23 51 75 100 135 153 201 225 255 274 318 341 366 373 389 410 414 432 440 489 549 572 609 648 653 666 687 847 902 931 940 946 982 
42	18	46	4	15 29 31 100 140 159 222 224 244 256 262 321 333 357 369 425 432 438 475 508 520 573 603 616 654 694 711 728 744 755 823 829 844 876 889 980 984 
43	20	12	5	23 49 72 79 93 96 159 163 234 244 253 296 298 304 330 348 366 378 391 431 453 480 548 551 554 570 586 664 672 701 713 728 763 767 777 809 832 912 928 935 973 
44	1	39	2	2 20 61 77 114 120 142 242 245 368 388 418 430 431 491 495 501 509 535 552 607 706 708 729 744 767 776 835 878 887 902 910 926 942 
45	7	9	5	18 80 87 116 117 126 178 199 290 292 312 326 327 349 400 414 446 479 491 529 540 585 643 644 719 738 746 762 765 803 819 822 838 849 856 879 933 950 981 984 995 
46	11	42	3	37 50 60 83 142 178 205 217 241 264 345 358 374 395 400 421 455 522 551 563 599 606 690 739 770 775 779 789 827 831 912 919 936 971 
47	16	33	6	33 40 76 82 84 102 125 154 182 281 297 302 314 332 336 400 416 500 524 527 533 538 622 636 646 647 650 757 947 955 956 967 983 
48	20	24	3	22 34 53 56 68 80 186 258 271 295 323 328 332 403 412 419 423 460 472 498 501 519 533 536 554 574 619 692 715 751 752 794 799 826 868 
49	10	50	8	1 26 36 39 56 65 119 122 168 203 261 263 293 310 312 344 354 361 399 415 425 601 603 608 660 662 768 819 823 827 894 898 954 982 997 
50	20	15	6	4 35 55 78 94 98 115 167 238 288 289 299 335 338 353 369 383 393 411 428 429 444 460 462 563 586 588 651 668 773 851 884 885 899 914 965 
51	19	49	1	1 44 92 106 127 151 170 190 269 277 329 441 443 459 473 501 568 575 642 698 750 793 866 905 939 941 959 964 992 996 
52	6	31	3	29 54 121 128 147 170 174 185 191 230 280 360 388 447 469 493 497 546 556 577 595 638 662 706 810 874 881 891 906 911 934 974 985 998 999 
53	6	34	5	3 27 37 67 231 236 249 250 257 271 309 343 360 407 425 430 460 465 467 680 798 826 834 905 911 925 959 963 989 
54	9	45	1	10 34 60 64 75 78 97 156 160 203 213 276 302 345 356 371 389 429 432 493 494 505 528 555 598 599 605 643 666 675 694 720 741 744 747 777 800 818 949 970 972 977 
55	12	50	5	11 66 74 107 124 125 130 138 154 188 195 213 223 227 299 319 322 335 386 502 517 524 541 626 652 671 703 718 741 751 785 837 850 859 866 939 952 968 
56	18	10	3	24 48 67 70 131 167 212 387 401 448 490 530 584 611 650 736 782 821 835 865 887 917 941 
57	20	40	8	6 99 141 153 171 172 206 244 250 295 408 447 474 498 523 558 572 590 593 594 616 618 623 628 634 683 726 791 948 999 
58	14	34	3	35 49 77 81 110 137 195 200 283 375 383 390 416 438 471 500 516 520 534 542 610 667 689 709 727 746 812 876 951 961 1000 
59	11	4	6	59 142 163 196 206 209 233 242 253 278 381 390 398 435 452 455 508 547 566 576 599 632 660 682 696 746 747 751 780 870 893 894 897 900 906 915 931 940 964 
60	19	29	2	70 82 105 112 150 158 166 182 208 223 236 325 326 340 355 359 363 365 416 434 444 492 530 540 577 590 612 630 635 645 650 699 716 754 763 822 858 860 868 881 883 966 982 987 991 
61	7	38	7	13 21 38 41 90 114 174 177 230 248 278 387 391 418 439 447 484 489 496 506 527 535 597 617 622 625 631 691 755 760 770 814 849 861 866 895 930 978 
62	11	7	8	5 77 80 88 123 183 208 221 240 246 297 332 334 353 366 387 411 412 418 430 440 456 481 529 559 574 583 600 658 703 771 807 884 920 961 978 
63	11	16	4	6 7 24 46 105 156 265 292 298 305 308 324 348 362 388 420 468 497 536 552 562 652 680 702 742 813 863 866 944 965 
64	19	23	8	11 34 73 93 132 176 181 186 189 266 368 397 454 475 499 504 539 541 549 555 571 613 652 659 664 681 710 722 724 745 771 810 830 863 875 909 927 943 965 981 991 
65	12	41	1	86 91 116 136 150 172 202 232 317 415 439 466 511 512 527 544 573 607 633 672 697 752 802 803 807 815 824 862 875 894 967 987 
66	19	29	6	30 69 83 91 92 116 140 190 194 198 202 307 327 330 346 371 376 426 427 504 510 567 619 643 686 693 723 724 738 748 784 908 950 979 990 
67	10	32	1	15 63 107 112 123 163 206 225 256 260 272 290 319 369 390 414 424 444 485 488 492 559 604 630 678 708 711 725 813 857 870 879 883 933 960 
68	18	19	5	19 40 76 99 109 120 132 183 205 229 243 252 269 277 449 488 521 542 600 618 641 647 668 674 696 698 721 724 736 755 783 800 831 855 874 921 936 955 974 979 998 
69	11	49	7	36 84 100 121 141 143 220 252 273 275 338 343 379 388 481 509 517 559 562 593 635 680 706 707 765 766 785 793 834 835 857 901 931 940 992 
70	10	18	6	105 121 139 220 229 267 270 350 358 375 377 379 433 447 503 579 587 620 655 669 766 774 788 793 817 827 834 864 892 945 998 
71	7	7	1	41 59 73 96 104 128 166 208 215 230 244 258 268 299 301 357 431 535 545 589 603 606 636 656 699 767 791 864 874 890 893 895 910 935 975 997 
72	7	11	6	44 89 95 151 193 271 275 337 384 401 457 461 478 550 582 610 615 618 634 705 710 733 750 764 778 786 805 808 814 854 856 920 946 958 970 991 996 
73	20	37	1	9 62 90 95 143 193 211 239 265 281 297 322 340 353 360 382 458 464 487 627 649 670 701 704 736 775 778 811 891 927 943 952 991 
74	14	48	2	18 101 143 147 155 157 189 203 205 206 243 309 320 322 327 345 414 419 488 521 565 632 664 690 692 698 739 781 806 812 841 861 889 914 961 972 
75	1	13	5	26 52 73 81 155 166 176 200 254 272 303 316 351 384 392 438 443 494 514 576 667 794 808 841 845 864 875 881 887 913 922 975 
76	19	4	5	16 43 64 65 107 139 187 218 357 395 401 549 565 589 604 609 624 725 748 756 771 869 900 904 944 986 
77	7	32	8	7 12 13 33 62 85 106 137 145 163 184 204 207 212 214 231 257 271 274 311 351 376 395 406 458 468 469 490 492 519 534 560 570 636 667 684 747 752 781 795 844 846 847 874 895 901 917 968 977 
78	9	44	7	12 28 46 47 52 98 137 148 155 178 201 245 284 289 310 339 359 361 380 409 426 471 476 495 564 574 588 621 661 678 684 697 700 761 767 776 811 821 831 886 916 918 
79	19	23	4	14 28 43 54 55 92 106 108 109 118 162 237 259 294 307 370 430 477 503 522 525 554 621 664 681 743 769 776 799 857 893 896 897 902 908 943 954 974 
80	16	48	3	15 21 66 78 112 193 204 224 247 262 285 381 385 407 420 424 433 491 538 553 596 629 633 658 685 714 735 745 828 838 953 957 
81	9	2	8	14 40 41 66 96 187 211 241 270 275 343 372 394 396 419 432 453 472 482 493 532 564 577 639 669 680 720 723 729 743 758 766 789 794 816 825 850 851 896 930 952 958 
82	14	8	1	25 31 48 113 131 134 140 145 152 154 191 209 289 314 339 341 398 433 461 476 508 524 580 588 634 748 806 808 837 843 858 869 944 968 973 
83	19	8	3	31 45 46 65 94 125 148 175 210 339 347 370 396 422 437 446 450 456 476 503 539 562 564 578 588 637 722 737 805 846 855 863 910 969 970 994 
84	7	11	4	1 44 47 82 129 220 226 257 277 313 343 356 371 374 392 394 407 435 517 585 605 607 671 674 712 730 741 778 792 803 845 848 851 861 932 
85	16	36	4	25 41 74 134 197 213 255 274 293 302 311 315 341 347 363 386 389 402 445 449 467 530 576 586 639 643 665 689 750 833 877 985 987 
86	11	12	1	5 13 20 57 83 121 165 217 219 263 377 411 428 477 499 500 513 539 548 557 572 578 609 653 693 710 713 812 817 867 897 938 953 961 971 
87	9	30	2	53 97 154 165 176 177 265 267 277 347 372 417 470 561 620 626 640 649 669 749 753 759 788 821 824 834 839 853 867 898 960 989 990 
88	15	27	8	8 28 42 58 136 190 195 196 224 226 247 306 308 328 330 450 451 506 508 582 657 665 677 679 742 749 757 798 800 829 928 950 953 957 984 
89	16	41	5	12 13 15 42 110 111 135 210 217 225 246 247 256 293 337 374 403 410 412 478 518 537 563 577 595 605 631 651 685 770 781 883 949 962 
90	19	40	7	4 48 75 102 193 231 233 302 331 345 394 397 413 424 442 482 487 492 502 526 537 566 584 614 616 773 789 790 791 797 839 884 885 937 938 962 963 
91	6	14	4	30 67 98 110 133 184 191 210 246 263 284 291 354 368 408 421 469 472 480 490 547 604 624 628 672 715 768 888 917 971 986 990 995 
92	1	18	4	33 49 84 85 120 147 165 198 216 233 282 283 367 399 419 426 434 457 537 556 558 582 600 699 701 740 748 752 760 761 835 882 911 941 956 975 981 
93	11	15	5	4 58 89 102 133 136 145 147 169 173 212 237 255 261 278 301 307 334 404 434 471 473 483 486 523 592 655 675 677 679 694 708 730 735 737 740 788 793 882 910 969 
94	7	21	3	26 87 122 138 159 181 196 252 281 300 308 333 335 356 359 367 368 507 521 540 665 684 696 740 786 796 806 823 858 870 875 903 935 963 966 981 986 988 
95	10	3	3	5 11 25 43 89 149 160 171 198 250 303 319 334 346 409 439 552 608 640 645 669 671 676 688 769 795 803 845 916 918 921 
96	16	26	8	32 101 104 117 128 182 200 202 213 220 249 313 318 333 426 446 459 491 531 536 702 719 721 732 751 772 779 801 809 902 936 956 962 989 
97	7	21	2	38 58 78 81 96 98 186 194 204 283 290 433 438 449 516 553 570 594 679 683 685 732 734 762 790 796 825 884 906 969 
98	6	36	2	48 72 116 151 247 279 369 375 421 441 475 477 642 657 663 694 709 726 745 766 815 845 920 994 
99	11	42	2	26 32 42 65 69 75 90 106 130 178 216 240 284 311 315 323 331 350 362 373 406 429 456 459 464 517 524 531 533 667 673 697 724 725 768 829 844 865 886 890 953 967 
100	10	13	7	24 111 115 172 192 198 240 251 263 267 299 312 321 326 344 399 405 410 425 428 446 485 533 555 556 619 662 675 779 802 818 836 854 946 966 971 977 999 
