Class Times	8
Rooms	100
1	906
2	762
3	996
4	768
5	792
6	314
7	154
8	308
9	751
10	544
11	470
12	994
13	718
14	926
15	898
16	736
17	604
18	570
19	363
20	485
21	399
22	896
23	673
24	272
25	937
26	755
27	998
28	379
29	893
30	551
31	754
32	128
33	546
34	54
35	507
36	842
37	329
38	602
39	672
40	467
41	969
42	997
43	215
44	934
45	878
46	351
47	348
48	590
49	857
50	227
51	570
52	372
53	782
54	381
55	98
56	597
57	181
58	648
59	285
60	161
61	384
62	576
63	966
64	593
65	529
66	325
67	105
68	774
69	709
70	377
71	747
72	325
73	28
74	439
75	56
76	743
77	865
78	312
79	871
80	10
81	97
82	629
83	770
84	289
85	457
86	666
87	883
88	88
89	861
90	132
91	314
92	74
93	139
94	697
95	153
96	528
97	319
98	217
99	978
100	828
Classes	400
Teachers	200
1	18
2	33
3	37
4	61
5	112
6	119
7	165
8	15
9	170
10	40
11	109
12	130
13	194
14	143
15	161
16	187
17	67
18	79
19	199
20	169
21	160
22	135
23	27
24	137
25	133
26	133
27	126
28	29
29	37
30	119
31	198
32	82
33	65
34	28
35	162
36	169
37	23
38	46
39	100
40	160
41	158
42	65
43	177
44	66
45	1
46	104
47	199
48	10
49	150
50	30
51	49
52	64
53	2
54	60
55	110
56	83
57	22
58	20
59	140
60	132
61	30
62	148
63	39
64	14
65	13
66	85
67	7
68	33
69	117
70	60
71	94
72	104
73	45
74	153
75	68
76	76
77	9
78	145
79	165
80	191
81	153
82	145
83	174
84	81
85	128
86	127
87	163
88	135
89	8
90	170
91	70
92	31
93	67
94	51
95	166
96	195
97	74
98	198
99	176
100	31
101	54
102	109
103	146
104	72
105	195
106	24
107	162
108	61
109	129
110	147
111	101
112	184
113	136
114	101
115	73
116	149
117	46
118	108
119	130
120	128
121	178
122	22
123	49
124	99
125	51
126	158
127	15
128	55
129	149
130	120
131	40
132	182
133	146
134	183
135	164
136	189
137	77
138	80
139	125
140	4
141	156
142	70
143	103
144	152
145	176
146	140
147	87
148	184
149	14
150	7
151	95
152	138
153	188
154	87
155	138
156	183
157	188
158	107
159	163
160	54
161	48
162	2
163	19
164	192
165	134
166	103
167	110
168	50
169	1
170	136
171	64
172	84
173	79
174	59
175	35
176	35
177	116
178	142
179	191
180	159
181	121
182	91
183	45
184	92
185	89
186	56
187	29
188	19
189	21
190	18
191	116
192	98
193	117
194	141
195	132
196	126
197	94
198	125
199	4
200	194
201	55
202	41
203	77
204	124
205	141
206	152
207	50
208	10
209	143
210	89
211	83
212	131
213	106
214	107
215	9
216	44
217	193
218	171
219	25
220	105
221	21
222	177
223	167
224	193
225	38
226	129
227	96
228	156
229	3
230	196
231	59
232	105
233	180
234	164
235	114
236	123
237	180
238	167
239	47
240	173
241	92
242	144
243	106
244	173
245	6
246	97
247	52
248	90
249	63
250	17
251	95
252	137
253	98
254	24
255	118
256	57
257	41
258	86
259	56
260	43
261	34
262	112
263	76
264	71
265	20
266	69
267	68
268	32
269	73
270	113
271	71
272	111
273	144
274	114
275	175
276	88
277	190
278	80
279	57
280	171
281	3
282	86
283	123
284	131
285	134
286	78
287	154
288	122
289	90
290	127
291	161
292	121
293	36
294	154
295	43
296	88
297	178
298	53
299	85
300	108
301	150
302	181
303	72
304	42
305	47
306	75
307	63
308	16
309	159
310	81
311	28
312	175
313	8
314	97
315	74
316	53
317	197
318	186
319	157
320	190
321	66
322	48
323	179
324	6
325	75
326	100
327	192
328	52
329	34
330	58
331	99
332	182
333	23
334	139
335	62
336	142
337	16
338	124
339	27
340	62
341	58
342	189
343	91
344	39
345	147
346	166
347	111
348	139
349	44
350	82
351	148
352	25
353	185
354	5
355	96
356	42
357	13
358	17
359	120
360	174
361	118
362	102
363	197
364	157
365	196
366	78
367	187
368	181
369	155
370	69
371	179
372	113
373	11
374	185
375	172
376	172
377	115
378	151
379	93
380	151
381	26
382	12
383	115
384	155
385	32
386	93
387	200
388	122
389	12
390	36
391	84
392	5
393	26
394	38
395	200
396	168
397	102
398	168
399	186
400	11
