Class Times	8
Rooms	100
1	437
2	449
3	998
4	500
5	608
6	559
7	458
8	926
9	752
10	933
11	96
12	941
13	828
14	604
15	934
16	921
17	933
18	480
19	345
20	948
21	990
22	146
23	124
24	273
25	602
26	612
27	877
28	35
29	451
30	262
31	406
32	70
33	796
34	719
35	440
36	742
37	826
38	38
39	568
40	593
41	575
42	545
43	287
44	380
45	947
46	379
47	141
48	70
49	908
50	54
51	96
52	10
53	130
54	941
55	139
56	340
57	77
58	604
59	558
60	925
61	107
62	788
63	654
64	661
65	518
66	209
67	201
68	146
69	997
70	801
71	574
72	365
73	879
74	424
75	44
76	692
77	546
78	924
79	736
80	224
81	411
82	130
83	953
84	658
85	853
86	984
87	128
88	274
89	421
90	551
91	945
92	671
93	867
94	567
95	804
96	648
97	97
98	188
99	972
100	848
Classes	400
Teachers	200
1	34
2	146
3	3
4	21
5	169
6	12
7	182
8	57
9	130
10	113
11	51
12	170
13	15
14	94
15	143
16	40
17	189
18	82
19	40
20	63
21	177
22	173
23	50
24	51
25	14
26	89
27	17
28	143
29	142
30	111
31	198
32	108
33	192
34	137
35	66
36	16
37	74
38	65
39	91
40	27
41	195
42	176
43	107
44	180
45	54
46	69
47	100
48	61
49	86
50	139
51	47
52	83
53	163
54	172
55	60
56	178
57	102
58	104
59	108
60	184
61	35
62	199
63	111
64	84
65	136
66	172
67	83
68	137
69	122
70	135
71	109
72	66
73	133
74	126
75	46
76	52
77	113
78	3
79	97
80	130
81	191
82	177
83	76
84	68
85	171
86	49
87	34
88	65
89	100
90	162
91	114
92	123
93	193
94	91
95	102
96	11
97	150
98	22
99	176
100	67
101	9
102	10
103	157
104	136
105	97
106	31
107	56
108	84
109	116
110	2
111	93
112	1
113	185
114	196
115	118
116	189
117	183
118	142
119	73
120	71
121	55
122	88
123	26
124	127
125	155
126	57
127	75
128	139
129	59
130	4
131	101
132	79
133	2
134	74
135	7
136	103
137	92
138	93
139	169
140	182
141	43
142	73
143	96
144	39
145	35
146	173
147	150
148	160
149	21
150	128
151	134
152	90
153	70
154	175
155	71
156	148
157	154
158	127
159	42
160	134
161	199
162	115
163	92
164	43
165	76
166	29
167	17
168	188
169	4
170	167
171	186
172	196
173	72
174	9
175	19
176	160
177	45
178	198
179	131
180	115
181	98
182	26
183	161
184	77
185	151
186	170
187	67
188	132
189	86
190	179
191	22
192	32
193	191
194	59
195	171
196	121
197	193
198	179
199	112
200	101
201	110
202	158
203	44
204	89
205	99
206	106
207	85
208	75
209	41
210	12
211	5
212	49
213	128
214	190
215	28
216	133
217	147
218	103
219	117
220	64
221	117
222	24
223	7
224	94
225	37
226	155
227	197
228	20
229	152
230	183
231	29
232	122
233	152
234	154
235	121
236	132
237	190
238	64
239	114
240	47
241	200
242	70
243	185
244	124
245	18
246	197
247	116
248	31
249	24
250	153
251	88
252	55
253	60
254	145
255	81
256	156
257	90
258	138
259	118
260	54
261	25
262	146
263	125
264	58
265	186
266	184
267	8
268	158
269	46
270	140
271	80
272	79
273	163
274	95
275	18
276	77
277	200
278	145
279	16
280	178
281	105
282	82
283	42
284	28
285	153
286	162
287	6
288	192
289	167
290	13
291	99
292	37
293	175
294	32
295	20
296	168
297	8
298	129
299	11
300	187
301	41
302	38
303	1
304	105
305	25
306	151
307	126
308	166
309	123
310	119
311	159
312	6
313	33
314	69
315	124
316	138
317	45
318	107
319	68
320	87
321	48
322	141
323	95
324	165
325	140
326	50
327	144
328	78
329	166
330	13
331	98
332	63
333	81
334	187
335	156
336	144
337	15
338	72
339	104
340	36
341	161
342	125
343	58
344	56
345	135
346	48
347	78
348	129
349	148
350	180
351	168
352	157
353	109
354	141
355	96
356	149
357	165
358	85
359	119
360	106
361	10
362	27
363	112
364	44
365	110
366	194
367	5
368	164
369	19
370	181
371	131
372	80
373	120
374	23
375	61
376	30
377	147
378	195
379	194
380	52
381	38
382	164
383	14
384	33
385	87
386	53
387	120
388	53
389	149
390	23
391	188
392	36
393	62
394	159
395	39
396	30
397	181
398	174
399	174
400	62
