Class Times	8
Rooms	100
1	312
2	142
3	92
4	336
5	780
6	993
7	665
8	649
9	445
10	548
11	457
12	419
13	292
14	923
15	589
16	72
17	980
18	691
19	372
20	588
21	664
22	135
23	24
24	896
25	832
26	917
27	219
28	787
29	624
30	625
31	176
32	526
33	797
34	299
35	499
36	569
37	193
38	737
39	392
40	458
41	136
42	401
43	126
44	911
45	319
46	16
47	622
48	996
49	941
50	985
51	127
52	989
53	446
54	635
55	784
56	402
57	558
58	492
59	645
60	768
61	179
62	185
63	444
64	508
65	883
66	999
67	600
68	134
69	433
70	561
71	129
72	875
73	409
74	553
75	709
76	427
77	438
78	303
79	631
80	90
81	79
82	607
83	712
84	119
85	731
86	912
87	799
88	926
89	775
90	448
91	986
92	467
93	343
94	832
95	580
96	218
97	600
98	838
99	270
100	156
Classes	400
Teachers	200
1	164
2	134
3	139
4	137
5	38
6	128
7	185
8	184
9	133
10	159
11	177
12	154
13	197
14	59
15	7
16	81
17	197
18	29
19	81
20	164
21	184
22	7
23	106
24	127
25	171
26	163
27	102
28	104
29	106
30	76
31	154
32	132
33	23
34	130
35	142
36	80
37	3
38	10
39	69
40	64
41	115
42	30
43	174
44	77
45	176
46	135
47	43
48	17
49	42
50	113
51	96
52	79
53	12
54	124
55	167
56	196
57	169
58	9
59	153
60	70
61	70
62	119
63	129
64	161
65	19
66	18
67	105
68	27
69	146
70	9
71	113
72	147
73	110
74	11
75	151
76	58
77	148
78	68
79	188
80	83
81	104
82	96
83	111
84	114
85	115
86	31
87	133
88	4
89	117
90	126
91	119
92	16
93	95
94	80
95	50
96	193
97	84
98	77
99	147
100	193
101	149
102	144
103	2
104	123
105	83
106	116
107	182
108	89
109	161
110	105
111	130
112	198
113	173
114	18
115	124
116	14
117	63
118	166
119	153
120	74
121	88
122	139
123	27
124	112
125	42
126	76
127	64
128	72
129	43
130	32
131	110
132	52
133	167
134	66
135	5
136	107
137	107
138	190
139	28
140	127
141	59
142	72
143	200
144	177
145	114
146	99
147	126
148	180
149	135
150	173
151	24
152	166
153	13
154	112
155	94
156	194
157	137
158	67
159	140
160	144
161	138
162	148
163	35
164	71
165	141
166	40
167	46
168	179
169	28
170	101
171	198
172	178
173	10
174	190
175	176
176	151
177	84
178	152
179	180
180	89
181	78
182	19
183	79
184	175
185	54
186	17
187	129
188	108
189	45
190	172
191	90
192	12
193	200
194	88
195	55
196	116
197	78
198	194
199	66
200	62
201	165
202	168
203	90
204	23
205	174
206	58
207	175
208	169
209	33
210	159
211	13
212	140
213	71
214	86
215	122
216	191
217	51
218	192
219	123
220	54
221	46
222	2
223	158
224	94
225	146
226	57
227	16
228	160
229	47
230	163
231	199
232	1
233	142
234	171
235	44
236	37
237	41
238	132
239	26
240	29
241	188
242	196
243	22
244	39
245	103
246	49
247	189
248	102
249	93
250	51
251	122
252	91
253	120
254	85
255	34
256	145
257	56
258	45
259	191
260	22
261	93
262	138
263	108
264	6
265	162
266	91
267	15
268	57
269	14
270	157
271	40
272	86
273	186
274	8
275	85
276	55
277	120
278	155
279	162
280	143
281	187
282	5
283	149
284	92
285	65
286	101
287	179
288	68
289	11
290	109
291	195
292	44
293	62
294	36
295	50
296	52
297	121
298	30
299	24
300	186
301	74
302	47
303	32
304	178
305	121
306	21
307	4
308	53
309	100
310	6
311	25
312	165
313	67
314	145
315	99
316	73
317	63
318	60
319	143
320	128
321	155
322	65
323	1
324	118
325	31
326	189
327	75
328	38
329	92
330	48
331	152
332	118
333	98
334	60
335	87
336	158
337	15
338	20
339	141
340	56
341	195
342	100
343	111
344	20
345	160
346	21
347	37
348	156
349	157
350	95
351	136
352	48
353	98
354	117
355	34
356	33
357	192
358	73
359	156
360	182
361	87
362	187
363	168
364	35
365	39
366	134
367	109
368	75
369	170
370	172
371	26
372	49
373	97
374	25
375	183
376	82
377	69
378	61
379	103
380	170
381	185
382	3
383	36
384	53
385	183
386	150
387	199
388	41
389	97
390	82
391	181
392	150
393	131
394	61
395	181
396	136
397	8
398	125
399	131
400	125
