Class Times	8
Rooms	100
1	779
2	554
3	253
4	885
5	351
6	449
7	809
8	943
9	105
10	885
11	174
12	694
13	47
14	389
15	655
16	435
17	601
18	813
19	182
20	757
21	972
22	944
23	516
24	51
25	511
26	689
27	993
28	756
29	240
30	854
31	223
32	94
33	849
34	138
35	914
36	715
37	663
38	174
39	406
40	142
41	981
42	136
43	432
44	995
45	234
46	216
47	120
48	615
49	504
50	499
51	821
52	735
53	809
54	576
55	764
56	364
57	558
58	655
59	519
60	604
61	607
62	870
63	932
64	229
65	733
66	438
67	578
68	622
69	534
70	269
71	297
72	578
73	14
74	640
75	133
76	871
77	930
78	774
79	19
80	555
81	139
82	345
83	406
84	812
85	830
86	215
87	153
88	683
89	105
90	557
91	744
92	153
93	831
94	134
95	812
96	582
97	863
98	717
99	166
100	102
Classes	400
Teachers	200
1	81
2	132
3	94
4	63
5	142
6	113
7	198
8	47
9	5
10	29
11	51
12	15
13	190
14	92
15	160
16	197
17	15
18	87
19	20
20	162
21	126
22	170
23	185
24	57
25	190
26	122
27	69
28	118
29	23
30	121
31	173
32	179
33	12
34	9
35	115
36	106
37	24
38	39
39	99
40	66
41	163
42	82
43	165
44	49
45	174
46	42
47	2
48	78
49	122
50	185
51	114
52	197
53	98
54	125
55	136
56	174
57	47
58	60
59	119
60	161
61	145
62	48
63	148
64	12
65	142
66	37
67	90
68	61
69	53
70	27
71	35
72	56
73	156
74	117
75	52
76	162
77	155
78	141
79	180
80	173
81	132
82	108
83	6
84	154
85	150
86	178
87	7
88	105
89	192
90	152
91	2
92	63
93	9
94	40
95	38
96	39
97	57
98	51
99	17
100	107
101	65
102	4
103	17
104	110
105	69
106	11
107	98
108	93
109	53
110	60
111	75
112	86
113	118
114	169
115	50
116	33
117	65
118	102
119	131
120	85
121	14
122	94
123	193
124	121
125	147
126	48
127	176
128	100
129	45
130	153
131	133
132	37
133	115
134	108
135	95
136	3
137	54
138	184
139	128
140	18
141	91
142	36
143	25
144	179
145	114
146	45
147	155
148	116
149	11
150	119
151	171
152	41
153	110
154	92
155	49
156	29
157	79
158	70
159	100
160	182
161	136
162	189
163	3
164	88
165	20
166	43
167	59
168	193
169	34
170	80
171	183
172	129
173	95
174	102
175	126
176	85
177	141
178	146
179	151
180	18
181	38
182	46
183	189
184	70
185	149
186	124
187	42
188	199
189	196
190	112
191	194
192	178
193	22
194	109
195	40
196	72
197	86
198	44
199	81
200	78
201	120
202	130
203	56
204	80
205	93
206	5
207	166
208	171
209	113
210	127
211	64
212	152
213	19
214	165
215	26
216	50
217	156
218	180
219	6
220	87
221	124
222	34
223	143
224	32
225	116
226	101
227	200
228	89
229	148
230	192
231	200
232	104
233	1
234	33
235	1
236	151
237	158
238	59
239	77
240	194
241	146
242	96
243	43
244	84
245	101
246	123
247	111
248	117
249	21
250	61
251	32
252	79
253	82
254	28
255	105
256	125
257	89
258	106
259	168
260	8
261	199
262	198
263	163
264	107
265	168
266	55
267	4
268	22
269	187
270	133
271	131
272	7
273	13
274	149
275	74
276	120
277	158
278	103
279	153
280	21
281	137
282	30
283	74
284	55
285	184
286	138
287	72
288	44
289	66
290	91
291	186
292	46
293	135
294	16
295	14
296	77
297	164
298	150
299	138
300	64
301	23
302	27
303	62
304	177
305	103
306	19
307	13
308	84
309	134
310	177
311	76
312	164
313	196
314	183
315	52
316	58
317	111
318	130
319	58
320	96
321	191
322	139
323	68
324	36
325	129
326	160
327	154
328	31
329	195
330	135
331	191
332	97
333	8
334	25
335	159
336	16
337	10
338	127
339	181
340	76
341	145
342	104
343	167
344	187
345	28
346	172
347	140
348	186
349	140
350	137
351	188
352	144
353	24
354	112
355	31
356	73
357	88
358	128
359	147
360	176
361	35
362	62
363	159
364	182
365	30
366	188
367	99
368	68
369	90
370	139
371	73
372	172
373	161
374	26
375	41
376	97
377	144
378	181
379	166
380	167
381	75
382	195
383	157
384	170
385	10
386	143
387	123
388	83
389	71
390	54
391	83
392	175
393	67
394	109
395	71
396	175
397	169
398	157
399	134
400	67
