Class Times	8
Rooms	100
1	203
2	300
3	330
4	560
5	324
6	289
7	330
8	546
9	510
10	930
11	662
12	410
13	577
14	717
15	330
16	371
17	630
18	420
19	699
20	461
21	927
22	270
23	877
24	106
25	684
26	724
27	742
28	118
29	289
30	604
31	756
32	568
33	618
34	62
35	31
36	116
37	365
38	254
39	367
40	115
41	163
42	929
43	640
44	909
45	228
46	255
47	387
48	283
49	635
50	132
51	936
52	956
53	731
54	405
55	297
56	18
57	726
58	448
59	169
60	830
61	141
62	744
63	200
64	328
65	265
66	13
67	745
68	893
69	143
70	329
71	303
72	455
73	585
74	775
75	39
76	388
77	773
78	247
79	382
80	192
81	884
82	373
83	129
84	570
85	346
86	801
87	693
88	121
89	65
90	699
91	173
92	986
93	473
94	231
95	221
96	437
97	374
98	930
99	722
100	586
Classes	400
Teachers	200
1	16
2	140
3	94
4	182
5	47
6	73
7	142
8	179
9	136
10	148
11	181
12	134
13	167
14	46
15	24
16	80
17	193
18	151
19	111
20	88
21	52
22	25
23	166
24	113
25	17
26	92
27	139
28	4
29	200
30	173
31	165
32	198
33	62
34	41
35	49
36	165
37	82
38	122
39	134
40	141
41	37
42	140
43	3
44	85
45	154
46	180
47	58
48	116
49	42
50	102
51	45
52	65
53	28
54	176
55	197
56	74
57	79
58	143
59	88
60	42
61	191
62	46
63	30
64	14
65	156
66	123
67	111
68	64
69	158
70	124
71	68
72	168
73	21
74	172
75	136
76	143
77	66
78	44
79	29
80	171
81	85
82	100
83	96
84	115
85	125
86	152
87	182
88	51
89	99
90	195
91	196
92	94
93	175
94	79
95	50
96	86
97	188
98	13
99	184
100	69
101	183
102	56
103	1
104	60
105	102
106	150
107	200
108	65
109	12
110	142
111	72
112	156
113	179
114	62
115	121
116	166
117	44
118	160
119	53
120	93
121	105
122	99
123	195
124	23
125	106
126	22
127	24
128	171
129	96
130	69
131	3
132	30
133	125
134	39
135	184
136	114
137	109
138	137
139	28
140	127
141	129
142	87
143	144
144	52
145	121
146	149
147	197
148	57
149	154
150	130
151	32
152	49
153	87
154	56
155	73
156	191
157	74
158	199
159	57
160	129
161	75
162	9
163	188
164	169
165	78
166	193
167	178
168	8
169	180
170	77
171	189
172	152
173	47
174	147
175	135
176	103
177	5
178	7
179	126
180	155
181	110
182	80
183	116
184	16
185	40
186	84
187	119
188	115
189	120
190	82
191	137
192	2
193	31
194	198
195	54
196	81
197	150
198	104
199	183
200	41
201	76
202	168
203	34
204	91
205	186
206	54
207	86
208	189
209	5
210	194
211	25
212	53
213	29
214	174
215	187
216	176
217	12
218	131
219	164
220	38
221	118
222	45
223	146
224	153
225	112
226	38
227	31
228	7
229	172
230	23
231	66
232	9
233	192
234	55
235	83
236	40
237	122
238	175
239	64
240	133
241	17
242	58
243	159
244	37
245	159
246	133
247	173
248	145
249	187
250	155
251	90
252	51
253	178
254	163
255	147
256	33
257	19
258	162
259	19
260	34
261	108
262	194
263	83
264	6
265	128
266	185
267	75
268	93
269	126
270	146
271	1
272	169
273	63
274	153
275	14
276	149
277	157
278	127
279	100
280	139
281	105
282	98
283	144
284	67
285	118
286	135
287	192
288	68
289	158
290	112
291	84
292	130
293	120
294	32
295	70
296	67
297	21
298	123
299	103
300	199
301	10
302	50
303	13
304	110
305	181
306	163
307	138
308	138
309	174
310	26
311	108
312	63
313	177
314	11
315	196
316	117
317	186
318	117
319	78
320	20
321	106
322	95
323	2
324	22
325	26
326	91
327	148
328	11
329	48
330	157
331	160
332	71
333	119
334	72
335	27
336	15
337	20
338	39
339	4
340	92
341	170
342	164
343	190
344	33
345	177
346	10
347	43
348	113
349	131
350	60
351	81
352	170
353	145
354	8
355	55
356	107
357	76
358	107
359	71
360	132
361	15
362	98
363	48
364	167
365	132
366	95
367	89
368	27
369	89
370	97
371	124
372	114
373	59
374	36
375	161
376	109
377	141
378	61
379	185
380	59
381	162
382	36
383	61
384	101
385	161
386	151
387	190
388	97
389	6
390	104
391	35
392	43
393	90
394	70
395	35
396	77
397	101
398	128
399	18
400	18
