Class Times	8
Rooms	20
1	402
2	861
3	982
4	244
5	106
6	530
7	428
8	503
9	941
10	883
11	13
12	54
13	821
14	295
15	786
16	736
17	325
18	144
19	118
20	680
Classes	160
Teachers	80
1	33
2	25
3	13
4	6
5	69
6	65
7	55
8	43
9	36
10	60
11	77
12	26
13	10
14	18
15	46
16	44
17	56
18	46
19	68
20	4
21	30
22	21
23	21
24	36
25	25
26	12
27	69
28	64
29	11
30	71
31	78
32	17
33	9
34	56
35	49
36	6
37	79
38	67
39	78
40	50
41	28
42	2
43	74
44	5
45	10
46	29
47	20
48	74
49	42
50	80
51	42
52	9
53	76
54	50
55	3
56	2
57	41
58	23
59	55
60	38
61	75
62	73
63	52
64	71
65	64
66	49
67	11
68	57
69	61
70	80
71	31
72	12
73	57
74	65
75	47
76	53
77	67
78	29
79	77
80	26
81	66
82	76
83	13
84	24
85	30
86	7
87	22
88	16
89	15
90	3
91	7
92	72
93	62
94	5
95	14
96	51
97	70
98	68
99	44
100	18
101	61
102	28
103	32
104	19
105	4
106	53
107	58
108	59
109	19
110	48
111	20
112	51
113	8
114	27
115	48
116	15
117	32
118	37
119	47
120	27
121	1
122	41
123	31
124	39
125	16
126	43
127	60
128	22
129	37
130	35
131	17
132	54
133	70
134	79
135	72
136	59
137	66
138	33
139	8
140	35
141	73
142	14
143	39
144	24
145	54
146	38
147	58
148	1
149	34
150	63
151	52
152	45
153	75
154	63
155	23
156	45
157	40
158	34
159	62
160	40
