Class Times	8
Rooms	20
1	115
2	216
3	305
4	401
5	418
6	184
7	974
8	620
9	824
10	494
11	557
12	392
13	277
14	616
15	248
16	577
17	282
18	181
19	197
20	79
Classes	160
Teachers	80
1	80
2	8
3	28
4	15
5	80
6	29
7	62
8	18
9	31
10	71
11	75
12	3
13	74
14	73
15	16
16	33
17	13
18	43
19	48
20	76
21	37
22	19
23	1
24	12
25	54
26	73
27	1
28	76
29	48
30	9
31	35
32	7
33	67
34	20
35	8
36	18
37	50
38	72
39	32
40	31
41	64
42	46
43	63
44	72
45	34
46	69
47	74
48	19
49	6
50	53
51	20
52	65
53	6
54	60
55	13
56	30
57	68
58	3
59	55
60	65
61	39
62	57
63	57
64	33
65	79
66	36
67	68
68	47
69	69
70	59
71	75
72	37
73	24
74	12
75	51
76	71
77	25
78	51
79	30
80	4
81	32
82	15
83	70
84	17
85	55
86	49
87	66
88	66
89	39
90	5
91	67
92	77
93	38
94	25
95	27
96	49
97	35
98	38
99	27
100	42
101	52
102	34
103	17
104	79
105	29
106	50
107	61
108	28
109	2
110	21
111	41
112	70
113	40
114	2
115	24
116	52
117	11
118	54
119	61
120	56
121	64
122	56
123	16
124	9
125	62
126	42
127	23
128	4
129	45
130	22
131	7
132	5
133	10
134	14
135	36
136	77
137	44
138	47
139	44
140	60
141	78
142	43
143	41
144	23
145	26
146	21
147	22
148	63
149	59
150	78
151	11
152	26
153	45
154	58
155	58
156	53
157	40
158	14
159	10
160	46
