Class Times	8
Rooms	20
1	352
2	918
3	584
4	624
5	249
6	799
7	845
8	228
9	164
10	279
11	513
12	616
13	514
14	141
15	821
16	647
17	187
18	67
19	979
20	39
Classes	160
Teachers	80
1	20
2	78
3	33
4	24
5	52
6	35
7	14
8	71
9	33
10	52
11	5
12	7
13	79
14	29
15	45
16	68
17	68
18	25
19	67
20	76
21	15
22	19
23	53
24	24
25	29
26	55
27	74
28	57
29	47
30	28
31	78
32	64
33	27
34	64
35	76
36	69
37	13
38	50
39	8
40	6
41	50
42	2
43	31
44	38
45	74
46	44
47	11
48	21
49	57
50	40
51	46
52	8
53	45
54	60
55	39
56	21
57	60
58	31
59	5
60	58
61	44
62	53
63	67
64	10
65	49
66	54
67	10
68	69
69	1
70	23
71	14
72	11
73	3
74	34
75	43
76	37
77	30
78	43
79	7
80	16
81	51
82	18
83	36
84	32
85	27
86	37
87	30
88	13
89	71
90	20
91	38
92	2
93	40
94	23
95	36
96	47
97	66
98	25
99	17
100	26
101	16
102	77
103	4
104	22
105	70
106	19
107	77
108	42
109	18
110	42
111	3
112	51
113	73
114	72
115	55
116	4
117	48
118	56
119	73
120	15
121	1
122	41
123	54
124	41
125	35
126	58
127	63
128	34
129	48
130	46
131	12
132	72
133	22
134	26
135	61
136	63
137	32
138	59
139	56
140	79
141	39
142	28
143	80
144	62
145	12
146	65
147	9
148	59
149	80
150	66
151	62
152	17
153	9
154	70
155	65
156	75
157	49
158	6
159	61
160	75
