Class Times	8
Rooms	20
1	138
2	242
3	132
4	983
5	347
6	460
7	790
8	744
9	619
10	569
11	67
12	314
13	666
14	18
15	238
16	440
17	300
18	175
19	914
20	263
Classes	160
Teachers	80
1	41
2	79
3	14
4	8
5	37
6	15
7	45
8	63
9	37
10	21
11	3
12	51
13	6
14	68
15	53
16	76
17	70
18	28
19	77
20	51
21	63
22	26
23	53
24	62
25	48
26	21
27	6
28	10
29	36
30	70
31	65
32	13
33	7
34	73
35	9
36	43
37	9
38	11
39	18
40	38
41	79
42	17
43	55
44	33
45	64
46	38
47	49
48	25
49	23
50	40
51	34
52	59
53	31
54	62
55	61
56	7
57	45
58	48
59	80
60	69
61	58
62	69
63	14
64	36
65	20
66	59
67	68
68	71
69	49
70	41
71	43
72	64
73	8
74	23
75	34
76	5
77	77
78	26
79	15
80	52
81	31
82	24
83	12
84	29
85	60
86	3
87	28
88	1
89	71
90	58
91	13
92	46
93	10
94	47
95	22
96	25
97	60
98	12
99	29
100	42
101	33
102	50
103	74
104	54
105	50
106	67
107	17
108	5
109	20
110	35
111	19
112	16
113	74
114	22
115	46
116	73
117	61
118	52
119	67
120	55
121	42
122	35
123	57
124	78
125	39
126	19
127	66
128	54
129	56
130	76
131	66
132	72
133	56
134	57
135	11
136	72
137	80
138	4
139	2
140	30
141	4
142	1
143	39
144	44
145	30
146	78
147	47
148	24
149	44
150	40
151	2
152	16
153	18
154	65
155	75
156	75
157	32
158	32
159	27
160	27
