Class Times	8
Rooms	20
1	229
2	480
3	239
4	123
5	442
6	78
7	258
8	671
9	990
10	203
11	619
12	731
13	164
14	550
15	261
16	455
17	861
18	219
19	246
20	85
Classes	160
Teachers	80
1	75
2	14
3	53
4	41
5	37
6	30
7	41
8	46
9	57
10	35
11	2
12	76
13	15
14	33
15	25
16	56
17	42
18	20
19	38
20	12
21	72
22	6
23	57
24	59
25	55
26	64
27	67
28	48
29	18
30	42
31	68
32	23
33	77
34	32
35	27
36	13
37	20
38	36
39	26
40	23
41	66
42	68
43	54
44	63
45	52
46	26
47	36
48	27
49	77
50	1
51	5
52	74
53	66
54	52
55	29
56	1
57	17
58	75
59	16
60	16
61	76
62	46
63	6
64	13
65	31
66	10
67	65
68	40
69	28
70	21
71	33
72	63
73	22
74	31
75	74
76	64
77	34
78	35
79	59
80	5
81	34
82	29
83	73
84	70
85	44
86	56
87	70
88	24
89	2
90	60
91	71
92	14
93	18
94	49
95	61
96	73
97	45
98	19
99	28
100	80
101	78
102	39
103	3
104	61
105	25
106	19
107	78
108	15
109	50
110	55
111	72
112	30
113	49
114	62
115	44
116	10
117	7
118	45
119	7
120	9
121	62
122	60
123	21
124	11
125	17
126	48
127	8
128	69
129	43
130	9
131	11
132	79
133	58
134	43
135	37
136	8
137	54
138	67
139	24
140	47
141	53
142	69
143	38
144	22
145	32
146	40
147	58
148	79
149	80
150	47
151	71
152	4
153	51
154	65
155	3
156	4
157	12
158	39
159	50
160	51
