Class Times	8
Rooms	20
1	697
2	555
3	83
4	595
5	428
6	962
7	578
8	652
9	959
10	463
11	503
12	942
13	204
14	285
15	561
16	952
17	153
18	211
19	635
20	770
Classes	100
Teachers	50
1	11
2	13
3	25
4	19
5	34
6	41
7	47
8	42
9	13
10	37
11	41
12	39
13	1
14	32
15	25
16	20
17	19
18	12
19	49
20	45
21	9
22	34
23	8
24	20
25	38
26	12
27	7
28	33
29	17
30	35
31	30
32	42
33	24
34	16
35	43
36	15
37	1
38	10
39	35
40	48
41	22
42	5
43	32
44	5
45	18
46	43
47	37
48	44
49	28
50	14
51	48
52	6
53	38
54	28
55	50
56	24
57	46
58	7
59	15
60	16
61	17
62	2
63	9
64	44
65	30
66	47
67	40
68	21
69	3
70	11
71	36
72	36
73	2
74	4
75	14
76	29
77	3
78	4
79	50
80	31
81	22
82	49
83	18
84	6
85	10
86	31
87	39
88	8
89	21
90	26
91	27
92	40
93	46
94	45
95	29
96	33
97	26
98	23
99	23
100	27
