Class Times	8
Rooms	20
1	723
2	883
3	110
4	141
5	144
6	127
7	450
8	398
9	474
10	800
11	71
12	434
13	69
14	125
15	178
16	877
17	142
18	674
19	460
20	328
Classes	100
Teachers	50
1	49
2	5
3	6
4	10
5	35
6	49
7	37
8	25
9	20
10	33
11	17
12	29
13	50
14	23
15	29
16	25
17	26
18	33
19	2
20	12
21	35
22	39
23	44
24	17
25	2
26	22
27	19
28	50
29	48
30	21
31	45
32	38
33	3
34	37
35	7
36	1
37	7
38	42
39	18
40	18
41	1
42	42
43	20
44	48
45	21
46	36
47	12
48	22
49	40
50	9
51	31
52	11
53	46
54	16
55	40
56	31
57	32
58	11
59	5
60	10
61	13
62	43
63	41
64	45
65	43
66	47
67	27
68	38
69	16
70	47
71	39
72	13
73	23
74	6
75	3
76	4
77	9
78	19
79	8
80	32
81	34
82	24
83	44
84	26
85	14
86	46
87	4
88	14
89	41
90	34
91	27
92	15
93	28
94	28
95	15
96	24
97	8
98	36
99	30
100	30
