Class Times	8
Rooms	20
1	524
2	776
3	963
4	179
5	390
6	403
7	312
8	674
9	929
10	987
11	327
12	349
13	128
14	693
15	763
16	733
17	777
18	158
19	739
20	104
Classes	100
Teachers	50
1	27
2	17
3	29
4	1
5	43
6	34
7	31
8	6
9	4
10	20
11	9
12	5
13	44
14	7
15	2
16	29
17	19
18	39
19	19
20	41
21	30
22	46
23	31
24	6
25	4
26	48
27	35
28	1
29	38
30	8
31	32
32	45
33	9
34	32
35	46
36	37
37	34
38	25
39	33
40	13
41	20
42	16
43	7
44	22
45	36
46	24
47	38
48	41
49	21
50	22
51	24
52	21
53	27
54	15
55	30
56	42
57	2
58	47
59	17
60	42
61	23
62	28
63	36
64	33
65	10
66	25
67	5
68	50
69	11
70	45
71	26
72	50
73	40
74	12
75	8
76	48
77	47
78	37
79	3
80	18
81	44
82	39
83	40
84	28
85	13
86	14
87	12
88	14
89	16
90	26
91	11
92	18
93	3
94	23
95	43
96	35
97	15
98	49
99	10
100	49
