Class Times	8
Rooms	20
1	222
2	204
3	486
4	406
5	89
6	396
7	745
8	130
9	73
10	300
11	782
12	499
13	293
14	230
15	573
16	217
17	746
18	962
19	476
20	837
Classes	100
Teachers	50
1	37
2	37
3	47
4	13
5	36
6	18
7	11
8	26
9	27
10	43
11	43
12	12
13	22
14	12
15	50
16	31
17	23
18	6
19	11
20	30
21	39
22	14
23	24
24	7
25	13
26	24
27	14
28	10
29	5
30	49
31	28
32	16
33	36
34	20
35	30
36	31
37	42
38	40
39	48
40	34
41	9
42	46
43	38
44	47
45	10
46	49
47	42
48	35
49	3
50	5
51	34
52	22
53	25
54	4
55	41
56	2
57	27
58	46
59	26
60	20
61	28
62	38
63	35
64	41
65	44
66	15
67	15
68	7
69	39
70	16
71	40
72	3
73	29
74	4
75	50
76	18
77	45
78	25
79	23
80	17
81	29
82	8
83	21
84	48
85	9
86	2
87	8
88	44
89	45
90	17
91	6
92	21
93	1
94	33
95	19
96	1
97	33
98	32
99	32
100	19
