Class Times	8
Rooms	20
1	954
2	306
3	357
4	443
5	771
6	281
7	214
8	133
9	827
10	427
11	213
12	12
13	306
14	610
15	944
16	366
17	302
18	587
19	678
20	78
Classes	100
Teachers	50
1	37
2	38
3	31
4	12
5	41
6	40
7	40
8	47
9	17
10	18
11	16
12	1
13	29
14	26
15	24
16	36
17	17
18	27
19	9
20	46
21	46
22	48
23	8
24	42
25	32
26	25
27	23
28	22
29	43
30	33
31	27
32	41
33	42
34	11
35	4
36	47
37	19
38	20
39	39
40	23
41	37
42	5
43	14
44	10
45	2
46	49
47	24
48	11
49	12
50	29
51	22
52	7
53	9
54	48
55	49
56	36
57	20
58	19
59	39
60	18
61	30
62	8
63	38
64	26
65	13
66	34
67	45
68	14
69	31
70	32
71	13
72	5
73	45
74	2
75	44
76	25
77	21
78	34
79	3
80	50
81	15
82	35
83	21
84	4
85	33
86	50
87	43
88	7
89	15
90	6
91	44
92	30
93	6
94	28
95	35
96	28
97	3
98	16
99	1
100	10
