Students	500
1	30 62 16 48
2	26 8 61 69
3	87 82 11 68
4	85 50 19 33
5	28 58 48 23
6	84 25 90 40
7	26 50 9 83
8	65 55 96 56
9	72 86 69 37
10	56 80 85 70
11	1 81 73 86
12	40 99 27 100
13	65 2 41 69
14	14 29 54 23
15	82 45 33 42
16	100 52 82 5
17	99 45 81 4
18	57 4 28 7
19	17 94 68 93
20	70 83 23 89
21	12 43 47 46
22	99 3 57 24
23	71 10 66 82
24	48 100 16 86
25	59 29 54 10
26	5 79 1 83
27	58 91 77 59
28	86 81 14 49
29	16 29 33 62
30	63 13 43 39
31	67 22 24 42
32	33 99 84 97
33	37 75 32 71
34	8 92 63 40
35	56 21 35 11
36	56 65 98 86
37	48 15 6 71
38	53 38 52 82
39	53 27 2 49
40	13 48 12 35
41	46 48 57 71
42	75 37 53 14
43	13 85 7 76
44	32 48 5 42
45	22 11 20 49
46	64 75 55 38
47	93 45 37 30
48	34 22 37 71
49	47 69 96 16
50	49 96 83 56
51	75 3 82 92
52	1 67 86 70
53	13 90 44 35
54	12 58 43 20
55	61 31 12 23
56	42 27 72 35
57	54 97 87 34
58	41 21 43 12
59	35 75 64 48
60	96 49 73 6
61	63 49 44 70
62	58 41 40 78
63	67 91 57 71
64	4 91 14 50
65	10 15 39 78
66	86 48 92 79
67	94 52 36 65
68	29 1 19 40
69	89 8 21 46
70	47 80 65 68
71	94 18 76 56
72	6 32 25 52
73	36 63 2 57
74	63 8 31 20
75	9 61 73 51
76	62 75 43 86
77	81 61 97 35
78	83 95 15 64
79	86 25 90 52
80	25 94 38 82
81	38 23 7 55
82	12 75 46 86
83	83 47 50 46
84	62 20 17 45
85	90 78 14 82
86	80 37 22 77
87	96 60 83 89
88	48 65 44 13
89	68 6 65 43
90	57 87 34 18
91	100 77 14 64
92	93 7 11 91
93	23 16 94 39
94	59 6 60 98
95	76 64 61 11
96	76 78 68 31
97	39 9 60 17
98	91 11 16 86
99	74 39 77 57
100	65 81 50 100
101	83 40 29 87
102	30 19 42 96
103	4 55 68 13
104	93 22 100 4
105	34 20 98 1
106	87 56 22 93
107	9 85 100 67
108	23 41 8 28
109	92 11 56 2
110	33 78 14 80
111	76 52 25 5
112	63 19 74 48
113	62 1 11 35
114	71 80 83 48
115	63 18 30 60
116	72 34 91 83
117	74 45 5 84
118	97 61 71 51
119	17 99 64 58
120	20 2 23 93
121	11 2 78 57
122	36 87 88 29
123	87 21 73 48
124	36 66 43 1
125	66 37 81 23
126	88 6 96 84
127	66 4 63 7
128	41 53 80 84
129	91 39 65 32
130	10 5 56 63
131	26 71 40 9
132	58 42 48 45
133	21 68 7 45
134	73 36 72 8
135	69 38 100 97
136	43 96 11 17
137	33 55 90 53
138	21 56 4 97
139	20 22 35 96
140	14 41 29 71
141	30 4 84 14
142	82 68 34 36
143	78 9 76 50
144	1 64 66 13
145	9 3 34 95
146	25 55 66 86
147	17 81 1 6
148	8 18 16 38
149	96 70 85 73
150	69 36 64 20
151	45 2 79 59
152	19 92 72 76
153	88 5 23 2
154	65 92 42 43
155	60 92 97 39
156	79 80 77 44
157	45 51 9 56
158	17 31 55 22
159	72 37 12 5
160	28 73 100 2
161	4 58 37 1
162	30 97 65 9
163	68 37 21 60
164	74 41 64 33
165	22 43 67 64
166	47 78 46 63
167	26 25 34 86
168	55 18 20 41
169	39 10 69 35
170	75 9 40 92
171	61 25 78 82
172	52 50 82 98
173	65 91 10 92
174	84 88 13 42
175	96 68 50 42
176	9 91 41 76
177	63 11 6 87
178	65 50 4 22
179	32 62 55 3
180	17 83 61 33
181	83 54 2 6
182	29 77 10 91
183	72 7 48 69
184	23 85 17 4
185	64 52 96 91
186	24 75 31 100
187	75 2 89 21
188	18 14 92 7
189	13 9 63 52
190	22 95 54 45
191	38 71 80 30
192	8 45 30 100
193	9 85 56 63
194	80 60 98 69
195	23 31 75 32
196	95 55 35 44
197	20 71 16 37
198	56 55 72 94
199	100 71 86 12
200	11 17 47 87
201	23 33 13 6
202	46 40 92 16
203	82 44 40 84
204	40 35 82 37
205	19 12 43 33
206	50 55 13 68
207	44 14 78 63
208	32 58 1 81
209	16 73 36 48
210	47 98 61 26
211	5 47 17 7
212	30 25 14 4
213	13 67 31 51
214	78 48 22 89
215	70 32 53 91
216	39 11 47 54
217	90 77 60 85
218	84 46 6 28
219	12 18 35 48
220	41 93 56 35
221	59 11 93 34
222	13 24 80 42
223	31 7 65 14
224	88 67 66 20
225	40 20 48 27
226	7 87 42 90
227	2 20 33 14
228	10 100 42 11
229	76 29 61 43
230	38 75 66 65
231	1 6 14 57
232	95 4 17 97
233	84 27 66 71
234	67 82 63 48
235	53 94 72 34
236	45 54 50 78
237	11 53 41 50
238	26 89 20 58
239	63 83 44 30
240	21 99 78 55
241	62 59 15 93
242	50 41 18 68
243	11 34 19 6
244	9 36 73 24
245	87 58 42 84
246	28 92 46 71
247	14 3 20 2
248	85 39 48 93
249	62 78 80 96
250	26 74 52 12
251	11 22 49 67
252	59 66 52 26
253	5 70 48 60
254	10 81 7 9
255	9 42 71 30
256	26 94 43 99
257	1 60 32 87
258	80 68 67 47
259	81 58 26 45
260	57 41 52 88
261	32 33 69 43
262	82 100 61 6
263	34 11 18 93
264	89 53 50 38
265	85 39 99 65
266	21 45 53 70
267	33 99 26 31
268	7 12 55 44
269	90 28 15 92
270	3 88 24 13
271	53 54 67 65
272	38 95 87 50
273	64 47 46 35
274	6 93 67 66
275	15 72 18 10
276	21 19 50 23
277	34 64 6 69
278	58 18 38 61
279	22 17 49 73
280	28 27 30 61
281	56 31 97 94
282	44 36 42 70
283	3 10 46 78
284	73 98 70 8
285	91 78 48 5
286	88 25 50 75
287	33 30 61 41
288	67 57 47 38
289	68 72 46 95
290	86 6 82 87
291	67 59 3 80
292	54 10 3 28
293	86 69 38 87
294	43 25 99 95
295	51 77 92 48
296	66 38 99 39
297	94 14 71 47
298	10 45 54 44
299	44 45 21 6
300	16 40 95 20
301	90 76 2 27
302	15 19 94 76
303	77 26 36 2
304	51 55 62 90
305	31 10 63 2
306	2 31 79 41
307	92 12 18 63
308	70 43 16 89
309	33 27 17 65
310	17 95 69 49
311	97 92 79 62
312	43 18 33 97
313	71 85 43 87
314	12 68 67 5
315	63 68 93 92
316	33 21 69 57
317	90 4 79 85
318	45 97 10 93
319	11 4 75 36
320	80 34 50 72
321	97 43 68 93
322	75 33 10 35
323	96 97 55 48
324	65 51 71 12
325	72 52 40 70
326	79 73 81 69
327	4 53 18 47
328	37 31 88 44
329	6 7 31 47
330	17 72 86 65
331	6 5 17 53
332	86 6 84 71
333	43 78 39 56
334	19 58 73 68
335	77 27 49 61
336	10 8 9 77
337	71 18 16 84
338	62 83 9 33
339	34 91 94 84
340	86 32 66 92
341	29 21 60 66
342	65 37 10 51
343	99 63 5 68
344	44 51 37 75
345	46 65 67 28
346	32 94 72 34
347	69 86 13 50
348	100 57 45 73
349	32 28 31 57
350	63 87 2 95
351	58 52 32 74
352	46 54 30 48
353	82 37 39 8
354	69 4 87 41
355	68 86 50 81
356	5 49 16 48
357	83 26 73 2
358	92 2 84 59
359	42 100 13 20
360	74 84 14 23
361	80 20 78 87
362	91 15 47 86
363	67 79 46 68
364	84 92 79 75
365	25 20 90 86
366	45 65 40 73
367	30 82 12 35
368	7 30 13 73
369	34 66 97 30
370	6 57 68 94
371	3 58 11 44
372	94 83 97 67
373	19 5 70 15
374	6 59 39 20
375	100 12 96 2
376	8 69 89 39
377	15 47 73 10
378	21 19 23 77
379	89 98 11 55
380	92 2 85 93
381	53 57 31 26
382	4 74 35 46
383	2 52 93 30
384	19 93 82 15
385	35 82 51 56
386	76 79 6 82
387	32 16 62 64
388	5 59 24 90
389	38 26 18 48
390	84 60 43 26
391	17 48 31 23
392	30 98 46 40
393	71 84 25 85
394	28 81 4 93
395	89 71 47 45
396	55 70 20 60
397	66 78 83 37
398	72 54 17 65
399	78 92 53 16
400	42 46 37 60
401	31 93 49 46
402	18 95 8 15
403	96 42 71 79
404	85 10 94 15
405	64 26 81 16
406	68 73 55 64
407	76 81 24 50
408	55 61 52 38
409	81 84 7 76
410	82 45 53 93
411	18 64 71 5
412	98 30 27 63
413	41 19 83 34
414	15 18 64 77
415	71 92 5 89
416	54 80 41 37
417	53 1 40 2
418	69 42 5 25
419	74 30 64 9
420	40 91 80 21
421	73 78 64 95
422	20 81 14 79
423	80 9 5 14
424	64 80 93 59
425	97 12 40 64
426	3 18 35 57
427	14 100 15 90
428	46 74 13 99
429	59 33 96 22
430	53 75 19 1
431	93 15 62 16
432	56 2 51 15
433	87 63 42 71
434	18 34 28 44
435	55 56 85 46
436	56 94 75 70
437	31 63 5 8
438	71 75 32 20
439	29 98 18 72
440	33 97 41 22
441	70 38 48 67
442	14 56 53 96
443	47 22 20 69
444	33 21 3 2
445	10 47 42 67
446	20 60 34 57
447	64 23 70 13
448	74 45 68 87
449	15 5 97 33
450	7 51 76 83
451	45 100 11 47
452	55 39 2 20
453	28 52 34 65
454	24 47 8 94
455	14 77 85 52
456	51 23 78 16
457	60 99 32 28
458	82 64 52 14
459	36 100 86 9
460	83 22 26 99
461	43 79 53 95
462	12 75 82 94
463	86 11 4 100
464	33 85 5 99
465	2 28 38 5
466	17 74 84 18
467	49 36 95 84
468	60 93 50 16
469	70 23 2 79
470	47 87 14 18
471	37 16 35 15
472	29 67 3 64
473	55 16 25 34
474	14 31 18 45
475	42 13 49 10
476	3 42 62 69
477	64 25 37 12
478	16 24 83 87
479	8 20 61 71
480	28 64 78 75
481	82 48 38 26
482	55 32 46 79
483	7 19 79 41
484	56 89 90 34
485	12 43 84 35
486	95 51 39 77
487	53 99 84 70
488	80 99 82 87
489	63 48 14 32
490	6 71 67 78
491	70 76 30 92
492	40 26 91 52
493	52 25 63 22
494	99 33 80 18
495	27 10 50 83
496	47 79 95 77
497	95 36 90 99
498	71 70 50 3
499	54 50 29 25
500	81 23 63 93
