Students	500
1	28 98 14 25
2	41 56 58 72
3	45 100 64 5
4	77 14 81 54
5	39 60 18 96
6	64 84 98 10
7	22 95 11 75
8	71 27 13 52
9	91 64 3 34
10	51 5 23 16
11	27 53 41 62
12	3 100 33 35
13	9 71 57 38
14	28 19 4 36
15	70 97 38 100
16	17 14 2 11
17	37 12 43 83
18	61 83 18 39
19	13 56 21 58
20	34 48 86 70
21	73 97 34 35
22	54 88 66 89
23	40 34 26 13
24	36 88 62 7
25	25 68 91 27
26	35 93 16 61
27	83 96 42 44
28	55 39 64 54
29	24 74 82 36
30	88 67 53 79
31	7 13 73 38
32	19 37 69 71
33	54 74 13 24
34	56 84 15 53
35	19 20 12 3
36	77 25 73 72
37	64 59 12 24
38	42 67 31 81
39	67 91 47 94
40	81 76 19 96
41	57 34 28 73
42	67 16 73 30
43	24 45 71 10
44	52 8 11 24
45	24 18 46 1
46	44 66 4 93
47	82 62 34 99
48	56 3 63 84
49	50 84 10 32
50	65 64 91 13
51	40 78 100 63
52	89 18 27 39
53	64 88 20 38
54	36 58 54 18
55	29 26 63 2
56	56 6 7 86
57	41 99 31 82
58	45 88 48 13
59	58 80 100 59
60	13 26 20 3
61	18 12 88 54
62	57 91 69 34
63	76 55 14 77
64	13 78 6 32
65	88 77 72 28
66	15 96 71 77
67	84 77 27 80
68	87 25 60 96
69	31 30 39 93
70	90 71 2 24
71	94 26 93 80
72	73 72 5 36
73	17 100 87 25
74	95 11 64 61
75	81 27 93 100
76	59 53 60 25
77	17 84 66 44
78	35 59 4 68
79	48 87 91 64
80	62 60 22 63
81	88 11 30 29
82	85 9 95 5
83	10 35 16 28
84	13 27 42 97
85	31 62 96 74
86	19 38 83 48
87	62 3 88 66
88	16 76 58 12
89	14 1 46 3
90	37 45 90 40
91	11 63 98 27
92	2 85 29 92
93	27 30 3 91
94	47 17 96 58
95	57 11 32 31
96	5 25 60 50
97	10 96 60 44
98	29 38 68 15
99	71 49 68 62
100	25 87 38 64
101	58 84 40 45
102	62 9 82 55
103	5 17 12 91
104	47 90 2 92
105	12 92 20 66
106	93 58 56 90
107	24 82 39 23
108	42 41 17 20
109	76 52 7 99
110	40 15 9 48
111	68 62 49 69
112	85 39 96 23
113	86 47 1 46
114	68 31 49 45
115	95 33 70 44
116	83 76 36 64
117	22 2 63 30
118	15 96 19 68
119	63 99 56 85
120	83 10 27 53
121	25 58 80 65
122	58 84 69 11
123	14 61 43 87
124	64 51 80 35
125	78 13 92 15
126	57 81 30 71
127	81 63 48 11
128	44 27 36 22
129	6 3 58 80
130	48 95 8 100
131	93 34 27 47
132	94 63 42 46
133	39 42 34 52
134	47 76 15 89
135	66 22 1 98
136	95 2 58 93
137	57 79 8 64
138	97 95 42 34
139	70 66 22 93
140	21 25 67 62
141	54 27 25 86
142	39 42 21 26
143	19 21 37 58
144	96 22 25 29
145	16 20 41 27
146	25 73 63 6
147	7 38 15 79
148	45 44 90 66
149	63 57 4 30
150	26 52 96 58
151	50 26 29 74
152	10 53 4 91
153	6 7 20 96
154	37 5 61 56
155	50 87 45 95
156	71 55 33 22
157	47 60 13 62
158	56 33 24 83
159	4 62 73 36
160	21 15 4 64
161	23 48 81 92
162	75 69 46 60
163	84 53 98 34
164	77 12 83 30
165	81 36 86 66
166	64 12 70 38
167	18 87 22 92
168	17 70 46 9
169	97 27 2 85
170	13 50 31 2
171	85 86 62 45
172	99 2 91 67
173	87 84 17 57
174	72 73 60 77
175	46 25 64 40
176	65 84 75 53
177	9 19 36 45
178	66 61 50 43
179	58 73 51 93
180	34 60 6 63
181	90 60 37 62
182	21 1 67 37
183	10 45 92 3
184	39 96 40 3
185	38 7 54 37
186	99 61 10 46
187	12 11 24 19
188	30 80 37 2
189	54 15 5 9
190	17 64 18 55
191	40 62 41 27
192	38 22 93 78
193	93 11 88 89
194	46 32 27 79
195	30 79 58 55
196	16 19 12 17
197	55 43 70 53
198	42 83 28 35
199	57 47 9 10
200	71 94 42 35
201	67 100 15 57
202	68 9 6 65
203	67 7 48 55
204	49 43 66 13
205	79 2 90 97
206	33 46 12 24
207	24 46 64 50
208	57 81 56 86
209	95 45 53 89
210	13 1 89 49
211	93 58 9 28
212	17 83 45 75
213	30 100 3 33
214	83 57 61 97
215	3 34 91 66
216	25 51 4 45
217	47 36 14 7
218	34 58 67 52
219	49 74 45 11
220	85 3 11 56
221	28 94 23 69
222	50 12 19 20
223	71 58 62 30
224	64 57 30 9
225	31 4 92 98
226	49 45 1 23
227	14 67 46 40
228	47 16 56 96
229	70 25 48 50
230	18 94 64 65
231	97 65 2 63
232	37 22 19 55
233	15 98 71 3
234	89 93 75 26
235	24 14 100 75
236	75 74 91 32
237	77 45 67 79
238	98 79 76 43
239	11 74 58 35
240	51 48 13 32
241	39 30 100 54
242	65 14 69 1
243	56 18 86 37
244	22 100 38 66
245	91 30 86 78
246	16 72 27 15
247	7 73 67 14
248	97 75 85 55
249	7 84 34 15
250	3 86 7 94
251	73 39 24 11
252	91 45 26 34
253	32 86 9 4
254	13 11 30 42
255	10 43 79 35
256	63 53 56 26
257	32 67 88 30
258	78 16 87 24
259	58 89 44 34
260	61 7 49 33
261	74 25 66 5
262	85 95 16 63
263	38 92 64 52
264	58 37 25 29
265	72 44 49 70
266	44 91 83 67
267	5 83 37 59
268	44 55 32 77
269	80 82 31 86
270	25 47 94 20
271	32 7 92 96
272	7 23 80 35
273	23 10 32 34
274	33 16 4 91
275	67 10 60 35
276	99 67 57 7
277	19 5 9 42
278	82 93 44 30
279	36 76 49 85
280	75 59 8 29
281	3 73 2 86
282	20 90 60 44
283	7 44 91 3
284	59 69 42 97
285	26 38 61 22
286	15 80 45 79
287	32 39 26 76
288	79 35 86 67
289	30 50 58 54
290	15 64 5 19
291	71 49 88 65
292	27 29 99 92
293	84 3 29 34
294	49 88 69 18
295	5 25 100 14
296	87 9 18 94
297	24 94 33 31
298	38 78 91 14
299	100 52 85 49
300	76 30 100 80
301	73 91 24 67
302	63 16 91 65
303	71 28 17 50
304	67 25 39 76
305	25 81 14 91
306	27 11 12 21
307	12 57 97 7
308	46 97 23 15
309	76 69 1 60
310	27 55 71 20
311	5 80 52 45
312	34 4 29 71
313	88 35 8 5
314	65 43 11 44
315	86 47 73 13
316	24 66 41 100
317	11 15 72 100
318	81 75 31 83
319	40 38 45 27
320	4 15 13 56
321	31 10 4 86
322	76 87 57 33
323	69 9 100 30
324	9 17 55 1
325	6 36 9 79
326	77 32 13 24
327	33 94 89 20
328	35 13 59 2
329	58 18 36 87
330	14 89 16 24
331	41 91 57 8
332	8 63 58 47
333	71 8 75 21
334	45 37 28 82
335	97 5 58 87
336	70 45 75 52
337	30 76 74 6
338	85 38 42 18
339	58 23 78 25
340	31 100 72 84
341	41 11 82 15
342	61 12 56 38
343	5 30 77 24
344	3 2 84 80
345	49 86 34 41
346	4 59 86 89
347	37 82 43 83
348	31 76 12 32
349	6 41 55 40
350	79 56 44 80
351	27 57 80 65
352	13 99 1 53
353	99 86 14 87
354	65 54 43 49
355	48 52 55 73
356	100 10 68 2
357	38 26 42 17
358	87 77 15 91
359	45 67 86 99
360	99 73 19 77
361	12 45 17 3
362	15 94 7 91
363	60 100 68 51
364	15 93 76 89
365	94 61 28 66
366	79 32 58 18
367	62 74 80 6
368	81 79 84 19
369	27 39 38 79
370	83 81 9 24
371	50 87 7 76
372	97 95 62 17
373	93 59 24 23
374	87 7 38 52
375	18 77 100 29
376	49 84 58 91
377	78 7 68 58
378	97 43 70 25
379	70 91 44 69
380	58 37 62 65
381	21 65 41 73
382	79 76 10 48
383	56 8 62 5
384	67 1 76 82
385	94 61 71 53
386	84 9 34 54
387	45 93 2 23
388	85 30 38 48
389	32 14 99 2
390	87 89 16 23
391	58 30 47 6
392	79 80 31 97
393	55 9 78 43
394	38 16 100 50
395	3 45 55 74
396	97 26 25 2
397	89 57 7 11
398	81 27 43 32
399	99 23 93 90
400	93 20 87 67
401	34 15 14 95
402	99 77 37 73
403	25 37 8 12
404	83 1 48 52
405	91 11 46 55
406	5 72 83 65
407	84 11 72 98
408	97 78 89 64
409	78 62 83 22
410	83 26 44 59
411	66 48 64 88
412	73 64 49 10
413	98 13 91 24
414	21 97 35 57
415	23 44 82 18
416	5 56 69 7
417	2 36 68 3
418	72 28 32 16
419	88 48 98 31
420	53 56 21 100
421	78 80 69 5
422	43 4 18 45
423	4 55 95 100
424	50 5 99 10
425	68 38 96 55
426	1 84 82 11
427	43 53 52 73
428	95 65 47 43
429	75 90 97 65
430	38 92 46 5
431	44 32 64 100
432	100 64 75 10
433	23 40 14 29
434	38 66 96 45
435	72 44 12 17
436	29 5 84 43
437	76 30 62 90
438	42 90 22 86
439	3 81 24 85
440	55 87 80 19
441	40 39 38 4
442	96 69 3 80
443	79 84 94 6
444	20 5 70 17
445	95 63 90 30
446	36 23 2 81
447	20 41 74 70
448	11 73 62 25
449	53 97 6 40
450	2 39 46 25
451	93 23 32 100
452	64 67 48 56
453	62 39 11 45
454	52 71 64 68
455	52 62 37 49
456	5 68 36 21
457	8 50 13 32
458	86 91 92 38
459	17 51 97 16
460	22 70 96 71
461	95 49 93 38
462	95 59 87 71
463	16 26 78 67
464	33 52 84 74
465	9 99 64 1
466	92 29 68 67
467	56 37 16 58
468	78 74 57 24
469	89 33 74 82
470	83 68 81 48
471	5 78 23 99
472	73 3 55 95
473	26 60 34 29
474	42 23 100 61
475	75 42 32 94
476	91 55 16 95
477	14 6 94 92
478	19 36 1 52
479	56 33 60 24
480	47 13 97 55
481	89 76 8 54
482	15 58 77 34
483	25 94 16 38
484	4 72 86 6
485	65 17 18 21
486	11 79 34 51
487	63 33 86 96
488	59 15 36 53
489	81 54 22 59
490	89 59 69 43
491	61 99 85 34
492	20 56 61 76
493	77 91 35 13
494	43 29 42 80
495	35 47 37 79
496	1 69 5 50
497	11 73 35 97
498	100 60 5 91
499	85 36 38 19
500	41 49 87 75
