Students	500
1	79 5 30 100
2	12 56 89 46
3	44 28 7 93
4	68 80 30 81
5	86 31 82 83
6	14 83 54 73
7	77 36 58 23
8	3 91 41 38
9	73 6 41 30
10	16 73 32 46
11	54 22 45 76
12	3 71 37 56
13	56 57 13 44
14	37 27 26 95
15	36 68 85 70
16	71 60 48 10
17	15 79 89 58
18	43 87 61 23
19	55 46 8 44
20	16 21 69 2
21	29 70 28 20
22	3 33 10 18
23	73 48 55 49
24	49 60 70 1
25	21 4 100 74
26	33 87 39 36
27	60 67 55 81
28	28 42 67 95
29	100 91 97 95
30	62 37 13 59
31	6 59 63 53
32	62 17 74 59
33	51 43 9 70
34	35 98 57 89
35	85 96 37 27
36	96 28 26 16
37	32 65 85 46
38	84 82 83 14
39	20 77 38 62
40	56 95 27 30
41	58 87 79 78
42	97 82 45 8
43	60 25 14 69
44	68 54 64 45
45	34 4 79 31
46	91 4 63 100
47	8 30 89 65
48	30 31 7 90
49	18 94 50 19
50	6 46 90 48
51	53 61 44 83
52	51 68 30 36
53	34 87 6 82
54	24 58 36 61
55	44 95 54 76
56	2 30 88 36
57	28 92 18 83
58	60 61 79 29
59	42 60 57 58
60	80 60 26 40
61	8 12 98 56
62	86 93 66 71
63	52 5 64 11
64	20 33 46 29
65	17 93 4 75
66	98 89 100 81
67	53 33 44 43
68	94 92 28 24
69	27 52 10 34
70	43 51 78 11
71	25 62 31 89
72	1 49 9 62
73	50 64 19 37
74	27 80 60 35
75	92 21 33 11
76	66 88 56 84
77	57 89 16 41
78	78 86 26 6
79	48 38 85 53
80	65 26 68 51
81	71 28 19 18
82	19 32 60 48
83	78 59 87 52
84	18 27 3 98
85	45 1 32 33
86	35 41 40 76
87	22 46 43 64
88	30 1 37 73
89	61 35 21 64
90	90 46 31 26
91	25 84 24 63
92	61 88 42 9
93	91 7 25 57
94	76 4 19 2
95	75 41 27 87
96	5 21 8 63
97	36 98 66 20
98	55 62 40 6
99	47 49 38 9
100	45 34 11 46
101	61 8 1 31
102	69 84 65 11
103	82 31 98 65
104	3 94 47 70
105	63 74 97 82
106	18 24 65 48
107	6 54 19 61
108	88 66 55 95
109	21 68 64 92
110	58 29 84 38
111	24 91 39 38
112	58 24 11 15
113	27 84 66 96
114	96 92 83 2
115	34 10 15 69
116	53 40 79 70
117	86 72 13 64
118	99 72 84 92
119	8 87 81 29
120	79 6 19 92
121	31 58 54 98
122	5 93 47 10
123	54 78 22 69
124	89 38 41 97
125	11 25 4 83
126	33 4 31 40
127	53 70 47 73
128	95 26 62 39
129	94 39 13 38
130	78 91 8 56
131	88 52 66 16
132	6 90 78 86
133	70 17 69 20
134	9 48 78 62
135	56 87 1 14
136	93 95 19 78
137	56 98 28 26
138	97 60 5 70
139	96 64 13 89
140	17 26 21 1
141	89 29 36 78
142	84 39 51 31
143	19 97 30 58
144	77 2 55 88
145	96 47 30 26
146	51 54 2 72
147	12 25 7 72
148	43 91 44 6
149	10 15 70 63
150	37 32 46 5
151	32 84 50 27
152	24 4 6 94
153	3 86 75 37
154	26 43 85 19
155	51 35 23 41
156	93 4 23 92
157	25 35 98 6
158	59 90 34 5
159	84 95 26 61
160	83 5 48 16
161	75 18 34 31
162	8 84 54 1
163	15 67 1 94
164	86 54 33 37
165	14 88 54 41
166	67 16 7 78
167	61 16 62 21
168	82 30 84 42
169	11 46 5 84
170	17 71 32 87
171	65 74 77 61
172	87 56 54 76
173	37 22 73 91
174	96 5 9 69
175	82 78 65 68
176	10 49 45 76
177	58 81 86 78
178	24 16 17 57
179	69 72 82 75
180	67 53 76 70
181	84 91 56 97
182	54 31 85 45
183	17 3 31 40
184	78 89 97 75
185	50 91 3 36
186	13 53 29 31
187	40 50 8 76
188	55 82 69 94
189	74 35 18 24
190	12 86 65 91
191	87 33 60 83
192	59 97 90 68
193	67 100 1 51
194	57 74 10 25
195	74 86 73 40
196	78 18 84 6
197	37 10 53 69
198	37 88 90 81
199	66 21 34 47
200	22 30 19 68
201	35 82 27 20
202	1 24 38 8
203	5 39 3 88
204	95 59 17 94
205	22 78 6 76
206	19 33 23 51
207	69 64 76 51
208	84 3 35 99
209	47 81 84 16
210	13 73 52 55
211	94 63 66 39
212	6 9 42 39
213	12 40 89 36
214	31 19 96 79
215	23 35 28 39
216	13 11 25 72
217	50 21 89 48
218	93 46 63 70
219	37 65 21 98
220	42 91 82 45
221	82 83 64 60
222	57 52 6 8
223	98 32 14 43
224	88 35 48 28
225	59 26 2 30
226	25 45 40 53
227	39 4 50 59
228	38 53 3 7
229	36 26 58 54
230	3 17 80 39
231	41 80 84 36
232	32 59 9 44
233	12 95 66 68
234	21 52 78 49
235	83 94 37 4
236	6 33 81 31
237	95 38 91 81
238	32 91 35 49
239	66 57 82 22
240	53 83 62 70
241	59 20 49 19
242	79 53 80 27
243	62 82 46 96
244	92 80 58 27
245	50 26 99 97
246	45 15 65 31
247	3 34 42 32
248	18 98 19 70
249	5 23 81 8
250	60 2 94 24
251	63 77 53 61
252	27 67 54 64
253	49 18 79 77
254	4 41 98 1
255	40 90 61 34
256	9 14 43 7
257	17 30 65 81
258	71 58 89 6
259	41 72 87 6
260	47 29 56 30
261	35 97 70 11
262	59 47 82 74
263	97 40 71 53
264	87 79 89 40
265	61 5 13 38
266	51 99 80 16
267	59 23 31 60
268	80 44 52 57
269	77 31 34 12
270	50 39 53 17
271	3 20 28 49
272	37 61 28 47
273	2 17 88 46
274	29 40 68 90
275	11 49 9 57
276	69 19 53 86
277	47 62 56 46
278	72 81 99 41
279	46 27 78 60
280	17 67 89 97
281	32 47 30 15
282	65 20 53 70
283	46 97 10 89
284	19 4 61 87
285	54 94 38 11
286	15 84 48 62
287	44 31 8 47
288	56 67 38 77
289	35 54 9 59
290	36 61 10 100
291	40 14 98 21
292	9 65 3 53
293	49 51 92 48
294	18 22 51 3
295	66 58 2 24
296	85 13 34 39
297	37 83 99 72
298	14 33 44 92
299	36 72 39 44
300	91 65 100 14
301	72 5 38 16
302	46 8 57 53
303	89 72 74 40
304	39 40 23 24
305	16 78 48 43
306	71 52 17 12
307	98 62 26 68
308	53 22 94 88
309	29 48 64 2
310	94 30 56 52
311	42 20 31 60
312	14 2 46 41
313	42 67 18 17
314	98 78 33 69
315	60 40 52 13
316	44 30 67 88
317	18 3 83 31
318	13 79 37 49
319	100 35 82 63
320	11 9 97 35
321	12 7 78 46
322	42 63 81 84
323	13 11 79 14
324	71 21 41 72
325	47 19 3 60
326	71 26 37 76
327	14 2 81 92
328	99 12 62 51
329	87 94 100 21
330	10 51 67 37
331	87 80 31 33
332	12 22 16 18
333	47 89 79 75
334	60 98 36 45
335	87 30 84 90
336	30 41 22 78
337	33 41 21 22
338	79 1 72 89
339	79 92 1 51
340	80 97 40 25
341	1 52 45 29
342	59 30 14 50
343	4 38 39 90
344	85 33 58 38
345	44 79 51 93
346	66 57 52 24
347	65 18 58 40
348	98 70 31 97
349	29 74 75 7
350	26 78 21 83
351	89 91 90 55
352	89 85 19 99
353	13 4 22 68
354	49 77 6 15
355	9 39 59 71
356	39 6 69 37
357	45 63 8 34
358	38 59 11 57
359	12 36 42 41
360	33 19 82 77
361	39 13 60 99
362	46 41 70 79
363	63 64 50 70
364	88 59 68 75
365	58 18 90 21
366	23 40 50 1
367	61 7 91 63
368	62 18 36 9
369	2 25 33 78
370	90 26 91 15
371	11 87 36 78
372	61 51 60 65
373	35 15 38 33
374	65 50 75 59
375	97 16 98 58
376	2 22 13 3
377	39 20 11 19
378	21 88 7 9
379	31 54 22 51
380	36 44 23 56
381	29 53 86 75
382	77 91 35 14
383	94 28 5 86
384	44 73 11 95
385	68 17 89 74
386	84 100 31 36
387	78 4 94 43
388	54 48 13 37
389	70 83 62 46
390	40 26 13 76
391	65 4 72 43
392	49 61 16 92
393	83 54 69 52
394	42 7 80 98
395	27 90 26 36
396	59 17 50 78
397	90 36 93 2
398	52 98 76 92
399	15 72 77 68
400	72 13 7 36
401	69 100 97 5
402	53 47 23 20
403	57 20 86 46
404	84 44 100 37
405	93 11 23 86
406	97 66 76 46
407	15 60 93 46
408	82 14 68 61
409	79 38 30 26
410	94 8 96 52
411	52 6 40 27
412	49 17 87 83
413	1 82 3 93
414	82 99 44 78
415	8 60 86 40
416	100 8 59 1
417	26 93 98 86
418	75 85 37 35
419	88 55 15 51
420	14 78 94 49
421	52 84 100 90
422	98 30 20 61
423	99 20 21 93
424	89 29 40 7
425	79 91 63 97
426	62 30 52 61
427	93 33 29 19
428	72 52 28 87
429	31 1 70 42
430	21 26 6 56
431	20 66 71 74
432	94 74 50 25
433	10 76 7 62
434	7 18 100 63
435	82 64 45 37
436	24 20 50 76
437	90 34 30 26
438	91 100 15 48
439	97 20 96 44
440	67 40 15 13
441	91 92 87 59
442	51 63 58 61
443	87 46 88 63
444	55 28 3 27
445	49 62 42 33
446	30 40 39 9
447	86 76 80 11
448	31 14 46 85
449	13 84 67 76
450	25 87 99 18
451	75 63 79 86
452	82 47 67 69
453	73 3 92 84
454	20 85 55 98
455	34 62 12 65
456	71 60 64 46
457	52 58 14 49
458	14 94 31 22
459	72 66 32 59
460	70 69 32 88
461	94 79 34 64
462	48 51 3 71
463	8 90 19 86
464	29 13 81 84
465	84 59 90 7
466	24 20 86 78
467	89 10 64 37
468	69 76 50 22
469	18 55 54 61
470	95 10 59 28
471	88 8 4 10
472	93 50 100 89
473	11 48 13 73
474	100 4 49 52
475	49 13 34 9
476	96 62 6 12
477	63 67 45 75
478	35 100 68 29
479	29 32 82 54
480	28 23 86 9
481	59 44 94 21
482	27 12 46 82
483	89 29 83 18
484	33 57 50 8
485	83 96 18 81
486	72 93 63 29
487	57 47 3 98
488	31 29 76 4
489	82 77 19 33
490	86 51 4 66
491	34 82 77 17
492	50 43 24 21
493	45 85 59 3
494	12 22 88 84
495	19 87 39 59
496	4 83 93 64
497	22 31 6 11
498	1 22 19 93
499	27 16 95 9
500	71 89 65 36
