Students	500
1	89 71 8 61
2	8 94 52 56
3	66 37 94 7
4	21 19 53 71
5	65 18 22 33
6	3 8 22 1
7	99 14 54 56
8	76 18 56 50
9	48 47 99 82
10	87 20 31 12
11	19 6 42 38
12	19 21 97 18
13	62 93 65 33
14	9 75 42 8
15	76 4 24 26
16	15 40 67 56
17	60 1 25 28
18	69 60 11 53
19	73 18 67 11
20	84 28 95 54
21	10 50 51 88
22	5 9 86 58
23	55 90 4 26
24	45 35 11 42
25	89 27 22 16
26	78 45 62 23
27	23 37 1 30
28	13 39 87 74
29	75 31 45 66
30	77 13 51 52
31	59 90 25 70
32	66 30 76 54
33	38 34 26 31
34	93 19 64 13
35	16 77 66 71
36	82 95 58 57
37	9 23 1 77
38	51 95 2 9
39	51 47 63 54
40	14 70 45 44
41	92 91 7 90
42	89 29 25 71
43	35 1 98 5
44	3 68 58 78
45	58 50 20 90
46	51 13 2 100
47	31 29 8 70
48	47 90 63 27
49	98 57 14 96
50	19 59 73 33
51	23 76 96 93
52	53 25 75 24
53	67 61 74 37
54	30 74 7 58
55	41 56 68 46
56	96 7 60 88
57	16 11 68 5
58	84 37 78 72
59	9 72 13 46
60	12 13 18 2
61	81 43 15 10
62	30 83 79 97
63	28 91 95 53
64	58 63 92 69
65	11 6 100 5
66	79 15 72 44
67	93 50 77 20
68	28 83 84 57
69	82 1 53 57
70	11 4 18 73
71	28 29 56 44
72	74 93 62 24
73	75 37 67 95
74	43 46 29 75
75	61 68 3 95
76	62 35 98 81
77	45 88 98 62
78	58 99 35 88
79	76 87 67 11
80	72 79 32 66
81	69 80 78 42
82	7 15 60 76
83	65 26 8 75
84	99 81 59 8
85	49 10 56 33
86	97 39 93 100
87	73 37 60 100
88	46 53 77 57
89	74 76 65 87
90	45 79 22 64
91	34 46 92 30
92	75 55 76 65
93	55 66 63 46
94	98 30 96 68
95	40 34 41 64
96	89 42 6 9
97	74 85 50 84
98	65 13 16 74
99	86 6 57 7
100	70 5 37 23
101	30 29 57 41
102	17 75 45 21
103	1 61 73 52
104	95 30 16 50
105	12 42 71 99
106	45 7 8 11
107	34 61 60 25
108	77 38 31 68
109	89 16 64 90
110	14 85 90 31
111	23 36 6 40
112	80 60 50 37
113	40 88 100 19
114	85 58 94 6
115	58 8 41 84
116	84 5 65 53
117	68 81 1 22
118	54 94 65 4
119	15 11 30 65
120	27 38 100 74
121	54 46 38 33
122	5 83 28 37
123	30 47 57 61
124	81 68 46 75
125	77 40 94 22
126	75 35 9 83
127	33 38 12 92
128	86 64 1 12
129	43 66 41 63
130	52 18 90 73
131	88 39 32 85
132	43 69 39 74
133	82 10 90 58
134	93 35 52 82
135	64 11 16 67
136	34 21 67 16
137	48 14 36 3
138	58 84 30 89
139	76 8 29 50
140	31 18 66 78
141	82 1 60 79
142	97 54 19 65
143	23 88 58 55
144	12 96 58 73
145	95 60 77 91
146	76 54 14 24
147	44 18 34 73
148	72 76 78 92
149	45 67 7 100
150	44 99 100 94
151	18 5 96 28
152	6 63 74 88
153	90 36 12 83
154	77 93 44 45
155	70 59 66 30
156	4 58 38 66
157	44 45 42 17
158	42 81 98 56
159	28 67 68 51
160	5 58 95 71
161	28 98 14 38
162	9 25 78 58
163	42 22 59 14
164	41 83 72 64
165	74 5 42 82
166	68 14 45 74
167	76 100 19 53
168	65 71 43 6
169	91 82 84 86
170	39 87 40 90
171	67 2 51 13
172	53 41 66 20
173	58 44 35 52
174	44 87 30 82
175	13 4 66 87
176	16 42 38 39
177	73 52 36 17
178	82 84 58 37
179	72 41 89 84
180	1 61 21 29
181	19 42 88 99
182	7 13 15 64
183	14 4 20 84
184	83 21 12 53
185	19 42 53 14
186	4 30 59 71
187	34 19 24 90
188	57 11 65 4
189	97 46 11 82
190	26 76 70 59
191	36 57 58 26
192	3 34 87 38
193	60 11 3 68
194	17 9 4 62
195	35 77 28 11
196	73 43 65 69
197	68 99 50 19
198	47 30 81 21
199	35 12 57 15
200	18 25 91 17
201	67 66 72 9
202	27 26 33 84
203	95 37 98 88
204	65 34 6 27
205	94 76 15 89
206	96 5 83 71
207	75 93 24 99
208	6 3 60 78
209	71 11 63 4
210	70 86 47 32
211	32 51 83 45
212	56 64 80 74
213	67 65 13 34
214	17 79 65 99
215	1 36 87 3
216	97 71 78 73
217	87 80 14 67
218	98 60 3 13
219	97 46 95 40
220	18 100 39 95
221	95 50 17 100
222	68 40 1 61
223	2 43 88 9
224	11 69 99 24
225	18 86 80 42
226	58 68 39 67
227	38 98 54 88
228	82 12 55 88
229	66 44 25 62
230	48 20 53 25
231	36 3 44 95
232	83 13 85 59
233	45 38 93 25
234	67 20 53 45
235	5 3 26 53
236	92 42 81 65
237	28 67 2 86
238	29 2 15 52
239	15 55 21 81
240	81 90 18 76
241	37 54 71 15
242	47 13 55 8
243	86 62 38 78
244	13 93 82 76
245	28 3 67 57
246	41 44 1 62
247	84 2 79 33
248	11 66 32 91
249	27 75 83 61
250	25 71 69 77
251	58 30 35 82
252	75 6 15 4
253	62 76 68 100
254	19 82 20 26
255	73 82 26 18
256	12 21 41 23
257	79 44 71 62
258	66 16 92 58
259	84 61 64 39
260	37 53 67 88
261	74 14 60 68
262	10 29 49 37
263	79 19 6 41
264	44 72 39 3
265	50 29 40 66
266	20 94 9 77
267	46 24 19 51
268	78 50 51 12
269	46 64 85 87
270	65 7 74 70
271	19 57 88 12
272	9 77 15 72
273	20 1 55 26
274	79 4 96 1
275	28 88 73 42
276	26 49 80 1
277	30 41 5 99
278	96 65 2 85
279	10 100 33 38
280	23 12 54 89
281	21 52 46 24
282	92 8 26 61
283	45 79 30 31
284	82 90 57 33
285	54 55 70 94
286	100 5 1 19
287	97 59 99 80
288	11 15 24 17
289	9 29 84 42
290	25 46 37 97
291	4 68 15 67
292	95 17 64 35
293	70 32 94 62
294	17 58 59 37
295	8 7 19 53
296	90 42 57 4
297	98 65 38 25
298	70 98 67 80
299	48 58 97 80
300	51 90 67 58
301	76 23 90 46
302	77 28 16 100
303	3 39 8 95
304	15 31 36 87
305	27 81 96 45
306	47 61 54 27
307	45 70 58 17
308	41 95 73 33
309	81 33 40 7
310	12 43 39 83
311	12 48 15 79
312	61 16 97 42
313	97 2 88 39
314	62 76 41 69
315	34 32 39 35
316	18 17 30 77
317	6 3 86 39
318	44 71 84 15
319	85 18 68 66
320	15 24 85 98
321	66 43 46 100
322	57 18 86 35
323	37 1 51 31
324	5 97 33 71
325	2 58 71 68
326	8 30 92 39
327	75 97 6 100
328	29 74 9 86
329	72 97 26 100
330	94 83 31 8
331	82 42 12 3
332	37 36 46 100
333	29 76 52 90
334	6 76 29 53
335	24 6 61 99
336	55 52 51 23
337	65 44 99 43
338	70 69 78 9
339	76 91 24 43
340	68 57 54 31
341	43 51 98 23
342	82 86 29 32
343	82 86 20 94
344	44 77 90 75
345	78 3 21 16
346	1 79 64 88
347	34 9 82 22
348	20 96 7 89
349	4 43 90 63
350	94 96 70 82
351	12 61 54 79
352	12 35 8 61
353	42 1 27 73
354	53 3 44 24
355	64 80 38 31
356	89 63 88 64
357	83 73 8 45
358	44 38 60 34
359	61 56 52 20
360	33 50 32 3
361	19 2 8 37
362	39 27 52 71
363	4 54 48 34
364	4 20 73 74
365	69 12 95 22
366	68 15 7 53
367	53 50 72 30
368	14 80 86 87
369	60 80 67 44
370	77 92 27 73
371	61 11 63 45
372	55 57 22 72
373	14 94 82 4
374	64 56 26 28
375	11 94 72 92
376	75 59 61 82
377	18 44 56 23
378	93 86 78 38
379	3 37 75 65
380	53 43 80 89
381	38 26 53 39
382	29 64 10 8
383	48 25 79 24
384	52 48 66 2
385	22 92 95 28
386	50 73 36 86
387	12 49 17 19
388	39 94 16 55
389	34 80 66 37
390	98 54 3 4
391	68 39 50 67
392	42 37 44 24
393	92 23 52 85
394	45 33 66 22
395	55 61 44 10
396	74 83 52 9
397	70 86 98 20
398	55 73 78 22
399	73 24 29 32
400	18 43 59 88
401	22 31 100 69
402	40 84 85 69
403	55 26 14 49
404	98 69 28 32
405	44 77 78 23
406	45 53 92 20
407	80 19 83 14
408	2 66 87 95
409	1 40 23 56
410	90 23 31 7
411	12 63 52 28
412	75 28 81 35
413	91 66 47 52
414	92 58 29 36
415	80 37 32 60
416	5 98 94 54
417	32 73 99 90
418	13 53 85 59
419	81 90 59 26
420	74 65 32 84
421	94 37 17 97
422	6 52 2 84
423	47 38 3 81
424	56 30 52 64
425	7 5 39 96
426	64 80 19 50
427	18 42 61 1
428	60 16 67 61
429	24 26 90 89
430	76 26 61 8
431	23 75 84 73
432	5 87 37 18
433	25 8 52 60
434	16 78 53 69
435	96 64 45 19
436	56 90 40 52
437	92 47 26 55
438	62 56 73 42
439	38 25 9 78
440	96 82 64 73
441	64 84 50 49
442	76 70 30 38
443	27 46 14 80
444	60 6 49 48
445	52 98 32 48
446	6 4 72 23
447	79 28 12 84
448	25 86 35 27
449	3 53 25 63
450	40 85 76 95
451	79 99 10 97
452	99 67 65 73
453	2 98 55 84
454	54 50 11 40
455	39 73 82 78
456	5 99 75 49
457	48 60 80 81
458	91 58 21 12
459	82 77 83 9
460	53 41 2 11
461	63 88 9 58
462	14 40 97 24
463	49 30 59 98
464	54 62 33 91
465	78 100 20 12
466	4 94 40 5
467	71 46 76 15
468	69 24 41 79
469	1 63 41 99
470	89 1 15 19
471	7 67 10 92
472	21 53 45 41
473	32 54 61 3
474	98 58 19 70
475	37 26 53 85
476	7 56 2 42
477	68 97 37 26
478	49 26 28 42
479	75 31 10 40
480	68 4 14 88
481	7 61 10 53
482	36 15 80 5
483	89 13 100 43
484	56 72 62 67
485	70 87 71 12
486	78 53 84 7
487	70 27 84 85
488	68 70 84 26
489	46 15 9 78
490	14 88 91 18
491	75 32 60 70
492	29 57 49 25
493	17 55 33 23
494	10 89 17 26
495	13 85 88 40
496	66 87 92 59
497	4 83 86 19
498	86 63 35 88
499	31 9 18 65
500	33 3 67 25
