Students	500
1	43 68 73 48
2	26 58 53 98
3	1 59 29 15
4	39 61 68 96
5	17 51 8 72
6	68 84 9 47
7	41 24 62 37
8	66 33 5 37
9	40 88 70 31
10	18 4 51 26
11	39 96 14 15
12	79 30 54 19
13	6 63 70 60
14	15 60 74 96
15	52 37 32 42
16	33 95 37 62
17	15 38 85 77
18	56 6 62 39
19	4 70 60 77
20	1 33 43 30
21	45 96 67 42
22	67 27 35 79
23	40 47 79 12
24	40 36 9 83
25	21 50 47 82
26	72 48 62 94
27	95 2 71 55
28	17 71 97 31
29	23 42 66 50
30	80 92 87 26
31	82 96 74 95
32	97 96 4 62
33	23 29 68 59
34	47 64 16 97
35	7 94 20 69
36	86 32 64 11
37	11 10 29 57
38	6 68 50 63
39	21 10 82 15
40	43 35 47 75
41	26 71 62 8
42	72 63 39 9
43	43 32 59 39
44	99 19 66 83
45	92 87 85 66
46	32 48 80 55
47	42 17 39 54
48	75 5 95 64
49	25 83 69 82
50	21 55 47 69
51	22 94 100 28
52	73 13 19 96
53	45 97 90 2
54	47 56 32 49
55	60 77 12 96
56	17 36 85 13
57	75 44 10 51
58	18 28 13 23
59	22 78 20 94
60	62 21 80 74
61	64 9 44 45
62	19 8 48 50
63	61 52 29 94
64	53 31 4 67
65	38 44 18 69
66	45 4 20 10
67	14 1 41 70
68	20 52 24 57
69	9 64 63 30
70	56 71 59 22
71	65 49 16 82
72	73 49 68 91
73	17 3 80 35
74	91 44 36 66
75	17 2 44 61
76	95 61 60 82
77	14 28 54 77
78	45 86 79 22
79	99 74 83 3
80	43 89 42 19
81	32 39 90 93
82	77 5 58 81
83	79 34 72 44
84	5 44 27 16
85	47 66 1 89
86	63 36 97 27
87	32 29 69 38
88	93 66 98 58
89	43 97 6 63
90	2 38 41 35
91	4 2 33 73
92	16 9 40 4
93	20 4 89 45
94	38 6 23 69
95	89 93 41 25
96	1 79 10 97
97	100 93 43 83
98	87 32 37 97
99	24 46 51 78
100	44 79 39 45
101	34 40 50 23
102	6 19 26 81
103	48 69 52 64
104	10 27 64 48
105	31 53 23 99
106	90 42 85 93
107	44 8 72 65
108	99 32 89 67
109	40 35 67 53
110	70 100 3 87
111	4 42 52 73
112	81 84 2 31
113	88 49 98 78
114	99 23 30 73
115	87 45 1 95
116	46 68 32 9
117	32 4 70 100
118	86 3 83 24
119	36 99 51 23
120	7 17 87 26
121	68 26 83 92
122	78 82 43 92
123	57 17 48 35
124	59 51 80 6
125	39 91 2 6
126	5 50 21 47
127	84 86 24 56
128	69 45 83 85
129	35 67 45 88
130	1 88 62 70
131	45 39 20 59
132	96 62 12 4
133	59 71 42 75
134	48 82 9 94
135	53 70 72 7
136	21 72 30 97
137	23 25 2 36
138	23 52 40 65
139	6 16 33 71
140	81 34 17 19
141	68 54 25 60
142	72 91 69 65
143	11 20 8 25
144	8 12 6 64
145	21 71 20 15
146	53 77 70 56
147	43 30 94 44
148	3 55 40 56
149	88 47 73 72
150	90 13 76 57
151	16 69 50 93
152	9 91 15 19
153	97 67 33 3
154	21 48 24 56
155	53 63 4 94
156	95 73 24 48
157	98 15 26 97
158	76 12 87 9
159	57 60 30 84
160	94 17 99 64
161	3 71 20 65
162	50 89 1 84
163	40 7 95 78
164	86 13 60 12
165	84 85 29 59
166	40 57 11 90
167	84 56 99 82
168	6 8 85 94
169	52 33 1 11
170	29 32 8 78
171	6 8 85 19
172	30 10 85 44
173	30 2 62 12
174	59 89 57 41
175	32 36 23 12
176	13 86 42 26
177	14 99 23 61
178	16 95 10 22
179	89 48 4 70
180	31 82 55 89
181	58 27 78 99
182	92 42 58 8
183	3 46 24 49
184	9 52 12 74
185	65 42 61 38
186	15 86 51 14
187	18 88 13 68
188	71 91 65 63
189	89 24 32 11
190	98 95 11 74
191	96 26 82 53
192	56 68 42 72
193	9 14 87 4
194	28 10 39 47
195	25 13 19 2
196	37 36 14 53
197	4 71 82 11
198	81 2 61 86
199	85 9 67 38
200	18 74 84 11
201	9 60 88 49
202	26 4 86 66
203	67 97 91 72
204	98 4 96 81
205	46 33 13 98
206	33 65 79 50
207	53 84 2 1
208	33 81 47 25
209	67 45 68 72
210	15 54 64 40
211	98 39 7 1
212	18 66 65 42
213	44 19 57 33
214	55 5 7 50
215	78 11 94 7
216	84 10 95 1
217	90 67 14 5
218	11 89 50 85
219	87 13 80 66
220	85 24 82 45
221	17 12 38 95
222	46 99 27 6
223	75 70 27 5
224	5 61 14 40
225	75 71 49 63
226	14 77 59 61
227	92 13 98 16
228	48 96 1 93
229	31 12 25 72
230	50 3 66 64
231	30 56 67 79
232	61 8 30 32
233	33 87 64 83
234	17 57 7 95
235	70 21 99 58
236	60 7 11 3
237	66 22 7 24
238	73 37 47 54
239	80 63 31 26
240	1 36 37 87
241	63 61 30 19
242	25 83 22 67
243	86 29 79 20
244	56 98 92 42
245	68 40 38 63
246	12 10 80 49
247	19 92 100 26
248	33 49 27 90
249	73 55 94 5
250	53 13 95 33
251	84 6 52 45
252	5 45 16 60
253	75 43 5 80
254	49 76 63 97
255	4 88 25 56
256	63 35 15 24
257	89 15 38 81
258	80 41 66 24
259	38 74 26 37
260	38 79 44 64
261	80 50 56 66
262	35 78 90 15
263	35 28 94 5
264	20 47 69 77
265	78 40 23 12
266	14 92 47 96
267	94 50 53 48
268	44 83 22 36
269	27 29 81 64
270	47 70 49 24
271	3 87 26 8
272	89 88 3 61
273	88 55 44 52
274	96 41 39 4
275	42 51 80 59
276	88 8 77 84
277	99 77 19 2
278	86 30 39 29
279	5 53 1 83
280	61 50 96 31
281	86 11 46 56
282	48 89 100 72
283	5 32 84 1
284	29 32 69 25
285	69 71 90 43
286	79 39 91 10
287	36 60 72 34
288	72 59 35 80
289	1 30 74 98
290	1 5 29 61
291	95 13 29 97
292	35 34 4 1
293	25 87 9 6
294	69 68 15 52
295	22 68 46 94
296	44 90 56 25
297	34 44 54 50
298	56 69 38 94
299	28 41 76 27
300	56 37 5 25
301	81 31 27 23
302	99 86 91 64
303	30 29 42 34
304	77 98 83 42
305	31 18 46 16
306	59 63 84 3
307	26 100 94 32
308	59 91 88 97
309	98 100 90 18
310	13 59 31 15
311	90 5 98 2
312	82 22 50 61
313	34 53 30 94
314	71 19 29 84
315	86 63 89 45
316	67 43 45 88
317	86 82 20 17
318	76 9 94 60
319	59 31 29 98
320	90 22 17 15
321	59 32 93 24
322	58 32 3 88
323	23 54 99 11
324	18 73 8 28
325	44 49 40 81
326	93 34 26 70
327	87 59 43 84
328	18 62 60 74
329	9 86 67 92
330	45 79 5 10
331	37 22 88 57
332	36 89 68 50
333	41 25 24 36
334	24 69 27 33
335	96 30 19 49
336	7 77 22 83
337	83 40 86 18
338	46 38 96 49
339	39 100 32 71
340	62 53 95 74
341	12 63 66 100
342	48 5 39 14
343	19 12 46 83
344	95 30 65 96
345	57 24 87 78
346	63 29 66 71
347	63 11 39 14
348	38 59 40 68
349	7 23 61 99
350	38 75 39 45
351	63 97 40 71
352	74 37 13 90
353	53 13 21 85
354	24 9 77 50
355	53 48 26 62
356	41 93 26 8
357	8 36 12 13
358	66 95 3 30
359	59 28 55 71
360	49 85 44 6
361	42 8 92 59
362	29 87 50 75
363	99 24 41 83
364	23 77 13 61
365	64 37 59 12
366	58 97 80 47
367	41 36 54 5
368	34 12 51 42
369	76 38 10 94
370	67 2 100 82
371	9 35 86 37
372	14 51 37 1
373	4 37 11 50
374	3 59 75 30
375	47 3 48 77
376	51 58 91 25
377	4 59 79 5
378	33 9 93 50
379	83 4 48 78
380	3 20 29 69
381	36 94 13 97
382	63 76 29 67
383	74 39 66 75
384	59 36 42 9
385	41 75 37 35
386	71 100 12 62
387	5 94 30 42
388	40 13 29 76
389	78 9 25 59
390	20 63 4 47
391	79 77 49 71
392	29 41 72 60
393	91 71 31 82
394	82 93 22 49
395	22 4 67 64
396	50 51 64 95
397	30 13 45 39
398	92 53 89 8
399	89 85 42 79
400	58 73 88 62
401	30 78 46 99
402	14 57 78 51
403	46 9 62 85
404	100 44 39 81
405	33 11 20 85
406	70 61 81 21
407	60 42 47 6
408	58 34 25 71
409	5 4 64 15
410	1 25 39 46
411	31 80 13 68
412	83 96 85 88
413	73 22 3 83
414	22 51 89 86
415	38 22 81 65
416	85 45 21 93
417	1 96 82 9
418	7 30 8 84
419	51 66 15 47
420	43 19 3 67
421	74 6 44 25
422	61 11 59 74
423	48 83 87 49
424	24 8 15 76
425	53 12 98 26
426	94 38 44 67
427	43 92 49 68
428	83 94 92 21
429	60 30 37 94
430	38 53 33 89
431	53 91 94 13
432	2 4 93 68
433	28 41 7 95
434	73 7 45 52
435	2 5 14 12
436	47 24 30 34
437	88 25 12 89
438	5 23 45 24
439	42 35 20 30
440	15 3 59 11
441	81 84 51 89
442	7 44 36 57
443	37 60 19 95
444	75 4 70 51
445	99 90 42 48
446	33 10 69 36
447	11 64 1 77
448	62 27 76 48
449	19 79 74 26
450	45 98 73 88
451	22 48 99 72
452	58 38 15 69
453	26 74 91 2
454	61 46 19 57
455	5 78 92 36
456	36 82 61 85
457	68 61 86 34
458	3 99 81 27
459	31 7 89 36
460	81 23 83 8
461	12 33 81 64
462	6 2 94 62
463	65 49 73 56
464	80 46 57 25
465	92 66 3 79
466	76 53 44 13
467	96 50 76 64
468	12 58 41 57
469	12 40 65 43
470	15 6 87 66
471	39 4 45 10
472	95 21 60 38
473	45 91 71 40
474	99 21 49 74
475	47 97 28 89
476	62 65 17 90
477	17 41 93 48
478	12 68 95 4
479	75 58 49 8
480	79 36 45 55
481	34 12 8 22
482	63 37 32 88
483	32 91 97 37
484	22 66 89 93
485	13 47 21 20
486	89 49 35 70
487	17 70 63 59
488	91 53 93 73
489	21 75 12 54
490	23 95 83 32
491	43 89 92 45
492	1 21 45 86
493	78 57 88 46
494	34 49 92 18
495	6 19 84 79
496	18 37 44 23
497	49 88 43 18
498	80 3 62 97
499	23 89 64 14
500	5 58 67 84
