Course	Room	Teacher	Time	Students
1	5	49	7	45 89 113 182 210 226 242 309 324 352 384 404 426 478 496 
2	13	5	1	16 55 70 92 104 117 136 169 170 172 188 205 231 281 328 344 387 389 396 417 446 450 
3	11	6	2	9 12 35 48 60 87 89 93 129 183 184 213 215 220 233 250 281 283 293 344 361 395 417 439 442 472 
4	4	10	3	14 46 78 149 152 159 160 216 225 253 274 320 321 346 422 423 441 484 
5	13	35	3	3 10 82 96 103 154 189 261 267 277 290 295 311 313 335 343 383 406 416 421 424 430 436 444 456 471 496 498 
6	7	49	8	56 64 129 146 153 180 202 325 349 443 449 477 484 
7	14	37	1	24 31 56 109 147 153 185 203 217 247 249 250 260 271 272 276 283 307 362 371 374 377 397 
8	12	25	6	44 130 137 280 313 331 332 403 457 481 
9	6	20	1	13 82 102 110 168 177 189 199 202 211 224 253 277 296 324 325 386 393 465 
10	8	33	4	6 49 83 97 120 152 183 186 199 255 273 275 321 356 382 412 424 432 
11	13	17	5	16 44 81 91 95 122 127 187 193 219 220 239 251 254 306 314 317 341 397 407 426 448 453 486 497 
12	6	29	8	17 35 37 61 88 103 105 164 166 187 196 222 306 307 342 348 361 403 
13	17	50	3	8 19 31 33 50 58 60 64 84 125 157 170 204 210 240 254 315 326 328 352 413 457 480 493 
14	13	23	6	1 4 16 63 89 123 217 227 235 242 247 295 305 330 353 389 401 433 477 
15	20	29	4	34 66 98 118 125 134 147 160 189 201 233 246 249 286 290 308 317 320 341 358 362 364 401 482 488 
16	15	25	1	10 26 42 83 88 145 196 228 246 258 262 274 302 330 390 394 418 459 463 467 476 483 
17	3	26	4	16 73 77 94 103 108 168 173 190 196 212 303 324 357 361 372 435 444 459 485 
18	15	33	2	5 45 52 54 61 167 190 230 243 294 296 329 375 415 422 
19	17	2	6	14 32 35 40 86 118 143 177 187 196 222 232 277 290 360 440 478 499 
20	11	12	5	35 53 60 105 108 145 153 270 282 310 327 400 444 447 492 
21	3	35	1	19 140 142 143 160 182 306 333 381 414 456 485 
22	3	39	3	7 80 117 128 135 139 144 167 192 232 244 285 409 438 460 489 
23	17	44	5	10 107 161 221 226 272 273 308 339 373 387 390 399 415 433 451 471 474 
24	11	17	4	29 33 37 43 44 45 70 107 158 187 206 207 235 251 258 297 301 316 326 330 343 370 413 439 468 479 
25	15	2	4	1 25 36 68 76 96 100 121 140 141 144 146 175 216 229 261 264 270 295 304 305 339 396 403 448 450 483 
26	5	22	8	23 55 60 71 142 150 151 252 256 285 287 357 396 410 463 473 
27	20	19	7	8 11 25 52 67 75 84 91 93 120 128 131 141 145 169 191 194 246 292 306 310 319 351 369 398 
28	7	50	2	1 14 41 65 83 198 211 221 303 334 418 
29	15	48	7	55 81 98 144 151 280 293 312 375 433 436 466 473 494 
30	4	21	8	42 69 81 93 117 149 188 195 213 224 241 245 254 257 289 300 323 337 343 388 391 437 445 
31	8	45	5	38 57 69 85 114 225 269 297 318 321 340 348 419 
32	17	38	2	49 64 95 194 236 253 257 268 271 273 287 326 348 366 389 398 431 451 457 475 
33	4	3	7	12 115 156 158 206 213 260 274 297 327 464 469 479 487 
34	11	37	3	9 20 21 23 41 62 131 133 138 163 180 215 218 249 252 259 273 293 312 345 386 401 473 482 486 491 
35	13	7	8	12 21 26 78 83 198 200 239 255 272 275 288 313 328 414 493 495 497 
36	4	1	5	14 24 29 54 72 116 128 159 165 177 217 279 325 329 417 446 456 478 488 499 
37	3	7	5	17 32 90 143 154 181 182 188 232 243 264 267 334 347 380 402 403 455 467 495 
38	14	42	2	13 15 31 53 86 98 100 147 166 185 192 244 263 285 298 319 338 357 369 374 388 394 425 430 434 441 458 461 483 499 
39	14	18	6	5 18 28 52 69 107 112 133 142 184 241 251 287 304 369 441 450 453 
40	14	18	4	23 51 90 101 110 184 191 227 319 349 433 441 449 
41	20	1	2	2 11 57 108 145 191 316 331 341 345 349 447 500 
42	11	42	7	27 38 108 132 133 138 142 198 200 254 277 284 357 438 474 475 
43	13	20	4	17 123 178 197 204 238 314 347 354 378 393 398 422 427 428 436 490 494 
44	15	48	8	27 46 77 97 115 128 148 265 266 268 278 282 283 314 350 379 415 431 435 
45	15	21	6	3 43 58 90 114 148 155 171 183 209 212 216 219 226 237 252 286 311 319 334 359 361 387 395 422 434 
46	17	36	8	45 89 113 132 162 168 175 194 206 207 227 308 405 430 450 
47	3	12	2	94 104 113 131 134 157 199 217 228 270 315 332 391 480 495 
48	8	22	2	20 58 79 110 127 130 161 229 240 355 382 404 411 419 470 
49	8	40	1	99 111 114 204 210 219 226 265 279 291 294 345 354 376 412 455 461 500 
50	5	9	5	49 96 151 155 170 178 207 222 229 289 303 371 394 424 457 496 
51	19	31	8	10 124 179 216 240 363 459 486 
52	11	11	8	8 44 109 133 218 263 299 311 336 355 404 427 454 455 464 478 
53	12	46	1	11 30 34 76 152 163 176 197 209 256 352 385 420 427 449 488 
54	12	16	5	4 22 28 33 61 141 185 189 241 354 386 481 489 
55	5	40	3	28 156 190 195 197 203 268 310 324 349 355 393 395 405 440 472 476 
56	5	31	6	2 19 34 48 56 106 119 154 158 208 220 228 243 256 320 342 350 383 416 420 452 467 479 492 
57	14	32	7	13 41 62 95 126 137 149 173 199 201 208 214 276 307 322 331 397 414 468 
58	3	11	7	2 19 54 59 88 94 101 106 121 122 129 136 143 150 179 195 211 218 223 239 259 264 289 329 332 335 339 366 376 377 380 391 467 482 
59	13	5	2	37 59 76 78 267 280 284 328 346 373 410 462 488 489 490 
60	20	10	6	68 76 80 96 97 157 162 174 180 181 275 282 309 363 473 498 
61	12	13	2	18 26 74 123 154 178 186 214 260 342 365 385 474 491 492 
62	3	43	8	11 24 47 80 85 87 99 102 111 140 157 159 171 181 191 223 367 372 380 383 409 448 453 
63	5	41	4	48 55 80 91 117 119 127 132 149 180 231 256 262 302 332 445 487 
64	17	45	7	3 6 9 28 37 50 53 74 79 100 116 124 160 166 175 190 207 224 230 263 290 408 431 432 452 454 465 
65	6	43	2	50 121 176 202 231 242 291 302 314 351 354 380 381 406 428 485 
66	6	47	7	22 46 77 87 105 135 139 148 165 178 204 215 244 261 316 365 411 434 
67	4	27	2	30 38 39 42 140 172 182 201 203 218 227 237 247 266 275 276 288 301 304 359 384 400 452 463 466 
68	15	38	3	25 98 99 111 114 118 202 356 363 377 417 425 454 466 470 
69	5	16	1	32 62 122 162 221 242 284 309 323 379 416 421 442 490 496 
70	6	47	6	15 20 115 139 166 168 197 229 265 336 379 444 447 460 
71	3	39	6	8 13 66 70 99 126 156 200 223 233 291 303 310 312 333 385 454 462 
72	20	13	3	2 36 65 72 174 246 265 317 340 407 418 435 
73	13	23	7	21 31 36 42 72 146 159 174 247 251 281 301 315 355 360 381 402 412 427 448 472 497 
74	11	6	1	29 33 85 151 236 239 261 337 367 395 447 464 468 469 
75	12	3	3	162 176 212 234 235 236 248 280 318 333 336 429 432 475 500 
76	14	4	3	40 63 88 109 116 134 238 279 287 300 304 309 322 337 348 364 371 382 384 437 481 492 
77	17	9	1	4 36 63 65 66 67 164 174 237 268 326 343 358 360 375 402 482 493 
78	7	19	6	51 64 125 192 245 258 298 339 377 393 409 421 463 468 471 
79	6	8	5	30 137 147 194 195 205 237 238 255 286 288 350 366 368 369 382 392 443 
80	6	32	4	59 67 124 129 188 269 272 300 311 344 350 351 367 392 421 440 442 
81	20	34	8	4 38 40 75 126 127 161 165 208 305 318 368 370 398 439 446 470 489 
82	8	24	3	29 47 57 102 107 269 278 334 341 347 415 426 469 
83	20	44	1	17 18 27 86 116 120 158 198 212 214 266 267 318 347 370 404 406 409 410 470 
84	11	26	6	6 49 67 77 101 122 163 173 176 249 293 340 344 368 376 386 407 426 436 443 464 
85	8	14	7	82 92 112 119 171 220 248 262 279 299 338 388 439 491 499 
86	17	46	4	20 56 113 165 171 208 243 245 250 253 281 288 315 345 346 353 359 438 458 484 
87	14	4	8	68 73 79 100 123 155 167 173 258 296 322 329 335 358 371 374 390 400 440 462 500 
88	12	14	4	22 24 30 53 58 61 65 81 87 257 291 294 313 411 419 
89	12	41	8	22 52 134 193 209 210 234 259 327 330 346 364 397 408 469 481 490 
90	5	34	2	70 90 106 148 181 205 282 399 429 437 438 445 
91	14	27	5	9 25 39 50 62 79 93 103 152 172 215 236 245 252 266 274 283 298 301 302 305 331 358 362 376 379 405 413 458 476 493 498 
92	8	15	6	92 104 105 161 167 225 263 271 292 430 458 466 
93	4	28	4	26 46 69 71 75 106 131 136 139 179 192 193 211 234 278 373 387 399 400 451 461 
94	6	28	3	39 71 132 200 221 230 250 270 296 297 327 362 365 385 443 477 483 
95	20	15	5	7 74 82 115 130 136 138 209 262 372 401 423 428 445 461 462 472 
96	15	24	5	5 27 40 66 68 94 97 112 118 144 150 184 228 271 425 434 442 460 487 
97	4	8	6	21 84 138 169 205 214 231 248 284 307 308 335 372 378 392 396 408 414 429 449 459 480 497 
98	7	36	1	1 6 91 135 225 233 238 407 413 419 
99	8	30	8	57 119 172 186 276 292 352 353 359 360 389 399 402 424 465 471 491 
100	4	30	1	3 12 15 51 59 73 75 130 201 213 235 241 244 295 299 300 316 317 340 356 363 423 431 432 451 474 498 
