Course	Room	Teacher	Time	Students
1	20	27	1	3 20 67 96 115 130 162 169 207 211 216 228 240 279 283 289 290 292 372 410 417 447 492 
2	14	17	5	27 53 75 90 91 112 125 137 173 195 198 207 277 311 370 432 435 453 462 
3	5	29	4	73 79 118 148 153 161 183 230 236 271 272 322 374 375 380 413 420 458 465 498 
4	12	1	2	10 19 32 66 91 92 93 111 117 132 179 197 202 204 255 274 292 373 377 379 390 395 409 432 444 471 478 
5	20	43	3	8 48 82 84 126 214 217 223 224 249 252 263 279 283 290 300 311 330 342 367 377 387 409 435 438 455 500 
6	6	34	6	13 18 38 89 102 124 125 139 144 168 171 222 251 293 360 421 462 470 495 
7	20	31	5	35 120 135 163 211 214 215 234 236 237 336 349 418 433 434 442 459 
8	13	6	3	5 41 62 107 143 144 168 170 171 182 232 271 276 324 356 357 361 398 418 424 460 479 481 
9	18	4	3	6 42 61 69 92 116 134 152 158 184 193 199 201 293 318 329 354 371 378 384 389 403 417 
10	6	20	2	37 39 57 96 104 172 178 194 216 246 286 330 369 446 
11	20	9	6	37 143 166 189 190 197 200 215 218 236 323 347 373 405 422 440 447 
12	6	5	4	23 55 132 144 158 164 173 175 184 221 229 246 265 341 343 357 365 368 386 425 435 461 468 469 478 481 489 
13	7	44	8	52 56 58 150 164 176 187 195 219 227 250 291 310 353 357 364 381 388 397 411 431 466 485 
14	4	7	8	11 67 77 177 186 193 196 217 224 226 266 342 347 372 402 435 499 
15	1	2	4	3 14 17 39 145 152 157 186 210 256 257 262 294 310 320 409 419 424 440 452 470 
16	17	29	1	34 71 84 92 139 151 178 227 252 305 
17	18	19	1	5 28 47 56 73 75 120 123 160 221 234 320 477 487 
18	16	39	5	10 58 65 187 200 212 305 309 324 328 337 496 497 
19	18	19	2	44 52 62 80 102 140 152 171 195 213 247 277 335 343 420 443 449 495 
20	8	41	1	35 59 66 68 93 131 143 145 161 243 264 317 380 390 405 439 485 
21	18	30	5	25 39 50 60 126 136 145 154 235 353 406 416 472 474 485 489 492 
22	12	46	3	51 59 70 78 178 237 242 268 295 312 320 331 336 394 395 413 414 415 451 484 
23	13	31	1	29 33 58 94 101 105 114 119 137 138 175 177 265 323 349 364 438 490 496 499 
24	13	6	2	7 68 99 118 127 154 156 183 189 220 237 256 258 270 333 334 345 354 363 424 436 438 
25	13	4	4	49 95 137 141 143 195 208 242 255 284 293 296 300 333 376 389 408 410 421 437 464 
26	12	48	7	2 10 41 102 120 121 157 176 191 202 247 259 271 307 326 355 356 425 449 453 
27	8	35	4	22 84 86 104 181 222 269 299 301 334 448 
28	14	1	6	51 58 77 194 263 299 324 359 433 
29	5	38	7	3 33 37 63 87 165 170 243 269 278 284 290 291 303 314 319 346 362 380 382 388 392 
30	13	8	6	12 20 69 114 136 147 159 172 173 231 232 241 289 303 313 335 344 358 374 387 397 401 418 429 439 
31	8	32	6	9 28 64 105 112 180 229 239 280 301 305 310 319 393 411 459 
32	4	45	5	15 36 43 46 54 81 87 98 108 116 117 170 175 189 232 283 284 307 321 322 339 483 490 
33	13	9	5	8 16 20 139 153 169 205 206 208 213 233 248 250 334 378 405 430 446 461 
34	1	32	8	83 101 140 287 292 297 303 313 326 368 408 436 457 481 494 
35	1	46	5	22 40 73 109 129 262 263 288 292 371 385 439 486 
36	18	37	6	24 56 74 86 119 137 175 196 240 287 332 333 357 367 381 384 442 446 455 456 480 
37	6	34	7	7 8 15 16 98 196 240 300 331 352 365 371 372 373 385 429 443 482 483 496 
38	12	25	6	17 65 87 90 94 185 199 221 245 257 259 260 298 338 348 350 369 415 426 430 472 
39	11	33	4	4 11 18 42 43 81 100 125 131 194 211 274 278 286 339 342 347 350 383 397 404 471 
40	6	13	3	9 23 24 101 109 138 148 163 166 210 245 265 325 337 348 388 469 473 
41	11	20	8	7 90 95 258 274 299 333 356 363 367 385 392 433 468 477 
42	4	16	4	15 21 29 47 80 106 111 133 176 182 185 192 212 244 275 303 304 361 384 399 407 439 445 
43	1	7	3	1 20 40 43 80 89 97 122 147 253 316 327 420 427 491 497 
44	18	22	7	57 61 65 74 75 83 84 100 107 147 172 213 260 268 273 296 297 325 360 404 421 426 442 466 
45	13	36	8	21 53 61 66 78 93 100 115 128 129 131 209 220 251 252 315 316 330 350 416 434 438 450 471 473 480 491 492 
46	18	24	8	99 116 183 205 222 281 295 305 338 343 401 403 410 454 464 493 
47	5	38	6	6 23 25 34 40 50 54 85 126 149 208 238 264 266 270 375 390 407 419 436 475 485 
48	8	41	5	1 26 62 103 104 123 134 156 179 228 267 282 342 355 375 379 423 445 448 451 477 
49	14	21	4	54 71 72 113 201 225 248 254 325 335 338 360 391 394 423 427 463 474 479 486 494 497 
50	20	22	8	25 29 38 62 126 151 162 214 218 230 261 267 280 312 332 354 362 373 378 396 467 
51	11	24	5	5 57 99 119 124 186 275 368 372 376 396 402 414 419 441 444 
52	16	21	6	15 63 68 103 111 138 169 184 273 294 434 
53	20	27	2	2 64 105 109 135 146 155 191 196 207 250 267 279 313 340 353 355 398 425 430 431 466 488 
54	16	15	2	12 47 77 141 210 238 297 323 367 489 
55	4	30	1	27 46 50 148 180 214 249 273 359 480 
56	6	42	8	18 54 70 127 146 148 154 167 192 231 244 255 281 296 298 300 
57	8	2	3	37 68 123 150 159 174 213 234 345 402 442 454 464 468 493 
58	4	47	6	2 82 88 181 182 235 322 366 376 400 408 452 468 479 500 
59	12	17	8	3 33 43 124 133 165 174 275 288 306 308 319 321 327 348 359 361 365 374 377 384 389 422 440 487 
60	2	42	1	13 14 19 55 76 159 164 201 236 287 392 407 429 443 472 
61	4	23	2	4 63 75 76 177 185 198 224 226 232 241 280 290 312 349 364 406 422 454 456 457 
62	16	28	1	7 16 18 26 32 41 60 132 173 328 340 355 400 403 448 462 476 498 
63	7	36	5	13 38 42 69 86 89 155 188 225 239 241 245 254 256 306 315 341 346 347 351 382 390 482 487 
64	1	33	2	34 36 48 61 69 103 144 160 230 260 269 302 365 396 447 461 467 499 
65	8	10	8	71 107 138 142 161 185 188 206 212 344 415 463 469 476 
66	1	25	1	8 44 85 88 202 212 219 230 237 258 261 341 346 358 383 419 465 470 484 
67	6	5	1	21 22 64 108 109 129 153 203 209 217 231 242 316 329 370 395 420 426 500 
68	11	50	1	1 4 6 38 72 116 121 141 187 192 245 294 295 332 348 411 427 432 457 478 
69	4	11	3	35 49 50 65 87 94 103 128 142 151 264 284 285 294 298 334 380 446 452 
70	18	45	4	9 13 19 67 110 117 130 135 146 179 223 235 270 326 406 444 487 
71	11	26	2	27 28 41 70 133 139 145 161 188 225 285 314 339 346 351 359 386 391 393 408 473 
72	7	50	2	5 26 42 83 107 136 142 192 203 209 229 282 287 288 392 451 
73	7	40	7	1 52 72 91 111 114 149 156 238 249 324 400 413 434 450 463 488 
74	5	12	8	14 31 60 79 184 190 200 259 289 328 340 352 383 421 449 453 474 
75	7	8	1	40 48 57 133 223 225 253 350 362 374 385 444 479 489 
76	19	48	1	150 158 254 299 318 369 382 388 424 466 467 
77	4	47	7	17 19 55 77 82 146 226 264 276 277 304 336 354 364 375 391 447 
78	20	37	7	59 99 113 122 163 181 215 262 265 345 379 389 401 402 455 493 
79	6	3	5	12 23 78 83 96 100 231 243 260 286 330 377 391 399 449 480 495 
80	11	18	7	30 46 60 73 124 219 239 246 253 258 261 275 288 366 411 464 498 
81	15	44	1	82 102 112 140 198 204 208 257 269 301 325 406 415 441 458 460 461 
82	1	39	7	25 31 39 49 71 76 134 167 180 197 220 312 317 370 393 394 417 456 
83	11	40	6	44 49 79 97 121 128 233 242 268 279 304 336 337 343 363 379 412 413 423 428 460 490 
84	12	28	4	6 112 127 159 162 165 167 200 207 216 251 276 283 306 314 327 418 441 495 500 
85	14	13	1	17 45 106 128 165 168 171 172 199 218 220 353 360 399 412 416 456 
86	1	14	6	36 78 118 127 164 176 186 198 202 243 278 281 302 315 317 329 371 414 457 492 
87	5	12	2	30 45 98 110 115 120 158 193 219 233 240 271 293 327 362 423 470 
88	14	14	2	9 113 129 130 149 187 201 272 273 276 308 316 322 331 400 412 437 450 482 493 497 
89	13	16	7	80 85 93 95 108 162 174 179 189 218 257 272 282 315 332 398 399 414 430 437 441 459 475 484 486 491 499 
90	7	26	6	53 81 106 150 166 217 248 262 285 296 309 311 320 352 445 476 
91	12	11	1	74 125 142 152 188 286 302 308 376 393 431 453 473 483 488 
92	12	18	5	30 45 121 122 182 227 244 247 266 329 361 398 427 428 455 465 491 494 
93	8	3	2	81 88 95 97 106 151 228 321 326 356 378 394 416 477 484 
94	7	23	4	26 35 51 59 63 134 147 155 160 168 215 249 263 267 295 298 307 313 318 369 381 387 426 428 429 431 462 
95	20	43	4	16 27 31 48 76 115 156 163 178 190 234 250 291 340 344 358 396 433 443 472 490 
96	5	35	5	4 11 14 21 31 32 52 55 132 191 204 274 280 335 338 344 412 417 467 
97	5	15	3	28 32 34 53 86 96 98 136 153 203 254 291 308 351 366 381 475 483 498 
98	7	49	3	2 88 113 157 190 204 205 211 227 244 289 304 309 319 425 450 
99	11	10	3	44 79 105 108 114 119 160 167 177 181 222 235 277 302 323 349 363 401 445 458 474 
100	5	49	1	51 97 110 117 247 282 307 309 339 386 404 
