Course	Room	Teacher	Time	Students
1	3	11	1	11 26 52 68 105 113 124 144 147 231 257 417 430 
2	5	13	5	13 39 73 109 120 121 151 153 160 181 187 227 247 301 303 305 306 350 357 358 375 380 383 417 432 444 452 465 469 
3	19	25	3	22 51 145 179 247 270 283 291 292 371 426 444 472 476 
4	17	19	2	17 18 64 103 104 127 138 141 161 178 184 317 319 327 354 382 394 463 
5	18	34	6	16 26 44 111 117 130 153 159 211 253 285 314 331 343 356 373 388 415 418 423 437 449 464 465 
6	13	41	2	37 60 72 89 94 126 147 177 181 201 218 231 243 262 274 277 290 299 329 331 332 370 374 386 490 
7	17	47	1	18 43 81 127 133 188 211 223 226 254 268 329 368 409 450 483 
8	2	42	5	2 34 69 74 108 134 148 192 284 336 353 376 402 437 479 
9	2	13	1	7 75 97 107 131 143 145 157 162 170 176 189 193 244 255 336 338 419 423 459 
10	18	37	2	23 25 65 130 169 173 182 228 254 275 283 292 298 305 318 322 336 342 377 404 445 475 
11	3	41	4	3 35 45 92 98 109 113 121 136 177 200 216 221 228 237 243 251 263 319 371 379 463 
12	11	39	2	21 40 54 55 82 159 199 205 219 268 314 324 367 375 425 462 477 485 
13	14	1	6	30 40 43 53 88 103 144 174 189 201 206 213 222 270 347 359 368 447 475 
14	15	32	2	14 28 42 85 91 110 140 188 207 212 223 227 247 297 360 422 423 427 442 455 458 470 474 489 
15	14	25	4	37 65 78 241 269 275 302 362 373 377 384 402 404 414 427 431 432 449 471 
16	13	20	1	1 24 29 93 98 148 197 202 209 300 308 337 356 387 399 405 456 471 473 478 
17	3	19	3	19 84 97 119 136 147 158 180 184 200 211 232 279 309 310 330 331 391 398 466 
18	3	12	6	71 115 148 168 188 219 242 263 275 278 307 312 337 389 402 411 414 426 434 439 466 474 494 
19	13	49	3	4 68 102 112 152 205 243 276 302 334 373 378 384 413 430 483 
20	13	45	6	45 54 74 105 120 139 150 197 224 225 227 238 247 300 361 365 396 422 438 443 446 479 
21	11	9	6	35 58 69 133 138 163 187 240 266 276 299 316 341 378 420 444 
22	11	34	7	31 45 48 86 104 106 139 158 165 178 190 214 251 279 443 460 
23	17	8	4	5 14 20 55 93 108 120 125 153 184 195 201 276 360 378 391 447 456 469 500 
24	14	20	2	22 31 186 222 244 270 388 407 454 478 
25	5	38	4	6 72 79 80 146 167 171 212 286 294 365 393 418 473 477 493 499 
26	5	12	2	2 7 131 167 210 238 250 252 256 259 267 303 357 381 389 390 405 460 481 492 
27	4	7	2	12 39 56 225 233 280 301 309 335 412 495 
28	2	33	7	5 18 108 160 218 246 269 280 292 345 349 394 434 453 457 465 480 
29	17	17	5	14 25 29 68 101 122 140 182 229 341 439 472 499 
30	10	35	8	1 102 115 141 162 191 192 212 239 255 280 287 352 367 368 369 383 392 412 419 491 
31	3	30	8	55 74 96 158 186 195 223 267 305 306 329 381 391 401 437 474 
32	15	42	8	44 72 129 179 208 215 257 261 340 346 349 351 387 438 457 482 489 
33	5	24	1	4 32 110 137 164 180 201 205 227 261 267 287 309 312 316 322 338 429 440 444 449 464 494 
34	13	16	5	48 57 90 105 116 142 145 167 221 235 243 263 277 320 339 346 369 413 434 446 453 473 484 
35	18	43	3	35 40 53 56 59 77 113 139 196 204 219 220 273 322 367 382 385 471 485 
36	15	15	4	67 73 122 124 134 142 150 209 244 282 303 459 467 497 
37	4	1	8	9 33 42 47 48 86 125 159 161 163 197 204 328 342 344 353 397 400 416 471 
38	11	10	4	38 46 81 135 148 191 230 264 272 278 293 296 389 408 441 465 481 
39	7	35	6	65 93 97 99 129 155 169 216 248 265 296 333 353 374 376 452 486 
40	7	48	4	12 34 62 68 101 131 170 202 203 204 225 300 325 392 417 420 425 492 
41	7	22	2	13 58 62 108 128 164 176 220 237 242 260 287 306 413 416 440 483 
42	17	5	7	15 44 56 102 132 154 174 175 222 226 228 245 255 282 359 400 403 418 445 475 476 
43	18	32	8	21 30 54 58 76 89 124 136 154 165 205 229 256 294 308 312 313 321 333 461 485 
44	18	5	5	53 61 156 196 203 207 239 268 282 298 299 328 344 371 
45	2	18	4	15 17 47 84 117 132 133 151 157 190 192 236 259 266 298 299 318 366 395 410 448 451 474 
46	17	43	6	21 41 82 166 202 218 246 273 283 289 345 352 363 382 392 400 401 428 435 482 
47	3	37	5	21 49 70 83 166 200 210 211 216 258 273 288 297 327 329 362 377 395 443 445 451 454 470 496 
48	14	44	5	1 5 24 37 40 41 44 59 66 88 112 114 123 132 183 209 214 219 225 234 248 253 285 323 352 356 389 391 441 481 489 
49	7	28	3	28 39 45 50 60 61 251 335 356 401 467 475 
50	13	14	8	4 7 64 83 100 143 172 175 178 206 236 237 242 264 272 276 286 320 347 355 407 468 495 498 499 
51	15	48	5	75 118 157 213 295 304 324 342 385 450 456 486 
52	5	6	3	38 67 72 79 111 172 185 189 250 260 325 351 383 408 453 455 458 492 493 
53	15	38	6	38 39 42 128 137 215 235 237 264 271 327 381 399 410 417 430 442 461 487 
54	15	28	1	14 25 57 181 190 216 236 271 292 298 352 416 499 
55	10	50	2	8 46 81 137 146 158 168 179 198 206 240 304 323 379 396 406 408 435 452 473 482 
56	14	24	8	8 10 35 36 50 71 106 109 130 138 157 193 198 220 281 385 432 435 436 442 484 
57	19	46	4	18 22 41 63 90 99 231 260 288 316 348 349 370 381 426 
58	4	7	1	5 27 54 62 119 132 161 208 238 245 259 278 334 351 371 
59	7	15	7	25 94 151 221 241 252 291 358 374 388 424 429 
60	18	16	4	87 94 97 115 155 163 217 253 257 341 390 396 400 446 457 468 
61	3	17	7	2 55 75 77 95 171 180 210 229 262 278 287 335 408 479 
62	5	2	6	1 29 76 84 113 179 241 249 304 311 338 387 431 476 
63	10	9	7	30 34 61 73 74 112 115 127 130 166 177 189 207 234 239 305 307 315 343 350 412 433 437 489 493 500 
64	17	44	8	46 59 78 91 95 119 144 150 164 185 273 277 405 411 414 424 425 447 458 477 480 
65	13	30	4	8 13 36 88 89 100 129 154 162 173 178 223 265 271 309 324 330 342 345 398 453 
66	17	47	3	124 125 127 144 146 224 230 233 252 274 296 340 341 369 397 
67	11	40	8	31 52 63 107 213 224 234 251 258 271 274 288 291 314 345 363 372 441 445 472 490 
68	10	21	3	3 70 89 103 133 142 163 175 206 242 258 289 314 315 321 343 355 370 406 448 
69	4	3	3	2 9 13 49 135 150 169 183 194 261 277 293 316 347 354 376 418 443 
70	3	11	2	10 20 52 61 149 215 253 266 282 284 308 325 373 436 441 447 469 487 491 498 
71	11	36	3	23 33 37 41 48 63 114 118 131 140 191 197 246 255 297 313 324 332 337 393 395 403 411 415 433 438 479 490 498 
72	10	36	1	9 56 116 134 152 159 183 198 235 275 289 320 325 330 346 398 439 
73	7	2	8	11 60 75 123 134 149 160 209 244 279 284 326 334 348 357 366 377 406 421 
74	4	4	7	99 117 164 250 351 360 382 419 428 448 466 
75	13	14	7	33 42 46 51 59 76 82 170 186 187 195 230 286 319 322 344 364 430 438 462 
76	10	29	4	43 71 95 96 111 143 152 176 229 301 386 407 409 450 491 
77	19	3	1	86 91 99 156 182 217 295 303 335 378 414 455 486 496 
78	15	4	3	62 65 85 96 110 121 143 166 171 207 214 236 240 249 285 333 361 399 421 456 480 
79	14	50	3	26 66 151 156 306 311 317 326 363 364 386 422 461 469 482 496 
80	4	31	4	10 70 86 110 114 128 156 194 222 249 258 291 320 361 416 423 424 488 494 
81	11	22	5	11 28 77 100 125 147 208 254 259 326 355 394 405 407 409 422 500 
82	18	49	1	3 15 16 23 38 51 80 85 142 171 172 203 204 234 262 290 353 367 385 386 410 458 462 481 488 
83	2	18	6	7 20 50 78 83 87 101 114 116 180 181 239 357 372 397 413 450 460 478 495 
84	5	6	8	6 32 117 126 128 174 203 218 233 245 332 337 339 358 360 364 390 393 409 466 467 487 
85	15	10	7	4 10 43 107 149 184 193 217 248 265 313 317 380 393 404 435 455 464 
86	18	31	7	9 11 24 28 36 52 66 79 146 167 199 290 293 330 332 340 347 355 365 459 463 
87	10	39	6	3 57 90 106 122 123 177 200 226 245 257 272 290 293 313 350 354 433 448 470 488 
88	14	8	1	122 126 153 174 224 260 270 286 328 
89	19	21	7	20 69 87 238 264 308 376 379 395 415 484 
90	2	26	8	53 79 85 137 217 226 269 301 304 317 365 388 427 497 
91	8	27	7	27 63 64 92 98 116 129 173 176 182 185 215 285 339 362 420 492 
92	2	40	2	34 51 66 109 152 154 155 170 202 246 269 295 307 311 315 340 358 364 380 399 415 
93	11	46	1	19 47 92 104 106 120 220 221 241 248 263 274 315 318 321 380 383 384 394 401 424 431 468 500 
94	5	45	7	19 67 71 80 93 198 235 256 281 297 302 346 370 372 436 454 
95	19	29	2	78 145 190 196 232 272 289 294 300 310 350 402 421 461 467 486 496 497 
96	7	33	1	8 49 50 60 87 102 136 139 149 175 185 249 323 375 403 442 
97	14	26	7	32 57 118 135 138 155 162 232 281 311 312 318 321 323 369 425 440 449 
98	8	23	3	36 94 105 194 210 284 379 392 412 439 
99	10	23	5	12 17 22 32 119 240 256 265 267 294 296 343 428 457 460 464 487 488 494 497 
100	2	27	3	12 16 24 91 100 104 107 160 186 192 199 228 262 348 359 375 427 451 459 463 
