Course	Room	Teacher	Time	Students
1	20	37	1	24 72 85 88 101 135 140 162 163 193 202 254 338 339 341 413 416 429 498 
2	3	38	2	20 56 94 114 144 146 225 250 273 295 312 327 369 376 
3	17	31	8	8 12 22 84 104 153 183 185 203 208 228 230 247 271 292 294 317 325 376 413 444 453 462 487 
4	20	12	3	25 45 46 65 94 125 152 156 227 235 254 284 343 353 387 391 471 474 488 490 496 
5	8	41	1	1 63 96 122 138 150 160 169 203 249 265 383 401 
6	13	40	4	9 31 50 53 78 98 107 120 132 152 157 205 212 222 236 258 259 354 356 411 476 497 
7	18	40	2	3 93 147 228 256 321 349 367 378 394 400 424 433 434 465 
8	6	47	8	19 42 47 61 96 101 119 130 162 187 202 222 249 287 302 357 415 416 463 471 484 
9	13	17	6	33 72 92 99 134 174 212 232 256 275 289 292 320 355 378 446 475 480 499 
10	20	18	4	16 22 69 115 122 149 176 197 283 290 330 433 467 470 471 
11	13	16	8	70 75 100 102 112 125 169 216 261 275 320 323 371 377 384 405 447 473 497 
12	11	1	1	2 61 147 190 213 233 269 306 321 328 332 359 455 482 494 
13	3	29	4	13 30 117 129 139 186 210 216 265 296 315 318 323 353 361 376 388 390 400 440 449 464 473 475 
14	14	26	1	6 38 43 165 223 256 291 298 300 312 323 327 342 408 420 448 458 
15	20	24	6	17 112 115 149 163 246 281 286 354 370 373 399 407 419 438 440 
16	10	36	8	10 20 77 160 166 167 178 209 266 301 305 332 375 392 499 
17	13	17	7	32 65 133 140 170 183 204 230 257 270 273 280 306 313 385 396 412 491 
18	8	27	5	22 49 57 81 84 106 161 189 196 248 253 294 313 317 332 347 365 368 434 469 485 
19	8	9	4	49 73 81 82 94 136 143 154 200 206 214 241 248 276 284 325 352 360 377 427 463 489 495 498 
20	8	46	6	21 39 64 133 201 241 271 282 311 377 402 403 422 423 431 436 454 466 
21	11	46	4	20 25 75 89 96 109 140 167 199 217 219 234 291 324 329 337 350 365 378 423 430 481 492 
22	11	48	6	11 87 123 200 205 239 294 308 332 336 337 353 376 379 458 468 494 497 498 
23	4	8	4	7 18 156 215 249 267 304 366 380 402 405 480 
24	3	42	7	54 91 106 111 112 152 178 189 202 250 295 346 436 466 492 
25	4	32	5	71 91 93 125 147 157 194 216 226 340 369 432 450 
26	20	25	8	14 36 60 78 80 90 128 137 140 145 154 159 229 245 307 326 350 370 390 395 409 417 430 437 
27	7	23	2	14 35 69 74 84 113 151 201 242 244 252 279 395 411 444 482 499 
28	18	22	3	3 21 28 36 57 68 137 215 224 271 383 428 444 470 480 
29	8	43	8	21 58 64 110 141 186 260 274 309 341 349 381 424 427 464 478 479 483 486 488 
30	2	33	5	1 4 9 40 47 48 52 56 88 143 145 200 225 257 260 281 310 335 336 342 422 426 446 
31	11	27	2	45 48 71 90 101 103 121 126 161 182 183 186 214 236 267 269 287 311 317 331 348 379 386 429 448 458 488 497 
32	8	41	3	37 82 150 151 223 232 238 247 281 459 479 
33	3	42	3	22 26 64 67 75 126 164 191 206 236 298 314 331 337 344 360 369 373 427 484 489 
34	3	11	5	45 53 69 100 115 158 199 247 255 269 296 357 437 455 461 475 491 
35	6	4	1	34 74 86 89 155 157 189 201 208 215 224 238 261 289 319 320 373 382 418 478 
36	16	47	6	7 15 52 54 56 97 141 185 213 229 231 290 299 334 359 368 380 386 395 397 400 500 
37	3	19	6	12 14 30 35 73 88 150 153 164 173 197 198 219 272 297 318 326 330 356 388 404 418 435 467 
38	7	20	5	8 39 79 99 110 111 129 202 228 237 265 285 288 301 343 344 358 373 409 
39	6	39	2	26 111 128 129 142 203 211 212 215 227 230 270 296 299 304 343 355 356 361 377 446 495 
40	11	23	7	60 86 98 116 126 187 195 213 226 255 263 264 274 291 303 304 315 340 347 366 390 411 415 424 440 446 
41	20	37	2	8 9 77 86 95 124 155 165 231 254 259 278 324 336 337 359 362 
42	4	5	8	28 59 92 168 212 220 311 313 322 359 394 429 445 
43	16	14	5	18 33 70 87 148 154 223 256 305 387 391 492 
44	6	10	5	3 13 19 51 55 67 232 268 287 298 299 316 345 380 384 404 439 481 
45	10	2	3	11 42 44 85 100 176 182 220 226 246 334 341 357 435 477 493 
46	6	49	7	2 10 19 37 50 64 87 90 100 150 169 218 243 279 283 302 312 321 362 389 403 406 407 443 448 456 482 
47	20	24	7	99 104 122 127 145 199 209 260 262 272 277 281 287 325 333 402 452 487 
48	14	11	2	16 23 50 79 82 134 160 217 224 286 305 309 388 438 462 473 
49	8	12	2	24 72 99 176 234 238 241 253 271 275 293 318 354 392 412 420 445 457 474 475 
50	16	29	1	49 73 151 185 187 217 227 245 270 363 366 374 396 432 436 468 472 484 492 
51	16	22	4	33 52 70 80 146 155 193 207 266 293 294 328 339 345 372 379 419 442 462 490 
52	6	7	6	63 69 131 210 222 234 268 306 310 315 341 346 398 410 411 421 426 428 457 474 
53	7	9	1	31 51 67 79 116 127 180 186 197 226 228 240 242 251 263 276 282 292 302 308 381 402 
54	8	48	7	6 11 44 55 107 121 123 146 162 164 165 172 182 229 252 285 289 379 388 393 469 479 
55	17	49	1	19 23 27 98 108 144 188 210 419 444 454 469 
56	16	36	2	2 12 13 40 61 76 130 135 137 172 181 260 277 288 310 380 430 
57	7	20	3	13 34 59 77 93 178 194 222 239 268 275 302 346 358 403 487 
58	4	19	1	7 17 41 54 59 110 112 121 143 177 229 244 258 295 344 347 365 375 442 457 
59	11	39	8	30 31 32 83 158 192 204 225 227 232 241 262 267 289 342 355 358 364 374 396 441 465 470 481 495 
60	20	18	5	16 24 27 43 58 59 60 74 82 138 191 250 267 279 311 315 325 334 361 372 407 415 456 
61	6	30	3	18 51 54 58 89 92 101 107 159 167 171 251 255 265 272 290 367 372 392 408 422 442 469 
62	16	8	3	30 32 39 71 72 98 128 134 240 243 277 286 307 368 389 426 433 445 455 476 
63	10	38	6	31 46 91 96 105 211 218 251 319 322 357 363 367 425 434 442 451 477 486 
64	2	26	8	44 63 73 87 89 109 117 139 207 221 252 363 435 456 467 496 
65	17	13	2	37 47 80 102 106 171 175 219 246 257 282 292 300 347 372 374 391 455 500 
66	3	34	8	62 76 97 108 113 131 199 233 239 295 346 406 431 459 490 
67	4	45	2	27 28 163 166 180 193 280 313 316 330 440 449 452 477 
68	10	14	2	4 15 44 52 109 192 200 233 274 307 353 364 385 399 408 478 
69	4	31	3	20 43 102 115 123 133 174 179 188 197 207 276 356 393 401 452 460 468 
70	17	32	4	15 21 24 104 116 127 133 138 180 218 240 261 282 348 362 363 389 429 460 
71	17	13	3	12 16 62 81 170 258 263 306 324 326 355 431 456 462 500 
72	10	5	1	117 118 146 179 216 259 278 297 299 301 303 324 391 399 400 428 459 486 
73	14	45	3	6 9 10 23 88 127 173 195 210 384 453 473 
74	10	2	4	32 105 171 189 194 195 262 303 349 385 431 432 
75	16	44	7	95 153 161 179 184 349 364 374 381 418 451 477 
76	11	25	5	11 86 94 172 176 180 187 205 207 326 390 398 406 433 436 447 449 468 488 
77	16	21	8	7 39 144 171 251 253 269 288 354 360 382 399 489 491 
78	3	34	1	70 78 83 123 130 134 141 166 175 184 196 205 234 279 305 314 336 350 369 371 387 414 466 
79	13	3	3	1 17 41 116 120 214 242 253 264 318 323 333 338 339 345 362 409 425 451 461 
80	6	50	4	4 60 74 230 231 242 244 268 331 340 394 447 
81	2	15	3	4 27 66 119 177 198 209 237 249 257 278 322 327 464 485 
82	10	35	5	5 38 42 103 105 168 175 179 188 201 220 221 239 243 262 319 360 408 413 414 435 452 479 482 489 
83	2	21	6	5 6 38 51 57 114 125 160 221 235 240 317 350 389 393 483 485 496 
84	7	4	4	38 76 91 102 110 113 118 142 151 159 162 168 169 181 196 208 209 286 322 335 386 404 421 453 465 494 
85	18	33	8	15 35 37 79 182 296 344 352 418 448 454 493 
86	13	50	2	5 62 78 117 132 153 164 177 190 195 276 381 383 403 415 447 451 463 466 480 490 
87	7	43	6	18 26 41 53 83 95 119 135 170 172 191 259 264 284 329 331 335 371 412 441 443 450 495 
88	17	7	5	76 92 108 131 144 165 198 203 224 273 308 364 378 419 443 460 471 494 
89	13	15	5	2 17 34 66 77 124 139 141 184 213 217 258 264 280 283 303 333 338 351 352 385 424 467 472 483 500 
90	13	6	1	48 50 90 132 158 192 198 255 274 335 343 351 370 395 397 421 437 463 465 
91	2	44	4	8 29 46 93 111 130 148 173 185 190 220 237 238 300 351 367 370 382 425 438 441 
92	17	30	7	57 68 75 109 114 118 120 156 244 293 298 327 339 392 441 453 
93	2	6	2	65 122 136 156 218 345 397 405 407 413 417 423 427 472 486 496 498 
94	7	28	8	49 68 129 152 163 188 211 235 250 285 308 310 329 383 387 410 420 432 458 461 
95	18	35	1	14 28 29 40 55 128 136 159 204 237 384 470 499 
96	2	28	1	35 36 113 114 139 145 174 214 243 410 439 476 485 
97	17	3	6	29 42 124 138 143 181 184 192 245 261 263 280 283 340 348 375 401 406 439 
98	2	16	7	34 61 66 84 97 103 137 157 219 223 248 254 307 314 334 348 375 394 398 417 422 454 
99	11	1	3	118 208 245 266 297 328 352 361 414 423 450 
100	7	10	7	1 25 29 46 193 290 300 319 329 386 401 404 416 421 434 438 472 474 478 
