Course	Room	Teacher	Time	Students
1	14	37	3	6 17 37 43 69 103 117 128 141 180 215 222 246 273 276 286 346 353 409 427 469 470 
2	10	37	2	38 46 223 238 247 278 313 325 361 384 408 422 453 460 476 
3	9	47	1	6 44 75 137 192 193 208 215 218 231 235 303 317 345 354 360 379 390 423 449 473 500 
4	6	13	5	15 23 70 118 156 175 183 186 188 194 209 274 291 296 349 363 364 373 446 466 480 497 
5	5	36	2	22 43 57 65 100 116 122 151 160 206 235 277 286 324 416 425 432 456 482 
6	5	18	3	11 96 99 111 114 152 204 208 252 263 317 327 334 335 422 444 446 
7	9	11	4	3 41 54 56 82 106 149 182 270 295 309 348 366 410 425 471 476 481 486 
8	8	26	2	2 6 14 47 83 106 115 139 242 282 295 303 326 330 357 382 430 433 
9	16	27	8	14 22 37 38 59 96 126 162 194 201 223 266 272 289 328 347 396 439 459 461 489 499 
10	4	43	7	21 61 85 133 262 279 395 451 471 479 481 494 
11	10	43	3	18 19 24 57 65 70 79 106 119 135 188 189 193 195 209 224 248 288 371 375 454 460 
12	6	12	2	60 105 128 144 153 184 199 228 256 268 280 310 311 331 351 352 387 411 447 485 
13	8	22	3	28 30 34 46 59 60 98 171 175 182 213 218 232 242 244 418 483 495 
14	13	12	3	7 40 49 110 146 161 163 166 183 185 217 261 368 373 403 407 443 462 480 490 
15	9	50	6	16 61 66 82 119 182 199 205 238 239 241 252 272 288 291 304 311 318 320 366 467 470 482 489 
16	10	31	6	25 35 57 98 109 135 136 176 258 302 312 345 388 428 434 
17	8	23	1	102 157 177 194 200 214 221 288 292 294 307 316 387 421 493 494 
18	5	6	6	5 8 12 19 60 70 130 140 147 151 200 220 225 240 316 319 322 377 400 427 432 490 499 
19	9	11	5	4 11 12 34 50 113 142 167 181 185 187 197 254 263 267 271 286 295 361 387 407 426 435 470 
20	14	30	2	10 45 67 172 183 230 254 266 273 343 348 359 364 397 406 465 
21	19	39	1	4 12 136 180 184 198 239 256 281 458 472 
22	8	14	5	5 6 25 90 117 163 347 365 372 385 394 398 401 
23	13	24	7	27 37 51 100 111 143 256 280 301 336 341 377 393 405 409 410 431 446 493 
24	6	7	4	15 52 72 146 207 224 267 288 320 335 339 354 399 429 462 468 
25	4	13	6	17 31 42 52 107 162 229 230 250 290 297 383 433 439 448 449 492 500 
26	1	24	6	15 23 33 83 190 191 202 235 254 255 273 276 282 329 374 381 403 419 429 430 437 475 477 478 488 494 
27	2	14	1	25 48 120 202 204 249 305 306 353 362 370 443 448 487 
28	3	10	1	17 20 63 68 71 122 151 159 161 195 237 245 275 302 374 385 404 411 412 447 478 
29	9	5	7	42 47 71 74 101 139 180 238 265 289 328 333 334 342 382 399 414 492 
30	2	49	3	32 54 62 91 94 101 104 123 138 155 174 186 198 251 277 283 316 326 367 424 442 463 
31	12	28	1	10 29 33 47 108 110 140 283 304 323 330 340 401 410 479 499 
32	8	16	6	80 131 210 211 248 293 315 342 360 399 404 415 417 420 445 473 491 
33	9	36	3	5 13 50 85 121 127 202 247 279 308 309 324 360 394 464 493 500 
34	1	20	4	33 91 95 107 136 147 187 192 204 213 315 347 358 363 389 
35	6	30	7	43 76 78 126 134 173 195 199 251 292 315 322 352 412 448 498 
36	10	31	5	111 137 153 177 191 215 231 304 332 386 482 
37	4	42	3	3 27 53 58 73 87 100 112 122 178 203 241 260 262 290 294 323 332 361 379 389 392 415 421 432 475 477 
38	4	40	2	11 33 108 120 127 156 161 176 192 227 233 243 279 297 355 378 381 423 439 442 
39	2	48	5	28 86 131 132 170 176 220 264 303 310 313 315 317 326 362 381 388 391 425 455 
40	19	34	2	16 95 111 113 125 170 222 265 402 409 436 450 454 462 466 479 495 
41	19	9	4	55 101 115 129 164 172 179 246 256 277 308 314 460 469 472 
42	10	46	4	11 14 24 81 96 105 157 158 163 165 176 181 185 236 275 289 296 312 331 353 392 427 438 478 
43	19	38	3	61 74 129 132 168 196 223 310 321 337 339 341 349 380 400 
44	9	47	2	40 66 71 147 150 154 157 173 174 229 231 246 257 264 318 337 344 354 358 377 392 395 405 
45	10	10	7	24 26 29 40 77 90 102 106 149 154 157 211 233 234 283 305 307 357 371 394 406 435 472 
46	16	49	2	55 59 74 88 91 93 121 189 219 267 269 281 290 301 321 332 443 467 489 
47	19	42	7	9 39 48 123 198 210 242 306 413 423 437 
48	3	35	3	9 137 230 299 311 363 383 384 445 457 
49	13	3	8	85 262 276 387 403 444 456 463 478 492 
50	16	5	4	8 21 45 67 97 104 112 139 197 221 265 268 360 367 386 391 426 441 454 
51	10	34	1	21 30 38 39 46 171 211 267 268 300 323 336 341 
52	8	22	4	2 30 103 130 134 173 177 238 281 333 359 362 384 393 396 411 413 422 424 433 436 445 
53	5	25	8	4 18 52 63 69 88 116 167 172 184 185 230 234 235 260 295 334 354 366 367 380 381 406 418 434 449 460 472 475 481 486 
54	1	4	8	7 20 32 39 118 121 146 227 241 280 285 306 340 351 363 390 416 454 464 473 
55	13	41	4	23 92 93 143 228 239 242 273 285 336 372 388 395 398 403 437 453 493 
56	14	2	5	2 7 8 16 55 71 85 212 374 377 409 424 436 438 476 484 
57	3	27	2	36 49 68 69 99 101 123 188 191 245 271 284 296 322 340 372 492 
58	13	46	5	22 36 44 45 54 64 78 115 133 138 143 144 160 162 173 178 226 251 258 294 299 300 307 325 414 458 461 
59	5	26	4	31 50 84 155 186 190 232 287 294 376 400 418 419 463 496 
60	5	20	7	17 18 56 82 87 107 112 141 145 193 208 218 261 358 369 415 428 433 444 457 491 
61	16	28	5	1 53 75 103 107 123 180 222 259 282 306 312 335 351 352 359 371 395 427 428 430 473 481 
62	19	38	6	13 26 76 77 194 243 246 253 257 314 438 464 484 
63	14	35	6	39 48 64 93 129 152 209 349 356 371 411 461 469 498 
64	14	41	8	34 90 95 109 128 135 164 182 212 259 269 292 346 355 356 374 382 424 426 435 440 441 
65	1	44	7	5 13 83 89 92 98 119 142 168 188 196 204 213 214 236 270 278 297 337 379 420 452 499 
66	16	15	1	3 32 35 93 129 155 156 172 175 201 229 248 258 265 319 321 384 394 408 413 496 
67	1	15	2	19 53 73 79 135 136 149 159 171 201 213 217 226 234 237 245 260 291 298 300 369 391 428 452 471 484 500 
68	14	7	7	44 55 57 75 94 108 117 124 159 166 197 222 226 253 291 319 325 340 366 391 477 480 488 
69	12	39	2	18 64 81 132 196 224 250 314 338 365 401 404 434 468 
70	9	16	8	31 40 47 100 155 190 210 270 293 298 307 338 350 397 442 474 485 487 488 491 
71	6	40	1	1 42 105 160 168 186 206 209 216 241 250 257 318 324 325 467 485 
72	4	3	1	58 59 66 80 148 164 179 264 272 329 367 372 375 446 484 
73	2	29	8	19 50 70 87 103 130 144 147 177 196 255 275 308 353 357 364 386 398 399 417 431 438 452 455 
74	13	4	2	28 54 72 89 97 98 152 165 166 212 261 270 328 396 420 
75	5	50	5	14 29 52 73 74 83 92 102 124 126 207 249 252 327 376 379 412 431 456 479 491 
76	5	18	1	8 15 51 79 82 89 92 139 146 167 190 205 240 253 301 314 333 334 339 430 442 450 
77	1	45	5	30 35 37 67 88 108 125 145 154 195 250 266 272 302 316 344 370 405 459 
78	16	25	3	26 44 81 140 148 162 216 243 268 338 345 378 398 405 434 439 455 465 486 489 
79	2	23	4	62 66 80 90 141 214 247 257 263 274 283 311 346 351 383 447 451 
80	14	17	1	81 112 212 217 225 276 287 298 299 355 368 369 380 389 407 415 426 457 482 
81	15	29	2	61 76 84 117 124 158 198 236 239 240 305 309 412 419 457 
82	1	8	1	9 36 69 133 134 141 165 169 174 178 189 228 244 251 254 255 284 331 342 343 347 350 373 376 440 455 459 
83	13	21	6	62 68 122 126 153 164 184 206 232 249 310 330 357 396 407 459 497 
84	8	48	7	20 58 68 97 115 116 138 169 178 179 183 202 247 259 318 402 422 441 447 453 486 487 
85	4	9	5	97 110 114 232 269 278 319 320 393 402 418 450 475 487 495 
86	4	2	4	22 99 128 169 210 225 237 243 317 322 328 342 343 368 378 397 448 497 498 
87	2	8	7	10 28 79 170 174 175 192 215 217 269 304 368 408 432 485 496 
88	13	44	1	56 77 78 113 131 143 152 181 203 223 227 260 271 313 346 356 400 461 480 490 495 498 
89	7	45	2	1 25 42 96 109 138 179 205 356 380 429 470 483 494 
90	6	17	3	23 31 41 45 48 109 130 133 153 170 187 240 284 296 300 301 333 344 410 417 419 429 436 
91	2	6	2	41 63 145 169 200 248 339 413 458 464 490 
92	10	21	8	41 64 91 127 148 236 258 282 326 370 375 385 393 414 437 471 496 
93	2	1	6	34 51 67 72 86 134 154 207 233 244 378 
94	16	33	7	2 3 114 118 125 150 205 266 285 293 330 343 350 373 375 388 416 421 466 
95	16	19	6	20 36 38 63 73 75 104 145 160 203 219 221 231 292 303 308 365 385 408 450 
96	1	1	3	51 56 144 151 206 274 278 305 348 350 425 435 440 
97	8	33	8	12 62 86 142 189 216 219 287 290 299 312 313 324 327 329 421 451 462 477 
98	19	32	5	43 49 76 77 94 158 161 203 218 227 297 298 341 390 397 404 416 445 453 463 474 
99	6	32	6	7 9 78 84 105 150 181 197 214 224 277 287 335 337 451 452 456 
100	14	19	4	46 65 86 87 113 120 150 167 220 253 279 286 302 321 327 329 332 401 465 483 
