Students	3000
1	15 9 6 18
2	6 9 17 13
3	15 20 8 7
4	10 1 16 15
5	16 6 17 10
6	6 3 14 5
7	11 12 20 13
8	14 3 4 5
9	20 2 18 6
10	9 13 6 16
11	2 10 9 19
12	9 15 13 10
13	14 10 3 20
14	4 13 18 20
15	12 17 8 13
16	5 6 14 1
17	20 19 17 3
18	3 16 20 5
19	3 15 7 19
20	12 1 13 2
21	17 5 18 9
22	9 4 5 19
23	12 2 4 17
24	10 18 13 9
25	2 14 6 18
26	13 2 3 7
27	9 20 7 5
28	19 5 20 16
29	12 7 6 1
30	12 20 14 6
31	6 16 13 5
32	15 18 1 9
33	20 12 17 3
34	1 15 12 14
35	17 8 7 4
36	6 2 13 14
37	15 6 10 7
38	15 5 8 11
39	18 8 15 13
40	2 6 7 10
41	2 13 11 15
42	8 2 4 19
43	6 14 10 1
44	11 4 5 12
45	14 18 3 11
46	10 20 16 4
47	20 8 12 7
48	16 10 18 7
49	13 20 16 17
50	8 15 10 16
51	5 18 20 17
52	7 4 19 14
53	9 20 1 8
54	5 4 10 20
55	4 18 12 17
56	15 19 6 7
57	3 12 9 1
58	8 15 18 20
59	8 11 4 17
60	20 8 17 13
61	11 3 17 15
62	17 9 13 3
63	18 8 15 4
64	12 8 14 3
65	4 5 20 15
66	14 19 12 4
67	15 5 8 14
68	9 10 4 3
69	4 2 16 11
70	12 14 17 1
71	4 6 10 20
72	19 1 8 18
73	3 7 14 20
74	17 18 15 2
75	20 8 3 19
76	18 2 11 17
77	3 11 17 7
78	5 2 15 13
79	18 5 3 6
80	9 14 5 15
81	19 15 11 3
82	13 14 8 20
83	1 11 19 15
84	13 10 11 8
85	16 5 19 8
86	19 4 8 15
87	16 5 2 18
88	8 9 6 11
89	16 19 17 5
90	9 3 4 10
91	11 15 2 13
92	1 4 8 15
93	19 17 14 5
94	3 1 9 6
95	3 13 5 16
96	15 4 10 17
97	20 10 9 3
98	10 3 9 11
99	17 11 3 7
100	4 3 20 5
101	9 14 18 4
102	14 19 10 7
103	6 3 19 7
104	20 17 3 4
105	9 17 13 8
106	16 5 12 6
107	2 12 17 11
108	9 3 1 6
109	8 5 17 10
110	1 2 15 19
111	7 12 16 4
112	19 5 18 12
113	5 10 7 11
114	2 3 1 9
115	16 14 1 17
116	13 20 17 2
117	19 5 4 12
118	19 5 1 10
119	18 15 8 12
120	9 6 10 15
121	17 13 6 18
122	10 2 17 3
123	5 7 6 14
124	8 13 2 5
125	6 16 1 15
126	16 14 15 7
127	15 19 7 18
128	19 9 2 16
129	1 10 13 16
130	1 11 9 14
131	17 20 4 10
132	11 3 4 1
133	6 16 14 10
134	14 6 16 4
135	14 13 18 3
136	20 18 19 2
137	7 5 3 14
138	7 18 16 6
139	2 7 12 14
140	5 7 4 14
141	9 12 18 17
142	7 1 6 11
143	4 14 15 8
144	9 3 20 11
145	19 6 7 11
146	20 19 13 15
147	6 7 3 2
148	14 15 20 17
149	11 10 6 13
150	10 3 20 16
151	16 17 9 18
152	10 7 18 12
153	20 4 1 7
154	14 13 5 18
155	7 14 15 19
156	9 14 7 17
157	1 9 6 14
158	1 9 10 20
159	4 11 12 14
160	8 2 20 11
161	12 13 15 20
162	14 9 16 19
163	4 6 11 8
164	1 19 9 5
165	12 7 4 2
166	5 7 11 10
167	18 2 7 8
168	8 9 1 6
169	12 3 1 17
170	8 19 2 6
171	15 9 10 19
172	17 10 12 1
173	19 18 5 13
174	3 16 18 11
175	9 13 14 6
176	10 20 9 7
177	15 20 13 12
178	8 12 11 3
179	9 18 17 19
180	9 6 3 14
181	19 13 4 2
182	17 16 11 1
183	14 1 10 11
184	15 4 9 11
185	17 2 6 9
186	19 14 12 17
187	4 3 2 10
188	2 8 4 12
189	10 4 19 9
190	4 15 18 17
191	9 17 14 4
192	15 17 8 10
193	15 17 13 20
194	12 3 16 5
195	13 20 6 8
196	5 11 6 20
197	9 15 8 7
198	1 17 9 5
199	11 14 8 9
200	3 6 1 10
201	16 15 19 17
202	1 12 9 6
203	8 12 16 19
204	4 19 5 16
205	7 1 19 8
206	10 12 13 2
207	16 5 17 14
208	20 4 19 17
209	9 2 7 12
210	12 20 2 14
211	17 14 18 8
212	19 11 4 7
213	13 3 8 16
214	19 11 13 1
215	17 19 18 14
216	2 15 18 19
217	7 5 15 6
218	13 9 5 16
219	13 1 14 5
220	11 4 8 7
221	1 3 14 20
222	3 16 1 5
223	17 8 20 5
224	17 1 7 15
225	6 9 20 3
226	15 14 5 10
227	18 3 8 2
228	6 1 12 18
229	1 8 17 12
230	14 7 19 17
231	15 5 2 1
232	15 4 20 10
233	10 6 12 17
234	14 7 16 12
235	17 10 19 11
236	4 17 5 2
237	6 12 13 15
238	18 3 10 7
239	18 15 1 16
240	3 13 20 10
241	11 12 8 20
242	8 5 20 4
243	18 15 3 19
244	12 13 10 8
245	19 13 7 16
246	12 3 13 11
247	16 7 13 2
248	4 8 13 7
249	19 13 11 1
250	17 11 20 3
251	7 10 1 12
252	11 17 14 1
253	18 12 7 9
254	5 15 6 7
255	13 10 4 6
256	19 5 18 3
257	4 8 20 19
258	12 16 7 13
259	17 19 10 3
260	14 3 4 10
261	12 20 4 2
262	9 17 7 6
263	12 17 3 19
264	15 14 3 2
265	11 19 13 6
266	1 20 16 2
267	4 1 17 2
268	14 1 2 6
269	18 13 5 15
270	8 15 2 14
271	6 3 10 17
272	4 11 6 10
273	18 7 2 20
274	17 18 13 6
275	2 10 16 20
276	15 2 1 16
277	1 13 16 20
278	8 1 3 14
279	7 19 1 4
280	18 17 19 16
281	19 5 7 11
282	12 13 8 10
283	14 11 10 1
284	5 6 8 16
285	20 15 5 17
286	11 1 16 17
287	5 9 15 8
288	9 15 20 4
289	7 2 10 15
290	7 19 14 11
291	1 4 12 3
292	6 5 2 15
293	5 14 16 12
294	17 13 19 18
295	10 5 20 3
296	1 18 14 16
297	18 4 2 11
298	9 13 6 12
299	5 1 11 3
300	3 19 14 7
301	5 7 13 15
302	15 16 19 7
303	20 11 16 5
304	2 19 20 1
305	17 9 12 20
306	10 18 1 12
307	20 17 10 1
308	7 18 2 13
309	9 3 2 14
310	12 6 15 8
311	4 5 7 19
312	5 19 3 13
313	4 16 17 7
314	16 15 7 18
315	5 13 10 14
316	8 6 10 14
317	11 5 10 13
318	10 8 13 6
319	8 12 17 1
320	6 2 16 4
321	14 16 18 3
322	5 2 3 14
323	3 13 15 11
324	7 13 15 16
325	19 1 17 18
326	14 6 20 8
327	19 4 12 5
328	8 3 19 20
329	12 7 13 17
330	11 16 12 5
331	1 10 18 19
332	10 11 1 19
333	2 5 1 8
334	18 20 9 13
335	1 18 11 3
336	5 7 11 20
337	16 18 4 5
338	8 18 9 2
339	6 19 2 7
340	17 16 2 10
341	13 17 19 20
342	9 7 10 15
343	19 15 9 13
344	8 11 9 3
345	19 4 6 13
346	10 16 18 4
347	20 18 17 5
348	20 14 18 1
349	6 19 14 15
350	3 16 7 18
351	4 9 12 2
352	7 19 2 13
353	13 18 1 2
354	10 4 19 16
355	11 7 5 18
356	20 9 5 8
357	8 20 11 18
358	19 6 16 7
359	11 16 6 2
360	3 20 16 11
361	1 10 13 5
362	20 12 13 8
363	5 17 3 8
364	1 9 7 20
365	4 8 5 12
366	18 20 3 11
367	19 14 13 8
368	1 16 14 4
369	18 5 20 13
370	5 15 3 10
371	1 9 20 5
372	5 8 7 3
373	2 20 9 13
374	1 5 19 3
375	20 4 10 17
376	3 6 16 13
377	13 9 1 3
378	3 19 10 20
379	20 1 13 11
380	12 4 9 19
381	7 17 12 5
382	17 19 12 16
383	7 10 12 8
384	5 16 4 17
385	4 12 17 19
386	15 12 2 16
387	3 20 9 10
388	6 15 9 3
389	16 1 6 12
390	2 17 13 6
391	14 7 12 15
392	7 6 3 19
393	19 16 5 18
394	12 1 6 20
395	3 18 15 13
396	2 3 19 14
397	20 9 14 6
398	17 20 3 19
399	11 4 9 8
400	16 7 20 17
401	6 11 14 1
402	16 19 3 20
403	10 1 6 2
404	20 15 19 10
405	2 16 5 4
406	15 3 17 10
407	15 14 13 2
408	20 8 5 3
409	8 14 1 18
410	8 9 19 5
411	7 12 6 18
412	11 18 1 10
413	16 19 20 2
414	14 13 16 3
415	9 19 13 17
416	2 12 20 3
417	1 2 8 9
418	6 8 12 20
419	3 6 10 19
420	1 3 16 5
421	1 16 20 14
422	6 2 10 12
423	20 10 14 2
424	9 2 11 12
425	18 7 13 20
426	8 20 3 11
427	2 6 8 5
428	12 5 4 10
429	3 15 17 19
430	10 5 11 17
431	1 9 11 14
432	6 15 16 5
433	7 11 19 18
434	4 8 9 10
435	16 12 20 5
436	8 1 9 3
437	18 7 5 12
438	17 6 1 15
439	13 15 19 3
440	11 20 9 15
441	19 6 14 18
442	5 12 11 14
443	12 2 8 14
444	20 6 12 11
445	20 12 13 6
446	13 2 3 9
447	7 10 9 14
448	18 17 20 13
449	2 7 11 15
450	2 13 17 12
451	17 14 19 1
452	19 2 9 1
453	9 11 14 20
454	13 8 12 11
455	7 6 12 19
456	19 2 3 14
457	12 10 11 14
458	20 15 18 4
459	15 6 10 17
460	19 18 7 9
461	3 2 16 20
462	8 7 5 17
463	18 6 5 1
464	14 8 12 15
465	1 10 12 11
466	10 15 9 1
467	18 19 1 12
468	8 1 14 6
469	1 17 15 2
470	1 20 4 2
471	11 16 14 13
472	9 2 18 15
473	18 20 9 11
474	9 5 20 19
475	14 16 8 9
476	13 7 9 2
477	12 18 16 14
478	12 2 11 9
479	17 12 16 5
480	2 6 17 8
481	9 16 11 19
482	5 18 12 2
483	9 14 15 13
484	2 4 7 6
485	12 10 11 16
486	20 8 7 12
487	9 18 4 8
488	12 2 19 18
489	17 6 1 11
490	9 6 14 2
491	17 16 4 12
492	2 10 11 4
493	4 11 2 5
494	10 14 3 7
495	3 19 18 14
496	10 12 17 4
497	19 9 7 5
498	19 12 2 20
499	7 12 18 15
500	1 18 10 6
501	5 1 12 15
502	2 19 13 14
503	14 12 18 9
504	14 16 7 9
505	13 14 3 10
506	12 15 4 8
507	7 19 14 1
508	20 8 19 17
509	11 4 14 8
510	9 1 15 17
511	5 20 18 14
512	6 3 11 17
513	2 6 18 12
514	1 19 18 11
515	8 16 1 5
516	11 6 14 1
517	1 4 3 7
518	18 12 13 15
519	1 19 17 7
520	9 4 5 6
521	9 4 15 3
522	2 20 15 9
523	11 10 2 17
524	13 9 6 14
525	9 18 7 4
526	4 6 2 1
527	20 12 3 19
528	19 7 8 12
529	18 20 10 4
530	10 11 1 9
531	11 1 2 19
532	3 1 17 14
533	3 13 4 7
534	10 20 2 18
535	11 15 14 12
536	20 8 10 16
537	12 7 3 14
538	7 5 4 15
539	2 7 9 1
540	20 5 1 19
541	17 13 8 5
542	10 18 11 6
543	18 8 2 17
544	15 16 4 11
545	13 6 7 18
546	15 12 14 2
547	20 11 6 13
548	2 11 3 4
549	10 18 4 11
550	14 18 11 9
551	11 10 13 18
552	7 15 5 14
553	8 20 17 2
554	7 11 10 8
555	7 19 15 5
556	10 15 18 12
557	14 7 10 19
558	20 17 6 2
559	4 13 10 2
560	19 17 4 3
561	2 18 11 12
562	15 13 3 7
563	20 6 2 17
564	6 19 9 2
565	8 19 17 12
566	8 15 12 20
567	1 12 6 16
568	16 11 1 14
569	15 20 7 9
570	3 6 4 2
571	14 16 4 1
572	5 8 11 18
573	10 11 16 3
574	12 7 3 16
575	17 5 3 11
576	7 13 20 4
577	1 17 11 14
578	1 4 3 8
579	1 11 5 18
580	19 4 7 5
581	3 11 19 5
582	8 3 12 18
583	8 18 9 1
584	3 4 14 15
585	2 4 18 14
586	1 14 18 19
587	19 10 1 11
588	1 4 19 16
589	18 12 15 20
590	9 16 3 15
591	8 14 12 16
592	3 16 18 14
593	16 9 18 3
594	19 2 14 11
595	1 4 10 14
596	19 3 10 9
597	2 20 15 13
598	8 16 3 5
599	14 13 2 9
600	16 9 2 19
601	2 20 7 15
602	7 15 11 13
603	6 12 5 20
604	10 9 5 20
605	16 20 5 12
606	12 3 6 13
607	12 14 1 15
608	15 17 4 9
609	13 15 12 3
610	20 12 3 1
611	9 17 11 12
612	20 11 7 8
613	15 19 10 2
614	12 14 5 11
615	3 5 11 20
616	12 5 9 11
617	14 3 1 7
618	18 16 13 3
619	11 19 10 14
620	4 13 6 20
621	7 8 3 6
622	6 11 3 4
623	2 1 3 6
624	12 7 1 20
625	8 19 2 12
626	14 12 8 16
627	6 9 8 16
628	6 8 20 5
629	5 13 2 4
630	12 20 17 6
631	11 9 5 16
632	9 8 18 5
633	3 17 20 8
634	5 6 4 3
635	2 5 3 12
636	18 10 14 19
637	14 8 10 16
638	20 2 18 17
639	6 7 1 11
640	4 12 10 9
641	12 2 15 9
642	18 5 3 20
643	15 3 17 13
644	1 8 12 16
645	18 5 7 11
646	19 6 20 8
647	8 4 6 3
648	17 3 5 1
649	7 8 19 18
650	10 13 1 12
651	7 13 17 11
652	5 10 11 15
653	9 18 8 16
654	15 6 9 16
655	15 17 3 10
656	15 20 16 2
657	16 8 13 18
658	9 4 5 16
659	1 14 11 8
660	3 16 4 13
661	10 6 9 3
662	6 15 8 9
663	3 19 20 5
664	20 13 12 18
665	9 6 17 1
666	18 14 6 16
667	14 1 18 2
668	1 15 11 16
669	15 18 7 10
670	14 2 4 20
671	19 18 4 16
672	16 2 7 8
673	18 3 1 17
674	11 7 18 15
675	16 17 5 18
676	19 12 8 4
677	8 20 14 12
678	4 14 12 15
679	15 16 13 11
680	10 20 13 17
681	1 2 13 14
682	6 2 4 8
683	17 6 4 12
684	20 7 11 2
685	16 11 14 3
686	16 12 20 10
687	9 19 10 2
688	19 8 3 1
689	10 14 1 17
690	16 6 18 17
691	19 11 20 13
692	4 7 2 16
693	19 4 7 2
694	18 8 15 17
695	16 18 8 2
696	16 6 3 7
697	6 4 11 7
698	4 17 11 8
699	7 8 15 11
700	17 13 2 16
701	17 14 1 11
702	19 16 12 14
703	17 14 18 15
704	10 17 20 3
705	14 17 20 12
706	10 18 9 20
707	7 8 14 9
708	10 13 8 12
709	15 2 10 11
710	3 11 12 18
711	12 1 4 9
712	4 16 14 13
713	17 19 20 6
714	6 16 10 3
715	11 3 10 14
716	5 14 7 13
717	10 14 4 19
718	9 7 5 16
719	8 12 16 3
720	11 10 20 2
721	20 10 11 9
722	13 9 17 1
723	6 2 4 13
724	1 2 17 5
725	13 14 1 17
726	14 10 19 18
727	18 10 15 2
728	18 9 15 20
729	19 1 18 17
730	10 5 7 14
731	1 12 5 13
732	18 17 7 3
733	4 5 19 2
734	8 10 6 20
735	11 19 16 3
736	1 6 11 18
737	20 1 4 16
738	5 12 6 20
739	4 3 2 12
740	1 19 8 18
741	19 11 2 20
742	3 8 12 19
743	11 2 18 6
744	18 1 15 12
745	10 13 6 14
746	20 1 16 19
747	7 3 15 16
748	17 13 2 5
749	9 13 16 1
750	20 15 3 18
751	15 7 12 18
752	20 8 16 13
753	7 3 16 13
754	19 6 1 20
755	18 11 16 6
756	15 16 5 6
757	4 8 19 20
758	18 9 15 17
759	6 2 20 12
760	16 9 10 2
761	4 17 12 5
762	12 2 6 19
763	15 4 1 17
764	11 3 19 7
765	13 16 15 6
766	9 14 16 10
767	6 7 9 12
768	6 13 9 5
769	14 16 19 8
770	12 13 20 16
771	11 7 2 16
772	5 19 15 10
773	19 11 7 2
774	13 15 14 2
775	2 7 16 20
776	16 19 1 3
777	10 2 12 19
778	10 5 11 18
779	2 4 12 15
780	3 13 6 7
781	8 5 14 15
782	2 8 4 10
783	4 14 18 7
784	12 16 10 4
785	10 14 12 13
786	8 18 7 20
787	5 10 12 19
788	4 17 14 12
789	12 15 2 9
790	18 19 7 2
791	20 18 13 16
792	19 12 7 18
793	14 13 5 19
794	17 12 15 3
795	14 19 4 3
796	6 5 12 11
797	6 17 14 7
798	4 2 15 19
799	16 19 1 7
800	1 14 10 7
801	15 13 19 11
802	7 14 1 8
803	7 15 10 8
804	16 4 15 17
805	19 9 6 18
806	18 2 9 16
807	7 15 14 16
808	8 19 10 3
809	6 9 14 19
810	19 13 4 3
811	15 17 3 7
812	3 18 10 17
813	2 10 13 15
814	13 2 19 6
815	12 20 14 3
816	14 13 8 10
817	2 17 15 10
818	7 11 13 1
819	9 19 3 12
820	7 4 12 11
821	12 5 7 15
822	14 7 8 12
823	5 16 4 11
824	3 8 7 11
825	6 8 19 1
826	18 10 14 16
827	5 12 4 2
828	20 3 18 8
829	12 16 14 11
830	14 9 12 11
831	17 3 19 1
832	4 7 13 11
833	14 19 6 20
834	9 19 16 18
835	10 7 11 19
836	12 10 6 17
837	14 16 10 13
838	15 7 4 5
839	3 8 19 17
840	18 12 16 11
841	12 16 18 4
842	10 17 12 7
843	17 7 9 5
844	8 14 1 15
845	4 19 13 12
846	19 15 5 4
847	2 1 9 3
848	20 16 11 14
849	13 4 15 14
850	18 9 15 10
851	20 12 1 17
852	9 18 15 20
853	17 19 14 12
854	5 11 7 1
855	3 20 9 6
856	18 10 17 1
857	17 8 6 12
858	20 5 16 8
859	6 17 9 19
860	4 13 14 12
861	14 20 7 13
862	8 5 11 13
863	6 3 20 8
864	19 11 14 9
865	12 2 7 15
866	5 12 8 2
867	12 13 5 6
868	9 19 17 18
869	1 8 19 17
870	2 15 9 3
871	10 1 3 13
872	13 1 8 14
873	20 3 12 11
874	14 9 4 2
875	11 8 12 19
876	6 19 10 2
877	3 2 5 13
878	8 13 19 6
879	1 20 14 16
880	4 3 9 1
881	10 7 13 9
882	12 1 7 17
883	5 17 3 8
884	8 18 9 19
885	4 8 16 2
886	10 9 8 15
887	16 7 18 8
888	20 5 12 7
889	14 12 4 13
890	12 6 20 9
891	13 20 18 7
892	11 1 4 7
893	12 9 14 19
894	5 17 4 20
895	7 14 6 11
896	18 12 20 2
897	9 18 5 17
898	20 1 2 17
899	13 5 4 16
900	4 18 11 5
901	6 19 10 18
902	12 8 1 10
903	8 19 18 10
904	17 8 2 16
905	6 13 8 11
906	19 7 18 8
907	18 14 12 10
908	8 17 18 4
909	9 20 6 11
910	15 17 12 10
911	20 6 19 5
912	6 12 19 4
913	18 4 17 3
914	4 17 9 5
915	6 12 1 16
916	15 19 12 14
917	7 9 6 18
918	5 4 20 19
919	17 12 4 14
920	1 17 2 3
921	10 7 13 20
922	2 8 12 11
923	6 19 10 7
924	5 3 9 7
925	5 19 12 14
926	13 16 5 3
927	3 15 1 10
928	20 5 15 3
929	9 4 16 10
930	6 13 1 12
931	13 14 12 11
932	16 15 8 19
933	2 5 14 3
934	10 1 14 6
935	5 9 16 4
936	1 9 20 8
937	19 8 2 1
938	5 11 4 16
939	6 14 3 15
940	6 15 1 20
941	12 4 14 15
942	2 18 6 5
943	3 4 2 13
944	13 12 20 11
945	14 12 19 6
946	16 4 17 10
947	16 6 17 1
948	3 8 19 14
949	11 2 13 1
950	4 19 3 6
951	9 2 19 20
952	8 7 12 14
953	20 2 7 16
954	3 9 10 15
955	16 17 13 19
956	8 18 9 19
957	8 17 15 18
958	10 18 16 5
959	10 2 14 19
960	16 1 6 7
961	15 6 14 13
962	7 1 16 15
963	4 5 12 15
964	20 14 11 12
965	1 16 17 6
966	4 15 1 13
967	2 3 20 4
968	18 5 10 14
969	18 11 9 8
970	19 14 20 5
971	15 8 5 14
972	6 2 16 9
973	7 19 9 3
974	18 2 16 9
975	14 20 11 7
976	19 6 15 9
977	15 3 5 12
978	13 7 20 15
979	7 10 15 8
980	14 20 2 15
981	11 19 20 15
982	20 4 8 10
983	7 14 20 3
984	6 17 5 20
985	4 14 2 13
986	17 16 11 18
987	3 15 10 4
988	5 19 16 15
989	15 3 20 19
990	3 14 16 10
991	3 6 11 7
992	13 7 14 5
993	3 16 15 11
994	8 6 9 19
995	13 7 6 9
996	2 14 13 8
997	16 10 2 18
998	8 1 4 19
999	16 9 7 10
1000	1 15 7 17
1001	8 11 5 4
1002	8 13 11 15
1003	14 11 20 5
1004	4 6 16 15
1005	2 9 20 6
1006	3 10 18 4
1007	9 7 8 5
1008	3 19 5 14
1009	10 4 19 5
1010	3 12 11 13
1011	2 16 9 20
1012	9 16 7 12
1013	5 19 2 4
1014	2 10 6 7
1015	14 15 18 11
1016	18 14 16 13
1017	5 2 9 4
1018	15 1 19 5
1019	13 7 14 19
1020	3 16 13 10
1021	6 4 14 1
1022	2 19 6 15
1023	5 14 6 10
1024	14 19 4 9
1025	1 16 12 5
1026	20 13 4 17
1027	13 17 15 8
1028	9 19 18 7
1029	3 16 5 18
1030	20 14 9 17
1031	8 7 3 5
1032	5 7 20 4
1033	6 14 7 11
1034	10 15 1 8
1035	20 3 12 2
1036	15 19 1 18
1037	16 3 10 12
1038	11 9 13 18
1039	19 16 3 11
1040	1 4 16 6
1041	14 8 5 19
1042	13 16 15 6
1043	5 1 12 10
1044	17 5 1 10
1045	10 16 18 7
1046	16 5 1 20
1047	7 11 16 13
1048	18 3 9 5
1049	2 14 9 3
1050	9 7 20 19
1051	2 7 11 15
1052	7 14 17 10
1053	2 9 8 17
1054	10 9 12 6
1055	4 17 12 1
1056	16 15 9 20
1057	7 6 3 20
1058	5 9 3 8
1059	10 13 3 9
1060	13 11 19 9
1061	15 2 4 16
1062	20 4 10 17
1063	5 12 18 6
1064	16 15 7 14
1065	19 5 10 12
1066	11 20 1 3
1067	18 7 15 13
1068	2 11 7 17
1069	12 4 2 18
1070	20 1 3 6
1071	6 13 14 10
1072	16 15 7 13
1073	7 1 2 13
1074	18 20 11 8
1075	15 11 19 14
1076	20 14 12 19
1077	14 7 12 11
1078	10 7 17 12
1079	12 20 17 9
1080	20 6 19 11
1081	4 7 3 15
1082	19 8 2 14
1083	1 13 20 15
1084	16 4 7 1
1085	6 20 19 17
1086	11 5 6 16
1087	12 18 4 10
1088	17 8 2 6
1089	4 7 6 12
1090	5 19 11 6
1091	14 3 13 9
1092	5 7 8 18
1093	2 18 20 12
1094	11 19 15 14
1095	14 10 12 17
1096	2 13 1 5
1097	15 10 14 18
1098	5 15 3 12
1099	8 5 16 3
1100	10 18 11 4
1101	14 11 2 12
1102	14 15 2 3
1103	16 18 14 17
1104	14 3 1 13
1105	14 19 8 17
1106	10 7 8 6
1107	10 6 17 11
1108	2 18 12 6
1109	18 1 6 11
1110	15 1 20 8
1111	14 9 5 16
1112	14 4 20 7
1113	12 14 16 8
1114	10 19 1 11
1115	3 8 13 19
1116	12 18 14 3
1117	11 5 2 17
1118	14 20 19 2
1119	19 8 15 11
1120	1 2 15 9
1121	10 19 12 8
1122	4 2 5 6
1123	7 13 20 16
1124	14 6 12 15
1125	4 10 6 20
1126	5 17 19 7
1127	20 11 10 19
1128	20 4 19 6
1129	8 11 1 19
1130	19 12 13 17
1131	10 19 3 15
1132	17 10 11 1
1133	9 20 19 5
1134	14 18 7 15
1135	7 6 16 1
1136	3 9 14 11
1137	19 1 20 5
1138	10 11 19 3
1139	8 15 9 20
1140	12 6 20 4
1141	2 10 12 7
1142	13 12 2 20
1143	4 16 1 19
1144	9 16 6 1
1145	4 14 18 17
1146	14 13 8 19
1147	16 3 18 4
1148	5 10 8 2
1149	5 17 11 19
1150	7 1 18 17
1151	9 14 17 13
1152	9 19 16 17
1153	1 14 10 2
1154	9 16 11 15
1155	12 11 13 10
1156	3 1 10 14
1157	15 16 13 12
1158	11 10 19 7
1159	14 1 8 3
1160	14 19 7 1
1161	8 17 1 16
1162	15 4 17 16
1163	17 18 20 6
1164	3 7 14 15
1165	15 2 3 17
1166	11 3 20 19
1167	19 6 9 15
1168	18 20 2 12
1169	14 13 9 17
1170	20 19 12 17
1171	13 6 1 2
1172	11 3 15 4
1173	9 8 2 7
1174	17 5 3 7
1175	1 14 11 5
1176	12 5 10 16
1177	16 12 1 20
1178	20 13 1 19
1179	17 4 1 12
1180	3 4 15 1
1181	15 11 7 4
1182	7 12 1 9
1183	7 3 4 1
1184	9 18 19 15
1185	18 19 20 8
1186	20 5 17 8
1187	18 7 8 2
1188	5 1 17 7
1189	4 15 9 17
1190	16 4 20 11
1191	15 6 5 2
1192	7 3 1 10
1193	14 2 11 16
1194	4 10 16 20
1195	10 8 4 5
1196	11 9 2 12
1197	7 2 6 1
1198	13 14 10 2
1199	18 5 1 20
1200	14 2 15 16
1201	13 14 6 19
1202	1 14 19 11
1203	5 9 18 11
1204	3 8 18 1
1205	16 19 2 18
1206	2 18 19 1
1207	17 18 10 6
1208	1 11 4 2
1209	16 6 5 19
1210	9 3 17 14
1211	9 11 1 12
1212	1 18 17 13
1213	18 13 20 17
1214	18 10 4 16
1215	16 11 20 10
1216	9 7 19 12
1217	13 16 6 19
1218	8 1 5 7
1219	5 14 16 3
1220	10 13 17 9
1221	4 17 9 19
1222	13 18 7 10
1223	14 17 16 1
1224	11 2 12 13
1225	16 12 15 19
1226	8 15 12 1
1227	17 3 20 9
1228	12 4 10 9
1229	3 5 13 18
1230	16 5 18 2
1231	9 5 2 7
1232	5 14 18 12
1233	20 15 4 18
1234	16 10 14 17
1235	4 16 9 10
1236	8 4 15 3
1237	4 13 10 15
1238	7 10 13 11
1239	11 6 3 8
1240	8 16 19 5
1241	3 20 8 12
1242	17 2 9 20
1243	14 4 11 10
1244	9 7 19 4
1245	16 11 3 12
1246	2 7 4 11
1247	16 2 5 9
1248	12 15 9 13
1249	4 3 7 16
1250	8 9 3 16
1251	7 20 2 19
1252	13 2 15 10
1253	13 19 17 18
1254	19 7 17 12
1255	4 17 6 12
1256	11 20 8 13
1257	13 19 11 10
1258	2 9 17 14
1259	3 18 5 15
1260	16 19 8 11
1261	3 16 10 9
1262	7 10 12 14
1263	17 19 6 2
1264	6 11 15 18
1265	12 6 15 20
1266	7 20 19 17
1267	19 4 17 3
1268	15 16 19 20
1269	12 6 5 8
1270	14 5 9 12
1271	16 15 6 20
1272	19 2 6 1
1273	19 6 4 14
1274	13 15 9 6
1275	9 12 7 4
1276	20 18 17 13
1277	9 18 5 8
1278	3 20 2 11
1279	15 18 9 5
1280	2 14 3 18
1281	11 8 13 17
1282	11 19 5 4
1283	13 20 9 11
1284	20 6 5 18
1285	1 13 7 6
1286	4 7 16 20
1287	11 2 20 5
1288	11 16 14 20
1289	3 12 8 1
1290	13 11 1 20
1291	14 18 16 4
1292	5 13 19 11
1293	11 14 1 6
1294	16 19 4 6
1295	19 2 14 4
1296	17 20 6 5
1297	4 17 1 2
1298	13 18 2 16
1299	5 3 17 8
1300	5 16 15 9
1301	15 4 14 1
1302	16 9 7 8
1303	4 2 11 18
1304	20 13 1 9
1305	1 8 20 18
1306	9 16 14 4
1307	10 17 3 16
1308	18 14 3 2
1309	9 8 15 12
1310	3 14 13 5
1311	13 1 10 11
1312	3 17 4 11
1313	17 9 3 19
1314	15 16 8 7
1315	16 11 9 20
1316	15 20 5 9
1317	20 6 11 17
1318	4 19 8 12
1319	16 20 4 17
1320	14 18 2 13
1321	13 19 8 15
1322	11 10 17 7
1323	18 14 3 19
1324	14 4 1 8
1325	7 12 1 8
1326	19 5 6 11
1327	8 11 1 9
1328	20 11 19 1
1329	10 5 7 13
1330	13 19 1 10
1331	6 8 4 17
1332	14 16 8 9
1333	14 11 10 17
1334	13 16 18 11
1335	20 16 19 17
1336	15 16 5 9
1337	3 17 14 12
1338	11 9 3 4
1339	16 11 9 3
1340	1 7 12 5
1341	7 10 16 1
1342	1 20 15 3
1343	18 17 10 4
1344	16 11 9 8
1345	20 15 8 1
1346	16 7 14 19
1347	9 16 10 15
1348	12 16 1 6
1349	12 1 17 14
1350	2 19 1 3
1351	2 14 1 10
1352	20 16 15 4
1353	7 19 2 4
1354	17 9 4 2
1355	15 17 6 9
1356	8 1 10 3
1357	19 7 10 14
1358	5 11 16 7
1359	6 9 11 18
1360	20 7 13 12
1361	3 14 4 5
1362	3 12 11 15
1363	18 6 5 7
1364	3 12 17 1
1365	19 16 20 18
1366	12 3 5 19
1367	5 13 6 11
1368	7 18 14 9
1369	7 5 13 11
1370	8 9 2 17
1371	5 13 8 11
1372	4 2 1 19
1373	17 19 1 14
1374	4 13 16 5
1375	1 8 3 7
1376	16 19 7 20
1377	6 15 2 20
1378	20 15 19 4
1379	9 19 4 16
1380	3 11 5 18
1381	14 18 1 2
1382	8 15 2 11
1383	14 16 17 18
1384	13 10 6 19
1385	10 17 5 9
1386	15 5 6 11
1387	10 17 14 11
1388	15 12 8 2
1389	20 16 19 8
1390	4 7 6 18
1391	1 6 19 14
1392	12 13 18 4
1393	8 3 7 15
1394	6 4 20 11
1395	18 19 8 10
1396	20 8 15 16
1397	16 18 19 3
1398	13 9 20 16
1399	5 12 8 17
1400	20 7 15 13
1401	6 10 9 15
1402	7 3 6 18
1403	8 18 6 2
1404	15 7 9 19
1405	18 6 3 12
1406	17 11 12 7
1407	20 5 10 7
1408	8 10 6 12
1409	8 6 10 19
1410	9 6 8 19
1411	8 19 3 12
1412	19 13 20 11
1413	1 5 9 7
1414	15 9 19 10
1415	13 19 20 12
1416	10 7 13 5
1417	4 16 18 6
1418	5 8 15 9
1419	1 12 14 15
1420	13 11 5 12
1421	3 13 7 19
1422	13 1 19 12
1423	10 15 14 20
1424	5 15 14 16
1425	10 5 9 7
1426	7 10 11 13
1427	1 15 13 20
1428	19 10 1 17
1429	12 1 20 5
1430	7 6 5 16
1431	11 15 4 20
1432	15 11 6 19
1433	1 2 4 12
1434	7 15 8 12
1435	2 15 13 8
1436	10 7 4 14
1437	4 6 9 16
1438	16 14 17 19
1439	5 19 2 11
1440	6 18 17 2
1441	3 9 8 17
1442	15 17 20 18
1443	3 13 14 5
1444	2 12 19 10
1445	12 11 9 6
1446	3 7 6 5
1447	1 12 17 7
1448	3 1 9 4
1449	19 20 9 17
1450	3 11 20 16
1451	5 10 12 19
1452	8 18 15 10
1453	1 5 6 8
1454	12 2 13 19
1455	2 10 13 17
1456	20 6 9 12
1457	10 20 16 1
1458	15 13 18 16
1459	4 7 16 9
1460	4 1 9 13
1461	3 16 5 18
1462	14 16 2 9
1463	4 5 9 10
1464	16 8 19 11
1465	7 12 3 17
1466	20 13 8 2
1467	19 13 12 10
1468	15 5 3 2
1469	19 15 14 12
1470	5 15 13 16
1471	9 10 16 1
1472	5 10 6 13
1473	4 10 1 9
1474	9 2 17 8
1475	19 12 6 20
1476	8 5 16 4
1477	6 3 9 17
1478	5 16 7 15
1479	9 16 6 1
1480	13 6 10 11
1481	9 17 15 1
1482	11 14 16 5
1483	3 5 2 8
1484	11 6 19 12
1485	19 20 4 3
1486	14 13 7 8
1487	16 2 12 19
1488	7 10 15 5
1489	15 12 18 1
1490	5 2 11 16
1491	3 10 6 15
1492	4 19 3 7
1493	20 5 16 3
1494	15 7 10 19
1495	16 10 7 9
1496	7 8 5 3
1497	6 13 8 10
1498	16 10 9 19
1499	20 12 16 11
1500	13 11 20 5
1501	5 10 19 1
1502	9 10 20 19
1503	7 8 14 18
1504	12 8 5 4
1505	17 9 1 3
1506	12 9 5 14
1507	1 10 13 20
1508	7 12 14 1
1509	10 20 2 11
1510	8 14 11 4
1511	1 12 7 14
1512	13 5 12 17
1513	3 1 18 13
1514	7 4 13 6
1515	9 16 11 10
1516	17 12 20 13
1517	17 3 1 16
1518	16 15 9 5
1519	2 1 19 12
1520	11 3 5 1
1521	12 5 19 1
1522	9 10 5 16
1523	7 12 17 18
1524	9 8 2 19
1525	10 1 14 8
1526	1 18 10 3
1527	10 12 19 15
1528	6 15 18 13
1529	11 8 7 14
1530	6 15 1 10
1531	16 9 3 17
1532	18 6 1 3
1533	16 20 9 15
1534	15 12 19 17
1535	15 11 9 12
1536	7 12 11 20
1537	17 11 6 16
1538	2 18 19 9
1539	12 8 6 2
1540	6 16 1 11
1541	6 7 18 13
1542	9 4 7 13
1543	11 14 17 12
1544	13 8 5 2
1545	9 6 19 11
1546	18 19 8 4
1547	13 16 2 4
1548	1 9 4 11
1549	3 4 10 1
1550	15 9 12 10
1551	2 7 9 17
1552	12 14 10 13
1553	15 8 19 20
1554	15 9 2 12
1555	19 10 12 8
1556	18 2 13 3
1557	20 18 8 17
1558	7 15 14 20
1559	8 2 6 10
1560	9 1 3 10
1561	9 2 8 15
1562	15 8 1 4
1563	15 19 6 10
1564	7 12 13 16
1565	8 15 1 3
1566	10 9 20 14
1567	9 8 17 14
1568	20 18 7 5
1569	1 7 15 19
1570	14 11 6 1
1571	5 18 12 4
1572	13 3 11 18
1573	18 13 5 6
1574	2 13 11 1
1575	4 16 15 10
1576	14 20 16 11
1577	18 4 5 14
1578	12 17 13 10
1579	14 18 17 10
1580	8 9 19 14
1581	13 20 15 4
1582	8 10 14 17
1583	10 18 16 9
1584	16 5 4 7
1585	19 8 12 2
1586	14 17 3 13
1587	10 18 15 2
1588	15 2 9 6
1589	16 19 20 2
1590	20 5 16 11
1591	3 17 14 6
1592	6 17 3 13
1593	5 14 7 19
1594	11 14 19 2
1595	18 20 9 12
1596	11 6 8 10
1597	4 16 17 1
1598	18 3 5 15
1599	20 8 12 17
1600	17 1 6 3
1601	14 10 5 13
1602	20 6 2 11
1603	13 8 3 2
1604	14 7 9 15
1605	8 6 9 7
1606	13 5 12 11
1607	18 19 20 1
1608	4 5 7 1
1609	6 18 4 15
1610	17 18 15 1
1611	18 20 6 16
1612	11 2 15 13
1613	13 6 1 8
1614	2 9 11 17
1615	4 5 11 12
1616	1 9 7 10
1617	7 1 5 15
1618	20 14 8 17
1619	13 3 4 17
1620	16 8 4 7
1621	1 16 8 18
1622	14 2 10 5
1623	17 5 18 19
1624	7 19 3 6
1625	7 6 2 4
1626	14 18 8 4
1627	2 13 1 4
1628	13 9 5 3
1629	9 17 14 19
1630	9 8 12 13
1631	5 13 1 20
1632	6 5 19 3
1633	18 11 10 7
1634	12 20 4 11
1635	1 10 2 12
1636	3 16 8 14
1637	18 6 7 11
1638	19 7 18 1
1639	15 14 10 4
1640	2 5 18 13
1641	7 13 14 4
1642	11 5 18 7
1643	18 6 16 2
1644	12 20 14 6
1645	3 13 1 12
1646	20 2 4 12
1647	11 13 10 1
1648	15 13 20 12
1649	7 13 8 1
1650	3 15 19 2
1651	1 20 13 17
1652	9 1 5 10
1653	10 6 19 4
1654	1 13 9 19
1655	3 6 9 10
1656	1 11 17 19
1657	11 14 1 3
1658	8 13 9 4
1659	18 8 10 19
1660	8 14 15 16
1661	3 2 10 7
1662	16 12 20 18
1663	13 11 2 6
1664	18 16 1 4
1665	16 1 5 17
1666	6 10 5 15
1667	11 6 12 14
1668	14 19 9 17
1669	8 7 9 12
1670	6 3 7 8
1671	12 7 2 3
1672	7 15 19 8
1673	6 11 4 15
1674	5 7 10 18
1675	10 6 4 19
1676	12 20 9 6
1677	5 17 7 4
1678	16 13 8 1
1679	10 4 20 17
1680	8 13 11 18
1681	10 16 7 11
1682	11 17 1 4
1683	14 15 4 17
1684	17 7 11 2
1685	19 5 12 6
1686	11 12 16 20
1687	1 11 6 15
1688	3 6 15 10
1689	8 16 4 1
1690	16 7 15 4
1691	9 19 10 5
1692	9 18 1 16
1693	2 17 3 10
1694	9 20 16 19
1695	5 9 6 4
1696	3 9 2 10
1697	17 14 16 5
1698	20 5 17 8
1699	13 8 20 17
1700	7 5 15 20
1701	7 18 2 11
1702	3 10 15 8
1703	7 20 10 2
1704	14 12 17 8
1705	11 18 6 9
1706	15 14 10 5
1707	18 15 8 7
1708	1 11 12 18
1709	15 10 1 18
1710	16 9 20 12
1711	3 11 9 12
1712	9 13 17 16
1713	7 4 15 19
1714	12 17 1 3
1715	15 20 5 14
1716	19 11 18 20
1717	9 6 18 20
1718	19 3 9 16
1719	6 9 17 19
1720	19 15 13 2
1721	9 13 1 6
1722	7 5 16 20
1723	13 15 10 11
1724	19 1 4 12
1725	15 11 4 16
1726	16 3 1 12
1727	2 12 9 3
1728	1 3 18 11
1729	14 15 5 13
1730	20 16 3 13
1731	2 15 1 11
1732	14 4 18 10
1733	2 18 14 1
1734	20 4 17 1
1735	7 11 14 3
1736	17 3 19 6
1737	12 16 14 6
1738	13 10 9 11
1739	4 13 6 9
1740	8 15 6 9
1741	11 6 2 16
1742	2 18 13 8
1743	4 3 7 5
1744	13 18 7 15
1745	20 7 13 16
1746	8 2 6 12
1747	12 19 10 9
1748	11 12 3 20
1749	8 17 16 13
1750	1 11 20 15
1751	20 5 4 14
1752	19 7 5 8
1753	16 11 2 19
1754	4 12 3 2
1755	11 6 12 17
1756	3 19 10 9
1757	14 3 4 5
1758	5 19 1 6
1759	9 12 17 13
1760	14 16 20 15
1761	12 19 14 13
1762	6 9 12 19
1763	17 20 8 13
1764	7 18 2 6
1765	6 8 12 4
1766	12 5 3 1
1767	13 8 20 9
1768	5 9 7 2
1769	16 5 3 18
1770	14 1 6 18
1771	8 6 11 9
1772	8 18 4 16
1773	20 3 2 10
1774	9 2 19 16
1775	13 1 14 6
1776	16 18 1 5
1777	20 8 4 17
1778	6 4 11 1
1779	12 7 20 10
1780	13 10 11 7
1781	7 12 1 18
1782	17 19 7 10
1783	3 10 2 5
1784	1 6 14 4
1785	7 8 14 12
1786	8 16 7 9
1787	7 5 3 16
1788	10 3 4 7
1789	8 20 3 2
1790	3 5 8 10
1791	13 6 3 17
1792	1 9 18 7
1793	13 12 9 6
1794	9 5 14 7
1795	8 10 11 16
1796	9 3 8 16
1797	13 11 16 6
1798	15 1 17 18
1799	15 16 13 10
1800	11 20 15 6
1801	6 4 20 14
1802	4 11 15 16
1803	20 13 16 19
1804	14 2 13 15
1805	20 13 17 19
1806	1 15 19 11
1807	6 5 4 18
1808	7 3 8 4
1809	8 11 12 2
1810	7 4 13 18
1811	5 12 2 4
1812	9 4 2 18
1813	5 1 6 9
1814	5 11 8 1
1815	10 19 18 17
1816	8 1 15 19
1817	4 19 15 7
1818	20 14 8 11
1819	6 12 18 1
1820	1 20 3 14
1821	13 20 9 18
1822	16 4 13 1
1823	9 6 18 8
1824	10 17 8 15
1825	4 11 3 2
1826	13 19 14 1
1827	14 2 1 10
1828	9 2 20 7
1829	12 20 10 17
1830	16 17 9 3
1831	12 3 17 20
1832	4 14 16 9
1833	18 19 7 13
1834	18 3 15 19
1835	17 1 13 19
1836	4 6 14 5
1837	5 10 4 6
1838	2 12 7 15
1839	19 14 18 6
1840	1 11 3 5
1841	19 8 10 12
1842	7 15 9 1
1843	4 16 19 6
1844	1 4 17 12
1845	1 20 6 16
1846	19 13 14 1
1847	1 4 11 17
1848	18 4 16 2
1849	2 10 8 1
1850	9 13 18 8
1851	11 8 5 19
1852	16 20 14 11
1853	16 17 3 9
1854	13 2 9 20
1855	5 12 13 2
1856	18 6 13 19
1857	7 12 9 19
1858	16 1 4 10
1859	3 11 8 7
1860	16 11 18 3
1861	17 20 8 16
1862	9 17 14 7
1863	3 16 17 9
1864	2 10 6 3
1865	5 19 6 11
1866	3 9 11 10
1867	5 16 2 19
1868	7 9 19 1
1869	9 13 17 14
1870	18 13 11 8
1871	1 5 17 13
1872	14 12 1 15
1873	8 17 11 1
1874	4 19 2 15
1875	12 20 1 9
1876	5 4 9 8
1877	4 12 9 3
1878	16 1 15 11
1879	4 15 8 7
1880	13 20 9 6
1881	20 6 17 9
1882	1 12 8 9
1883	2 14 17 15
1884	8 14 10 5
1885	16 1 15 13
1886	7 17 1 15
1887	17 3 1 12
1888	16 14 19 12
1889	9 1 18 13
1890	4 13 5 7
1891	11 19 3 5
1892	11 17 4 18
1893	20 19 10 9
1894	5 15 8 4
1895	19 11 14 4
1896	15 3 16 4
1897	18 15 19 2
1898	16 13 6 19
1899	15 20 16 1
1900	10 9 14 7
1901	11 4 12 14
1902	14 2 20 17
1903	17 1 2 19
1904	13 19 5 3
1905	18 10 2 6
1906	7 6 9 5
1907	14 16 15 10
1908	1 8 11 20
1909	8 3 18 6
1910	8 4 16 11
1911	9 12 10 3
1912	16 11 20 15
1913	11 15 2 3
1914	19 20 4 18
1915	7 18 15 3
1916	14 10 19 2
1917	9 7 3 12
1918	2 13 8 4
1919	16 4 18 9
1920	13 12 9 8
1921	3 1 8 4
1922	9 12 4 7
1923	18 13 14 1
1924	15 9 14 12
1925	14 12 10 1
1926	15 18 2 3
1927	2 20 9 3
1928	2 1 6 9
1929	5 7 6 18
1930	12 4 19 2
1931	17 7 4 12
1932	2 3 5 20
1933	4 12 10 17
1934	14 10 16 6
1935	18 7 5 1
1936	10 20 6 12
1937	6 20 12 19
1938	7 9 6 11
1939	15 4 17 18
1940	9 13 20 1
1941	4 8 19 13
1942	16 2 5 1
1943	14 10 13 6
1944	6 10 4 2
1945	17 19 4 7
1946	8 10 14 1
1947	13 10 2 9
1948	10 13 16 1
1949	12 15 3 1
1950	2 1 18 5
1951	12 13 6 9
1952	15 18 3 19
1953	7 3 2 16
1954	7 12 2 6
1955	13 3 9 10
1956	19 2 20 9
1957	15 7 1 8
1958	11 2 6 15
1959	7 5 20 9
1960	7 14 16 9
1961	3 19 1 15
1962	20 9 11 4
1963	4 7 19 9
1964	7 11 19 9
1965	4 6 5 7
1966	11 20 1 14
1967	13 18 6 1
1968	12 6 10 11
1969	10 14 13 18
1970	18 9 10 14
1971	6 4 17 15
1972	20 17 19 8
1973	8 20 3 2
1974	11 16 4 2
1975	4 7 6 2
1976	16 15 3 12
1977	19 14 17 16
1978	16 10 17 3
1979	18 1 5 20
1980	5 18 9 8
1981	6 16 10 7
1982	7 20 15 19
1983	12 11 20 14
1984	20 13 18 6
1985	7 18 4 3
1986	2 14 7 6
1987	15 19 14 6
1988	19 15 3 7
1989	13 3 6 4
1990	17 5 2 3
1991	4 19 5 18
1992	13 9 15 19
1993	3 11 12 17
1994	18 11 5 13
1995	10 5 7 15
1996	7 10 5 2
1997	5 13 16 20
1998	1 20 16 7
1999	11 2 16 1
2000	13 6 16 10
2001	17 16 11 9
2002	19 7 5 2
2003	12 8 14 10
2004	5 4 14 1
2005	2 9 1 15
2006	14 3 19 12
2007	11 2 4 5
2008	9 15 5 12
2009	18 7 17 14
2010	9 19 12 2
2011	17 11 8 10
2012	13 16 9 1
2013	15 4 9 17
2014	13 4 16 11
2015	13 2 10 4
2016	17 2 10 20
2017	6 5 16 7
2018	6 9 15 1
2019	13 4 10 18
2020	20 17 1 11
2021	13 17 9 19
2022	3 4 16 6
2023	9 12 14 8
2024	2 13 20 18
2025	12 16 20 3
2026	12 15 20 16
2027	3 10 8 12
2028	20 9 12 13
2029	2 8 4 19
2030	6 4 8 16
2031	10 14 13 5
2032	20 9 16 14
2033	19 15 11 14
2034	11 10 16 2
2035	16 18 2 3
2036	8 12 5 14
2037	15 14 9 3
2038	3 10 19 8
2039	11 3 17 5
2040	18 8 14 17
2041	12 7 20 2
2042	14 12 17 4
2043	11 5 8 3
2044	9 10 16 20
2045	8 7 9 5
2046	8 3 16 11
2047	19 16 11 8
2048	8 3 19 14
2049	11 18 4 12
2050	20 18 19 3
2051	2 15 11 1
2052	17 20 18 15
2053	15 7 20 9
2054	10 2 19 9
2055	8 6 10 3
2056	18 6 5 4
2057	2 20 11 1
2058	8 18 19 3
2059	1 17 11 12
2060	2 14 12 9
2061	15 20 2 8
2062	8 17 6 19
2063	10 16 15 4
2064	17 13 2 12
2065	3 19 11 17
2066	12 17 1 7
2067	18 6 13 17
2068	3 7 6 13
2069	10 7 5 12
2070	4 11 14 1
2071	6 16 4 5
2072	15 1 8 10
2073	6 4 17 11
2074	5 3 2 17
2075	12 11 10 18
2076	4 15 6 3
2077	6 2 5 4
2078	8 20 1 19
2079	10 8 16 5
2080	19 4 18 20
2081	2 11 6 12
2082	7 12 18 3
2083	1 16 19 8
2084	13 11 17 4
2085	7 14 2 8
2086	20 8 18 3
2087	14 2 13 15
2088	17 12 3 11
2089	3 13 10 1
2090	4 2 7 10
2091	4 19 9 12
2092	4 6 16 9
2093	6 15 19 2
2094	19 16 10 6
2095	13 20 12 17
2096	20 18 12 1
2097	10 18 3 2
2098	3 13 18 7
2099	2 18 13 6
2100	10 13 2 19
2101	20 12 14 17
2102	14 13 5 7
2103	16 4 17 10
2104	7 15 18 8
2105	11 9 3 17
2106	1 19 12 20
2107	4 17 14 18
2108	20 14 15 18
2109	19 18 2 5
2110	9 4 12 13
2111	3 19 14 11
2112	9 5 1 3
2113	7 10 6 17
2114	13 14 6 7
2115	19 5 1 2
2116	3 5 10 16
2117	6 3 4 18
2118	12 16 18 1
2119	20 9 18 8
2120	18 2 7 5
2121	7 13 6 16
2122	14 9 3 4
2123	9 20 1 7
2124	5 1 20 8
2125	7 16 14 5
2126	14 5 12 10
2127	4 20 18 8
2128	1 13 3 7
2129	20 12 16 5
2130	2 15 11 4
2131	9 2 6 14
2132	18 12 20 8
2133	11 14 5 10
2134	6 16 8 13
2135	16 4 3 8
2136	16 10 5 18
2137	7 14 13 17
2138	2 18 7 8
2139	7 12 5 19
2140	14 16 7 18
2141	3 7 20 17
2142	16 13 2 20
2143	1 7 20 12
2144	5 10 12 16
2145	13 3 2 9
2146	9 15 14 2
2147	13 16 17 4
2148	17 2 4 9
2149	10 7 16 2
2150	1 6 8 13
2151	4 17 5 1
2152	19 5 16 4
2153	15 14 16 11
2154	11 12 4 3
2155	12 13 5 14
2156	9 10 11 14
2157	12 17 15 16
2158	6 1 18 4
2159	7 5 6 8
2160	3 18 20 14
2161	17 7 2 1
2162	6 16 1 11
2163	18 11 12 10
2164	20 2 9 14
2165	17 1 6 13
2166	3 20 10 2
2167	8 20 19 1
2168	9 6 17 3
2169	14 1 4 10
2170	18 17 3 5
2171	19 5 7 9
2172	11 8 20 1
2173	2 1 16 9
2174	11 19 1 3
2175	18 13 7 1
2176	14 16 9 1
2177	11 18 9 8
2178	16 8 10 14
2179	14 20 4 18
2180	11 7 15 9
2181	5 4 20 11
2182	12 13 18 4
2183	9 5 4 10
2184	16 18 7 4
2185	19 20 13 5
2186	3 8 19 5
2187	7 18 6 4
2188	13 7 11 20
2189	20 16 19 1
2190	18 10 8 19
2191	4 5 18 17
2192	9 20 10 19
2193	13 18 8 14
2194	12 18 13 20
2195	17 15 13 9
2196	12 16 1 18
2197	2 15 13 12
2198	18 11 16 6
2199	10 7 15 18
2200	15 17 8 10
2201	14 10 19 1
2202	4 12 6 8
2203	15 3 19 11
2204	13 5 12 11
2205	10 20 3 19
2206	3 10 4 11
2207	10 7 17 13
2208	20 13 8 15
2209	10 13 2 14
2210	6 12 3 18
2211	18 19 10 6
2212	20 18 4 2
2213	11 5 14 8
2214	8 5 2 13
2215	10 16 19 1
2216	18 14 17 11
2217	10 4 15 13
2218	10 4 9 6
2219	8 3 13 17
2220	10 11 3 4
2221	8 2 5 12
2222	8 2 20 12
2223	15 6 7 20
2224	6 4 11 20
2225	16 15 2 13
2226	9 11 15 6
2227	18 11 5 3
2228	6 10 20 3
2229	10 9 18 5
2230	11 4 20 1
2231	8 7 9 17
2232	4 19 10 20
2233	18 19 20 10
2234	13 9 2 3
2235	6 5 17 14
2236	7 15 17 14
2237	2 18 4 8
2238	12 13 14 4
2239	9 6 4 19
2240	4 15 10 16
2241	10 17 14 18
2242	9 14 7 15
2243	3 15 20 13
2244	16 7 9 1
2245	3 15 12 5
2246	15 5 6 2
2247	13 15 1 18
2248	20 7 8 18
2249	17 5 8 6
2250	1 9 8 14
2251	18 13 17 5
2252	4 5 3 14
2253	12 5 4 14
2254	18 3 19 7
2255	12 18 4 1
2256	18 12 11 2
2257	8 12 19 9
2258	7 12 17 19
2259	17 19 11 16
2260	3 5 8 2
2261	20 13 8 15
2262	12 9 20 19
2263	20 19 7 14
2264	1 3 11 9
2265	16 7 13 12
2266	1 5 13 2
2267	9 6 19 18
2268	9 11 18 16
2269	6 2 4 11
2270	2 18 13 6
2271	16 20 13 15
2272	19 12 15 13
2273	20 12 14 16
2274	11 1 6 2
2275	5 15 3 16
2276	15 6 1 12
2277	4 5 8 10
2278	13 14 3 12
2279	17 18 15 5
2280	17 18 16 1
2281	7 8 10 6
2282	2 15 11 12
2283	6 3 13 17
2284	11 3 15 13
2285	19 2 5 20
2286	12 9 18 2
2287	1 3 12 15
2288	16 11 5 1
2289	9 5 13 7
2290	3 18 7 5
2291	8 13 19 2
2292	7 3 16 13
2293	18 14 11 2
2294	19 4 17 16
2295	1 10 18 2
2296	7 6 2 1
2297	13 18 2 14
2298	12 5 3 7
2299	20 10 5 12
2300	4 14 11 6
2301	6 17 8 20
2302	6 13 16 12
2303	19 2 13 7
2304	20 10 7 15
2305	18 3 17 20
2306	18 4 6 19
2307	9 3 7 6
2308	6 14 8 5
2309	1 4 2 14
2310	6 7 15 5
2311	5 15 2 11
2312	6 3 12 15
2313	14 10 2 1
2314	14 19 10 6
2315	4 14 3 19
2316	3 9 14 1
2317	8 12 19 3
2318	20 15 5 14
2319	13 19 8 15
2320	11 17 5 20
2321	2 13 19 3
2322	15 1 6 10
2323	11 13 6 15
2324	13 19 7 18
2325	9 4 5 6
2326	1 18 16 3
2327	1 19 3 20
2328	19 9 16 11
2329	3 8 12 16
2330	8 11 12 16
2331	15 18 2 3
2332	3 15 4 9
2333	12 8 7 15
2334	7 2 1 3
2335	10 13 14 6
2336	3 18 12 16
2337	3 10 8 19
2338	8 5 20 17
2339	11 20 8 4
2340	12 18 10 8
2341	15 8 16 11
2342	1 9 17 19
2343	16 17 15 7
2344	18 1 11 5
2345	6 20 10 5
2346	16 18 9 17
2347	2 4 11 18
2348	12 9 17 16
2349	8 6 18 15
2350	20 3 10 13
2351	3 2 4 1
2352	13 7 17 6
2353	11 15 2 4
2354	4 11 19 17
2355	10 20 6 3
2356	1 18 14 3
2357	16 18 6 19
2358	16 3 13 11
2359	12 11 4 6
2360	10 2 6 14
2361	14 4 19 9
2362	19 3 8 17
2363	4 19 17 2
2364	10 18 3 9
2365	11 8 4 14
2366	14 18 10 8
2367	9 8 11 19
2368	18 14 2 1
2369	7 16 20 2
2370	8 10 4 13
2371	15 1 16 6
2372	1 15 2 12
2373	19 11 13 10
2374	4 8 19 14
2375	16 9 5 4
2376	16 3 5 6
2377	14 17 1 10
2378	14 15 13 11
2379	17 19 3 9
2380	2 19 15 1
2381	2 8 11 20
2382	13 20 5 14
2383	1 7 10 14
2384	4 12 1 8
2385	10 20 13 12
2386	10 1 20 3
2387	13 5 11 8
2388	4 11 5 15
2389	19 10 20 17
2390	12 19 15 20
2391	16 17 18 14
2392	19 18 9 1
2393	14 9 6 8
2394	16 12 10 5
2395	5 2 18 19
2396	18 1 14 6
2397	20 10 16 12
2398	13 15 7 9
2399	15 3 18 11
2400	17 1 15 2
2401	19 3 7 8
2402	8 7 13 6
2403	6 18 12 16
2404	20 11 2 6
2405	11 10 12 6
2406	19 1 12 4
2407	3 18 16 12
2408	3 11 20 6
2409	17 6 10 15
2410	3 17 8 12
2411	8 11 14 10
2412	9 8 11 5
2413	12 3 18 9
2414	6 19 11 20
2415	9 18 7 3
2416	13 20 17 14
2417	6 10 1 14
2418	5 19 6 17
2419	5 12 6 1
2420	15 3 18 17
2421	2 11 9 14
2422	6 13 4 18
2423	11 5 15 6
2424	14 7 18 15
2425	10 12 6 3
2426	15 13 3 11
2427	3 16 4 15
2428	13 19 2 14
2429	14 20 9 18
2430	10 16 9 18
2431	13 6 7 15
2432	15 7 17 9
2433	2 14 10 5
2434	12 9 20 3
2435	14 9 2 15
2436	19 6 11 5
2437	10 11 14 8
2438	15 7 9 4
2439	16 20 15 12
2440	20 8 14 1
2441	6 12 9 1
2442	18 19 1 5
2443	13 9 3 14
2444	14 4 13 1
2445	9 4 11 12
2446	1 10 3 19
2447	10 19 5 13
2448	8 19 2 10
2449	18 14 2 3
2450	9 17 13 15
2451	9 1 16 12
2452	8 18 20 13
2453	14 16 18 4
2454	8 1 3 4
2455	6 7 19 5
2456	17 12 3 8
2457	16 6 8 5
2458	14 9 7 8
2459	18 8 12 3
2460	9 4 10 16
2461	11 17 16 8
2462	2 7 1 11
2463	14 15 19 4
2464	6 2 13 16
2465	2 15 1 11
2466	16 10 9 4
2467	7 6 2 18
2468	9 14 4 13
2469	16 15 11 12
2470	20 17 12 16
2471	3 15 16 1
2472	15 3 12 16
2473	20 15 7 19
2474	16 13 6 20
2475	18 11 16 20
2476	15 7 16 19
2477	18 3 16 10
2478	19 10 16 2
2479	18 4 7 6
2480	4 12 17 20
2481	4 13 9 15
2482	6 12 18 4
2483	16 18 3 19
2484	18 12 16 6
2485	11 18 15 3
2486	13 17 20 14
2487	6 14 13 20
2488	9 11 1 19
2489	3 16 11 18
2490	16 5 10 15
2491	15 2 8 18
2492	11 15 13 3
2493	4 16 5 1
2494	3 1 4 16
2495	18 1 7 15
2496	4 7 1 2
2497	1 12 4 2
2498	11 8 15 12
2499	13 14 19 12
2500	16 11 19 15
2501	15 13 5 18
2502	19 17 10 2
2503	16 9 8 5
2504	12 11 10 9
2505	12 3 13 2
2506	19 8 9 6
2507	18 9 5 12
2508	20 7 1 17
2509	15 17 20 10
2510	8 17 9 5
2511	18 20 7 6
2512	19 17 16 15
2513	20 11 1 18
2514	19 4 1 20
2515	12 17 7 3
2516	19 20 18 6
2517	11 12 7 6
2518	3 11 12 10
2519	16 11 3 15
2520	1 19 9 20
2521	13 14 11 10
2522	12 13 5 6
2523	8 11 17 5
2524	18 10 5 14
2525	11 19 18 5
2526	10 17 2 15
2527	19 8 20 17
2528	15 13 5 9
2529	6 3 15 2
2530	14 16 17 2
2531	6 12 13 5
2532	16 3 15 11
2533	15 14 8 16
2534	9 17 14 1
2535	10 15 12 13
2536	3 11 2 7
2537	11 3 20 18
2538	7 2 6 11
2539	1 14 3 5
2540	13 20 16 11
2541	10 20 7 15
2542	18 17 9 10
2543	11 12 3 18
2544	13 12 16 8
2545	14 20 7 11
2546	4 1 19 6
2547	4 2 3 10
2548	20 2 16 15
2549	18 10 1 12
2550	3 1 14 17
2551	14 3 18 11
2552	13 15 4 8
2553	8 16 1 15
2554	17 3 8 12
2555	9 14 13 1
2556	16 14 12 20
2557	13 1 11 16
2558	7 20 1 8
2559	11 4 1 13
2560	19 10 18 3
2561	14 8 15 12
2562	7 10 18 3
2563	4 19 10 16
2564	1 7 2 10
2565	3 7 15 4
2566	9 4 15 14
2567	20 9 7 19
2568	9 3 14 18
2569	1 8 4 18
2570	19 12 11 7
2571	10 13 12 5
2572	14 10 9 2
2573	12 18 8 11
2574	6 2 10 12
2575	9 7 2 5
2576	10 5 20 18
2577	5 14 9 13
2578	12 13 19 15
2579	1 20 5 18
2580	1 13 18 8
2581	3 11 8 20
2582	20 14 3 1
2583	4 16 3 10
2584	3 13 12 2
2585	7 13 3 17
2586	11 18 1 12
2587	2 9 1 3
2588	8 9 12 7
2589	15 17 2 14
2590	9 3 12 14
2591	14 10 18 17
2592	7 9 19 5
2593	9 17 19 2
2594	10 20 9 16
2595	4 18 17 1
2596	7 1 2 9
2597	19 15 18 4
2598	4 6 14 8
2599	17 11 14 6
2600	19 4 2 8
2601	11 18 16 1
2602	13 20 6 5
2603	6 16 1 12
2604	11 15 8 14
2605	1 19 5 17
2606	10 12 3 11
2607	13 18 17 12
2608	13 7 3 1
2609	8 5 2 15
2610	2 18 19 15
2611	14 5 9 13
2612	17 19 15 13
2613	12 4 10 2
2614	11 16 8 18
2615	17 11 6 18
2616	5 15 14 11
2617	12 14 7 16
2618	15 13 11 9
2619	17 13 16 15
2620	14 17 11 8
2621	13 1 20 16
2622	20 1 16 10
2623	11 4 9 17
2624	17 5 9 18
2625	3 4 16 9
2626	1 2 9 17
2627	18 2 7 5
2628	10 1 12 20
2629	20 10 19 5
2630	4 8 7 14
2631	16 20 15 12
2632	3 9 19 1
2633	10 6 11 12
2634	17 13 20 1
2635	13 4 11 19
2636	7 14 4 17
2637	9 14 6 13
2638	9 18 17 5
2639	17 3 1 4
2640	15 9 13 4
2641	4 17 9 8
2642	1 12 14 20
2643	15 13 3 11
2644	9 5 7 8
2645	4 14 2 7
2646	7 20 11 16
2647	13 18 15 8
2648	12 6 1 13
2649	9 7 5 19
2650	6 2 10 14
2651	5 17 3 10
2652	4 6 19 17
2653	15 16 10 7
2654	7 1 14 2
2655	3 1 18 11
2656	7 16 17 15
2657	8 12 10 6
2658	19 11 8 6
2659	19 1 2 5
2660	10 18 2 14
2661	11 4 17 16
2662	6 5 18 13
2663	8 18 19 17
2664	20 14 2 3
2665	15 13 2 3
2666	20 13 11 18
2667	8 1 14 19
2668	15 5 10 1
2669	3 15 17 12
2670	9 8 3 13
2671	13 14 9 8
2672	16 18 8 17
2673	7 20 13 15
2674	5 3 13 1
2675	14 12 18 3
2676	16 17 2 13
2677	12 13 20 1
2678	2 10 20 5
2679	11 1 19 8
2680	8 9 19 15
2681	12 6 2 15
2682	10 19 12 18
2683	2 6 15 5
2684	2 10 13 14
2685	13 18 19 6
2686	8 18 15 19
2687	9 7 4 8
2688	14 20 9 17
2689	19 11 8 15
2690	10 14 20 9
2691	6 3 4 14
2692	12 10 13 4
2693	8 9 17 3
2694	12 1 13 20
2695	2 18 13 9
2696	13 7 17 5
2697	16 2 3 4
2698	14 6 1 12
2699	13 18 2 5
2700	14 8 1 15
2701	13 18 11 7
2702	13 11 14 18
2703	14 16 3 7
2704	3 19 17 6
2705	16 6 3 7
2706	3 19 8 2
2707	9 15 7 16
2708	6 11 16 5
2709	19 13 8 9
2710	10 4 16 2
2711	1 17 6 18
2712	14 20 4 17
2713	17 9 6 4
2714	16 11 1 20
2715	1 8 3 12
2716	11 8 15 2
2717	3 19 17 13
2718	8 16 17 3
2719	10 15 6 3
2720	19 12 10 11
2721	8 19 15 7
2722	18 9 4 14
2723	10 16 12 8
2724	3 16 10 19
2725	8 16 1 20
2726	7 19 20 4
2727	3 2 8 7
2728	9 1 6 13
2729	6 10 15 14
2730	16 3 1 18
2731	16 2 3 15
2732	6 5 18 1
2733	17 7 8 9
2734	18 15 4 19
2735	5 2 19 6
2736	13 6 15 2
2737	5 7 4 19
2738	17 6 13 12
2739	13 2 17 14
2740	10 8 9 14
2741	7 5 1 13
2742	8 9 10 18
2743	10 12 9 19
2744	15 17 16 3
2745	11 4 20 5
2746	1 4 3 12
2747	6 2 3 7
2748	1 12 8 5
2749	2 10 16 20
2750	9 3 13 2
2751	17 4 7 1
2752	5 11 10 9
2753	12 1 2 7
2754	16 13 8 18
2755	6 17 10 12
2756	16 2 19 12
2757	6 3 16 7
2758	6 19 15 12
2759	18 16 19 3
2760	18 20 5 15
2761	3 16 18 13
2762	17 1 14 15
2763	14 1 15 10
2764	10 1 4 13
2765	10 14 16 9
2766	10 6 1 5
2767	13 18 11 12
2768	13 10 14 16
2769	6 8 1 5
2770	11 5 10 20
2771	13 14 11 5
2772	18 3 13 1
2773	18 10 8 6
2774	20 15 8 1
2775	17 15 18 5
2776	2 14 4 9
2777	7 20 10 19
2778	16 14 1 9
2779	15 3 16 2
2780	15 13 18 12
2781	5 13 4 3
2782	18 12 3 15
2783	20 15 13 1
2784	19 13 2 14
2785	15 19 7 8
2786	16 5 1 13
2787	18 13 15 16
2788	11 1 3 2
2789	11 20 18 10
2790	8 15 13 11
2791	11 4 12 1
2792	4 18 7 1
2793	3 9 8 7
2794	1 12 8 10
2795	17 18 1 19
2796	2 16 3 14
2797	15 14 8 3
2798	16 18 1 4
2799	17 7 4 11
2800	3 8 2 20
2801	7 18 3 13
2802	14 13 5 1
2803	2 20 4 19
2804	7 10 5 14
2805	9 17 10 5
2806	17 15 7 5
2807	3 7 4 19
2808	16 9 10 11
2809	20 1 16 18
2810	7 10 19 8
2811	12 17 10 5
2812	17 1 16 19
2813	9 6 20 14
2814	8 5 15 19
2815	3 8 9 4
2816	8 2 3 19
2817	10 6 16 11
2818	13 15 10 9
2819	13 5 10 6
2820	17 19 20 1
2821	3 7 18 9
2822	13 14 19 16
2823	16 9 2 19
2824	2 6 14 17
2825	15 14 3 11
2826	18 11 19 9
2827	11 8 10 3
2828	12 8 17 7
2829	12 17 3 13
2830	12 11 20 2
2831	15 13 3 4
2832	6 11 17 19
2833	13 11 9 15
2834	12 14 6 18
2835	4 19 3 7
2836	14 10 8 1
2837	8 5 3 12
2838	20 8 4 9
2839	1 17 15 16
2840	16 1 7 5
2841	13 18 4 6
2842	7 19 6 1
2843	2 20 11 13
2844	3 7 15 10
2845	19 10 5 3
2846	8 16 10 4
2847	19 6 20 4
2848	4 10 14 19
2849	3 9 5 4
2850	13 8 20 18
2851	15 13 1 14
2852	8 9 4 6
2853	17 14 10 12
2854	14 18 17 4
2855	19 11 18 3
2856	15 8 2 13
2857	18 3 13 7
2858	16 5 7 17
2859	19 12 1 2
2860	12 6 15 13
2861	14 1 7 12
2862	19 16 12 13
2863	7 16 10 8
2864	12 9 2 15
2865	19 14 10 12
2866	20 3 10 14
2867	15 2 9 6
2868	19 15 18 6
2869	4 11 3 15
2870	20 3 9 18
2871	3 7 6 8
2872	1 13 19 7
2873	9 7 13 12
2874	11 7 14 19
2875	1 2 5 6
2876	2 16 7 19
2877	19 4 15 1
2878	2 12 17 5
2879	20 6 1 18
2880	12 1 11 2
2881	10 11 12 18
2882	2 4 20 6
2883	18 2 7 9
2884	13 7 4 1
2885	17 19 2 9
2886	5 3 20 8
2887	9 14 10 19
2888	11 14 6 3
2889	6 4 7 2
2890	16 4 8 11
2891	6 16 10 12
2892	17 3 2 12
2893	14 12 7 16
2894	14 11 9 8
2895	18 6 4 5
2896	19 12 18 9
2897	14 17 19 18
2898	8 11 16 12
2899	7 20 6 8
2900	15 4 14 6
2901	18 8 2 15
2902	4 3 19 20
2903	15 13 20 2
2904	13 18 3 20
2905	7 11 3 1
2906	19 5 16 10
2907	18 1 13 10
2908	7 12 20 10
2909	7 9 14 19
2910	16 6 9 12
2911	2 15 19 12
2912	16 11 12 18
2913	7 3 2 6
2914	4 9 13 14
2915	10 15 11 5
2916	8 6 2 18
2917	9 4 14 19
2918	12 5 2 10
2919	6 11 19 3
2920	18 7 19 11
2921	14 2 13 19
2922	3 16 14 5
2923	17 11 15 9
2924	7 19 17 8
2925	14 8 18 5
2926	15 14 11 7
2927	3 19 2 6
2928	12 14 2 18
2929	13 2 17 14
2930	13 12 19 18
2931	4 16 15 17
2932	14 12 19 5
2933	5 10 15 12
2934	12 17 14 8
2935	6 7 17 3
2936	18 14 9 7
2937	10 18 8 5
2938	11 12 4 2
2939	4 7 9 16
2940	9 20 5 4
2941	3 19 17 10
2942	4 15 9 18
2943	14 3 6 16
2944	4 18 1 12
2945	9 1 11 17
2946	6 8 12 14
2947	9 16 12 1
2948	15 6 17 11
2949	11 3 5 6
2950	8 7 18 15
2951	16 12 4 20
2952	14 20 16 12
2953	6 3 1 7
2954	2 9 7 15
2955	12 13 15 7
2956	9 13 2 20
2957	13 12 16 11
2958	15 20 9 1
2959	10 20 5 13
2960	8 9 16 15
2961	2 16 19 18
2962	9 18 2 1
2963	13 12 11 6
2964	12 1 7 11
2965	17 5 7 12
2966	12 3 1 6
2967	15 12 14 2
2968	9 10 5 6
2969	2 9 17 20
2970	3 17 16 18
2971	4 17 12 7
2972	20 19 13 11
2973	12 19 8 5
2974	5 20 6 1
2975	13 18 15 4
2976	10 8 3 2
2977	8 9 7 15
2978	9 5 12 20
2979	13 17 1 18
2980	6 17 10 12
2981	1 3 7 4
2982	15 11 8 3
2983	10 9 6 5
2984	11 18 17 13
2985	8 15 11 13
2986	10 9 20 2
2987	15 14 16 18
2988	8 15 3 18
2989	8 3 15 17
2990	1 18 5 2
2991	18 12 6 8
2992	2 20 17 14
2993	4 9 5 17
2994	6 17 9 8
2995	4 7 15 9
2996	3 11 20 6
2997	9 3 5 7
2998	19 6 15 2
2999	9 20 19 13
3000	20 11 1 9
