Students	3000
1	6 4 3 16
2	14 4 6 16
3	17 4 13 2
4	13 8 7 15
5	1 3 6 19
6	12 7 6 17
7	8 9 3 15
8	17 10 4 3
9	6 15 16 10
10	1 2 13 19
11	17 13 16 4
12	18 9 20 8
13	17 1 13 14
14	18 8 6 3
15	6 8 10 3
16	16 14 15 12
17	3 2 18 12
18	14 3 12 2
19	18 13 9 4
20	3 16 5 18
21	16 12 3 19
22	4 7 2 16
23	15 12 1 4
24	19 5 14 18
25	3 16 18 10
26	20 18 15 19
27	10 5 20 16
28	12 4 9 18
29	19 8 7 4
30	8 12 18 7
31	8 6 5 11
32	12 11 14 20
33	16 3 10 7
34	12 20 11 15
35	3 18 20 16
36	11 20 17 6
37	13 19 6 17
38	6 17 15 8
39	6 2 7 20
40	14 7 15 13
41	17 3 18 10
42	5 15 10 17
43	3 20 8 7
44	3 4 6 11
45	1 19 12 16
46	6 20 17 15
47	16 2 14 5
48	8 10 20 14
49	14 10 9 19
50	8 6 17 12
51	14 20 13 1
52	1 13 9 5
53	7 1 4 13
54	2 10 4 20
55	10 13 20 2
56	5 13 12 18
57	10 11 12 14
58	12 7 9 15
59	2 20 3 9
60	15 1 9 20
61	18 8 5 12
62	8 7 16 1
63	19 6 8 3
64	18 2 10 17
65	2 17 18 4
66	16 1 10 20
67	15 9 18 14
68	7 2 8 3
69	8 11 6 9
70	17 11 8 10
71	14 8 16 7
72	5 17 10 16
73	9 13 5 10
74	20 14 6 1
75	18 17 13 3
76	11 1 18 17
77	7 19 5 14
78	3 17 11 9
79	10 14 20 9
80	7 1 15 14
81	3 16 15 10
82	14 10 15 18
83	15 14 3 19
84	6 16 13 7
85	9 10 6 11
86	8 14 10 17
87	5 12 8 1
88	19 11 5 8
89	17 9 11 19
90	8 12 6 5
91	7 20 3 16
92	5 6 14 7
93	14 4 6 16
94	10 13 6 11
95	7 3 4 11
96	2 13 18 9
97	6 16 20 12
98	15 1 4 6
99	14 13 9 1
100	11 15 18 20
101	13 7 9 6
102	17 13 6 5
103	20 1 19 11
104	13 3 11 5
105	20 19 6 7
106	14 1 8 18
107	16 8 3 18
108	14 13 10 20
109	14 16 20 7
110	10 17 6 9
111	14 4 1 11
112	2 17 19 9
113	9 2 5 6
114	5 3 14 4
115	5 19 13 9
116	10 11 2 3
117	11 12 4 1
118	11 20 17 12
119	4 14 18 15
120	2 10 20 7
121	15 7 11 13
122	12 8 3 16
123	4 5 10 14
124	7 14 4 11
125	3 17 9 18
126	6 19 4 20
127	16 1 8 13
128	19 10 6 18
129	17 14 1 19
130	18 19 7 17
131	18 14 5 10
132	14 5 9 2
133	16 13 15 10
134	1 4 9 15
135	13 16 4 8
136	10 1 4 7
137	8 15 5 4
138	20 3 15 8
139	3 20 8 16
140	3 6 9 14
141	8 5 16 3
142	15 8 2 13
143	7 17 16 3
144	17 13 1 19
145	15 3 19 11
146	11 2 13 18
147	17 4 16 7
148	20 17 6 4
149	6 17 8 11
150	17 6 10 12
151	16 20 2 15
152	8 11 17 15
153	3 2 13 5
154	2 7 16 11
155	1 16 17 3
156	19 13 3 1
157	12 14 11 17
158	6 17 14 18
159	6 5 7 3
160	5 12 14 8
161	6 7 5 20
162	10 18 3 9
163	6 16 7 17
164	18 6 14 12
165	3 10 16 19
166	20 7 6 19
167	16 14 5 6
168	8 11 12 3
169	10 4 3 2
170	14 9 20 2
171	16 13 17 19
172	18 15 4 3
173	10 1 13 7
174	12 3 2 18
175	2 20 11 3
176	13 5 19 15
177	9 3 10 4
178	3 20 17 6
179	13 20 4 17
180	16 9 14 6
181	3 19 20 10
182	11 3 13 5
183	12 19 4 3
184	3 4 6 20
185	1 3 13 2
186	6 18 17 7
187	11 18 6 9
188	13 3 18 6
189	7 6 10 13
190	15 4 20 1
191	10 16 18 5
192	15 4 16 6
193	3 4 11 7
194	10 9 15 12
195	8 6 7 11
196	10 1 11 19
197	3 1 7 15
198	1 5 15 16
199	5 13 16 19
200	18 19 11 16
201	4 8 13 1
202	20 15 8 10
203	15 5 14 10
204	2 13 10 6
205	11 6 19 7
206	2 12 5 3
207	12 14 20 18
208	18 8 7 4
209	8 17 2 20
210	4 13 11 16
211	11 19 15 7
212	17 13 8 11
213	1 9 14 2
214	2 20 11 18
215	12 14 3 19
216	15 3 1 17
217	14 5 18 16
218	6 8 17 3
219	3 17 1 19
220	11 9 19 13
221	19 14 4 8
222	11 7 2 13
223	6 5 13 2
224	2 4 20 10
225	15 3 2 9
226	4 9 16 19
227	16 6 5 7
228	9 1 16 15
229	11 3 18 16
230	14 18 15 8
231	12 2 3 4
232	7 11 5 8
233	13 10 12 8
234	4 20 14 15
235	17 13 14 4
236	7 11 1 20
237	1 6 4 13
238	1 14 10 5
239	6 20 19 5
240	20 4 14 6
241	5 17 4 11
242	17 14 3 15
243	20 8 4 9
244	10 20 17 16
245	9 17 20 14
246	9 5 17 1
247	2 10 19 20
248	5 9 10 4
249	20 18 9 19
250	6 3 9 14
251	12 8 15 4
252	1 13 2 11
253	16 14 9 11
254	1 18 2 8
255	16 20 19 13
256	2 15 18 11
257	2 16 1 14
258	18 8 4 17
259	9 6 17 18
260	6 11 20 16
261	8 11 9 10
262	17 20 16 6
263	10 18 14 6
264	10 20 19 3
265	17 8 5 2
266	3 6 20 15
267	5 18 2 11
268	18 17 11 8
269	14 13 1 5
270	20 16 18 17
271	12 20 2 19
272	9 15 12 19
273	2 3 11 6
274	4 15 19 3
275	14 6 16 8
276	10 3 1 18
277	16 19 2 9
278	1 11 16 17
279	15 18 13 2
280	8 10 7 17
281	3 15 10 7
282	14 17 6 19
283	3 4 14 13
284	15 3 7 19
285	6 2 3 20
286	1 14 12 15
287	16 5 14 10
288	2 17 14 1
289	15 12 8 14
290	20 6 15 16
291	1 3 18 2
292	13 12 1 2
293	15 10 8 14
294	16 4 2 1
295	16 5 13 7
296	16 20 11 10
297	4 19 15 8
298	7 20 1 4
299	5 14 17 18
300	15 12 11 4
301	2 6 18 20
302	20 10 18 13
303	19 3 8 11
304	8 2 5 16
305	14 3 16 12
306	11 2 20 15
307	19 3 7 18
308	6 9 12 18
309	12 7 14 19
310	10 13 14 5
311	15 1 8 17
312	1 3 8 15
313	10 7 20 1
314	5 3 17 7
315	4 17 6 16
316	12 1 3 16
317	12 1 16 4
318	17 10 11 8
319	11 10 20 4
320	9 20 5 2
321	18 13 7 5
322	10 17 13 12
323	8 2 18 5
324	1 5 12 11
325	19 10 8 17
326	4 6 9 19
327	1 4 5 12
328	5 19 7 16
329	3 8 7 6
330	20 7 16 4
331	10 9 11 5
332	19 13 18 10
333	6 1 18 3
334	8 2 9 10
335	15 17 9 10
336	14 13 9 1
337	14 6 20 18
338	16 4 10 7
339	19 12 20 18
340	2 18 15 4
341	3 1 5 16
342	14 18 15 8
343	12 20 2 7
344	4 5 17 13
345	6 19 13 10
346	2 1 18 20
347	10 15 14 16
348	13 6 11 16
349	7 14 8 19
350	1 12 8 10
351	11 13 5 7
352	12 20 8 13
353	4 18 9 5
354	18 14 19 6
355	19 16 11 10
356	1 6 15 2
357	12 4 6 7
358	2 6 9 1
359	17 14 8 19
360	18 16 19 13
361	18 4 15 6
362	1 14 12 6
363	1 12 17 10
364	10 6 13 1
365	2 10 9 18
366	4 12 6 18
367	1 6 3 17
368	2 1 20 18
369	9 4 10 18
370	12 17 5 11
371	2 20 9 19
372	6 9 16 1
373	15 5 10 12
374	15 20 11 14
375	16 19 17 8
376	13 18 5 4
377	18 6 20 12
378	1 10 11 6
379	5 13 18 12
380	8 3 18 11
381	6 2 1 12
382	6 2 5 4
383	1 18 2 5
384	7 10 15 2
385	2 9 12 5
386	19 6 9 16
387	1 14 16 13
388	17 20 3 10
389	13 15 5 16
390	4 7 19 16
391	8 11 12 3
392	8 15 1 19
393	18 6 4 10
394	4 7 1 8
395	10 16 8 11
396	4 5 10 13
397	12 18 14 7
398	15 3 9 13
399	4 19 10 20
400	5 6 19 12
401	14 20 11 2
402	9 10 16 8
403	9 5 6 7
404	3 5 4 8
405	6 13 2 8
406	5 20 2 15
407	16 6 11 7
408	12 19 14 8
409	18 17 16 13
410	11 1 9 2
411	7 15 11 14
412	6 15 7 12
413	20 3 2 7
414	17 19 16 15
415	18 17 12 9
416	20 13 10 16
417	7 4 9 17
418	7 13 10 16
419	1 18 13 12
420	5 19 15 7
421	19 11 12 10
422	9 13 14 19
423	18 17 12 10
424	17 19 10 3
425	2 8 16 10
426	15 10 13 3
427	5 15 7 6
428	4 10 18 20
429	19 18 12 10
430	2 13 5 8
431	17 9 1 13
432	14 13 5 20
433	3 7 1 14
434	13 7 3 5
435	9 5 10 13
436	15 5 17 12
437	3 5 15 6
438	8 16 11 15
439	12 8 18 4
440	17 4 16 6
441	8 16 17 1
442	14 18 6 15
443	3 14 12 10
444	9 15 7 11
445	6 7 19 13
446	3 9 15 6
447	14 9 18 1
448	5 18 12 9
449	19 1 17 13
450	13 11 19 8
451	19 17 16 14
452	2 3 14 17
453	16 8 12 19
454	20 16 17 3
455	4 13 2 12
456	7 18 6 1
457	6 20 11 12
458	12 8 16 11
459	16 1 9 5
460	17 5 15 6
461	4 3 10 9
462	5 11 20 15
463	2 17 20 3
464	18 2 12 13
465	19 17 4 20
466	8 19 4 3
467	20 15 5 3
468	5 13 3 4
469	18 5 2 14
470	14 19 16 9
471	3 16 9 12
472	17 5 15 14
473	12 7 20 13
474	12 4 14 9
475	8 19 20 16
476	16 6 7 17
477	6 18 14 9
478	6 3 8 11
479	14 12 15 20
480	12 17 13 3
481	10 14 17 19
482	4 19 9 3
483	1 3 7 11
484	3 18 1 9
485	15 20 2 9
486	5 12 3 7
487	6 1 15 4
488	18 3 11 13
489	14 16 8 2
490	20 17 6 12
491	8 5 12 11
492	12 11 3 1
493	18 7 17 4
494	18 16 6 20
495	19 5 13 8
496	20 5 19 11
497	12 14 2 8
498	1 2 3 12
499	20 2 4 10
500	16 4 5 10
501	10 3 20 7
502	12 7 18 10
503	3 11 20 9
504	19 20 10 9
505	14 5 15 18
506	11 15 9 19
507	6 4 7 20
508	3 8 17 10
509	16 9 11 18
510	9 8 13 12
511	10 7 8 19
512	1 2 8 6
513	10 18 9 11
514	10 19 18 17
515	2 1 17 3
516	10 20 2 1
517	9 11 18 8
518	2 20 9 18
519	18 8 13 4
520	18 2 9 5
521	8 9 13 10
522	3 8 10 20
523	7 13 5 8
524	18 16 19 7
525	14 15 13 16
526	10 14 7 11
527	6 13 1 7
528	20 18 2 6
529	20 18 6 1
530	11 14 1 5
531	5 11 4 20
532	13 8 2 12
533	3 17 9 15
534	10 6 16 4
535	11 15 17 10
536	14 1 8 6
537	18 6 12 3
538	6 17 8 1
539	18 13 2 7
540	11 20 14 16
541	12 19 15 9
542	18 15 12 11
543	18 2 6 12
544	5 13 15 4
545	10 16 11 8
546	3 6 7 12
547	13 16 6 10
548	2 7 18 19
549	15 12 9 4
550	14 2 10 18
551	6 13 8 4
552	9 2 1 13
553	8 16 7 12
554	12 11 17 3
555	17 15 10 8
556	4 17 18 6
557	13 8 2 1
558	14 9 12 16
559	18 5 20 11
560	7 6 17 16
561	2 9 19 15
562	14 15 1 7
563	9 3 19 6
564	10 14 5 1
565	2 4 17 19
566	1 13 2 7
567	4 15 5 1
568	19 14 17 8
569	12 17 9 11
570	10 9 14 1
571	8 3 5 12
572	4 8 14 10
573	1 5 8 18
574	9 13 7 19
575	16 12 4 2
576	6 3 16 17
577	19 17 15 4
578	13 20 3 18
579	9 6 14 16
580	4 2 20 19
581	17 2 6 14
582	20 2 19 18
583	6 17 20 4
584	15 4 10 11
585	11 2 4 10
586	14 12 7 13
587	10 20 16 9
588	16 19 1 4
589	2 4 14 16
590	7 2 17 8
591	14 13 10 7
592	17 1 18 11
593	17 4 16 19
594	11 1 13 15
595	2 4 13 17
596	13 6 18 17
597	19 6 18 20
598	16 7 19 5
599	7 19 3 1
600	20 3 9 8
601	11 10 3 1
602	16 8 10 2
603	20 15 5 19
604	20 1 5 19
605	15 2 14 6
606	10 1 12 9
607	13 5 16 9
608	20 2 9 5
609	6 17 11 8
610	13 6 8 5
611	2 6 10 12
612	16 17 6 14
613	14 1 20 2
614	10 4 3 19
615	19 1 15 5
616	10 7 2 5
617	4 17 10 8
618	9 20 15 11
619	8 14 13 11
620	6 3 15 4
621	2 6 14 19
622	5 19 14 11
623	1 16 8 14
624	6 16 11 4
625	15 17 9 7
626	17 18 16 15
627	2 6 7 1
628	2 18 12 17
629	11 1 18 4
630	4 13 17 15
631	3 16 6 20
632	7 19 10 5
633	14 11 18 12
634	19 5 14 8
635	18 10 2 15
636	7 20 15 16
637	13 8 17 20
638	10 13 20 19
639	19 3 16 17
640	6 20 18 11
641	10 16 14 13
642	19 11 17 8
643	10 12 6 3
644	1 18 10 16
645	10 8 11 15
646	19 4 17 3
647	7 4 5 14
648	8 13 17 19
649	19 20 15 6
650	13 19 4 16
651	10 1 5 13
652	20 18 9 2
653	8 9 3 13
654	11 19 13 3
655	17 3 9 14
656	11 17 19 20
657	1 13 4 14
658	19 9 4 12
659	6 20 3 10
660	8 6 4 15
661	2 6 7 9
662	1 7 5 11
663	8 2 3 1
664	10 20 13 19
665	13 3 5 16
666	7 6 11 14
667	18 2 19 4
668	1 2 7 15
669	8 9 10 7
670	16 10 3 6
671	9 18 11 2
672	14 7 20 10
673	10 11 14 3
674	17 13 7 20
675	10 14 8 18
676	10 19 4 1
677	10 17 1 7
678	4 20 11 6
679	13 1 15 20
680	1 20 6 11
681	7 19 20 12
682	6 19 15 9
683	14 2 7 11
684	20 10 6 4
685	14 17 8 12
686	12 14 11 7
687	1 5 7 20
688	10 17 8 6
689	18 16 6 12
690	11 8 3 5
691	10 17 6 15
692	6 16 14 11
693	16 6 10 13
694	4 6 19 16
695	13 15 17 11
696	15 17 5 18
697	18 4 7 12
698	16 10 9 18
699	9 11 14 10
700	5 11 12 16
701	5 12 1 2
702	13 15 12 6
703	6 1 17 16
704	11 2 16 6
705	17 7 16 11
706	8 13 6 11
707	4 17 7 13
708	4 3 18 5
709	7 10 18 9
710	1 8 15 11
711	20 6 10 14
712	6 12 14 2
713	7 1 19 16
714	14 11 19 2
715	3 10 16 9
716	7 6 16 1
717	18 5 8 4
718	10 17 11 6
719	16 5 19 12
720	11 5 7 3
721	18 10 20 13
722	7 5 2 8
723	11 16 3 18
724	19 8 1 7
725	2 7 3 14
726	8 16 5 12
727	1 5 8 16
728	18 12 6 9
729	16 20 2 11
730	3 2 16 7
731	17 13 15 10
732	18 7 4 15
733	12 15 4 19
734	3 14 9 13
735	3 7 11 19
736	14 18 1 2
737	6 14 10 13
738	1 15 12 20
739	8 1 20 12
740	3 4 16 9
741	1 5 10 4
742	20 1 19 7
743	3 12 10 2
744	11 9 5 1
745	9 20 2 10
746	20 15 9 2
747	5 13 12 7
748	5 12 6 20
749	15 4 8 6
750	7 1 14 15
751	11 2 12 1
752	12 15 20 3
753	11 17 10 13
754	14 2 15 10
755	19 20 5 12
756	18 1 5 4
757	8 18 20 6
758	9 19 1 18
759	5 19 12 16
760	10 13 20 6
761	6 11 4 1
762	3 7 19 8
763	1 19 18 7
764	6 16 15 12
765	8 5 20 16
766	1 17 11 8
767	6 3 4 7
768	2 19 14 10
769	13 20 15 2
770	6 17 18 16
771	19 2 17 10
772	13 8 14 1
773	16 4 3 13
774	11 2 4 5
775	16 13 4 8
776	2 8 7 19
777	12 10 9 7
778	3 5 8 12
779	14 1 4 19
780	4 2 15 18
781	18 14 8 1
782	10 5 8 13
783	14 11 6 10
784	3 20 4 14
785	12 14 15 4
786	8 17 20 5
787	3 16 6 4
788	12 3 2 19
789	17 11 10 20
790	8 6 9 3
791	7 2 4 10
792	13 6 3 11
793	13 16 6 1
794	11 5 20 2
795	4 5 15 2
796	20 18 15 6
797	13 18 2 12
798	1 12 17 15
799	20 16 10 9
800	5 1 2 8
801	4 13 10 1
802	20 14 16 11
803	12 6 18 10
804	8 12 18 14
805	17 3 20 16
806	11 4 7 9
807	12 4 2 6
808	13 9 18 8
809	8 3 11 18
810	20 13 12 9
811	10 3 15 19
812	2 20 5 17
813	6 17 18 5
814	4 18 17 5
815	1 15 11 12
816	17 19 5 4
817	3 16 1 17
818	4 13 9 2
819	16 7 8 10
820	1 13 12 18
821	4 1 15 18
822	18 13 19 1
823	7 1 4 19
824	13 11 15 14
825	20 11 4 9
826	7 2 16 10
827	10 4 18 5
828	13 15 20 14
829	13 14 16 10
830	4 13 14 16
831	7 8 17 4
832	8 12 6 19
833	10 11 20 13
834	20 13 9 12
835	13 6 11 17
836	18 16 13 6
837	20 18 17 12
838	1 16 18 4
839	11 18 1 13
840	14 5 1 4
841	13 20 10 3
842	4 11 15 18
843	17 9 3 5
844	7 2 11 10
845	14 2 8 10
846	9 6 20 8
847	20 12 11 14
848	1 20 7 15
849	20 12 11 6
850	1 16 14 11
851	8 16 7 10
852	12 2 4 5
853	15 1 13 19
854	4 19 14 7
855	4 7 16 6
856	8 6 7 5
857	4 11 3 10
858	13 2 12 11
859	8 7 19 3
860	3 12 4 5
861	7 20 14 17
862	7 17 2 6
863	17 5 2 13
864	14 20 13 10
865	5 17 6 9
866	2 1 14 18
867	18 15 4 9
868	18 19 13 12
869	11 10 16 1
870	2 13 17 10
871	15 5 12 1
872	13 8 17 14
873	5 17 1 2
874	7 6 2 4
875	18 19 13 7
876	20 8 10 12
877	19 10 4 6
878	9 8 7 11
879	13 8 16 11
880	7 18 17 20
881	20 19 15 2
882	15 16 13 6
883	3 5 6 7
884	4 12 1 14
885	20 18 14 2
886	6 2 15 19
887	10 18 5 9
888	15 16 2 12
889	4 11 9 1
890	8 5 7 6
891	7 18 1 6
892	19 11 1 7
893	2 9 16 19
894	15 8 18 12
895	7 6 18 19
896	10 1 12 6
897	14 18 6 17
898	6 17 16 3
899	6 15 14 18
900	18 6 3 14
901	16 5 1 2
902	3 20 8 18
903	5 12 20 17
904	15 1 6 8
905	10 1 12 17
906	10 4 13 8
907	1 17 10 11
908	19 13 9 8
909	16 5 19 8
910	18 16 1 15
911	20 12 19 16
912	4 16 17 13
913	1 4 17 20
914	3 18 6 8
915	16 5 18 7
916	5 18 7 17
917	19 20 12 8
918	12 6 16 17
919	18 19 2 6
920	13 19 12 1
921	7 17 2 9
922	16 10 3 8
923	3 19 17 1
924	7 13 14 20
925	14 6 12 17
926	10 11 14 2
927	18 11 2 8
928	10 3 8 2
929	13 16 19 20
930	1 15 10 13
931	19 8 11 3
932	3 19 17 7
933	15 8 17 7
934	15 11 16 9
935	4 1 18 10
936	13 10 14 18
937	13 8 9 5
938	8 5 6 3
939	13 18 20 9
940	11 2 14 15
941	6 3 9 2
942	18 7 17 9
943	14 6 9 15
944	17 3 2 11
945	2 17 11 1
946	15 16 11 8
947	9 17 20 19
948	6 1 4 8
949	8 11 18 2
950	4 18 12 13
951	19 3 16 1
952	3 7 20 12
953	12 10 2 3
954	4 3 5 2
955	18 8 19 5
956	2 17 3 19
957	19 3 7 16
958	13 4 16 5
959	11 1 10 14
960	13 7 9 11
961	15 20 19 17
962	11 9 8 12
963	3 5 14 17
964	3 15 5 19
965	1 18 15 14
966	19 10 12 3
967	12 19 13 16
968	9 19 17 7
969	14 12 9 10
970	9 10 6 13
971	11 19 7 10
972	13 15 5 7
973	8 18 9 1
974	14 20 2 18
975	9 18 8 1
976	6 17 19 12
977	16 17 8 19
978	16 14 20 18
979	6 12 5 10
980	15 18 20 17
981	20 7 2 11
982	20 3 1 17
983	15 1 16 11
984	14 2 3 8
985	6 2 5 13
986	15 16 2 20
987	13 11 7 16
988	19 18 17 20
989	8 20 5 15
990	5 12 11 19
991	6 1 12 4
992	19 12 18 16
993	2 8 19 13
994	5 4 14 9
995	7 1 14 12
996	6 20 13 11
997	19 7 20 18
998	18 11 20 4
999	7 6 2 8
1000	19 5 2 7
1001	5 12 7 17
1002	3 15 11 19
1003	11 9 2 20
1004	13 15 4 12
1005	8 6 20 5
1006	1 6 19 9
1007	18 8 10 13
1008	9 17 19 4
1009	12 17 2 9
1010	14 16 8 19
1011	4 5 8 9
1012	20 1 10 17
1013	9 7 10 6
1014	20 14 8 9
1015	7 9 15 16
1016	4 20 2 13
1017	10 15 5 14
1018	5 13 11 8
1019	8 2 12 13
1020	11 19 14 13
1021	15 19 12 16
1022	13 17 16 7
1023	9 14 19 12
1024	6 16 9 11
1025	16 15 1 4
1026	2 14 12 7
1027	9 7 1 19
1028	15 3 16 13
1029	19 14 1 16
1030	15 8 14 11
1031	8 13 17 10
1032	19 11 15 2
1033	11 8 14 16
1034	5 8 11 19
1035	2 14 9 6
1036	16 20 8 4
1037	19 9 2 14
1038	9 5 12 15
1039	10 11 17 15
1040	3 12 6 13
1041	15 2 19 8
1042	2 6 8 20
1043	9 14 12 3
1044	10 1 7 4
1045	11 16 17 1
1046	15 8 4 17
1047	9 16 5 3
1048	2 12 10 15
1049	1 11 6 5
1050	16 11 10 18
1051	11 4 9 13
1052	18 12 5 10
1053	12 13 6 11
1054	11 1 9 2
1055	9 13 11 15
1056	3 12 1 5
1057	4 20 3 6
1058	1 6 13 11
1059	5 15 10 19
1060	18 10 3 4
1061	10 18 7 11
1062	16 5 13 9
1063	7 12 3 17
1064	20 4 13 5
1065	8 5 16 15
1066	13 10 18 7
1067	4 16 7 2
1068	3 11 15 16
1069	13 16 14 17
1070	6 1 7 10
1071	19 10 20 12
1072	2 12 17 20
1073	2 16 10 13
1074	4 15 3 20
1075	5 16 19 6
1076	5 20 10 9
1077	9 20 11 2
1078	8 14 1 4
1079	13 18 8 20
1080	6 18 7 3
1081	12 11 15 7
1082	12 3 6 16
1083	16 2 17 12
1084	20 10 8 13
1085	17 13 19 12
1086	1 18 3 6
1087	20 18 8 2
1088	7 8 1 12
1089	15 11 16 8
1090	18 4 5 14
1091	1 13 14 8
1092	6 8 13 10
1093	17 1 11 15
1094	1 5 15 16
1095	9 10 14 12
1096	13 11 1 10
1097	3 4 13 10
1098	9 10 15 14
1099	17 16 15 4
1100	4 13 1 20
1101	15 2 4 12
1102	8 4 16 11
1103	9 8 11 20
1104	10 7 3 14
1105	6 2 17 1
1106	9 5 11 10
1107	10 14 16 8
1108	10 16 4 6
1109	5 18 12 14
1110	4 11 1 17
1111	13 1 4 20
1112	8 11 19 2
1113	9 16 14 7
1114	5 16 1 19
1115	13 8 18 7
1116	11 13 5 10
1117	14 1 12 3
1118	19 8 1 18
1119	8 1 16 3
1120	20 10 1 8
1121	17 2 6 12
1122	5 2 20 8
1123	8 15 11 9
1124	6 13 15 9
1125	2 20 17 11
1126	18 11 6 20
1127	16 14 9 10
1128	3 2 17 19
1129	15 16 1 14
1130	4 7 13 3
1131	12 11 7 10
1132	16 3 12 19
1133	5 4 1 7
1134	10 5 11 9
1135	8 20 9 12
1136	7 19 17 5
1137	1 10 18 19
1138	16 15 4 9
1139	16 17 20 4
1140	9 14 15 6
1141	10 15 6 13
1142	7 2 17 9
1143	9 2 16 15
1144	11 3 9 13
1145	17 4 15 10
1146	5 13 2 7
1147	7 10 12 2
1148	19 9 8 14
1149	17 13 1 14
1150	13 16 3 20
1151	13 19 10 1
1152	9 7 11 6
1153	15 18 4 16
1154	9 2 13 14
1155	13 20 6 7
1156	9 14 4 3
1157	7 9 19 16
1158	7 10 18 4
1159	10 8 16 6
1160	11 14 7 12
1161	6 16 12 20
1162	3 7 15 2
1163	13 18 9 19
1164	1 6 3 2
1165	9 11 7 14
1166	13 16 18 5
1167	13 8 7 3
1168	12 19 14 20
1169	7 20 1 12
1170	12 11 17 1
1171	6 9 11 2
1172	11 14 8 5
1173	18 3 20 19
1174	4 9 7 5
1175	16 15 7 9
1176	13 14 17 12
1177	2 14 12 10
1178	1 17 9 3
1179	9 15 19 16
1180	3 15 18 19
1181	20 12 5 13
1182	8 1 16 20
1183	17 7 3 1
1184	19 5 9 20
1185	7 5 4 1
1186	6 1 4 5
1187	6 16 17 5
1188	3 12 20 11
1189	14 8 10 19
1190	7 13 16 4
1191	7 5 14 13
1192	5 16 19 7
1193	17 11 10 6
1194	18 14 8 19
1195	12 8 13 17
1196	11 17 18 7
1197	14 6 11 3
1198	11 2 7 5
1199	14 4 13 3
1200	8 6 3 4
1201	8 14 1 11
1202	15 7 2 6
1203	19 11 8 10
1204	11 15 6 19
1205	20 17 1 7
1206	13 19 18 20
1207	7 17 6 1
1208	3 4 17 12
1209	5 14 17 18
1210	5 7 6 4
1211	11 13 16 6
1212	14 13 4 20
1213	16 11 1 20
1214	8 9 6 15
1215	7 16 12 9
1216	3 18 6 14
1217	12 15 17 13
1218	9 12 7 17
1219	4 17 12 13
1220	6 5 13 4
1221	13 10 16 14
1222	16 12 20 15
1223	13 9 20 7
1224	11 5 10 20
1225	4 17 15 2
1226	5 8 10 2
1227	14 2 10 3
1228	2 1 7 3
1229	6 1 8 13
1230	3 20 11 12
1231	13 12 2 18
1232	2 15 10 18
1233	3 8 16 12
1234	18 7 16 2
1235	18 17 8 11
1236	20 13 16 1
1237	14 11 6 1
1238	4 6 3 9
1239	18 17 15 20
1240	1 18 2 4
1241	19 5 17 13
1242	8 14 1 15
1243	5 14 19 10
1244	9 14 8 18
1245	19 18 8 6
1246	20 16 9 5
1247	15 11 17 8
1248	17 6 19 12
1249	10 12 17 13
1250	13 16 2 15
1251	6 14 2 20
1252	2 1 13 12
1253	7 5 15 4
1254	14 4 17 16
1255	19 16 5 2
1256	13 11 4 14
1257	19 5 12 4
1258	4 20 18 16
1259	7 15 1 19
1260	12 2 11 7
1261	6 3 14 20
1262	2 17 5 19
1263	2 6 19 3
1264	17 14 9 12
1265	18 8 6 15
1266	10 1 6 8
1267	10 14 9 13
1268	4 12 15 1
1269	10 8 11 14
1270	1 5 16 20
1271	13 11 1 17
1272	13 15 6 17
1273	13 19 1 18
1274	11 1 14 5
1275	5 16 1 14
1276	15 4 2 10
1277	12 4 20 16
1278	13 11 5 19
1279	20 7 11 4
1280	3 11 5 13
1281	13 4 15 3
1282	13 16 2 4
1283	6 2 4 14
1284	15 6 16 9
1285	2 18 7 6
1286	9 16 18 20
1287	14 16 7 3
1288	7 4 11 18
1289	17 9 10 14
1290	9 8 20 16
1291	3 18 8 10
1292	10 18 12 4
1293	10 13 12 14
1294	9 14 12 19
1295	9 14 15 6
1296	11 5 19 15
1297	16 19 20 9
1298	13 9 8 4
1299	20 2 17 6
1300	16 1 4 8
1301	13 4 5 12
1302	16 14 20 5
1303	12 20 19 1
1304	10 14 8 2
1305	3 8 5 16
1306	7 4 1 20
1307	12 9 17 18
1308	4 14 16 7
1309	2 20 4 15
1310	13 4 9 12
1311	10 5 17 3
1312	16 9 8 12
1313	7 2 5 17
1314	9 2 3 16
1315	20 19 13 16
1316	18 5 8 12
1317	12 1 8 2
1318	3 16 15 18
1319	12 11 10 19
1320	2 7 13 4
1321	15 3 13 19
1322	19 14 3 7
1323	1 15 13 17
1324	11 12 5 4
1325	15 20 5 13
1326	9 17 14 16
1327	8 10 15 13
1328	15 10 16 20
1329	12 5 18 8
1330	1 18 10 2
1331	7 10 3 12
1332	12 10 19 14
1333	6 11 8 10
1334	13 19 10 14
1335	2 3 1 5
1336	16 15 1 14
1337	18 7 17 15
1338	4 7 13 10
1339	2 9 6 15
1340	7 19 2 17
1341	2 5 8 3
1342	10 16 17 4
1343	16 11 5 1
1344	12 19 1 16
1345	7 9 10 11
1346	20 9 19 16
1347	15 16 4 7
1348	3 2 12 16
1349	11 19 16 10
1350	13 4 14 3
1351	20 7 4 16
1352	2 8 9 20
1353	1 5 14 9
1354	19 1 5 2
1355	16 19 11 10
1356	16 5 3 1
1357	1 16 4 11
1358	8 3 20 18
1359	3 7 15 2
1360	16 10 8 4
1361	14 1 8 12
1362	19 2 10 4
1363	12 8 4 14
1364	1 10 19 6
1365	9 18 10 12
1366	9 4 15 6
1367	3 19 6 12
1368	9 18 13 6
1369	13 2 3 11
1370	18 17 19 20
1371	16 17 19 2
1372	16 17 13 2
1373	1 3 10 11
1374	1 6 14 12
1375	2 13 4 6
1376	8 10 19 11
1377	10 17 12 18
1378	6 10 19 18
1379	16 9 8 11
1380	8 10 12 13
1381	8 3 11 17
1382	5 17 18 4
1383	8 13 10 14
1384	6 12 5 18
1385	5 8 14 3
1386	15 18 13 8
1387	8 7 3 18
1388	17 2 8 3
1389	2 5 4 13
1390	8 18 16 20
1391	10 12 8 6
1392	16 1 20 4
1393	5 9 2 10
1394	20 2 12 4
1395	11 8 1 13
1396	18 8 16 19
1397	19 8 15 14
1398	15 7 6 1
1399	3 2 15 10
1400	7 8 16 12
1401	15 18 1 11
1402	12 14 8 13
1403	12 20 18 16
1404	3 1 12 16
1405	14 12 17 4
1406	6 17 4 9
1407	5 10 4 12
1408	4 13 2 15
1409	16 19 18 20
1410	3 20 1 11
1411	4 15 13 18
1412	20 14 13 6
1413	7 14 16 8
1414	3 18 5 8
1415	8 5 16 19
1416	7 11 2 20
1417	20 4 2 12
1418	5 7 8 2
1419	2 1 3 9
1420	3 11 12 13
1421	4 9 15 20
1422	15 6 4 12
1423	8 5 14 18
1424	14 11 2 13
1425	18 4 19 14
1426	2 8 15 3
1427	15 18 12 11
1428	5 4 2 15
1429	9 18 10 20
1430	9 20 5 10
1431	10 8 16 18
1432	10 11 19 15
1433	5 11 14 16
1434	14 13 19 9
1435	11 17 16 10
1436	20 9 12 1
1437	11 4 20 5
1438	19 20 6 16
1439	7 20 2 3
1440	1 18 5 7
1441	5 15 1 11
1442	11 8 5 15
1443	7 6 1 3
1444	16 6 11 12
1445	4 9 7 3
1446	5 1 7 17
1447	19 15 10 17
1448	7 5 12 2
1449	19 4 12 14
1450	4 7 1 3
1451	9 12 2 11
1452	5 17 15 11
1453	6 7 5 3
1454	9 3 19 2
1455	17 16 2 15
1456	13 2 20 15
1457	4 6 8 16
1458	5 11 16 17
1459	10 13 5 18
1460	9 12 17 1
1461	20 9 8 5
1462	7 16 11 13
1463	12 14 11 16
1464	6 14 17 16
1465	17 19 5 10
1466	8 3 9 1
1467	8 3 9 2
1468	20 6 8 16
1469	11 1 9 7
1470	8 13 12 17
1471	4 10 3 13
1472	16 6 12 8
1473	14 1 16 17
1474	6 15 8 13
1475	17 14 9 11
1476	16 7 20 4
1477	3 5 2 6
1478	6 4 13 14
1479	8 3 2 16
1480	14 11 8 18
1481	14 15 7 5
1482	2 11 6 20
1483	2 12 13 7
1484	20 14 6 16
1485	12 2 13 18
1486	19 17 8 12
1487	17 11 4 5
1488	8 17 11 2
1489	1 6 5 16
1490	17 3 7 10
1491	13 4 8 14
1492	2 11 4 19
1493	19 9 7 16
1494	8 1 12 13
1495	1 2 17 16
1496	11 16 8 3
1497	12 2 9 3
1498	5 8 10 4
1499	5 17 12 6
1500	14 20 12 2
1501	18 6 1 17
1502	6 13 4 19
1503	14 6 4 12
1504	1 4 20 15
1505	7 10 8 18
1506	9 20 2 7
1507	3 17 10 4
1508	12 15 7 13
1509	7 8 12 19
1510	17 11 3 19
1511	2 13 5 10
1512	7 8 18 14
1513	2 7 14 17
1514	19 8 14 12
1515	11 10 6 16
1516	14 19 11 18
1517	11 1 18 14
1518	13 18 16 11
1519	10 15 16 7
1520	16 13 12 15
1521	8 4 12 16
1522	9 10 7 8
1523	4 1 8 13
1524	10 3 13 12
1525	19 15 11 14
1526	14 6 13 12
1527	2 14 13 17
1528	8 16 6 11
1529	10 16 15 9
1530	2 11 8 16
1531	6 19 10 3
1532	3 13 2 16
1533	2 7 16 1
1534	16 15 13 19
1535	17 20 9 5
1536	5 7 18 17
1537	3 7 8 20
1538	1 16 2 11
1539	3 9 16 17
1540	8 5 12 6
1541	15 14 12 11
1542	17 12 6 14
1543	7 8 16 15
1544	11 1 7 18
1545	4 16 8 10
1546	12 16 8 9
1547	12 13 18 17
1548	11 1 14 4
1549	14 12 18 1
1550	12 15 9 4
1551	5 4 3 12
1552	9 10 16 14
1553	1 18 4 17
1554	12 16 7 17
1555	16 3 11 17
1556	20 18 7 13
1557	14 13 5 18
1558	1 19 15 6
1559	9 20 8 17
1560	1 5 11 17
1561	6 2 13 19
1562	13 4 9 5
1563	8 18 4 5
1564	20 19 11 8
1565	1 11 3 14
1566	15 4 6 5
1567	11 14 17 10
1568	6 11 20 4
1569	15 11 14 20
1570	19 18 15 12
1571	5 19 4 7
1572	11 3 10 12
1573	5 20 1 17
1574	14 8 19 3
1575	13 10 18 3
1576	7 1 15 5
1577	8 5 12 16
1578	20 17 16 11
1579	16 18 20 19
1580	17 12 14 20
1581	16 8 3 4
1582	3 12 17 7
1583	4 6 17 16
1584	7 3 12 18
1585	8 9 1 10
1586	4 7 2 19
1587	11 4 14 9
1588	9 17 4 20
1589	8 7 2 14
1590	19 1 3 2
1591	11 4 10 6
1592	5 16 6 7
1593	18 4 20 15
1594	4 13 20 15
1595	15 10 6 2
1596	3 15 7 20
1597	6 9 4 5
1598	7 1 17 5
1599	10 15 4 8
1600	14 3 10 6
1601	20 17 1 19
1602	3 5 2 19
1603	16 1 2 6
1604	9 5 12 4
1605	1 7 17 12
1606	7 13 6 8
1607	17 5 20 6
1608	12 6 16 2
1609	13 4 5 11
1610	8 19 16 14
1611	17 20 9 13
1612	1 4 12 9
1613	13 16 9 18
1614	17 2 20 12
1615	13 9 1 5
1616	11 17 10 7
1617	18 2 10 7
1618	6 11 15 8
1619	6 19 4 5
1620	4 5 2 17
1621	14 1 20 7
1622	18 20 8 3
1623	15 19 3 10
1624	13 6 11 16
1625	10 15 20 12
1626	1 3 17 4
1627	20 7 4 9
1628	3 10 8 19
1629	10 20 19 12
1630	3 7 15 4
1631	19 5 2 17
1632	3 7 20 18
1633	9 17 3 5
1634	18 6 8 16
1635	12 6 17 7
1636	17 15 7 18
1637	14 4 7 12
1638	2 17 7 11
1639	8 17 13 6
1640	16 8 15 10
1641	16 9 3 19
1642	8 5 1 10
1643	1 14 15 18
1644	17 13 6 2
1645	8 6 1 14
1646	12 16 8 10
1647	10 14 9 3
1648	17 5 8 18
1649	12 18 19 14
1650	10 12 14 11
1651	8 16 7 3
1652	2 5 1 4
1653	4 16 18 7
1654	1 2 3 19
1655	15 16 12 19
1656	11 16 17 19
1657	2 1 5 16
1658	2 16 9 5
1659	11 8 17 1
1660	19 7 3 16
1661	5 6 15 12
1662	12 18 20 17
1663	12 16 3 18
1664	14 19 13 15
1665	1 9 8 10
1666	11 10 14 9
1667	19 5 20 8
1668	9 1 12 10
1669	7 13 5 1
1670	9 12 18 1
1671	13 1 14 11
1672	9 12 8 4
1673	18 5 10 3
1674	12 17 6 2
1675	6 9 12 19
1676	14 3 2 8
1677	18 14 6 20
1678	7 14 3 13
1679	2 14 15 8
1680	5 19 11 10
1681	14 17 5 8
1682	13 15 19 14
1683	2 12 9 8
1684	20 2 3 15
1685	1 19 14 5
1686	15 8 17 16
1687	5 2 15 10
1688	6 4 11 15
1689	15 16 17 3
1690	9 16 19 13
1691	15 10 13 14
1692	16 4 12 1
1693	4 3 12 18
1694	11 19 3 12
1695	5 4 7 18
1696	8 13 2 20
1697	19 4 18 16
1698	5 2 14 18
1699	9 12 6 2
1700	11 5 8 13
1701	3 11 16 4
1702	2 10 12 3
1703	7 5 19 1
1704	4 2 19 7
1705	11 14 19 20
1706	13 3 18 17
1707	7 11 10 15
1708	17 15 3 7
1709	4 3 18 17
1710	4 13 12 20
1711	5 2 18 3
1712	6 4 19 16
1713	7 3 6 19
1714	15 17 2 6
1715	2 3 16 19
1716	13 19 3 5
1717	14 12 8 11
1718	9 13 11 6
1719	15 19 8 13
1720	11 6 15 20
1721	18 19 13 14
1722	16 13 12 19
1723	19 17 18 15
1724	8 5 19 4
1725	18 8 17 10
1726	14 16 18 10
1727	13 9 11 3
1728	5 8 4 10
1729	5 7 9 13
1730	18 8 11 17
1731	3 13 6 15
1732	12 10 18 20
1733	12 5 4 18
1734	14 2 7 20
1735	11 16 14 2
1736	14 18 10 3
1737	14 11 7 19
1738	13 12 16 3
1739	8 15 10 16
1740	20 10 3 6
1741	10 14 9 7
1742	2 20 14 18
1743	7 20 8 13
1744	13 7 14 6
1745	5 7 20 6
1746	2 10 9 7
1747	11 14 18 20
1748	20 12 7 5
1749	12 8 15 6
1750	18 2 14 10
1751	2 20 14 12
1752	5 15 6 19
1753	1 5 6 20
1754	16 3 7 18
1755	17 1 14 6
1756	4 8 16 1
1757	13 2 15 16
1758	5 7 10 3
1759	8 4 7 20
1760	4 2 13 7
1761	8 14 12 1
1762	17 9 7 12
1763	19 10 17 9
1764	12 7 19 6
1765	7 19 16 18
1766	1 19 4 12
1767	16 8 20 4
1768	5 14 3 12
1769	10 16 13 5
1770	4 19 11 2
1771	1 20 6 18
1772	6 10 13 18
1773	7 6 14 2
1774	18 13 4 2
1775	14 11 7 2
1776	17 10 9 13
1777	10 15 18 11
1778	10 1 2 15
1779	5 15 13 1
1780	10 19 1 3
1781	12 16 6 1
1782	19 3 10 9
1783	20 14 16 6
1784	4 18 2 19
1785	5 11 4 15
1786	3 7 14 2
1787	6 1 17 11
1788	8 9 5 11
1789	12 1 2 20
1790	18 17 6 11
1791	4 12 11 10
1792	1 2 18 11
1793	3 7 19 18
1794	15 14 8 2
1795	11 18 7 20
1796	9 8 18 14
1797	20 15 11 12
1798	3 8 7 20
1799	18 19 6 10
1800	11 19 9 14
1801	7 4 8 9
1802	6 20 10 5
1803	3 4 11 14
1804	7 13 5 3
1805	7 14 13 1
1806	15 2 9 20
1807	20 10 15 17
1808	1 3 17 5
1809	19 14 7 18
1810	14 9 15 2
1811	18 14 13 20
1812	10 7 15 3
1813	15 10 9 5
1814	11 20 3 19
1815	19 8 9 1
1816	18 20 9 4
1817	6 3 14 17
1818	10 12 16 15
1819	16 4 20 5
1820	11 2 16 10
1821	14 7 10 12
1822	6 17 4 3
1823	11 1 6 20
1824	2 17 6 16
1825	1 20 6 16
1826	6 4 9 16
1827	1 11 18 9
1828	5 1 3 4
1829	1 2 5 13
1830	13 5 7 12
1831	6 9 3 12
1832	5 15 18 20
1833	20 2 8 4
1834	16 8 17 1
1835	20 5 16 3
1836	2 19 13 9
1837	9 18 12 4
1838	4 15 2 19
1839	8 1 6 13
1840	16 9 18 11
1841	9 19 7 11
1842	14 17 7 19
1843	2 18 5 9
1844	9 7 16 1
1845	16 20 4 15
1846	4 11 12 10
1847	9 18 3 13
1848	7 14 20 11
1849	18 20 11 6
1850	18 5 15 8
1851	7 5 8 9
1852	14 17 6 9
1853	14 19 1 2
1854	10 9 5 8
1855	15 12 7 1
1856	6 16 10 17
1857	11 17 10 6
1858	9 12 3 5
1859	9 13 11 3
1860	18 7 20 6
1861	12 2 3 20
1862	1 6 3 9
1863	12 10 2 18
1864	11 13 15 8
1865	13 20 18 14
1866	18 5 8 12
1867	17 13 3 1
1868	18 8 1 10
1869	2 7 15 11
1870	13 8 9 10
1871	15 7 11 12
1872	19 18 6 11
1873	18 1 4 17
1874	5 4 10 3
1875	13 17 20 5
1876	19 15 18 9
1877	2 9 20 15
1878	16 5 4 15
1879	20 17 7 13
1880	6 11 15 3
1881	7 12 11 5
1882	6 7 4 19
1883	5 13 7 11
1884	11 15 2 3
1885	7 6 12 8
1886	14 7 9 12
1887	20 16 14 7
1888	7 16 3 19
1889	17 9 20 3
1890	17 1 13 8
1891	8 10 17 12
1892	9 10 12 15
1893	17 15 7 6
1894	8 19 9 18
1895	2 10 4 1
1896	14 10 16 17
1897	20 16 14 15
1898	8 1 16 19
1899	2 8 19 16
1900	10 9 16 14
1901	13 19 10 20
1902	1 16 11 15
1903	13 12 18 10
1904	5 18 9 10
1905	12 17 8 9
1906	15 4 12 19
1907	18 15 6 20
1908	3 10 11 2
1909	5 18 19 2
1910	9 16 17 3
1911	13 11 16 1
1912	11 19 6 20
1913	1 14 6 20
1914	5 1 20 16
1915	11 12 16 8
1916	19 12 14 17
1917	20 3 5 14
1918	15 17 14 10
1919	2 13 7 6
1920	19 3 2 6
1921	8 20 2 13
1922	18 3 10 15
1923	11 4 14 17
1924	1 10 15 20
1925	13 19 11 18
1926	13 11 9 20
1927	5 8 15 2
1928	9 10 17 13
1929	14 5 15 20
1930	16 3 2 14
1931	10 16 4 14
1932	13 14 10 15
1933	16 2 7 6
1934	16 15 14 6
1935	14 13 16 1
1936	16 5 14 17
1937	9 15 12 11
1938	13 19 20 11
1939	19 9 11 18
1940	2 5 12 1
1941	1 16 18 13
1942	17 11 10 1
1943	20 9 18 6
1944	2 10 12 18
1945	11 12 20 18
1946	4 2 14 13
1947	16 14 12 10
1948	17 6 11 7
1949	8 4 13 14
1950	19 18 14 6
1951	8 4 9 10
1952	13 12 10 7
1953	1 8 7 15
1954	5 3 16 12
1955	15 12 17 3
1956	20 10 16 13
1957	18 14 3 8
1958	19 3 1 12
1959	18 9 5 8
1960	7 5 14 1
1961	14 19 18 11
1962	4 2 6 7
1963	8 9 19 20
1964	2 12 11 10
1965	8 19 2 10
1966	19 12 6 18
1967	16 10 20 1
1968	6 8 9 5
1969	12 13 9 15
1970	7 14 16 13
1971	17 2 20 8
1972	19 16 2 18
1973	3 17 6 16
1974	2 20 12 5
1975	20 1 9 16
1976	8 5 15 1
1977	18 8 16 4
1978	13 6 14 9
1979	11 3 7 14
1980	4 5 8 16
1981	4 6 1 12
1982	16 10 13 18
1983	18 15 6 17
1984	8 17 2 5
1985	2 15 1 5
1986	17 13 9 1
1987	2 12 16 5
1988	10 17 11 3
1989	10 7 20 1
1990	12 9 5 15
1991	10 9 20 4
1992	10 16 20 6
1993	6 8 13 17
1994	20 2 10 5
1995	7 15 13 19
1996	6 17 16 14
1997	19 16 9 12
1998	1 5 16 17
1999	5 16 9 8
2000	13 18 8 15
2001	5 15 9 11
2002	12 4 3 6
2003	9 15 8 1
2004	12 11 14 4
2005	18 9 19 3
2006	17 20 15 3
2007	16 10 13 12
2008	20 18 3 2
2009	17 10 9 7
2010	6 7 5 15
2011	3 10 11 9
2012	12 8 4 6
2013	2 3 16 14
2014	12 16 18 4
2015	17 14 3 12
2016	10 19 12 11
2017	20 1 18 10
2018	4 13 3 8
2019	18 14 8 4
2020	1 2 16 19
2021	4 13 19 8
2022	13 1 11 7
2023	14 13 8 20
2024	10 17 16 5
2025	1 5 15 18
2026	7 6 4 15
2027	13 5 9 8
2028	11 3 2 5
2029	6 5 13 15
2030	11 12 15 6
2031	8 7 5 6
2032	7 17 18 13
2033	19 15 5 4
2034	6 7 5 9
2035	11 1 6 19
2036	19 5 3 2
2037	3 12 9 7
2038	19 20 2 17
2039	3 16 6 5
2040	10 18 11 12
2041	15 3 8 11
2042	19 5 20 9
2043	11 18 2 7
2044	14 20 4 1
2045	19 9 14 12
2046	18 15 2 3
2047	2 14 13 18
2048	7 18 4 19
2049	7 1 19 4
2050	13 16 11 17
2051	6 3 15 1
2052	1 2 5 6
2053	10 13 19 2
2054	2 7 16 5
2055	2 15 12 18
2056	5 17 11 16
2057	8 7 18 3
2058	19 12 6 17
2059	7 5 11 13
2060	10 11 5 4
2061	1 10 12 6
2062	18 11 7 4
2063	17 13 2 1
2064	13 2 16 5
2065	9 15 5 13
2066	5 10 9 6
2067	14 9 5 2
2068	19 6 12 14
2069	10 17 3 2
2070	2 11 20 18
2071	9 14 5 11
2072	3 16 11 1
2073	7 20 17 14
2074	16 8 7 10
2075	6 11 13 16
2076	16 18 20 17
2077	2 12 19 9
2078	16 2 10 19
2079	2 16 13 17
2080	7 9 14 10
2081	19 7 10 2
2082	6 2 5 17
2083	6 3 4 17
2084	10 20 11 15
2085	4 13 14 3
2086	13 3 16 15
2087	20 12 14 16
2088	5 8 20 11
2089	4 6 10 13
2090	1 5 2 15
2091	7 3 1 11
2092	7 2 19 10
2093	13 10 5 12
2094	17 19 3 4
2095	16 12 6 18
2096	10 11 19 15
2097	14 18 7 11
2098	8 5 4 20
2099	12 8 14 6
2100	19 20 11 6
2101	9 8 16 3
2102	9 20 1 18
2103	5 7 20 16
2104	3 14 13 5
2105	12 9 15 16
2106	18 20 5 7
2107	9 19 17 13
2108	9 16 2 14
2109	5 18 1 13
2110	10 6 14 13
2111	15 1 19 6
2112	8 7 4 15
2113	14 12 2 1
2114	17 19 6 11
2115	17 10 3 12
2116	10 17 14 3
2117	9 19 1 12
2118	9 6 18 1
2119	1 17 12 9
2120	18 16 13 4
2121	18 6 3 10
2122	11 16 9 7
2123	13 9 14 5
2124	11 19 10 18
2125	5 19 15 10
2126	20 19 12 7
2127	12 10 4 9
2128	5 15 20 10
2129	15 10 2 3
2130	18 2 3 17
2131	8 11 4 7
2132	5 7 17 14
2133	13 14 18 9
2134	6 18 15 3
2135	11 15 14 6
2136	16 8 7 10
2137	11 10 8 18
2138	19 6 5 10
2139	14 6 12 2
2140	1 7 6 17
2141	8 10 7 5
2142	5 11 16 17
2143	19 16 5 1
2144	15 7 20 3
2145	3 14 20 12
2146	3 16 7 15
2147	16 15 1 19
2148	20 6 14 16
2149	6 15 12 11
2150	1 11 10 13
2151	20 10 2 5
2152	13 11 12 1
2153	12 6 7 2
2154	13 11 10 4
2155	6 11 9 5
2156	8 13 2 11
2157	17 6 10 19
2158	1 15 11 7
2159	19 9 3 20
2160	8 7 1 20
2161	19 4 15 7
2162	5 16 18 2
2163	19 20 5 16
2164	13 11 4 14
2165	5 10 16 7
2166	10 11 12 16
2167	19 10 7 20
2168	8 13 10 7
2169	17 20 5 8
2170	13 2 1 3
2171	20 7 8 5
2172	19 16 4 8
2173	19 12 4 18
2174	17 8 13 18
2175	8 20 17 15
2176	9 8 11 13
2177	14 2 20 13
2178	9 10 11 19
2179	2 20 13 19
2180	11 15 3 1
2181	15 7 4 2
2182	5 7 18 10
2183	2 18 14 11
2184	7 11 5 19
2185	4 1 15 18
2186	18 7 8 3
2187	15 6 17 4
2188	7 14 20 16
2189	14 7 18 17
2190	3 19 6 17
2191	2 6 10 9
2192	15 10 17 5
2193	3 1 15 18
2194	15 13 1 10
2195	9 14 16 8
2196	14 15 2 3
2197	3 20 13 18
2198	8 1 19 15
2199	10 5 20 19
2200	7 1 18 3
2201	19 13 12 17
2202	19 18 14 2
2203	3 20 16 14
2204	1 12 8 14
2205	16 9 2 19
2206	2 14 4 18
2207	12 17 7 15
2208	11 9 5 8
2209	20 7 16 3
2210	9 14 3 20
2211	1 10 14 11
2212	14 20 9 5
2213	16 17 18 14
2214	1 18 3 15
2215	11 5 18 13
2216	16 19 20 7
2217	4 20 18 3
2218	2 4 6 5
2219	16 4 13 5
2220	3 19 8 9
2221	9 7 11 14
2222	7 2 19 12
2223	2 20 14 12
2224	8 19 20 10
2225	7 20 1 4
2226	18 5 6 3
2227	16 20 7 12
2228	20 15 3 13
2229	18 4 3 20
2230	1 3 14 17
2231	11 12 10 1
2232	19 7 2 5
2233	20 11 16 18
2234	7 4 13 11
2235	9 6 2 5
2236	18 13 19 15
2237	3 8 18 1
2238	19 13 11 12
2239	14 9 11 19
2240	14 11 20 8
2241	11 8 9 12
2242	12 10 2 11
2243	4 13 9 18
2244	9 14 2 10
2245	13 9 7 12
2246	18 16 9 12
2247	7 8 10 11
2248	8 15 16 3
2249	16 11 8 12
2250	17 1 8 19
2251	3 1 5 4
2252	1 5 12 7
2253	3 17 11 14
2254	8 2 1 13
2255	20 1 16 9
2256	2 6 16 3
2257	15 18 9 16
2258	4 1 11 10
2259	6 20 2 16
2260	2 16 17 5
2261	2 4 5 14
2262	6 15 3 9
2263	20 17 5 8
2264	3 13 9 5
2265	5 18 13 12
2266	4 16 18 12
2267	13 14 18 8
2268	20 6 7 5
2269	11 19 9 18
2270	13 16 7 15
2271	16 17 3 14
2272	16 10 1 8
2273	5 8 4 7
2274	9 6 4 10
2275	12 11 18 7
2276	12 14 4 3
2277	13 7 9 2
2278	19 2 9 14
2279	10 16 3 1
2280	17 19 12 9
2281	9 15 6 12
2282	14 4 11 13
2283	9 14 11 7
2284	11 7 14 4
2285	14 15 11 6
2286	3 17 12 4
2287	17 8 9 3
2288	10 20 14 1
2289	11 7 20 12
2290	7 18 8 10
2291	10 4 15 5
2292	10 19 15 3
2293	20 3 4 6
2294	6 13 7 3
2295	8 19 13 5
2296	14 18 4 2
2297	8 20 2 4
2298	9 11 6 13
2299	18 3 19 15
2300	20 14 9 3
2301	12 8 13 11
2302	12 14 16 17
2303	12 13 5 2
2304	20 9 15 17
2305	6 18 9 10
2306	6 4 14 10
2307	3 8 10 19
2308	11 10 14 4
2309	10 4 17 14
2310	3 8 17 14
2311	20 15 5 2
2312	18 13 20 8
2313	12 6 3 7
2314	10 5 16 20
2315	20 17 14 12
2316	11 5 20 9
2317	1 9 3 5
2318	13 7 19 3
2319	15 6 10 11
2320	10 16 5 13
2321	18 15 13 5
2322	12 14 15 8
2323	12 11 1 7
2324	14 2 9 13
2325	10 8 1 7
2326	3 8 19 18
2327	20 15 5 13
2328	16 15 14 7
2329	2 8 11 3
2330	6 2 1 10
2331	19 14 9 17
2332	17 18 11 16
2333	8 5 13 7
2334	7 3 14 12
2335	12 16 4 14
2336	16 12 20 5
2337	17 20 19 9
2338	18 9 2 20
2339	14 9 6 7
2340	16 11 1 13
2341	16 17 4 14
2342	16 8 14 9
2343	13 20 1 16
2344	5 12 8 18
2345	2 10 20 4
2346	5 9 14 4
2347	17 7 20 12
2348	5 15 13 16
2349	5 17 7 10
2350	19 9 13 4
2351	1 15 9 12
2352	13 11 3 16
2353	6 8 12 9
2354	2 20 15 14
2355	13 11 3 17
2356	13 16 3 17
2357	10 8 19 14
2358	13 15 3 18
2359	2 15 18 9
2360	9 12 6 3
2361	1 3 14 16
2362	10 7 13 18
2363	10 13 3 19
2364	5 12 3 6
2365	13 9 16 20
2366	14 1 12 10
2367	5 14 8 2
2368	11 7 16 1
2369	19 10 14 17
2370	3 7 16 20
2371	7 12 10 1
2372	15 12 17 4
2373	12 10 2 13
2374	4 2 10 14
2375	13 1 3 5
2376	17 5 11 14
2377	17 1 8 7
2378	7 20 6 8
2379	6 3 14 7
2380	5 15 19 9
2381	3 12 10 4
2382	2 4 17 7
2383	16 10 14 8
2384	15 12 18 6
2385	16 15 8 14
2386	20 2 6 18
2387	17 4 10 18
2388	4 9 8 6
2389	2 10 15 9
2390	3 13 12 16
2391	3 15 11 13
2392	13 20 7 17
2393	16 1 9 14
2394	6 12 15 16
2395	9 12 6 20
2396	20 11 18 8
2397	10 5 6 14
2398	10 1 20 8
2399	17 3 1 10
2400	15 14 20 11
2401	7 2 20 3
2402	3 15 16 12
2403	10 18 16 11
2404	14 18 16 15
2405	9 8 7 1
2406	18 12 9 20
2407	1 3 20 8
2408	2 19 15 4
2409	2 8 1 5
2410	13 11 19 15
2411	11 8 2 14
2412	13 16 4 10
2413	8 7 6 17
2414	9 17 8 7
2415	8 3 17 2
2416	5 11 10 9
2417	11 15 13 4
2418	17 9 11 20
2419	19 15 17 14
2420	11 12 10 7
2421	5 1 20 4
2422	15 16 11 18
2423	14 18 3 16
2424	7 11 18 15
2425	18 16 6 20
2426	6 15 9 1
2427	9 2 3 17
2428	16 11 7 10
2429	17 1 5 10
2430	15 13 18 11
2431	18 17 6 8
2432	11 5 18 17
2433	12 6 10 18
2434	5 13 20 1
2435	2 15 12 11
2436	11 20 3 6
2437	11 3 15 9
2438	10 3 15 4
2439	8 18 7 17
2440	15 14 12 8
2441	18 3 8 12
2442	10 16 5 6
2443	2 10 16 3
2444	20 14 1 2
2445	9 1 10 7
2446	19 13 12 17
2447	5 11 16 15
2448	7 19 17 4
2449	3 13 15 20
2450	7 13 15 12
2451	15 1 16 13
2452	19 11 13 7
2453	3 11 20 12
2454	16 1 14 17
2455	9 19 7 16
2456	6 12 10 16
2457	4 14 15 13
2458	11 19 15 2
2459	13 6 7 19
2460	4 19 7 11
2461	1 4 15 5
2462	12 4 17 6
2463	18 13 7 15
2464	8 17 11 20
2465	19 7 10 1
2466	1 9 7 14
2467	4 14 12 2
2468	2 17 1 8
2469	11 4 13 7
2470	2 14 8 17
2471	16 4 6 2
2472	10 19 11 13
2473	6 5 7 15
2474	15 8 10 5
2475	9 15 20 13
2476	6 5 12 18
2477	15 18 20 12
2478	18 2 7 9
2479	18 10 4 3
2480	4 1 16 18
2481	6 19 15 7
2482	6 4 9 20
2483	9 8 13 15
2484	13 14 8 19
2485	13 3 10 20
2486	1 3 14 13
2487	9 7 17 16
2488	12 15 13 11
2489	13 1 16 7
2490	19 5 1 16
2491	19 2 16 10
2492	11 6 4 19
2493	12 18 11 9
2494	1 8 17 3
2495	9 14 8 4
2496	20 6 1 13
2497	11 17 20 16
2498	11 3 14 5
2499	5 6 9 12
2500	16 5 3 10
2501	12 9 14 6
2502	9 15 16 2
2503	15 4 6 1
2504	7 2 3 1
2505	16 18 1 12
2506	11 6 10 12
2507	18 15 6 12
2508	2 5 9 18
2509	11 8 9 15
2510	12 2 20 7
2511	3 16 20 13
2512	17 8 11 1
2513	15 9 4 20
2514	10 1 19 9
2515	9 6 11 19
2516	13 10 3 9
2517	8 11 19 18
2518	11 18 7 8
2519	19 16 1 7
2520	8 9 18 11
2521	14 12 4 8
2522	13 4 15 3
2523	13 20 5 11
2524	16 18 11 15
2525	5 1 20 16
2526	1 7 8 18
2527	10 17 20 8
2528	12 15 11 17
2529	1 13 18 7
2530	8 4 12 10
2531	14 17 18 2
2532	5 3 7 14
2533	19 6 3 9
2534	8 11 20 4
2535	11 7 1 6
2536	17 9 19 11
2537	14 4 8 2
2538	13 17 9 18
2539	18 12 19 9
2540	4 16 8 15
2541	6 8 4 13
2542	18 3 14 15
2543	15 2 13 19
2544	4 9 13 7
2545	14 8 6 17
2546	3 13 8 2
2547	17 10 8 12
2548	16 19 11 18
2549	7 8 18 12
2550	15 14 10 13
2551	14 13 12 8
2552	20 10 12 8
2553	8 7 16 2
2554	20 4 16 18
2555	9 1 12 2
2556	19 10 14 11
2557	20 2 16 17
2558	17 6 18 20
2559	7 15 20 1
2560	18 12 17 9
2561	6 15 3 8
2562	11 4 5 9
2563	12 4 3 8
2564	2 19 15 3
2565	15 18 20 11
2566	5 16 6 9
2567	5 16 10 1
2568	6 4 20 16
2569	17 3 16 6
2570	3 9 13 8
2571	8 12 1 13
2572	11 13 20 2
2573	17 13 15 16
2574	16 20 11 4
2575	19 15 10 1
2576	16 2 17 11
2577	18 20 15 7
2578	13 5 7 20
2579	14 3 16 18
2580	2 1 18 12
2581	6 8 19 17
2582	4 6 1 20
2583	7 9 15 8
2584	13 16 1 3
2585	18 15 4 2
2586	15 13 17 14
2587	8 20 7 6
2588	2 17 1 10
2589	4 14 1 12
2590	4 8 3 11
2591	10 11 17 20
2592	20 16 1 9
2593	5 18 12 19
2594	14 7 19 10
2595	8 10 2 6
2596	10 1 11 20
2597	13 15 7 8
2598	12 7 18 3
2599	16 9 13 11
2600	9 19 13 14
2601	8 4 13 1
2602	16 9 14 19
2603	3 14 5 17
2604	7 5 11 16
2605	9 3 14 4
2606	13 9 14 12
2607	2 1 19 8
2608	17 18 19 6
2609	17 1 15 4
2610	1 3 4 19
2611	1 9 16 4
2612	13 6 8 11
2613	11 3 14 6
2614	9 10 18 16
2615	8 15 12 9
2616	3 2 4 16
2617	6 5 9 18
2618	9 19 16 12
2619	19 18 8 12
2620	6 2 19 20
2621	16 1 7 8
2622	5 11 16 1
2623	8 15 7 16
2624	6 14 10 13
2625	19 7 5 13
2626	14 12 9 17
2627	9 19 8 6
2628	4 5 3 16
2629	15 13 3 5
2630	20 10 17 5
2631	2 19 14 4
2632	3 7 12 14
2633	3 16 20 13
2634	6 5 3 17
2635	4 6 7 9
2636	9 5 14 17
2637	18 14 1 13
2638	4 20 19 2
2639	13 14 15 9
2640	20 15 19 4
2641	15 12 9 17
2642	4 18 1 7
2643	2 7 10 13
2644	4 7 13 1
2645	5 3 6 1
2646	16 5 8 9
2647	10 3 12 19
2648	6 18 8 16
2649	1 14 16 5
2650	5 20 6 9
2651	4 1 8 11
2652	15 6 7 11
2653	18 11 10 8
2654	13 11 6 15
2655	14 12 1 10
2656	16 5 11 4
2657	18 3 19 4
2658	16 3 17 20
2659	7 4 1 9
2660	15 13 1 6
2661	11 7 4 18
2662	3 16 20 6
2663	19 16 18 20
2664	11 14 15 4
2665	1 19 10 18
2666	6 12 13 18
2667	5 19 15 17
2668	9 3 18 17
2669	10 6 17 2
2670	9 18 11 1
2671	7 8 15 13
2672	6 20 8 12
2673	14 11 3 1
2674	4 15 10 11
2675	6 12 10 13
2676	8 20 18 11
2677	14 16 10 17
2678	7 11 17 10
2679	20 11 1 18
2680	6 2 14 4
2681	5 12 9 3
2682	17 1 12 10
2683	3 5 13 7
2684	19 18 14 11
2685	6 18 11 9
2686	6 19 18 11
2687	1 12 8 5
2688	5 19 11 10
2689	18 5 20 14
2690	15 1 7 10
2691	2 11 3 8
2692	4 5 9 13
2693	20 11 17 1
2694	14 15 6 3
2695	11 17 8 15
2696	7 13 10 14
2697	2 6 11 12
2698	9 10 8 15
2699	11 15 18 20
2700	18 7 2 5
2701	9 13 3 17
2702	6 3 16 5
2703	4 18 11 13
2704	20 16 10 11
2705	9 16 10 3
2706	13 3 14 10
2707	10 16 14 13
2708	16 19 11 15
2709	8 10 9 20
2710	7 9 17 8
2711	18 2 12 8
2712	13 1 12 20
2713	15 6 12 2
2714	7 8 9 20
2715	8 4 1 2
2716	4 16 9 2
2717	2 16 1 13
2718	3 12 11 8
2719	11 8 17 12
2720	15 13 19 7
2721	10 9 1 8
2722	14 12 17 3
2723	7 12 19 4
2724	9 13 16 2
2725	10 15 11 9
2726	13 12 7 9
2727	18 2 16 19
2728	13 19 3 12
2729	14 10 16 12
2730	3 10 11 18
2731	4 6 3 20
2732	15 2 5 14
2733	20 7 9 3
2734	4 10 14 18
2735	12 15 7 4
2736	9 6 17 7
2737	10 9 20 4
2738	9 2 7 19
2739	6 11 4 19
2740	15 10 3 11
2741	12 10 2 13
2742	8 2 19 13
2743	13 19 10 3
2744	10 15 18 16
2745	3 1 18 15
2746	10 19 4 5
2747	5 2 20 9
2748	16 5 9 12
2749	16 12 10 6
2750	15 18 1 9
2751	20 6 18 17
2752	11 17 14 10
2753	12 17 1 20
2754	7 14 15 20
2755	6 20 17 12
2756	10 8 17 5
2757	8 10 18 9
2758	9 4 19 6
2759	18 8 5 3
2760	7 6 8 9
2761	17 4 20 2
2762	14 1 8 3
2763	3 19 11 4
2764	2 1 4 8
2765	8 6 9 18
2766	1 14 2 18
2767	11 13 19 14
2768	7 8 15 19
2769	13 2 14 17
2770	13 18 17 14
2771	20 12 7 11
2772	2 1 10 19
2773	1 3 16 9
2774	1 5 9 2
2775	20 11 8 5
2776	1 8 5 4
2777	13 19 18 5
2778	18 3 10 16
2779	14 15 10 4
2780	14 7 12 6
2781	20 13 18 16
2782	14 3 9 18
2783	3 15 17 13
2784	13 4 17 8
2785	5 7 11 3
2786	3 20 1 12
2787	20 9 14 17
2788	12 4 9 5
2789	11 5 18 16
2790	20 2 10 15
2791	6 4 15 5
2792	20 15 4 3
2793	4 19 12 7
2794	8 10 15 7
2795	20 12 11 17
2796	9 19 12 16
2797	20 12 17 10
2798	18 15 10 2
2799	14 18 6 7
2800	12 15 5 10
2801	4 16 1 13
2802	20 16 12 1
2803	4 10 20 16
2804	13 16 1 7
2805	10 19 8 20
2806	17 4 14 3
2807	9 17 16 19
2808	3 6 8 19
2809	8 1 19 3
2810	2 19 18 14
2811	10 16 1 6
2812	16 7 1 19
2813	20 3 13 11
2814	19 8 18 1
2815	11 8 4 12
2816	12 17 6 19
2817	4 11 16 12
2818	13 12 5 7
2819	5 2 1 20
2820	17 2 1 18
2821	14 8 6 7
2822	14 3 2 11
2823	20 3 6 2
2824	4 14 17 8
2825	4 13 11 1
2826	15 1 12 20
2827	7 19 14 13
2828	9 16 11 3
2829	10 19 4 6
2830	20 10 19 13
2831	19 4 2 13
2832	10 7 15 9
2833	9 4 1 14
2834	2 12 9 14
2835	5 10 2 16
2836	6 17 8 4
2837	2 17 18 14
2838	11 13 3 19
2839	5 4 3 12
2840	8 11 13 1
2841	8 1 14 11
2842	17 6 10 18
2843	19 15 1 5
2844	17 19 12 6
2845	20 4 15 19
2846	9 20 15 12
2847	17 14 10 4
2848	10 5 13 6
2849	20 18 11 16
2850	19 17 18 6
2851	7 16 17 6
2852	9 6 17 11
2853	15 3 16 6
2854	15 14 4 5
2855	6 13 4 11
2856	12 15 13 6
2857	11 2 8 6
2858	13 7 5 18
2859	10 16 6 7
2860	11 16 7 1
2861	18 4 11 2
2862	7 9 13 18
2863	14 20 10 9
2864	19 10 20 3
2865	9 19 6 2
2866	1 18 10 9
2867	5 2 6 15
2868	12 8 1 4
2869	19 15 16 20
2870	2 10 12 20
2871	14 17 1 7
2872	10 15 12 1
2873	11 8 10 17
2874	7 10 6 9
2875	13 16 14 3
2876	3 10 1 7
2877	12 11 13 5
2878	12 2 11 1
2879	20 5 9 17
2880	10 14 18 7
2881	5 18 9 8
2882	6 9 19 15
2883	16 1 17 15
2884	7 2 13 17
2885	19 6 4 9
2886	8 19 20 18
2887	16 20 2 19
2888	7 17 5 15
2889	8 19 18 20
2890	16 15 13 14
2891	5 3 16 11
2892	16 12 13 14
2893	1 5 19 8
2894	16 17 18 10
2895	10 14 15 9
2896	7 15 20 17
2897	20 2 16 15
2898	6 10 8 20
2899	7 17 1 18
2900	8 5 13 17
2901	14 3 8 15
2902	3 2 11 17
2903	7 11 3 20
2904	19 7 14 16
2905	19 3 20 14
2906	13 6 16 7
2907	18 10 12 8
2908	19 15 16 2
2909	18 19 13 9
2910	16 18 9 7
2911	2 4 18 7
2912	19 8 16 3
2913	13 6 10 8
2914	11 12 5 14
2915	19 14 4 13
2916	15 10 8 4
2917	10 1 17 19
2918	2 4 9 20
2919	13 11 18 16
2920	15 1 12 19
2921	19 7 1 3
2922	12 20 15 14
2923	9 12 2 15
2924	11 10 8 6
2925	4 7 11 16
2926	10 20 1 19
2927	15 6 18 17
2928	14 13 12 7
2929	3 15 17 20
2930	8 19 15 1
2931	3 12 18 13
2932	11 10 8 15
2933	1 3 12 7
2934	10 3 11 18
2935	9 12 20 14
2936	10 1 16 2
2937	2 12 20 19
2938	10 2 20 5
2939	6 1 20 14
2940	5 6 12 19
2941	18 7 3 9
2942	6 9 20 18
2943	3 8 19 12
2944	20 11 15 10
2945	6 8 3 17
2946	12 3 15 19
2947	1 7 6 14
2948	7 19 9 10
2949	3 1 14 16
2950	9 8 11 17
2951	12 3 1 16
2952	4 6 14 2
2953	17 5 9 4
2954	19 5 15 20
2955	10 1 15 11
2956	16 14 5 10
2957	19 12 2 18
2958	18 2 7 19
2959	19 5 17 12
2960	12 11 8 15
2961	4 1 15 5
2962	1 17 13 12
2963	9 6 12 4
2964	7 12 2 9
2965	11 6 16 4
2966	11 17 16 20
2967	2 13 6 5
2968	20 10 7 12
2969	15 10 8 3
2970	1 6 17 18
2971	14 12 18 19
2972	11 20 16 4
2973	20 5 9 4
2974	9 10 7 17
2975	15 1 5 8
2976	14 13 19 12
2977	12 13 4 20
2978	5 7 8 14
2979	9 20 16 2
2980	7 12 17 16
2981	6 15 9 13
2982	4 19 20 5
2983	14 10 17 6
2984	5 10 12 15
2985	7 18 2 8
2986	15 19 2 7
2987	20 14 6 18
2988	15 14 10 16
2989	10 17 18 16
2990	1 4 7 15
2991	2 14 10 3
2992	16 7 20 14
2993	17 1 16 20
2994	16 9 10 19
2995	20 13 17 3
2996	1 4 8 19
2997	17 2 5 4
2998	5 12 20 8
2999	4 10 5 7
3000	17 2 5 3
