Students	3000
1	6 17 10 4
2	18 13 8 20
3	18 1 8 3
4	11 12 19 3
5	16 9 2 7
6	13 18 9 10
7	20 19 5 14
8	2 12 5 15
9	7 8 12 20
10	1 11 19 18
11	7 14 1 3
12	9 19 6 17
13	7 3 20 9
14	2 1 9 6
15	13 5 8 6
16	11 17 13 1
17	14 2 17 7
18	2 11 8 7
19	10 1 2 18
20	13 19 5 12
21	12 11 8 13
22	16 12 3 15
23	5 3 4 9
24	3 17 6 5
25	4 13 7 15
26	11 13 12 1
27	10 11 5 19
28	5 11 8 16
29	1 2 16 9
30	20 14 10 4
31	13 12 3 14
32	11 18 15 1
33	11 1 15 10
34	14 15 2 11
35	17 1 5 16
36	20 9 3 17
37	8 1 11 17
38	3 11 10 15
39	17 11 3 14
40	2 19 8 9
41	1 16 5 6
42	7 5 18 16
43	10 17 14 16
44	15 9 19 10
45	3 1 8 4
46	5 18 6 20
47	6 13 11 15
48	5 12 13 3
49	5 10 15 17
50	16 14 19 9
51	3 9 1 18
52	2 8 5 13
53	9 7 20 8
54	6 4 16 3
55	10 9 5 14
56	13 1 19 18
57	17 9 12 7
58	6 7 20 10
59	20 2 11 6
60	16 1 17 4
61	15 18 1 16
62	14 11 19 4
63	7 5 11 17
64	8 11 14 3
65	11 12 1 18
66	11 5 16 2
67	9 17 6 1
68	6 18 7 9
69	14 11 3 18
70	6 10 12 8
71	3 18 1 5
72	8 19 12 6
73	12 15 1 10
74	17 19 10 16
75	20 3 19 12
76	17 1 11 4
77	19 17 13 15
78	10 15 14 2
79	7 3 17 19
80	2 10 19 17
81	9 12 2 10
82	10 7 9 15
83	16 4 9 12
84	7 17 2 14
85	1 20 19 2
86	9 12 17 8
87	2 8 10 4
88	14 20 2 1
89	11 15 7 17
90	18 20 9 1
91	18 5 8 15
92	18 5 17 8
93	1 5 10 16
94	18 5 15 11
95	17 12 10 5
96	14 1 16 3
97	7 17 15 10
98	10 6 18 11
99	16 3 4 13
100	16 9 18 7
101	3 11 10 16
102	7 17 3 12
103	3 20 9 16
104	9 7 2 10
105	6 2 20 19
106	13 4 5 7
107	14 15 16 11
108	4 11 17 3
109	7 8 20 6
110	6 10 4 16
111	7 16 12 4
112	6 1 16 13
113	3 2 1 5
114	19 18 13 1
115	14 3 20 16
116	13 9 7 8
117	12 20 5 2
118	13 4 20 12
119	4 18 16 2
120	19 7 9 18
121	14 19 9 10
122	18 15 19 11
123	18 8 19 9
124	14 1 8 16
125	13 3 14 19
126	1 7 14 15
127	9 18 5 13
128	19 6 12 7
129	10 12 20 9
130	5 9 13 18
131	4 7 15 20
132	19 7 12 10
133	12 15 11 13
134	18 10 9 14
135	11 13 9 10
136	5 17 1 8
137	2 10 3 7
138	1 20 12 7
139	20 2 17 1
140	1 9 18 4
141	6 7 18 5
142	2 7 1 13
143	20 11 14 17
144	6 20 13 15
145	15 8 18 12
146	20 4 6 9
147	1 12 11 17
148	15 7 8 3
149	9 10 12 8
150	1 12 13 14
151	20 6 7 19
152	3 4 10 19
153	8 3 9 7
154	18 12 14 1
155	1 20 2 6
156	10 20 8 11
157	6 12 2 7
158	17 1 8 9
159	19 18 4 13
160	11 2 13 9
161	18 17 3 1
162	20 1 5 10
163	12 7 8 14
164	20 19 16 18
165	20 7 9 6
166	13 15 7 6
167	16 3 6 19
168	14 7 13 18
169	19 16 9 10
170	9 3 14 13
171	11 13 5 17
172	16 1 11 12
173	7 1 19 12
174	5 7 12 2
175	5 6 2 15
176	20 13 14 1
177	1 15 14 20
178	20 7 13 3
179	5 6 18 4
180	18 12 14 16
181	19 14 12 5
182	8 11 15 17
183	5 14 10 4
184	10 12 4 20
185	3 14 20 8
186	10 5 14 19
187	7 11 3 1
188	8 19 20 5
189	19 5 6 13
190	13 3 16 9
191	3 7 8 20
192	17 18 15 11
193	3 20 11 19
194	15 16 7 1
195	4 9 16 10
196	15 9 6 18
197	9 17 15 11
198	4 11 15 17
199	17 8 18 1
200	1 11 7 9
201	15 13 4 5
202	14 12 5 4
203	4 14 3 5
204	12 16 15 13
205	16 1 8 4
206	20 9 2 5
207	2 15 11 16
208	17 1 15 16
209	18 8 15 19
210	9 6 13 7
211	13 4 5 7
212	13 18 12 9
213	15 13 7 4
214	14 7 3 13
215	2 19 16 6
216	2 13 18 9
217	19 11 4 17
218	9 14 7 18
219	13 11 19 2
220	16 8 10 6
221	18 14 1 7
222	7 2 11 15
223	15 16 11 20
224	3 20 6 4
225	12 5 10 18
226	7 19 14 8
227	7 6 1 4
228	16 19 1 6
229	17 10 6 9
230	16 5 4 2
231	16 5 4 20
232	14 13 10 8
233	19 13 3 17
234	5 15 18 6
235	2 11 16 14
236	8 13 16 12
237	12 18 9 1
238	19 7 18 14
239	7 1 13 18
240	6 19 12 18
241	13 11 7 5
242	3 4 6 16
243	15 6 9 7
244	16 7 15 13
245	17 6 7 18
246	6 19 13 17
247	19 5 18 3
248	20 5 16 1
249	13 18 6 4
250	19 3 10 5
251	8 3 20 4
252	8 5 12 1
253	10 18 11 12
254	20 8 2 6
255	20 7 14 18
256	16 20 2 9
257	16 19 4 13
258	7 14 20 10
259	10 7 20 13
260	7 20 10 18
261	9 20 3 6
262	7 1 14 10
263	12 10 18 3
264	8 16 9 13
265	9 20 4 7
266	18 7 16 12
267	11 15 16 1
268	10 17 5 13
269	13 7 12 15
270	17 20 10 18
271	11 5 3 15
272	10 15 8 16
273	4 3 8 13
274	15 1 8 18
275	13 1 16 19
276	7 8 1 6
277	12 17 3 1
278	7 9 14 8
279	8 11 14 9
280	5 18 14 8
281	12 3 9 7
282	7 16 11 15
283	3 5 4 7
284	2 9 17 3
285	9 12 16 3
286	2 4 13 1
287	15 17 13 18
288	19 6 5 20
289	6 11 5 8
290	19 12 18 20
291	11 20 12 9
292	12 7 2 16
293	8 20 5 7
294	14 5 2 17
295	14 13 18 4
296	13 16 7 18
297	14 12 7 8
298	17 16 13 6
299	8 14 4 7
300	11 14 8 16
301	9 7 18 10
302	13 18 11 14
303	5 14 19 3
304	18 4 11 14
305	17 10 12 11
306	11 16 20 15
307	19 2 8 13
308	10 2 19 13
309	1 5 17 13
310	18 3 8 6
311	19 11 9 10
312	15 6 4 11
313	5 19 7 4
314	2 6 20 12
315	2 3 20 5
316	19 1 2 12
317	15 18 1 13
318	16 5 20 1
319	17 5 7 14
320	19 13 2 20
321	1 19 17 7
322	6 20 7 9
323	8 7 11 12
324	17 20 12 8
325	13 3 1 12
326	15 7 1 6
327	8 3 6 16
328	20 17 9 4
329	19 14 12 8
330	14 3 4 18
331	18 15 2 6
332	20 16 9 14
333	11 14 18 19
334	4 1 12 9
335	16 3 18 12
336	8 1 16 18
337	18 7 12 20
338	11 8 7 4
339	5 16 7 1
340	4 8 18 10
341	4 10 14 6
342	19 2 12 15
343	5 7 4 20
344	20 16 8 4
345	7 3 8 17
346	20 17 6 3
347	9 14 17 20
348	16 6 7 5
349	11 13 18 2
350	10 19 16 2
351	19 8 3 7
352	19 8 12 9
353	12 19 17 9
354	18 8 20 14
355	17 18 20 15
356	19 18 20 15
357	4 13 12 14
358	7 9 2 14
359	14 7 12 17
360	10 17 12 16
361	4 17 7 8
362	19 9 8 5
363	5 7 10 14
364	11 7 17 15
365	9 15 7 12
366	19 20 2 12
367	20 13 12 7
368	11 16 6 10
369	7 15 18 9
370	5 7 14 9
371	2 7 14 17
372	6 12 7 13
373	18 9 17 4
374	12 1 5 20
375	17 9 13 3
376	16 9 15 19
377	9 15 4 1
378	10 13 6 11
379	13 16 19 15
380	20 5 1 2
381	18 4 20 13
382	20 2 13 11
383	10 1 6 20
384	20 8 14 17
385	11 10 19 5
386	18 16 14 19
387	4 14 2 13
388	17 3 13 18
389	5 4 18 20
390	16 18 1 10
391	15 20 11 17
392	16 8 17 9
393	18 10 17 12
394	8 5 12 20
395	10 3 15 1
396	2 5 12 4
397	3 2 13 17
398	9 3 4 14
399	4 9 17 16
400	15 17 20 5
401	10 8 16 7
402	1 13 14 9
403	19 6 17 14
404	15 1 17 14
405	20 11 15 4
406	4 10 13 8
407	12 2 3 7
408	12 16 15 19
409	1 19 7 8
410	2 14 10 4
411	5 2 10 15
412	12 10 4 3
413	3 7 12 11
414	2 20 19 11
415	20 12 14 19
416	7 8 20 19
417	9 14 3 10
418	8 19 20 7
419	1 15 7 8
420	18 19 7 16
421	17 4 1 15
422	11 14 4 15
423	4 2 11 16
424	8 2 10 7
425	19 11 10 7
426	13 17 10 16
427	8 10 13 7
428	20 10 7 17
429	11 17 12 2
430	11 6 1 14
431	14 5 15 20
432	5 3 2 9
433	17 12 7 8
434	4 10 7 16
435	2 14 1 5
436	14 3 6 16
437	9 7 11 14
438	11 17 6 9
439	6 19 4 5
440	5 6 1 2
441	18 3 15 14
442	10 19 1 7
443	17 15 1 20
444	1 7 5 4
445	19 9 20 3
446	19 8 1 13
447	17 15 11 18
448	16 15 12 10
449	16 6 20 2
450	3 19 9 7
451	9 16 6 5
452	17 12 7 16
453	19 9 11 10
454	13 15 16 19
455	11 14 12 20
456	2 5 17 6
457	17 16 10 7
458	10 4 6 1
459	6 8 7 14
460	15 12 14 4
461	5 13 15 6
462	7 19 5 18
463	20 7 1 14
464	13 8 14 10
465	16 1 13 3
466	6 2 18 14
467	4 20 15 18
468	7 6 19 15
469	7 3 9 17
470	1 4 11 15
471	19 1 5 10
472	16 6 17 19
473	10 14 1 20
474	8 12 3 10
475	12 18 8 2
476	16 4 19 20
477	6 3 8 5
478	14 19 11 8
479	5 20 4 7
480	19 13 9 5
481	18 13 20 9
482	1 14 12 11
483	5 9 15 16
484	13 12 8 6
485	9 4 17 3
486	16 10 18 14
487	10 4 14 12
488	3 19 8 14
489	20 12 7 13
490	14 8 1 15
491	12 15 11 5
492	2 1 18 9
493	17 10 11 16
494	15 3 5 16
495	12 18 9 15
496	19 11 8 13
497	12 7 19 16
498	3 16 20 5
499	14 4 20 3
500	13 18 7 6
501	20 8 7 16
502	11 14 12 10
503	15 17 12 6
504	11 5 18 20
505	15 1 2 18
506	1 3 7 20
507	8 16 4 13
508	13 18 6 5
509	3 1 16 6
510	16 10 11 4
511	2 13 20 9
512	5 8 4 11
513	16 8 10 13
514	9 15 1 14
515	12 7 4 9
516	8 18 19 10
517	5 20 18 2
518	17 18 2 13
519	7 4 5 3
520	14 17 18 13
521	15 17 5 9
522	18 4 15 9
523	3 13 20 6
524	3 4 5 10
525	9 1 4 5
526	1 7 17 20
527	10 20 8 14
528	9 11 14 2
529	6 20 5 18
530	11 15 13 19
531	4 3 14 15
532	10 1 3 19
533	17 12 1 9
534	19 12 11 7
535	8 7 14 2
536	15 14 6 7
537	19 7 11 3
538	11 1 13 16
539	20 5 4 7
540	2 20 17 6
541	9 7 17 11
542	5 6 17 4
543	17 4 11 1
544	7 3 19 16
545	11 18 15 13
546	14 15 10 13
547	11 16 14 9
548	8 10 20 13
549	1 20 8 4
550	6 18 13 1
551	3 19 5 10
552	16 3 13 5
553	9 1 7 5
554	14 2 6 5
555	19 14 8 20
556	3 9 5 20
557	6 4 8 13
558	4 19 5 18
559	13 8 6 2
560	3 17 9 14
561	3 18 19 2
562	1 7 10 20
563	3 5 20 7
564	5 2 12 15
565	5 4 1 8
566	3 10 19 20
567	14 16 19 11
568	19 3 10 5
569	20 11 6 10
570	2 12 5 3
571	7 1 15 8
572	2 18 9 4
573	5 19 13 6
574	18 19 12 7
575	12 7 18 5
576	1 18 14 6
577	7 12 14 9
578	2 19 11 13
579	1 15 17 14
580	3 16 8 7
581	9 19 14 16
582	20 14 17 13
583	15 12 19 7
584	5 17 19 7
585	7 12 2 18
586	6 13 11 9
587	8 18 11 1
588	17 8 6 14
589	19 15 8 6
590	2 9 3 15
591	6 18 13 5
592	10 11 15 3
593	12 2 17 13
594	14 1 9 5
595	2 20 16 13
596	18 1 6 2
597	9 16 19 10
598	13 2 12 5
599	7 6 3 14
600	15 3 10 1
601	11 19 6 12
602	8 18 16 3
603	14 7 17 9
604	12 11 7 6
605	16 7 18 6
606	19 3 11 18
607	4 10 12 5
608	6 16 10 18
609	15 20 3 9
610	4 1 5 11
611	18 20 8 6
612	4 10 1 15
613	3 9 15 16
614	15 14 16 5
615	3 6 7 15
616	3 12 19 7
617	19 20 7 16
618	12 16 7 15
619	16 2 14 6
620	12 16 19 4
621	10 2 6 3
622	11 2 4 10
623	14 2 9 13
624	15 12 14 3
625	17 8 5 20
626	5 16 12 10
627	20 4 19 7
628	14 4 19 1
629	3 15 16 11
630	2 9 19 6
631	5 15 16 14
632	20 19 17 1
633	19 12 5 20
634	10 13 3 7
635	16 9 2 6
636	13 8 5 14
637	13 9 3 8
638	20 16 6 4
639	1 2 10 19
640	17 3 7 18
641	19 10 6 17
642	5 6 17 19
643	19 8 15 14
644	20 1 15 14
645	14 7 4 10
646	2 7 9 11
647	17 1 15 2
648	8 20 7 6
649	11 3 15 13
650	8 3 17 10
651	19 1 3 10
652	18 10 17 7
653	2 5 18 1
654	4 19 9 14
655	14 11 2 18
656	11 1 18 7
657	17 2 19 5
658	8 16 2 19
659	19 3 4 6
660	4 12 9 14
661	16 1 20 12
662	7 17 6 2
663	12 17 20 15
664	4 19 13 1
665	3 10 17 4
666	11 7 5 16
667	11 15 8 14
668	10 17 19 3
669	15 17 12 13
670	16 15 1 8
671	18 13 19 15
672	8 9 13 11
673	5 12 13 6
674	7 13 9 3
675	13 8 19 10
676	9 17 7 10
677	3 16 7 19
678	15 4 16 19
679	3 16 20 10
680	13 14 8 12
681	15 3 2 14
682	6 1 12 18
683	2 1 8 7
684	6 7 9 10
685	3 11 12 14
686	2 12 16 20
687	13 4 5 14
688	17 14 4 15
689	4 10 9 3
690	16 7 3 8
691	6 5 11 9
692	7 1 12 13
693	11 8 18 6
694	6 15 8 11
695	7 20 14 13
696	7 2 16 13
697	13 5 6 11
698	12 9 6 7
699	8 4 10 6
700	20 5 18 16
701	15 18 7 2
702	12 9 17 11
703	15 19 18 10
704	7 15 9 4
705	12 10 18 19
706	6 16 14 9
707	7 9 2 11
708	17 6 9 18
709	10 16 11 8
710	5 11 10 9
711	12 20 1 9
712	11 4 15 9
713	15 2 4 18
714	9 17 5 18
715	14 19 1 9
716	2 10 9 17
717	15 10 12 17
718	13 11 12 5
719	19 7 11 18
720	8 20 12 1
721	15 7 4 9
722	13 3 12 19
723	11 5 10 6
724	2 6 19 7
725	10 7 13 1
726	9 19 2 13
727	11 4 5 1
728	9 10 17 14
729	19 7 8 2
730	6 12 16 18
731	1 12 20 4
732	9 5 1 19
733	2 12 16 11
734	15 13 16 2
735	8 7 11 5
736	19 5 8 16
737	17 15 8 9
738	5 10 3 1
739	2 16 8 18
740	7 12 13 6
741	18 17 16 10
742	16 2 20 7
743	4 19 9 7
744	16 17 9 4
745	13 4 7 12
746	20 12 5 3
747	3 20 11 6
748	1 13 7 6
749	8 6 11 12
750	12 8 3 10
751	15 17 14 20
752	2 6 1 4
753	15 9 13 1
754	5 3 8 19
755	8 7 1 6
756	15 3 14 2
757	9 6 4 15
758	14 5 10 1
759	15 5 17 18
760	12 8 16 19
761	10 8 18 7
762	20 5 1 17
763	17 2 11 9
764	2 1 18 14
765	8 4 7 5
766	17 3 6 9
767	5 11 13 16
768	18 12 15 13
769	1 20 7 14
770	13 2 8 5
771	18 19 10 16
772	2 19 8 7
773	10 14 11 12
774	16 3 13 15
775	11 20 3 16
776	2 18 17 11
777	12 18 17 1
778	15 20 5 2
779	20 9 17 2
780	20 18 9 15
781	17 3 6 2
782	12 3 16 6
783	10 17 18 20
784	19 9 7 20
785	17 19 8 20
786	14 9 18 12
787	2 14 3 16
788	9 10 12 7
789	5 4 15 17
790	7 20 14 6
791	5 9 12 14
792	14 2 11 10
793	10 8 9 17
794	2 10 6 15
795	1 10 4 9
796	8 17 3 4
797	15 1 6 13
798	4 12 7 18
799	6 11 3 9
800	10 5 8 7
801	1 20 15 6
802	18 12 14 15
803	1 8 19 18
804	12 13 19 16
805	1 8 2 4
806	16 15 7 6
807	20 6 18 10
808	12 8 15 3
809	6 2 7 19
810	18 16 13 12
811	6 19 12 1
812	6 9 11 20
813	3 17 2 12
814	7 4 2 18
815	15 2 19 9
816	4 15 2 8
817	11 19 3 15
818	3 11 18 13
819	2 14 8 4
820	3 14 11 8
821	10 5 14 20
822	7 8 14 1
823	1 17 14 3
824	14 3 2 9
825	5 12 17 11
826	11 6 12 14
827	3 19 13 11
828	11 6 3 18
829	1 16 19 11
830	1 16 6 4
831	6 14 13 4
832	6 19 8 13
833	17 1 6 9
834	14 7 1 2
835	3 2 4 15
836	8 2 15 7
837	13 15 4 2
838	18 19 20 13
839	12 4 17 20
840	19 13 2 12
841	1 16 14 8
842	20 12 19 8
843	8 9 2 4
844	13 11 20 12
845	6 10 19 18
846	15 12 5 17
847	1 9 10 13
848	3 7 18 17
849	18 6 2 4
850	2 11 1 8
851	19 7 14 10
852	9 14 15 11
853	2 15 18 4
854	14 20 4 5
855	17 4 13 1
856	20 6 16 4
857	7 6 15 14
858	9 10 3 20
859	8 5 19 20
860	15 3 2 10
861	4 17 13 9
862	3 15 6 14
863	15 11 3 5
864	19 15 11 14
865	5 17 14 8
866	18 15 19 5
867	12 19 8 14
868	3 10 2 1
869	20 8 18 10
870	12 20 18 13
871	3 8 6 18
872	20 8 5 10
873	15 6 4 19
874	1 10 7 13
875	6 19 10 11
876	13 11 9 6
877	8 6 9 1
878	12 4 6 11
879	19 11 18 16
880	9 6 17 19
881	8 10 7 4
882	20 12 17 16
883	17 4 3 5
884	10 13 11 18
885	7 17 18 19
886	3 2 20 17
887	8 13 6 14
888	3 12 16 15
889	12 6 18 1
890	4 3 12 14
891	4 9 15 8
892	12 7 3 15
893	15 7 16 2
894	2 14 12 18
895	18 11 8 1
896	11 15 13 16
897	20 11 15 18
898	7 16 5 11
899	2 6 3 8
900	18 19 16 17
901	14 3 19 7
902	17 11 1 13
903	19 3 12 10
904	12 14 3 6
905	17 18 11 4
906	19 20 12 9
907	4 5 10 12
908	4 14 17 2
909	1 13 15 18
910	18 5 19 2
911	11 3 2 7
912	5 3 16 7
913	13 8 3 5
914	9 15 13 19
915	15 17 4 16
916	14 16 6 4
917	14 11 20 10
918	3 12 20 4
919	12 7 10 11
920	8 2 16 9
921	1 12 15 14
922	20 17 5 19
923	12 15 20 13
924	20 11 6 13
925	16 4 17 20
926	14 12 4 18
927	18 14 15 8
928	4 16 15 8
929	3 5 16 17
930	19 20 10 8
931	20 16 8 3
932	3 7 6 4
933	18 8 3 11
934	8 20 6 14
935	1 18 8 10
936	12 15 11 17
937	6 10 9 1
938	17 10 20 11
939	10 18 13 2
940	14 1 4 10
941	2 5 8 10
942	10 16 15 13
943	5 14 18 7
944	19 16 11 10
945	5 9 3 8
946	12 17 15 1
947	3 9 16 4
948	10 16 2 19
949	10 1 16 18
950	4 1 11 17
951	5 18 4 1
952	4 19 14 15
953	2 11 13 8
954	10 3 8 7
955	9 8 12 10
956	7 10 6 14
957	8 9 4 15
958	2 3 20 8
959	7 13 12 10
960	17 20 12 6
961	20 11 2 7
962	13 19 4 8
963	20 5 14 7
964	16 4 19 20
965	8 2 15 17
966	8 17 13 3
967	20 8 17 19
968	2 13 12 15
969	13 1 18 3
970	14 5 12 6
971	18 9 11 10
972	20 7 15 3
973	12 9 19 2
974	2 15 14 17
975	6 19 14 2
976	14 2 15 9
977	20 11 19 4
978	3 8 12 15
979	13 10 11 2
980	3 17 7 6
981	7 18 9 13
982	1 20 17 8
983	11 12 7 17
984	7 8 3 2
985	18 14 19 9
986	18 4 17 10
987	6 3 15 8
988	15 10 9 5
989	18 6 19 5
990	19 4 15 5
991	5 14 9 3
992	15 7 18 19
993	2 16 7 3
994	18 16 9 15
995	19 10 9 14
996	15 16 6 7
997	10 19 18 8
998	20 16 14 2
999	9 1 3 19
1000	13 18 17 1
1001	20 4 17 10
1002	16 12 17 13
1003	3 9 7 2
1004	9 5 2 15
1005	1 16 8 3
1006	16 19 10 6
1007	6 3 14 13
1008	5 6 9 17
1009	19 17 16 18
1010	20 9 18 1
1011	17 5 8 1
1012	14 20 13 8
1013	15 11 12 8
1014	9 13 16 1
1015	12 3 4 8
1016	18 17 10 19
1017	2 9 17 14
1018	1 15 9 13
1019	17 10 20 9
1020	16 10 2 19
1021	16 2 12 11
1022	13 7 5 15
1023	1 17 12 3
1024	19 12 14 11
1025	19 5 11 7
1026	20 18 4 6
1027	12 14 5 8
1028	6 14 5 9
1029	1 3 6 19
1030	13 18 7 4
1031	1 5 6 9
1032	5 17 6 16
1033	12 15 6 8
1034	9 16 7 6
1035	12 17 20 3
1036	17 4 3 1
1037	8 13 7 16
1038	11 2 1 9
1039	9 4 2 18
1040	15 18 19 7
1041	14 5 18 8
1042	1 16 11 3
1043	12 5 1 7
1044	18 13 5 9
1045	2 11 3 4
1046	18 12 15 5
1047	10 19 5 11
1048	11 7 6 15
1049	8 1 14 17
1050	12 11 4 2
1051	19 13 12 14
1052	4 11 12 5
1053	7 14 6 11
1054	9 19 5 16
1055	15 13 7 9
1056	19 13 1 9
1057	12 2 11 19
1058	5 13 3 16
1059	19 17 5 10
1060	12 20 14 4
1061	16 3 7 12
1062	12 10 5 3
1063	20 11 15 9
1064	18 6 2 10
1065	4 16 6 2
1066	15 12 9 19
1067	7 1 12 9
1068	18 14 5 2
1069	14 4 1 10
1070	13 20 16 8
1071	8 5 15 9
1072	7 9 16 20
1073	10 3 15 17
1074	5 13 2 4
1075	16 3 12 6
1076	7 9 19 20
1077	14 5 11 18
1078	13 5 2 10
1079	2 10 19 13
1080	1 14 19 6
1081	2 4 17 7
1082	18 1 8 16
1083	4 16 1 10
1084	20 9 12 10
1085	6 13 20 10
1086	4 16 10 14
1087	17 1 7 14
1088	12 19 3 18
1089	10 20 13 5
1090	12 2 5 1
1091	19 4 15 5
1092	17 5 10 12
1093	6 14 12 16
1094	11 7 8 4
1095	18 3 2 20
1096	5 14 9 3
1097	18 4 15 14
1098	13 7 8 12
1099	14 6 3 11
1100	12 3 2 6
1101	14 17 19 11
1102	6 14 2 18
1103	15 17 12 16
1104	18 2 1 15
1105	9 17 14 2
1106	12 7 15 5
1107	8 1 9 16
1108	11 10 16 15
1109	15 4 17 14
1110	2 15 10 20
1111	12 8 4 5
1112	8 16 2 17
1113	20 18 8 12
1114	10 3 15 13
1115	18 9 13 6
1116	3 20 10 8
1117	15 18 2 13
1118	5 9 10 18
1119	7 5 9 1
1120	5 4 6 8
1121	19 20 4 7
1122	11 4 12 5
1123	4 8 15 13
1124	13 19 15 20
1125	12 11 8 17
1126	8 19 15 6
1127	13 2 5 10
1128	16 11 8 1
1129	19 2 1 13
1130	19 16 2 5
1131	8 19 6 17
1132	12 13 10 9
1133	8 18 11 16
1134	16 17 10 8
1135	17 19 8 12
1136	19 20 14 11
1137	14 6 2 7
1138	4 18 3 8
1139	16 5 4 11
1140	5 19 8 14
1141	14 1 20 16
1142	10 20 18 4
1143	6 5 7 1
1144	3 15 17 2
1145	5 16 6 8
1146	20 2 7 15
1147	13 6 15 9
1148	14 2 6 9
1149	4 3 2 9
1150	6 2 15 9
1151	5 13 18 8
1152	19 14 5 8
1153	8 17 6 20
1154	9 2 3 20
1155	15 18 1 14
1156	15 19 7 9
1157	6 10 16 17
1158	15 12 13 6
1159	13 14 18 9
1160	16 8 14 2
1161	2 6 8 19
1162	11 5 16 10
1163	7 15 1 17
1164	7 5 16 12
1165	1 7 18 10
1166	19 16 1 4
1167	8 11 18 6
1168	9 14 5 2
1169	9 12 18 11
1170	12 8 18 7
1171	7 20 11 17
1172	16 18 15 9
1173	1 3 6 17
1174	12 5 11 15
1175	19 12 3 14
1176	6 20 1 17
1177	8 19 11 10
1178	4 12 15 13
1179	19 13 5 3
1180	6 2 10 20
1181	2 10 7 15
1182	10 18 17 7
1183	7 4 11 2
1184	14 2 6 9
1185	2 16 19 1
1186	1 15 2 3
1187	6 16 5 7
1188	15 11 5 19
1189	20 18 7 13
1190	2 15 4 1
1191	2 16 4 14
1192	7 12 11 6
1193	18 1 20 7
1194	8 15 11 10
1195	4 12 5 15
1196	8 3 11 10
1197	14 3 1 6
1198	7 16 9 3
1199	13 10 5 18
1200	2 17 7 1
1201	18 13 3 2
1202	19 16 17 2
1203	9 16 4 2
1204	14 19 17 1
1205	3 2 20 11
1206	16 10 9 20
1207	11 2 15 13
1208	15 5 19 12
1209	11 19 20 12
1210	15 11 1 6
1211	7 8 4 11
1212	11 20 1 8
1213	3 4 7 17
1214	17 6 2 4
1215	10 4 16 18
1216	19 20 8 7
1217	18 20 2 10
1218	15 6 11 17
1219	11 14 19 18
1220	19 13 2 18
1221	10 3 16 7
1222	5 4 1 18
1223	19 12 4 16
1224	19 2 14 4
1225	2 14 16 9
1226	7 10 8 1
1227	7 1 2 6
1228	15 5 6 18
1229	1 6 18 19
1230	17 6 7 15
1231	3 5 17 4
1232	20 11 18 5
1233	18 15 19 7
1234	4 9 8 19
1235	1 13 19 11
1236	15 4 11 12
1237	10 9 19 14
1238	18 11 15 9
1239	2 18 8 14
1240	6 10 12 14
1241	17 2 1 19
1242	12 3 4 14
1243	11 10 16 6
1244	15 16 9 13
1245	11 8 17 18
1246	13 19 17 12
1247	18 15 5 9
1248	2 5 18 17
1249	13 9 4 14
1250	9 16 3 14
1251	10 19 9 2
1252	7 17 14 12
1253	2 10 1 5
1254	13 19 4 10
1255	8 7 4 19
1256	16 2 3 18
1257	6 2 11 20
1258	2 16 3 19
1259	3 7 18 10
1260	8 18 20 19
1261	8 5 17 7
1262	13 1 7 2
1263	1 11 16 13
1264	17 6 14 15
1265	2 3 20 9
1266	16 2 11 14
1267	3 8 14 4
1268	6 11 20 1
1269	20 1 4 18
1270	1 12 4 16
1271	18 19 10 3
1272	3 2 8 5
1273	5 8 19 15
1274	20 12 13 6
1275	9 14 8 6
1276	10 1 4 17
1277	10 7 9 13
1278	2 13 1 3
1279	9 4 18 15
1280	3 20 13 4
1281	18 8 16 17
1282	3 11 4 15
1283	5 11 2 15
1284	3 18 6 14
1285	7 17 1 5
1286	16 7 8 14
1287	8 17 1 12
1288	7 1 2 15
1289	3 18 6 17
1290	6 16 1 7
1291	10 15 20 18
1292	2 16 11 19
1293	6 8 16 11
1294	9 19 5 8
1295	2 10 16 19
1296	6 4 11 10
1297	6 18 4 2
1298	11 19 2 10
1299	1 3 5 11
1300	11 20 14 3
1301	12 10 13 16
1302	2 16 7 14
1303	15 14 19 9
1304	9 2 11 1
1305	11 13 6 16
1306	12 18 14 17
1307	6 15 7 20
1308	17 19 4 5
1309	2 4 13 19
1310	14 10 16 2
1311	17 19 3 15
1312	10 20 17 18
1313	6 18 7 19
1314	7 9 10 8
1315	12 20 16 18
1316	11 3 15 2
1317	6 12 2 16
1318	9 3 19 6
1319	20 8 16 12
1320	12 13 15 10
1321	17 2 7 18
1322	17 9 16 1
1323	1 17 6 14
1324	6 20 11 10
1325	7 14 3 18
1326	20 3 5 6
1327	15 6 11 20
1328	9 13 19 7
1329	14 15 17 12
1330	1 13 8 17
1331	9 19 15 8
1332	12 3 10 5
1333	15 13 7 18
1334	14 15 10 11
1335	6 9 11 8
1336	20 12 3 5
1337	5 14 3 8
1338	19 16 9 11
1339	17 11 16 6
1340	10 19 3 6
1341	16 13 7 4
1342	8 19 2 9
1343	5 8 20 16
1344	5 15 19 13
1345	18 15 20 19
1346	9 5 18 14
1347	10 1 8 17
1348	10 14 9 13
1349	18 15 5 8
1350	1 17 18 20
1351	15 4 6 17
1352	14 6 7 18
1353	8 17 14 1
1354	13 2 4 5
1355	17 6 4 5
1356	15 6 10 16
1357	8 4 16 15
1358	12 17 1 5
1359	10 3 5 17
1360	7 5 20 18
1361	9 12 18 15
1362	13 20 10 6
1363	12 1 6 8
1364	9 19 3 11
1365	19 16 4 1
1366	3 2 17 18
1367	5 13 4 18
1368	12 5 17 14
1369	1 4 5 2
1370	17 19 20 8
1371	17 12 8 5
1372	8 1 10 12
1373	4 9 14 8
1374	7 3 6 14
1375	16 6 2 18
1376	12 1 8 6
1377	13 2 12 16
1378	8 9 20 2
1379	12 8 7 6
1380	15 12 7 11
1381	7 5 3 19
1382	13 17 7 19
1383	18 4 19 8
1384	20 18 2 3
1385	16 19 1 9
1386	8 13 20 9
1387	16 8 15 5
1388	20 1 9 11
1389	15 6 10 20
1390	7 4 20 3
1391	5 15 3 18
1392	16 8 1 13
1393	4 15 8 6
1394	17 19 20 8
1395	15 2 20 12
1396	17 6 4 7
1397	9 11 13 4
1398	4 7 3 12
1399	2 14 1 12
1400	19 12 16 3
1401	15 5 3 6
1402	19 6 18 14
1403	18 12 15 9
1404	16 19 15 8
1405	16 9 11 3
1406	3 12 18 6
1407	14 17 3 5
1408	14 19 7 6
1409	6 13 14 12
1410	20 17 5 8
1411	20 19 8 16
1412	7 12 20 16
1413	20 15 3 4
1414	1 11 4 6
1415	11 17 19 4
1416	20 16 18 11
1417	12 6 5 15
1418	6 4 17 16
1419	2 4 11 15
1420	20 4 17 12
1421	13 11 7 19
1422	14 2 3 16
1423	15 19 16 20
1424	17 2 4 8
1425	20 13 14 6
1426	4 3 7 20
1427	16 13 19 11
1428	2 12 9 10
1429	16 6 5 8
1430	19 18 7 6
1431	13 6 9 7
1432	5 2 3 4
1433	10 7 4 16
1434	13 5 2 20
1435	19 2 5 3
1436	19 13 10 20
1437	7 1 3 6
1438	5 16 7 8
1439	8 2 11 18
1440	7 9 17 10
1441	12 10 18 20
1442	12 1 20 15
1443	2 7 18 19
1444	11 17 8 9
1445	3 15 5 16
1446	3 18 7 1
1447	14 10 8 2
1448	4 19 14 2
1449	2 4 5 18
1450	17 19 6 10
1451	18 9 13 16
1452	9 2 3 14
1453	1 2 14 12
1454	15 9 6 10
1455	12 14 6 18
1456	3 12 18 1
1457	15 20 10 19
1458	20 17 7 9
1459	20 9 5 14
1460	13 19 15 5
1461	3 9 18 10
1462	18 3 17 13
1463	17 13 8 4
1464	5 11 3 14
1465	17 16 20 18
1466	18 3 15 11
1467	18 4 5 6
1468	19 18 20 3
1469	3 15 20 10
1470	20 15 16 7
1471	10 17 5 18
1472	6 10 14 8
1473	5 15 8 17
1474	17 18 7 5
1475	2 5 11 10
1476	5 9 19 11
1477	11 3 16 20
1478	18 19 14 3
1479	10 1 4 8
1480	17 4 6 13
1481	12 17 8 11
1482	15 19 7 17
1483	19 6 14 12
1484	15 6 18 2
1485	7 16 2 9
1486	17 11 20 5
1487	19 17 18 15
1488	15 8 3 13
1489	12 19 20 2
1490	2 17 10 3
1491	1 7 18 15
1492	9 14 7 20
1493	12 17 3 18
1494	20 13 7 11
1495	2 1 10 5
1496	11 6 9 18
1497	12 5 4 9
1498	12 19 10 7
1499	13 10 11 6
1500	20 1 5 16
1501	9 6 16 2
1502	15 6 14 16
1503	15 1 10 3
1504	19 14 1 20
1505	5 7 2 4
1506	2 15 19 9
1507	14 3 12 9
1508	15 13 17 11
1509	14 11 17 20
1510	2 20 4 15
1511	13 10 19 14
1512	4 2 13 20
1513	20 4 8 2
1514	6 15 9 2
1515	5 12 3 19
1516	16 18 13 10
1517	11 15 2 9
1518	7 10 14 16
1519	13 16 18 3
1520	8 15 16 17
1521	5 9 16 4
1522	10 5 4 17
1523	1 12 10 8
1524	13 6 4 7
1525	9 12 3 20
1526	3 13 14 9
1527	20 3 9 7
1528	5 16 14 4
1529	4 13 2 14
1530	9 8 7 11
1531	15 10 13 2
1532	12 14 20 11
1533	9 7 11 19
1534	10 13 15 2
1535	6 7 11 10
1536	14 10 1 4
1537	1 2 9 6
1538	18 10 16 3
1539	4 15 10 9
1540	3 20 15 11
1541	3 19 8 11
1542	12 1 3 5
1543	18 13 1 6
1544	7 2 19 16
1545	6 16 7 11
1546	6 2 8 16
1547	17 18 8 6
1548	20 12 5 17
1549	2 17 19 20
1550	9 19 5 4
1551	17 7 19 18
1552	11 12 4 5
1553	8 18 12 15
1554	6 4 14 1
1555	20 15 4 2
1556	13 12 2 9
1557	8 14 7 2
1558	11 6 1 15
1559	18 15 10 9
1560	7 18 9 6
1561	5 10 20 11
1562	12 5 8 1
1563	20 12 5 16
1564	18 10 12 13
1565	7 20 12 17
1566	16 2 20 1
1567	2 12 5 17
1568	1 7 5 4
1569	11 12 3 6
1570	11 10 13 3
1571	4 19 11 13
1572	8 12 7 13
1573	18 2 13 15
1574	6 14 9 10
1575	14 5 8 15
1576	3 12 9 5
1577	7 16 2 10
1578	15 13 19 20
1579	20 19 10 2
1580	16 3 8 19
1581	11 15 14 9
1582	6 9 15 18
1583	19 3 15 11
1584	6 11 10 17
1585	6 9 4 19
1586	7 2 16 1
1587	11 9 7 17
1588	10 6 20 17
1589	18 10 15 16
1590	14 16 1 15
1591	19 14 12 11
1592	5 6 1 12
1593	5 16 14 11
1594	3 1 20 17
1595	16 3 7 15
1596	7 8 18 17
1597	4 9 12 10
1598	1 3 15 5
1599	16 5 11 15
1600	5 17 7 10
1601	20 14 18 7
1602	5 12 9 14
1603	17 3 14 10
1604	1 3 18 4
1605	5 15 18 9
1606	16 20 6 10
1607	9 14 1 6
1608	8 19 4 15
1609	19 18 1 2
1610	10 1 14 11
1611	5 1 12 14
1612	14 4 8 9
1613	8 7 3 6
1614	2 9 20 8
1615	12 18 17 11
1616	11 6 5 14
1617	18 8 15 11
1618	11 3 16 18
1619	17 12 19 2
1620	14 10 7 3
1621	16 13 20 7
1622	5 2 11 8
1623	12 20 3 15
1624	2 14 6 20
1625	4 15 16 20
1626	13 12 10 8
1627	11 12 14 13
1628	14 2 19 7
1629	13 19 7 12
1630	8 9 12 17
1631	1 10 20 19
1632	7 3 5 8
1633	14 7 3 18
1634	20 2 6 17
1635	10 4 9 14
1636	20 16 5 14
1637	5 3 7 6
1638	11 10 16 7
1639	6 16 10 20
1640	12 1 8 15
1641	3 12 5 20
1642	7 16 9 18
1643	3 10 19 20
1644	3 19 13 2
1645	5 1 16 6
1646	16 6 7 12
1647	5 14 15 13
1648	17 9 11 12
1649	7 5 3 17
1650	18 2 12 7
1651	15 8 20 5
1652	13 16 17 9
1653	6 11 2 7
1654	1 4 8 17
1655	11 2 17 13
1656	8 1 9 17
1657	6 12 3 1
1658	20 8 11 4
1659	9 5 20 13
1660	19 6 20 9
1661	10 11 1 8
1662	13 10 18 7
1663	10 13 16 5
1664	19 20 13 16
1665	4 16 13 12
1666	8 20 2 4
1667	3 18 17 4
1668	14 20 13 7
1669	18 5 13 7
1670	16 9 3 5
1671	15 11 10 7
1672	5 9 2 6
1673	2 16 13 15
1674	9 13 12 17
1675	10 7 16 12
1676	12 3 5 17
1677	12 13 8 17
1678	8 6 12 4
1679	20 2 10 14
1680	5 9 10 15
1681	8 19 14 13
1682	3 13 1 19
1683	19 9 16 15
1684	4 9 17 5
1685	11 17 6 14
1686	9 16 12 7
1687	7 3 11 17
1688	9 11 12 18
1689	4 6 5 20
1690	10 18 8 3
1691	13 4 7 3
1692	8 16 5 17
1693	13 17 16 6
1694	20 14 18 11
1695	10 8 17 20
1696	13 5 8 4
1697	8 11 18 1
1698	15 4 17 6
1699	20 12 17 14
1700	15 1 17 7
1701	17 7 1 13
1702	7 9 19 8
1703	13 15 16 2
1704	9 7 3 14
1705	1 9 17 5
1706	14 17 3 16
1707	4 18 2 3
1708	13 17 14 16
1709	8 16 1 11
1710	14 17 12 20
1711	10 17 6 11
1712	16 7 2 18
1713	12 7 14 19
1714	9 12 10 1
1715	8 19 17 18
1716	3 5 11 1
1717	10 14 2 12
1718	9 2 10 17
1719	9 3 19 5
1720	12 11 2 1
1721	6 4 5 19
1722	13 2 7 5
1723	8 12 17 10
1724	1 2 11 9
1725	15 12 2 10
1726	6 20 13 5
1727	17 2 16 7
1728	4 2 9 13
1729	14 20 10 13
1730	14 4 19 9
1731	18 9 14 1
1732	6 8 18 19
1733	1 19 4 15
1734	9 7 17 4
1735	20 10 17 14
1736	3 11 17 9
1737	8 1 19 10
1738	9 4 5 14
1739	2 9 7 13
1740	1 12 19 7
1741	11 12 6 2
1742	12 6 16 15
1743	10 17 4 19
1744	6 11 17 1
1745	19 2 6 13
1746	6 15 16 2
1747	13 1 18 4
1748	18 19 14 10
1749	11 3 2 20
1750	18 15 1 12
1751	18 4 8 6
1752	3 6 19 4
1753	4 17 14 6
1754	5 19 8 18
1755	13 9 17 8
1756	14 8 20 1
1757	12 13 8 11
1758	11 20 3 15
1759	16 18 6 1
1760	7 10 14 2
1761	20 19 7 12
1762	6 1 18 11
1763	3 10 15 16
1764	11 5 19 10
1765	2 3 20 15
1766	11 9 10 8
1767	20 18 4 7
1768	20 18 14 12
1769	19 7 10 15
1770	10 6 19 11
1771	2 10 11 14
1772	6 10 17 3
1773	8 2 10 11
1774	17 18 1 10
1775	7 15 17 14
1776	17 19 13 7
1777	16 6 20 12
1778	8 5 20 10
1779	20 10 12 11
1780	16 17 7 1
1781	12 14 11 16
1782	13 7 18 16
1783	18 16 2 7
1784	19 17 4 10
1785	1 12 11 20
1786	14 10 16 6
1787	20 13 10 15
1788	3 15 13 12
1789	12 14 6 7
1790	20 2 18 4
1791	20 6 5 12
1792	5 19 9 1
1793	1 10 17 2
1794	18 15 5 8
1795	2 17 1 18
1796	20 2 9 10
1797	16 5 8 13
1798	11 17 7 12
1799	18 17 8 9
1800	12 11 8 3
1801	16 10 13 17
1802	14 6 2 8
1803	3 7 2 8
1804	17 13 9 12
1805	20 3 12 19
1806	9 5 4 14
1807	13 5 4 12
1808	7 8 14 17
1809	4 15 1 12
1810	4 15 8 12
1811	16 19 13 2
1812	6 19 18 7
1813	2 7 3 4
1814	5 13 18 8
1815	2 16 10 13
1816	7 2 1 5
1817	7 10 8 16
1818	2 15 19 3
1819	19 7 9 5
1820	17 1 4 7
1821	2 1 7 16
1822	10 15 12 14
1823	4 12 9 14
1824	19 17 2 5
1825	8 17 10 19
1826	14 16 4 17
1827	16 8 20 13
1828	1 12 4 16
1829	3 14 11 5
1830	20 17 8 1
1831	17 8 7 9
1832	1 4 7 14
1833	12 5 10 16
1834	4 20 14 10
1835	11 5 8 9
1836	8 9 16 6
1837	16 8 17 13
1838	5 2 13 17
1839	8 17 20 2
1840	11 17 14 5
1841	17 5 12 6
1842	20 2 18 17
1843	12 7 19 16
1844	10 1 18 11
1845	19 2 17 3
1846	14 9 4 12
1847	16 12 6 11
1848	1 5 16 12
1849	18 20 16 15
1850	17 12 15 10
1851	16 4 11 1
1852	6 4 7 2
1853	8 1 19 20
1854	12 19 11 2
1855	1 17 11 10
1856	18 17 20 19
1857	17 9 4 11
1858	15 16 8 11
1859	11 4 10 9
1860	5 6 10 11
1861	6 1 18 16
1862	7 15 1 17
1863	14 8 1 2
1864	1 10 8 4
1865	19 16 13 10
1866	8 1 9 20
1867	14 9 17 10
1868	5 3 1 10
1869	20 17 6 16
1870	2 5 8 20
1871	2 16 17 14
1872	6 4 10 3
1873	12 2 11 10
1874	20 15 2 13
1875	4 7 11 1
1876	9 17 11 12
1877	16 4 1 5
1878	1 18 15 7
1879	13 14 8 18
1880	15 13 17 3
1881	16 7 20 9
1882	4 13 10 2
1883	15 13 5 17
1884	13 18 1 15
1885	11 9 18 2
1886	5 9 6 15
1887	7 14 3 18
1888	1 2 6 19
1889	12 6 18 9
1890	1 12 11 4
1891	17 7 15 5
1892	18 7 11 2
1893	11 20 15 9
1894	11 16 8 19
1895	4 7 12 16
1896	20 7 4 15
1897	4 9 3 17
1898	12 20 16 4
1899	2 3 13 5
1900	20 13 15 19
1901	12 3 11 17
1902	4 13 16 17
1903	16 13 2 9
1904	15 8 14 5
1905	9 20 1 8
1906	17 5 12 8
1907	18 4 20 1
1908	9 6 4 5
1909	10 14 17 11
1910	15 10 13 6
1911	17 3 19 11
1912	6 19 20 5
1913	13 4 1 8
1914	4 6 13 17
1915	19 5 2 6
1916	12 8 11 1
1917	10 7 8 5
1918	4 17 6 8
1919	17 5 2 4
1920	5 12 9 14
1921	14 3 13 15
1922	17 11 18 15
1923	4 15 12 5
1924	4 7 6 8
1925	10 18 3 2
1926	13 9 2 12
1927	2 1 10 18
1928	6 17 20 11
1929	4 16 8 7
1930	12 20 4 16
1931	2 19 3 15
1932	1 14 2 6
1933	14 19 18 9
1934	16 18 19 3
1935	19 15 18 16
1936	7 20 6 10
1937	14 3 6 1
1938	1 15 8 3
1939	14 17 19 2
1940	3 12 6 4
1941	16 10 9 20
1942	4 1 15 18
1943	7 6 19 5
1944	8 1 2 11
1945	20 14 12 7
1946	19 20 14 2
1947	17 14 10 7
1948	2 17 16 15
1949	19 6 18 1
1950	10 4 3 18
1951	20 2 18 17
1952	5 12 7 2
1953	20 4 12 19
1954	17 5 15 1
1955	4 10 17 3
1956	12 7 8 1
1957	10 6 13 17
1958	3 8 18 20
1959	15 5 9 20
1960	19 5 14 6
1961	12 14 6 13
1962	12 2 9 6
1963	3 7 2 6
1964	3 20 9 5
1965	6 2 11 10
1966	1 8 19 10
1967	8 10 3 20
1968	5 20 1 3
1969	10 2 6 9
1970	18 16 7 13
1971	13 8 2 4
1972	8 13 16 11
1973	3 9 14 12
1974	5 12 6 15
1975	3 7 8 20
1976	2 15 1 14
1977	16 8 13 5
1978	4 11 18 13
1979	12 5 13 16
1980	5 11 4 19
1981	5 2 17 3
1982	15 7 4 10
1983	18 9 8 14
1984	4 16 17 5
1985	19 20 16 9
1986	13 11 12 3
1987	20 18 1 12
1988	15 19 1 11
1989	4 14 8 17
1990	15 16 20 3
1991	9 19 3 16
1992	15 9 8 10
1993	7 1 10 11
1994	19 2 8 13
1995	9 11 20 10
1996	14 12 7 1
1997	15 13 20 17
1998	10 13 8 11
1999	2 13 14 4
2000	9 18 15 5
2001	5 7 4 3
2002	4 14 16 20
2003	3 14 20 13
2004	17 3 6 19
2005	19 14 2 5
2006	1 2 17 6
2007	19 5 4 3
2008	14 1 20 18
2009	8 16 13 6
2010	20 8 15 11
2011	6 8 15 13
2012	1 12 4 15
2013	10 4 9 6
2014	15 5 8 9
2015	11 6 17 12
2016	13 14 1 17
2017	7 15 18 8
2018	3 7 2 20
2019	17 13 15 14
2020	16 6 9 18
2021	13 10 18 4
2022	16 18 3 15
2023	1 15 17 19
2024	20 6 10 3
2025	12 19 7 5
2026	20 10 7 2
2027	11 18 5 17
2028	10 13 19 20
2029	10 17 13 15
2030	5 11 3 9
2031	1 15 19 18
2032	4 5 8 1
2033	16 4 3 6
2034	3 10 15 19
2035	4 5 15 12
2036	20 10 3 14
2037	15 7 8 10
2038	9 1 11 16
2039	14 15 3 11
2040	20 1 8 10
2041	7 19 13 6
2042	17 7 13 4
2043	5 4 12 11
2044	8 16 7 13
2045	19 16 15 14
2046	14 17 15 2
2047	16 8 7 12
2048	13 14 20 5
2049	16 3 8 6
2050	2 8 6 12
2051	4 2 18 17
2052	11 8 19 16
2053	12 6 3 2
2054	3 12 10 13
2055	5 19 11 4
2056	6 19 20 13
2057	10 18 1 11
2058	18 13 16 6
2059	5 19 11 16
2060	11 10 8 9
2061	19 2 6 13
2062	5 16 6 9
2063	11 13 20 8
2064	5 14 11 6
2065	19 3 10 15
2066	6 18 20 5
2067	20 11 15 3
2068	20 17 7 19
2069	10 9 14 18
2070	20 18 8 17
2071	3 5 19 7
2072	10 5 19 1
2073	6 8 2 5
2074	19 17 12 8
2075	1 3 7 6
2076	17 8 12 10
2077	16 6 3 19
2078	11 19 2 15
2079	2 1 8 15
2080	20 12 6 11
2081	18 4 14 3
2082	6 1 8 20
2083	7 11 3 6
2084	14 16 7 19
2085	8 4 16 15
2086	1 12 3 16
2087	12 6 17 7
2088	3 20 16 8
2089	3 10 7 15
2090	3 10 13 8
2091	18 14 15 4
2092	7 18 15 1
2093	13 14 19 4
2094	13 1 15 17
2095	8 2 7 4
2096	18 10 13 5
2097	6 16 1 11
2098	17 19 2 4
2099	13 14 16 15
2100	15 18 5 2
2101	18 7 8 15
2102	8 16 1 20
2103	2 11 5 17
2104	4 16 14 6
2105	7 14 9 17
2106	17 2 7 6
2107	10 2 14 6
2108	7 14 9 5
2109	20 10 11 13
2110	7 4 15 10
2111	5 1 10 20
2112	12 11 20 2
2113	4 13 6 1
2114	13 14 7 5
2115	4 15 16 3
2116	9 7 5 3
2117	12 15 2 20
2118	3 2 1 5
2119	7 18 3 6
2120	2 3 4 1
2121	10 19 16 14
2122	18 3 1 20
2123	3 17 7 2
2124	9 18 8 13
2125	15 7 9 17
2126	2 17 9 15
2127	2 6 1 14
2128	15 19 20 6
2129	11 12 18 3
2130	7 8 20 9
2131	10 8 11 2
2132	15 13 3 8
2133	1 3 4 15
2134	6 17 18 13
2135	7 10 2 18
2136	20 19 5 10
2137	13 3 14 12
2138	6 14 8 17
2139	8 11 13 7
2140	9 16 3 12
2141	20 4 7 5
2142	9 13 16 17
2143	7 8 4 16
2144	4 1 20 19
2145	3 13 14 16
2146	10 5 13 1
2147	11 15 5 2
2148	19 18 5 13
2149	17 11 1 8
2150	10 13 3 16
2151	8 6 20 16
2152	3 5 17 9
2153	12 10 2 15
2154	19 11 14 7
2155	3 6 15 14
2156	2 17 14 15
2157	16 15 12 1
2158	17 12 15 10
2159	9 7 4 14
2160	11 12 15 8
2161	14 11 2 8
2162	2 16 3 7
2163	12 8 20 15
2164	16 11 13 19
2165	13 8 19 4
2166	16 9 11 10
2167	6 17 8 5
2168	5 6 10 4
2169	4 8 14 10
2170	13 20 15 5
2171	17 7 5 2
2172	19 10 1 15
2173	12 13 8 10
2174	16 11 17 3
2175	2 16 7 19
2176	9 14 11 7
2177	13 18 19 4
2178	12 15 14 18
2179	4 9 12 5
2180	16 12 3 14
2181	1 2 7 9
2182	4 5 16 3
2183	16 6 20 14
2184	15 1 2 17
2185	16 13 2 1
2186	14 12 19 9
2187	9 16 12 17
2188	6 10 1 16
2189	12 2 11 1
2190	16 6 10 1
2191	17 6 20 11
2192	11 13 20 19
2193	3 2 6 7
2194	12 8 9 1
2195	8 16 17 18
2196	1 9 14 20
2197	13 14 16 8
2198	7 19 17 16
2199	12 8 20 13
2200	12 3 5 8
2201	1 8 14 11
2202	8 16 3 2
2203	5 1 3 17
2204	13 1 15 2
2205	8 9 17 6
2206	11 13 15 17
2207	2 6 20 9
2208	12 14 20 9
2209	3 15 12 20
2210	12 5 17 14
2211	18 19 5 1
2212	1 7 16 20
2213	5 15 16 12
2214	2 7 4 14
2215	1 16 11 10
2216	7 4 11 6
2217	2 6 8 18
2218	18 12 2 11
2219	4 20 8 2
2220	10 13 2 4
2221	8 5 16 1
2222	2 3 16 11
2223	15 14 7 3
2224	8 19 20 3
2225	15 10 17 6
2226	14 1 18 7
2227	1 10 14 2
2228	7 14 16 17
2229	3 17 16 9
2230	11 6 1 20
2231	12 7 1 11
2232	2 6 17 9
2233	2 1 10 8
2234	11 19 6 3
2235	19 20 13 10
2236	16 17 3 10
2237	12 17 2 11
2238	5 3 13 14
2239	7 11 20 12
2240	12 13 20 7
2241	19 1 13 12
2242	1 11 8 6
2243	13 8 2 12
2244	2 14 11 7
2245	3 2 17 12
2246	19 20 5 8
2247	16 12 11 3
2248	3 18 15 2
2249	18 3 5 6
2250	7 17 9 16
2251	1 9 3 18
2252	6 12 16 19
2253	17 9 3 11
2254	2 17 13 1
2255	17 15 20 11
2256	7 19 12 3
2257	6 20 12 9
2258	12 1 17 9
2259	12 15 16 14
2260	18 4 1 15
2261	6 17 2 5
2262	13 7 1 18
2263	18 9 12 10
2264	14 4 20 6
2265	1 15 20 19
2266	9 12 17 2
2267	6 16 5 3
2268	18 8 11 9
2269	19 15 20 18
2270	5 20 18 14
2271	8 2 14 16
2272	12 2 6 19
2273	10 9 3 19
2274	4 15 6 9
2275	20 12 11 7
2276	5 4 13 8
2277	1 10 14 2
2278	1 4 8 16
2279	11 6 3 9
2280	4 12 13 18
2281	16 17 6 15
2282	2 18 3 20
2283	10 14 12 5
2284	8 10 14 7
2285	13 12 7 9
2286	14 4 15 10
2287	3 11 5 14
2288	2 6 15 7
2289	14 6 13 4
2290	13 11 16 6
2291	12 8 10 4
2292	7 12 17 1
2293	15 14 20 13
2294	20 11 6 4
2295	4 8 17 6
2296	8 18 10 1
2297	16 8 4 19
2298	2 14 9 7
2299	11 2 20 17
2300	1 12 14 13
2301	20 12 10 3
2302	7 18 15 16
2303	19 9 1 7
2304	1 6 11 2
2305	5 3 16 1
2306	20 12 8 16
2307	2 12 7 13
2308	11 5 15 18
2309	12 3 10 16
2310	14 13 4 15
2311	10 9 19 11
2312	13 6 12 3
2313	3 18 19 15
2314	16 14 12 7
2315	12 4 6 15
2316	8 18 9 20
2317	14 6 5 7
2318	4 18 12 10
2319	18 19 9 1
2320	2 6 8 14
2321	7 19 11 13
2322	20 13 14 16
2323	1 17 13 12
2324	12 3 2 19
2325	11 14 13 9
2326	20 13 7 2
2327	3 5 16 17
2328	11 2 6 9
2329	20 8 18 2
2330	13 12 2 18
2331	5 20 3 10
2332	15 14 12 4
2333	15 1 5 14
2334	14 13 5 18
2335	1 17 20 4
2336	10 1 4 8
2337	20 16 1 14
2338	18 1 3 6
2339	15 8 7 1
2340	14 20 6 18
2341	20 6 17 15
2342	8 15 10 17
2343	18 16 5 2
2344	10 8 7 15
2345	13 6 14 4
2346	5 1 6 8
2347	19 20 1 3
2348	14 7 18 2
2349	16 9 1 8
2350	11 12 5 2
2351	13 4 11 15
2352	5 8 17 11
2353	5 11 3 6
2354	17 4 3 6
2355	3 11 16 8
2356	9 15 11 17
2357	13 7 14 3
2358	16 15 5 1
2359	4 13 19 3
2360	8 9 14 10
2361	11 7 3 6
2362	5 7 19 3
2363	10 14 8 4
2364	14 18 16 9
2365	8 19 17 5
2366	17 16 20 13
2367	2 11 17 20
2368	11 15 13 5
2369	14 16 12 10
2370	3 11 12 9
2371	19 15 8 9
2372	1 15 18 6
2373	10 18 2 9
2374	15 9 6 4
2375	20 7 16 14
2376	20 8 7 19
2377	17 7 14 2
2378	14 18 6 7
2379	9 3 20 14
2380	3 8 12 14
2381	19 13 2 7
2382	16 12 18 13
2383	4 6 11 9
2384	18 6 9 12
2385	9 7 19 15
2386	14 12 7 3
2387	12 2 6 19
2388	8 15 14 10
2389	8 16 11 13
2390	11 20 12 1
2391	8 18 16 14
2392	11 5 8 10
2393	19 14 15 13
2394	1 15 12 6
2395	12 1 6 18
2396	10 3 5 19
2397	10 11 20 12
2398	5 3 20 11
2399	6 15 2 10
2400	1 6 17 9
2401	9 17 5 14
2402	16 10 3 17
2403	8 4 14 15
2404	14 17 3 10
2405	3 8 15 7
2406	8 5 10 19
2407	16 6 9 12
2408	4 6 13 18
2409	5 3 17 4
2410	19 18 14 12
2411	2 18 3 14
2412	14 4 5 20
2413	18 3 7 1
2414	4 19 1 10
2415	8 16 2 9
2416	13 6 17 8
2417	18 15 10 4
2418	7 13 17 16
2419	12 20 9 14
2420	12 1 7 4
2421	4 16 6 1
2422	18 19 17 1
2423	12 2 6 10
2424	11 16 9 13
2425	1 7 10 4
2426	18 3 17 16
2427	12 6 7 11
2428	12 8 17 9
2429	5 19 17 20
2430	18 3 5 15
2431	2 12 4 14
2432	19 13 3 16
2433	18 19 10 8
2434	11 6 18 3
2435	8 19 5 20
2436	14 15 12 13
2437	2 3 14 9
2438	8 9 13 1
2439	20 18 15 4
2440	16 13 14 8
2441	20 15 7 16
2442	9 15 20 14
2443	13 8 14 11
2444	19 17 2 8
2445	18 5 1 8
2446	12 8 9 17
2447	4 18 2 11
2448	18 12 11 15
2449	20 7 3 1
2450	7 5 12 9
2451	18 12 11 2
2452	18 11 12 19
2453	2 18 6 8
2454	8 1 12 5
2455	10 11 12 14
2456	9 18 17 1
2457	4 5 6 15
2458	3 4 6 10
2459	1 9 13 6
2460	6 12 8 10
2461	15 18 14 10
2462	12 11 13 4
2463	19 18 13 6
2464	4 6 15 8
2465	17 8 9 20
2466	17 6 18 14
2467	9 8 2 4
2468	7 12 15 9
2469	7 3 19 1
2470	19 8 4 1
2471	11 4 18 3
2472	15 17 13 7
2473	10 4 17 5
2474	2 17 5 9
2475	18 8 14 1
2476	5 3 9 16
2477	14 17 2 15
2478	8 11 3 10
2479	5 2 12 15
2480	2 5 13 20
2481	17 7 10 8
2482	11 8 7 5
2483	14 8 2 12
2484	18 7 6 12
2485	14 15 18 6
2486	2 16 20 6
2487	6 12 5 13
2488	11 2 1 16
2489	12 4 7 19
2490	1 3 13 14
2491	14 9 8 3
2492	12 17 9 20
2493	16 15 2 17
2494	6 14 8 3
2495	1 15 5 6
2496	8 3 14 16
2497	8 5 7 2
2498	1 10 17 4
2499	3 14 15 11
2500	9 18 20 6
2501	6 14 9 7
2502	1 5 7 19
2503	3 2 13 1
2504	19 17 15 16
2505	3 4 7 5
2506	17 2 15 9
2507	18 9 15 16
2508	8 4 17 7
2509	19 16 8 5
2510	8 14 20 11
2511	9 14 3 11
2512	13 17 11 18
2513	9 10 1 18
2514	16 3 1 8
2515	1 4 10 14
2516	10 5 4 9
2517	3 9 8 19
2518	1 2 14 8
2519	17 8 4 9
2520	7 13 1 12
2521	20 19 7 18
2522	19 18 6 1
2523	4 3 1 8
2524	8 12 10 18
2525	8 11 13 3
2526	17 2 10 13
2527	10 4 13 9
2528	15 14 4 3
2529	9 14 5 7
2530	8 9 7 17
2531	7 20 3 4
2532	19 6 15 9
2533	11 18 1 10
2534	12 19 16 15
2535	2 15 13 7
2536	7 4 19 6
2537	3 16 20 17
2538	1 4 3 7
2539	17 13 20 4
2540	20 2 3 18
2541	18 4 6 20
2542	8 6 9 13
2543	5 10 2 16
2544	18 17 2 11
2545	15 3 11 20
2546	6 10 16 3
2547	17 20 5 15
2548	16 17 18 6
2549	19 20 8 10
2550	5 10 19 9
2551	10 16 2 8
2552	15 9 2 10
2553	19 3 9 11
2554	13 6 2 3
2555	2 12 6 15
2556	13 11 16 8
2557	10 8 17 2
2558	1 20 18 7
2559	14 20 2 6
2560	14 3 1 11
2561	5 12 3 4
2562	13 14 10 6
2563	17 7 13 6
2564	8 11 6 14
2565	18 19 15 14
2566	18 5 1 12
2567	8 15 7 20
2568	7 10 16 8
2569	5 20 3 1
2570	3 9 19 5
2571	10 5 2 14
2572	7 9 13 12
2573	11 1 17 6
2574	8 19 4 10
2575	9 19 20 15
2576	12 17 18 19
2577	4 18 14 8
2578	18 14 19 10
2579	10 6 15 8
2580	8 1 13 14
2581	11 13 15 8
2582	16 3 12 2
2583	18 15 8 3
2584	14 1 13 15
2585	9 3 1 16
2586	1 18 16 6
2587	2 1 13 3
2588	7 16 4 5
2589	8 3 17 10
2590	11 19 1 13
2591	1 6 8 14
2592	5 3 17 19
2593	14 4 7 20
2594	19 10 3 16
2595	13 12 1 9
2596	16 15 2 11
2597	6 5 16 12
2598	12 20 15 5
2599	6 12 20 18
2600	1 2 20 9
2601	6 4 16 9
2602	7 19 20 11
2603	5 1 17 12
2604	4 16 19 18
2605	12 19 6 5
2606	20 10 18 9
2607	7 15 17 16
2608	1 2 11 15
2609	19 4 3 2
2610	20 11 9 4
2611	12 3 6 5
2612	18 14 16 9
2613	14 13 10 18
2614	12 2 8 14
2615	19 6 5 3
2616	18 13 15 19
2617	13 14 7 20
2618	12 18 11 3
2619	5 13 15 7
2620	7 11 17 20
2621	15 5 13 12
2622	2 6 13 17
2623	13 1 17 14
2624	11 6 18 7
2625	12 2 11 14
2626	8 15 14 18
2627	18 14 6 5
2628	19 12 14 3
2629	15 5 17 16
2630	9 12 5 1
2631	18 17 14 7
2632	13 17 4 6
2633	2 10 14 1
2634	11 3 13 20
2635	17 5 15 2
2636	3 1 8 11
2637	15 6 13 3
2638	6 2 12 1
2639	17 8 14 9
2640	6 8 20 3
2641	7 14 2 11
2642	4 9 19 7
2643	18 15 8 19
2644	13 19 12 7
2645	1 14 20 13
2646	6 7 17 8
2647	15 11 18 17
2648	19 6 13 16
2649	8 9 11 20
2650	20 2 8 10
2651	16 2 10 15
2652	5 12 13 9
2653	20 12 6 14
2654	9 3 15 12
2655	18 19 6 10
2656	15 5 19 20
2657	19 17 6 11
2658	11 10 19 9
2659	12 10 13 2
2660	9 14 16 17
2661	7 11 1 14
2662	15 14 7 4
2663	3 18 1 19
2664	1 13 3 2
2665	3 6 10 2
2666	2 20 19 13
2667	9 19 1 2
2668	4 3 9 2
2669	17 18 12 19
2670	5 1 20 2
2671	8 6 4 12
2672	2 9 10 3
2673	17 16 20 15
2674	1 18 16 3
2675	11 14 19 16
2676	10 3 12 14
2677	10 6 8 1
2678	20 12 11 17
2679	13 3 7 9
2680	15 3 11 17
2681	13 7 15 1
2682	20 13 19 11
2683	18 8 5 2
2684	8 3 15 13
2685	1 10 3 13
2686	13 19 14 2
2687	14 11 17 6
2688	15 2 20 5
2689	7 1 16 8
2690	8 11 7 10
2691	16 5 14 4
2692	6 18 10 3
2693	3 8 12 19
2694	16 8 19 7
2695	12 4 6 17
2696	8 13 18 9
2697	2 4 19 11
2698	9 8 18 13
2699	4 19 20 14
2700	19 7 11 18
2701	13 1 9 17
2702	3 1 5 14
2703	6 10 7 20
2704	1 6 17 4
2705	5 20 9 2
2706	14 11 7 17
2707	17 7 20 9
2708	5 14 9 7
2709	11 12 7 14
2710	17 11 8 16
2711	1 2 12 10
2712	6 11 19 10
2713	13 11 4 15
2714	17 10 4 19
2715	16 14 5 1
2716	9 11 18 16
2717	10 4 11 5
2718	16 1 8 11
2719	4 16 2 17
2720	7 3 5 2
2721	20 9 1 14
2722	9 14 20 12
2723	10 2 5 1
2724	15 6 9 14
2725	19 17 13 8
2726	11 12 17 15
2727	19 13 12 9
2728	1 15 4 5
2729	9 18 10 7
2730	15 5 20 18
2731	13 4 6 14
2732	18 12 7 11
2733	20 16 12 10
2734	16 14 15 18
2735	20 5 8 10
2736	4 13 15 5
2737	16 17 3 19
2738	14 12 19 13
2739	19 10 16 17
2740	11 10 3 18
2741	1 15 10 11
2742	11 13 8 6
2743	1 14 2 5
2744	1 10 6 19
2745	18 5 16 20
2746	4 18 13 2
2747	14 12 2 6
2748	5 14 7 6
2749	16 7 6 2
2750	6 19 5 14
2751	3 5 20 14
2752	8 4 3 18
2753	15 12 1 3
2754	7 3 2 20
2755	7 6 19 4
2756	3 13 5 20
2757	9 15 1 17
2758	15 12 8 20
2759	17 12 4 7
2760	18 16 19 6
2761	11 4 10 16
2762	15 3 13 1
2763	4 8 19 17
2764	12 5 14 4
2765	19 14 13 6
2766	7 8 16 18
2767	2 12 20 18
2768	1 14 3 18
2769	12 20 10 8
2770	20 4 16 5
2771	14 16 4 10
2772	12 11 19 10
2773	7 17 13 5
2774	2 20 4 1
2775	7 5 17 8
2776	9 5 2 13
2777	20 3 10 18
2778	15 3 7 8
2779	3 16 20 6
2780	18 6 2 14
2781	14 13 10 5
2782	18 9 5 11
2783	20 10 2 11
2784	15 14 5 6
2785	1 18 16 14
2786	19 10 13 18
2787	19 8 3 20
2788	10 13 3 4
2789	8 16 15 12
2790	11 3 14 12
2791	4 18 8 15
2792	19 2 14 11
2793	7 2 1 18
2794	16 15 1 11
2795	4 16 7 5
2796	17 18 8 6
2797	8 17 6 10
2798	16 10 13 7
2799	6 4 13 10
2800	5 9 10 14
2801	11 20 19 12
2802	20 12 19 7
2803	11 16 17 1
2804	15 3 16 10
2805	15 8 6 5
2806	11 19 16 8
2807	14 2 7 1
2808	3 6 19 10
2809	8 12 20 4
2810	4 6 17 10
2811	3 6 7 13
2812	12 4 19 7
2813	18 4 9 1
2814	6 7 11 1
2815	14 8 18 4
2816	15 11 16 2
2817	19 1 11 2
2818	1 5 14 12
2819	4 6 7 15
2820	12 14 16 17
2821	2 12 7 15
2822	5 12 18 3
2823	17 3 13 19
2824	8 18 19 16
2825	1 17 20 13
2826	5 7 13 16
2827	4 7 18 5
2828	16 7 10 11
2829	13 6 1 3
2830	13 12 20 7
2831	10 16 7 19
2832	18 7 6 9
2833	20 11 18 19
2834	13 10 12 9
2835	4 14 8 1
2836	8 9 13 4
2837	13 3 15 5
2838	3 2 1 18
2839	14 11 9 4
2840	19 2 20 8
2841	1 15 6 5
2842	5 11 6 7
2843	8 15 12 4
2844	19 12 3 11
2845	18 1 2 3
2846	11 6 17 18
2847	13 8 4 20
2848	7 3 13 1
2849	1 8 15 2
2850	8 10 1 14
2851	10 5 14 15
2852	14 1 12 5
2853	14 13 18 1
2854	8 19 18 9
2855	10 12 17 5
2856	17 14 16 5
2857	5 8 20 14
2858	17 14 16 10
2859	1 9 15 17
2860	14 11 1 4
2861	15 2 4 6
2862	2 14 15 6
2863	16 19 15 1
2864	2 1 5 12
2865	17 16 15 6
2866	16 11 20 5
2867	1 8 4 11
2868	14 12 16 13
2869	4 15 19 17
2870	4 12 3 6
2871	10 6 14 18
2872	12 7 9 2
2873	7 10 17 9
2874	14 7 19 5
2875	18 17 15 1
2876	7 20 8 16
2877	20 13 5 10
2878	14 10 12 2
2879	17 19 18 2
2880	13 3 2 11
2881	11 8 13 10
2882	6 10 3 18
2883	7 20 5 4
2884	4 8 11 16
2885	5 8 12 4
2886	13 3 1 19
2887	12 5 15 14
2888	18 3 1 15
2889	17 18 4 13
2890	14 9 3 7
2891	12 6 14 3
2892	15 1 11 12
2893	11 8 20 1
2894	9 4 12 18
2895	20 5 14 19
2896	1 16 13 8
2897	11 13 16 15
2898	6 9 12 4
2899	11 3 6 19
2900	4 5 13 15
2901	2 13 5 20
2902	4 1 18 7
2903	17 11 15 6
2904	2 1 11 6
2905	9 4 16 15
2906	2 3 5 8
2907	12 13 14 8
2908	14 4 11 8
2909	13 20 4 16
2910	5 6 4 16
2911	14 12 16 5
2912	19 10 11 13
2913	9 3 20 10
2914	16 7 20 9
2915	19 20 17 16
2916	3 20 18 17
2917	5 4 12 6
2918	20 5 10 6
2919	17 16 15 1
2920	11 7 17 19
2921	4 10 9 16
2922	1 4 10 7
2923	20 4 2 7
2924	8 7 12 18
2925	13 8 1 3
2926	3 1 13 14
2927	3 10 1 4
2928	3 5 19 15
2929	1 17 9 5
2930	19 5 7 3
2931	8 15 3 6
2932	9 14 10 2
2933	6 12 13 19
2934	4 3 2 1
2935	5 20 13 17
2936	13 9 19 6
2937	14 10 4 6
2938	7 19 15 6
2939	1 4 19 2
2940	16 9 15 6
2941	5 3 7 18
2942	11 10 7 20
2943	9 8 12 11
2944	1 16 14 10
2945	10 9 13 16
2946	11 20 2 4
2947	16 11 13 15
2948	6 16 20 14
2949	18 10 7 17
2950	15 12 2 9
2951	18 13 11 14
2952	8 1 11 16
2953	13 5 7 9
2954	16 9 13 5
2955	13 11 9 4
2956	16 4 15 19
2957	4 1 20 11
2958	3 7 15 14
2959	11 5 2 9
2960	9 8 16 18
2961	4 18 12 13
2962	6 7 16 10
2963	4 14 5 7
2964	1 5 2 15
2965	10 8 12 14
2966	13 1 8 9
2967	6 17 4 16
2968	4 3 15 11
2969	20 2 1 18
2970	14 4 16 3
2971	11 3 1 19
2972	19 3 12 7
2973	7 18 8 3
2974	15 8 9 19
2975	17 9 19 16
2976	5 12 14 15
2977	15 11 18 13
2978	15 8 20 9
2979	11 20 12 9
2980	13 18 12 10
2981	12 3 18 5
2982	9 3 1 2
2983	5 20 9 1
2984	10 17 1 7
2985	3 1 16 12
2986	20 10 16 18
2987	13 7 2 17
2988	19 2 17 12
2989	3 17 12 1
2990	20 18 7 9
2991	12 7 1 19
2992	9 1 7 17
2993	1 4 2 10
2994	19 9 7 14
2995	19 17 20 11
2996	7 15 6 13
2997	1 8 10 13
2998	20 8 11 2
2999	15 14 13 8
3000	20 18 10 11
