Students	3000
1	3 20 6 17
2	18 4 3 6
3	10 3 11 15
4	5 18 12 6
5	3 14 17 2
6	13 20 12 15
7	7 16 17 8
8	14 8 2 9
9	9 2 8 4
10	7 1 2 13
11	17 6 12 2
12	5 2 16 7
13	1 10 4 16
14	1 17 13 11
15	2 19 14 8
16	20 17 7 3
17	5 10 1 17
18	18 8 13 17
19	19 10 20 9
20	15 12 10 14
21	6 18 5 15
22	19 11 12 4
23	3 13 11 20
24	10 3 5 13
25	2 10 20 3
26	19 17 12 14
27	5 17 11 19
28	4 18 6 16
29	5 9 10 18
30	15 18 4 16
31	13 5 20 10
32	19 2 6 12
33	17 7 2 6
34	10 15 3 17
35	10 13 8 11
36	6 14 19 2
37	8 20 3 15
38	18 9 6 4
39	6 9 2 3
40	16 17 5 12
41	17 19 3 11
42	10 5 11 15
43	12 6 19 11
44	18 8 11 2
45	19 3 1 11
46	9 4 14 6
47	12 11 19 13
48	2 11 16 6
49	3 17 8 6
50	11 17 9 5
51	8 2 9 13
52	19 2 10 14
53	19 10 17 16
54	1 6 12 10
55	20 3 8 2
56	20 17 14 18
57	1 11 17 19
58	13 1 15 7
59	15 8 12 10
60	6 4 9 14
61	1 17 19 7
62	1 11 17 2
63	5 8 15 11
64	4 17 6 3
65	9 4 13 20
66	19 3 1 17
67	20 10 9 17
68	9 2 10 1
69	7 5 9 6
70	20 18 14 11
71	8 16 7 18
72	9 4 14 8
73	13 7 10 12
74	3 12 11 2
75	4 15 2 9
76	15 9 8 10
77	14 9 18 12
78	3 18 5 16
79	10 20 6 15
80	9 7 3 20
81	10 9 4 11
82	2 6 8 16
83	2 14 16 8
84	12 19 10 5
85	9 1 17 13
86	11 4 10 7
87	15 5 7 17
88	19 8 20 18
89	4 9 12 19
90	7 19 5 20
91	14 11 4 15
92	12 1 20 17
93	10 18 15 14
94	10 20 6 15
95	5 7 13 6
96	18 6 17 15
97	7 14 9 11
98	17 20 3 11
99	16 15 8 1
100	9 18 5 16
101	18 12 14 9
102	20 2 9 4
103	13 9 2 11
104	13 14 19 7
105	19 15 11 2
106	9 18 3 5
107	9 1 17 7
108	4 6 10 8
109	19 7 16 11
110	20 15 8 19
111	20 16 14 9
112	15 9 19 6
113	2 17 3 19
114	12 6 19 17
115	9 13 16 4
116	13 19 18 15
117	19 1 13 10
118	5 17 10 3
119	1 17 13 14
120	15 9 1 12
121	6 1 13 14
122	9 20 15 3
123	14 2 4 6
124	5 18 20 17
125	9 17 20 15
126	15 14 9 12
127	16 20 2 5
128	13 16 15 9
129	12 6 19 10
130	10 19 6 9
131	4 17 9 8
132	13 8 9 6
133	8 12 18 1
134	1 4 13 10
135	1 4 11 13
136	9 12 19 18
137	17 7 14 11
138	19 17 4 1
139	20 11 8 1
140	12 2 4 13
141	9 10 2 6
142	6 19 2 11
143	16 14 10 1
144	7 8 6 2
145	3 4 7 16
146	17 18 14 3
147	10 13 1 5
148	9 1 11 14
149	2 1 16 17
150	12 6 18 10
151	17 16 8 5
152	8 13 10 3
153	15 9 6 5
154	9 15 11 6
155	4 19 9 14
156	19 15 17 20
157	16 3 11 13
158	3 16 14 18
159	5 20 16 9
160	6 5 9 3
161	8 20 2 14
162	4 6 12 17
163	7 8 20 5
164	10 11 9 13
165	15 3 17 6
166	15 3 11 9
167	3 20 5 19
168	4 20 16 2
169	15 16 9 18
170	20 14 8 2
171	17 16 7 1
172	11 15 13 3
173	11 15 8 5
174	2 4 17 9
175	16 3 10 5
176	4 12 10 8
177	17 19 3 7
178	15 12 8 6
179	8 13 11 3
180	11 20 4 10
181	4 2 19 5
182	3 12 10 11
183	8 13 14 19
184	2 10 17 16
185	7 2 3 15
186	20 17 14 12
187	20 17 9 5
188	11 9 14 20
189	13 3 4 9
190	2 17 19 11
191	15 14 5 19
192	8 16 14 18
193	8 19 17 3
194	19 1 9 2
195	17 10 13 18
196	2 14 19 20
197	7 5 11 8
198	11 4 2 5
199	15 11 1 5
200	11 19 18 5
201	17 3 5 20
202	9 7 1 13
203	12 7 3 5
204	16 13 9 14
205	4 8 20 9
206	10 5 16 7
207	13 3 20 17
208	12 16 8 4
209	12 18 8 11
210	9 8 10 12
211	18 4 1 8
212	10 18 6 1
213	10 13 7 9
214	10 2 16 17
215	4 1 15 5
216	4 8 10 15
217	14 3 5 2
218	1 2 7 6
219	10 5 20 18
220	19 13 10 20
221	12 6 4 10
222	16 4 6 5
223	1 10 8 6
224	3 2 9 15
225	5 20 4 16
226	11 3 10 9
227	12 15 10 19
228	18 7 11 20
229	9 5 18 13
230	5 2 20 17
231	9 16 12 5
232	16 12 5 11
233	8 19 15 13
234	7 4 9 6
235	17 2 9 16
236	18 3 14 9
237	18 10 2 5
238	12 3 6 20
239	13 15 1 3
240	4 2 9 13
241	4 9 18 3
242	7 11 14 15
243	4 7 8 20
244	1 7 14 4
245	10 18 20 9
246	19 9 8 15
247	16 19 12 2
248	9 3 8 17
249	2 8 16 13
250	19 4 13 9
251	3 9 16 15
252	7 17 13 6
253	2 18 16 20
254	11 5 4 20
255	2 10 12 20
256	7 1 17 2
257	12 8 11 1
258	18 4 7 1
259	16 17 6 7
260	9 10 3 8
261	6 17 1 10
262	2 10 5 8
263	1 2 16 6
264	1 20 12 11
265	11 7 4 20
266	11 6 2 14
267	18 1 5 20
268	4 8 12 9
269	8 1 16 19
270	12 5 8 6
271	12 10 1 18
272	17 9 11 16
273	4 15 10 18
274	16 4 13 11
275	7 12 18 5
276	4 18 11 10
277	15 12 9 8
278	14 13 4 15
279	7 6 5 20
280	10 19 14 13
281	15 3 9 5
282	17 14 19 12
283	5 11 4 13
284	12 20 13 5
285	11 18 20 16
286	9 16 17 4
287	11 19 2 5
288	7 12 17 16
289	14 11 6 13
290	8 9 19 18
291	17 5 12 2
292	13 4 3 16
293	17 12 19 5
294	6 11 13 12
295	6 9 12 16
296	12 15 10 7
297	12 7 15 11
298	20 13 3 15
299	17 5 15 10
300	5 18 4 14
301	10 18 15 13
302	8 5 11 20
303	17 5 13 9
304	18 9 3 14
305	9 3 11 5
306	4 18 2 10
307	15 5 19 1
308	9 7 2 14
309	7 10 15 16
310	14 6 5 9
311	1 12 7 10
312	11 17 4 3
313	12 3 13 11
314	5 6 9 19
315	12 3 8 16
316	3 4 14 10
317	18 20 16 19
318	6 13 16 8
319	4 20 11 7
320	11 19 12 20
321	18 10 15 6
322	4 5 19 17
323	11 3 19 20
324	2 3 12 14
325	12 8 10 1
326	9 1 8 11
327	7 9 6 1
328	8 18 12 1
329	6 19 7 3
330	10 8 6 20
331	1 13 11 14
332	8 18 5 19
333	4 3 9 16
334	5 15 8 6
335	9 3 2 17
336	19 5 16 20
337	13 3 10 18
338	11 3 10 8
339	13 12 5 16
340	11 16 7 2
341	5 20 3 10
342	15 7 17 20
343	3 11 2 20
344	19 18 10 17
345	15 4 19 13
346	3 16 11 10
347	7 17 12 20
348	5 13 16 1
349	17 15 19 11
350	1 16 8 10
351	16 20 15 3
352	3 17 4 6
353	2 20 10 15
354	4 20 9 1
355	6 4 3 2
356	20 9 10 1
357	18 20 12 9
358	1 3 17 14
359	9 5 10 12
360	6 15 13 3
361	5 20 3 10
362	15 12 3 14
363	5 9 19 10
364	9 8 20 12
365	16 20 14 13
366	1 7 17 10
367	5 15 4 18
368	16 2 3 8
369	4 18 3 1
370	3 11 18 4
371	4 3 8 2
372	11 9 18 16
373	3 6 8 13
374	11 5 12 9
375	19 8 11 17
376	1 8 19 18
377	1 9 2 13
378	19 5 8 13
379	17 6 3 9
380	12 5 1 16
381	10 19 6 3
382	12 1 9 17
383	5 19 11 18
384	2 18 13 14
385	4 3 18 13
386	9 11 1 5
387	8 5 2 9
388	6 1 17 9
389	10 15 1 18
390	18 19 6 8
391	17 12 10 6
392	19 5 11 20
393	5 13 10 15
394	8 6 3 20
395	11 7 18 5
396	11 14 18 3
397	1 14 16 13
398	9 4 3 6
399	9 14 2 7
400	8 17 19 16
401	12 7 3 16
402	11 17 7 10
403	15 4 7 16
404	14 1 13 6
405	14 9 11 16
406	5 16 9 2
407	19 12 2 10
408	7 6 11 1
409	4 13 3 12
410	11 3 2 4
411	16 13 17 15
412	15 7 10 19
413	17 10 4 6
414	5 15 2 12
415	13 3 15 12
416	18 19 11 6
417	10 19 5 7
418	18 3 19 10
419	10 4 3 18
420	10 12 20 5
421	6 1 14 5
422	10 8 2 11
423	12 10 20 11
424	6 8 10 14
425	18 7 14 6
426	12 15 4 7
427	4 17 12 6
428	20 12 1 18
429	6 14 3 4
430	20 18 7 2
431	14 19 3 13
432	2 3 16 5
433	3 4 2 1
434	9 10 2 18
435	20 14 6 12
436	18 11 5 2
437	4 20 3 16
438	5 19 10 20
439	19 9 20 8
440	15 2 12 19
441	6 8 4 20
442	10 2 11 18
443	19 2 13 1
444	3 11 15 14
445	8 3 1 9
446	13 10 9 18
447	13 18 14 19
448	13 17 11 9
449	6 4 20 10
450	14 10 9 6
451	16 3 12 5
452	18 8 7 6
453	2 10 18 11
454	18 20 1 12
455	14 9 7 5
456	1 5 7 15
457	5 8 4 10
458	8 3 11 5
459	8 20 13 17
460	12 20 3 16
461	9 3 10 2
462	20 3 17 14
463	18 12 19 13
464	7 8 18 1
465	18 10 12 7
466	17 2 10 14
467	10 15 1 16
468	17 14 11 9
469	19 3 5 16
470	4 5 7 14
471	14 13 16 1
472	4 10 8 7
473	10 13 18 4
474	17 10 20 11
475	4 10 1 15
476	8 4 11 3
477	19 12 17 8
478	19 18 9 7
479	2 4 12 3
480	11 9 10 6
481	12 20 1 4
482	7 10 1 6
483	11 3 17 13
484	9 20 8 14
485	1 17 9 14
486	20 19 4 12
487	18 19 8 10
488	1 16 5 20
489	19 2 15 4
490	19 18 6 1
491	19 12 6 7
492	12 16 18 15
493	1 20 8 6
494	9 18 6 20
495	11 17 2 6
496	1 2 13 12
497	19 5 4 18
498	3 19 8 7
499	4 7 18 2
500	16 17 1 14
501	16 1 8 17
502	15 8 11 1
503	20 2 14 16
504	13 8 9 19
505	8 3 7 16
506	13 14 10 20
507	14 8 9 6
508	10 7 3 1
509	9 6 12 4
510	11 14 1 5
511	2 16 1 4
512	1 4 11 17
513	7 18 1 4
514	13 20 19 6
515	13 11 4 16
516	18 11 3 17
517	13 11 12 9
518	16 4 9 19
519	20 8 2 18
520	16 6 11 5
521	11 7 19 17
522	20 2 14 18
523	17 1 6 19
524	13 8 15 7
525	10 16 9 5
526	14 17 1 8
527	15 6 5 17
528	13 3 18 4
529	5 7 11 18
530	13 4 19 14
531	4 15 9 20
532	7 18 5 19
533	14 8 3 17
534	10 2 4 19
535	5 8 13 3
536	7 13 16 14
537	7 8 10 4
538	16 12 20 9
539	1 4 6 9
540	6 3 11 16
541	2 10 5 18
542	17 3 15 16
543	16 20 18 13
544	14 7 12 13
545	11 6 17 3
546	15 11 4 18
547	6 15 1 14
548	16 2 5 17
549	1 13 19 18
550	6 18 14 1
551	6 16 5 11
552	20 10 5 3
553	2 12 1 6
554	15 18 6 9
555	14 8 9 16
556	13 8 1 20
557	20 9 14 10
558	9 16 20 7
559	1 18 10 3
560	10 17 12 14
561	18 6 12 11
562	8 17 11 7
563	5 11 12 13
564	5 14 16 3
565	10 17 12 14
566	14 2 7 15
567	19 13 20 9
568	17 2 9 16
569	10 20 15 16
570	15 13 4 3
571	19 7 18 6
572	16 3 17 9
573	13 10 11 6
574	15 8 19 6
575	1 9 16 7
576	9 10 16 7
577	16 1 8 6
578	8 7 15 10
579	2 1 6 18
580	12 20 13 4
581	5 1 14 9
582	12 10 19 14
583	13 5 2 10
584	11 5 7 14
585	11 16 20 9
586	9 8 10 2
587	1 5 7 18
588	15 11 17 9
589	19 9 8 6
590	12 2 20 10
591	10 2 14 19
592	19 8 10 4
593	8 5 15 13
594	6 13 5 11
595	4 8 3 20
596	7 5 2 15
597	20 4 7 15
598	20 11 19 3
599	13 18 12 3
600	18 14 4 1
601	16 10 15 18
602	15 3 9 16
603	10 19 6 12
604	12 4 13 15
605	15 7 11 19
606	12 4 6 7
607	9 8 5 19
608	10 11 7 3
609	16 20 18 17
610	13 12 8 9
611	4 10 9 8
612	15 20 16 9
613	5 9 10 4
614	6 11 8 16
615	9 3 15 8
616	2 18 12 20
617	10 18 4 3
618	16 12 2 14
619	5 11 13 20
620	11 17 5 13
621	9 13 11 8
622	14 6 4 19
623	17 11 15 16
624	1 16 3 4
625	13 6 2 1
626	19 2 10 18
627	5 14 9 6
628	3 13 2 1
629	9 7 10 11
630	12 11 4 19
631	20 3 7 10
632	5 13 2 15
633	20 14 3 12
634	17 19 5 6
635	16 20 17 2
636	6 20 10 14
637	9 7 2 19
638	13 9 5 12
639	5 11 1 3
640	7 1 3 16
641	10 20 15 1
642	12 2 13 20
643	14 5 1 16
644	5 20 7 10
645	18 6 16 17
646	15 11 1 18
647	4 18 5 14
648	5 20 19 7
649	10 3 14 11
650	6 12 5 19
651	19 13 12 2
652	17 5 12 9
653	20 19 10 12
654	11 6 15 17
655	11 4 16 15
656	7 19 11 16
657	6 12 20 14
658	16 2 12 4
659	3 18 12 10
660	13 6 9 16
661	16 14 6 18
662	14 18 9 6
663	1 2 13 18
664	10 13 4 19
665	4 3 8 12
666	20 14 16 3
667	20 14 15 4
668	10 12 15 8
669	19 8 4 14
670	9 1 12 10
671	13 10 17 2
672	20 18 16 11
673	18 13 16 17
674	4 12 10 7
675	4 5 1 13
676	7 11 15 19
677	2 20 18 7
678	8 20 16 6
679	3 5 9 14
680	6 7 8 3
681	14 15 8 9
682	1 9 10 13
683	16 15 6 9
684	2 10 17 13
685	17 1 14 16
686	7 17 5 2
687	4 16 3 7
688	3 19 9 20
689	4 20 6 1
690	15 12 14 6
691	4 11 13 8
692	20 1 13 17
693	11 4 17 6
694	20 8 5 2
695	9 14 4 16
696	13 8 14 3
697	6 4 15 12
698	20 12 15 13
699	15 13 2 19
700	4 8 11 14
701	3 7 19 15
702	1 18 8 10
703	14 16 17 5
704	7 13 8 10
705	16 14 3 7
706	8 12 11 20
707	20 9 5 1
708	16 13 20 2
709	2 7 17 13
710	9 19 10 7
711	4 3 7 18
712	9 12 16 8
713	17 3 6 11
714	20 3 8 2
715	8 13 9 15
716	15 12 18 8
717	11 3 19 16
718	8 16 14 17
719	1 4 11 3
720	4 6 14 17
721	9 4 19 3
722	8 2 17 11
723	14 7 18 11
724	2 9 15 6
725	7 14 17 11
726	12 7 18 11
727	5 18 10 19
728	12 11 7 14
729	5 2 4 14
730	17 5 10 7
731	12 20 16 17
732	17 10 12 14
733	2 9 7 1
734	17 20 3 4
735	6 16 20 3
736	14 12 2 7
737	15 14 7 11
738	1 13 9 12
739	18 6 10 17
740	3 20 12 18
741	7 1 8 20
742	15 9 14 11
743	18 16 5 9
744	15 14 2 3
745	19 6 11 14
746	18 2 17 14
747	4 5 2 3
748	16 1 14 2
749	19 6 9 10
750	2 19 6 13
751	20 5 7 4
752	7 1 20 9
753	12 3 19 18
754	1 16 18 8
755	8 5 14 4
756	14 16 17 20
757	9 15 3 11
758	10 9 6 8
759	11 16 7 5
760	16 2 8 12
761	15 17 11 6
762	1 6 8 11
763	13 17 2 7
764	16 1 3 6
765	18 11 19 6
766	16 3 20 17
767	10 7 13 14
768	18 11 1 7
769	7 10 15 16
770	11 14 18 1
771	9 11 5 1
772	20 8 17 18
773	14 19 2 17
774	13 15 4 1
775	15 4 16 19
776	10 16 8 17
777	12 18 4 20
778	12 7 18 3
779	11 20 8 13
780	12 13 14 15
781	12 19 4 9
782	16 19 8 3
783	5 9 3 1
784	4 16 3 18
785	11 15 16 8
786	18 3 7 11
787	3 5 6 8
788	19 4 10 13
789	10 7 8 6
790	11 15 6 18
791	2 1 7 9
792	1 19 9 2
793	3 4 20 7
794	19 16 6 17
795	4 11 6 19
796	4 10 1 6
797	14 11 13 5
798	6 9 18 19
799	14 13 2 4
800	20 18 19 1
801	20 12 4 5
802	18 7 6 20
803	11 6 2 20
804	4 18 1 6
805	7 12 14 19
806	15 2 3 1
807	15 20 4 7
808	5 6 3 9
809	8 11 18 13
810	9 16 6 17
811	20 3 4 16
812	1 8 17 18
813	13 9 1 6
814	7 16 12 14
815	5 17 19 6
816	20 10 18 13
817	11 20 12 8
818	18 8 19 20
819	8 7 14 16
820	13 19 10 8
821	5 20 7 15
822	1 2 19 10
823	1 4 20 16
824	16 12 9 18
825	16 1 2 8
826	19 16 18 3
827	14 11 4 13
828	17 1 18 14
829	13 8 17 4
830	11 8 20 13
831	17 11 5 6
832	20 1 8 19
833	16 11 9 18
834	1 11 16 19
835	16 13 2 19
836	20 14 12 18
837	16 13 20 7
838	19 9 16 10
839	12 7 15 18
840	9 13 20 11
841	6 7 18 17
842	19 13 20 10
843	13 9 12 19
844	9 6 2 13
845	16 8 2 6
846	12 19 20 18
847	13 12 11 16
848	11 6 14 17
849	1 13 10 20
850	3 4 7 16
851	19 7 13 16
852	17 11 9 18
853	6 15 9 17
854	20 9 13 3
855	18 8 4 19
856	1 14 17 18
857	17 18 8 16
858	3 4 18 16
859	6 1 8 19
860	3 20 7 10
861	3 5 20 16
862	5 18 2 20
863	2 20 8 6
864	4 10 20 17
865	10 2 7 16
866	20 19 13 6
867	19 5 8 15
868	9 20 18 13
869	20 1 13 16
870	20 17 3 14
871	2 9 5 15
872	8 16 11 6
873	15 5 8 1
874	8 4 15 5
875	2 1 12 7
876	11 8 20 4
877	20 12 11 2
878	14 11 17 20
879	10 1 20 14
880	2 12 8 10
881	16 13 17 20
882	6 9 19 12
883	5 3 13 9
884	3 13 17 7
885	19 1 8 10
886	18 2 16 4
887	8 19 1 2
888	2 17 1 3
889	10 17 5 6
890	9 16 4 17
891	6 9 2 10
892	7 15 10 5
893	12 19 13 11
894	3 9 19 6
895	1 14 10 12
896	18 8 9 12
897	8 3 20 18
898	14 7 6 16
899	17 6 16 5
900	8 16 3 7
901	18 1 4 5
902	19 2 5 12
903	18 16 3 19
904	4 14 10 19
905	11 9 2 14
906	9 13 6 18
907	19 5 20 7
908	3 18 10 1
909	20 6 10 7
910	20 1 2 13
911	6 16 5 1
912	16 13 15 7
913	5 14 2 13
914	3 16 4 11
915	15 10 4 13
916	12 1 20 8
917	2 18 3 11
918	17 15 4 3
919	10 7 14 5
920	18 20 12 7
921	4 7 11 14
922	12 3 15 9
923	14 4 7 12
924	7 2 6 12
925	19 8 14 4
926	4 9 13 7
927	11 4 6 18
928	20 18 8 7
929	2 8 4 18
930	18 4 12 9
931	19 3 17 16
932	1 17 14 10
933	19 4 17 16
934	5 8 18 15
935	19 12 17 10
936	19 18 3 4
937	1 16 5 17
938	3 7 8 2
939	9 8 16 10
940	10 6 9 7
941	8 6 12 19
942	2 3 11 17
943	3 8 20 1
944	11 9 15 4
945	18 7 2 1
946	1 10 15 12
947	1 18 19 10
948	9 16 20 8
949	15 20 11 6
950	1 14 8 5
951	6 15 9 17
952	9 16 6 11
953	16 20 4 17
954	10 13 15 4
955	17 20 14 12
956	7 4 15 1
957	16 8 6 5
958	2 17 13 4
959	14 19 20 11
960	5 17 1 14
961	2 7 3 6
962	16 15 20 18
963	2 1 20 19
964	19 15 14 18
965	5 4 10 12
966	4 10 6 1
967	18 7 16 20
968	3 19 13 7
969	16 14 20 4
970	19 13 16 1
971	2 3 17 13
972	4 20 12 1
973	6 11 3 9
974	6 5 11 13
975	14 8 7 11
976	1 17 20 4
977	20 2 13 11
978	15 12 9 5
979	15 13 16 12
980	13 16 8 10
981	1 10 12 7
982	15 14 1 7
983	9 1 14 10
984	15 13 18 2
985	6 15 3 10
986	7 1 14 2
987	12 1 15 18
988	15 1 19 16
989	19 2 5 20
990	4 9 17 20
991	19 5 15 17
992	17 14 20 3
993	18 20 19 15
994	1 7 15 3
995	16 12 19 10
996	3 14 20 13
997	8 5 18 15
998	14 18 2 16
999	12 9 2 5
1000	18 14 20 13
1001	18 12 13 16
1002	6 1 12 5
1003	20 5 13 6
1004	5 12 19 2
1005	5 7 1 14
1006	20 4 5 1
1007	2 15 17 10
1008	17 13 4 12
1009	3 2 19 1
1010	15 17 16 6
1011	10 17 14 1
1012	19 15 8 12
1013	5 15 19 9
1014	14 11 13 5
1015	17 10 15 12
1016	12 11 16 8
1017	6 3 17 5
1018	2 15 18 4
1019	19 20 7 9
1020	10 13 19 2
1021	11 1 14 17
1022	2 11 6 15
1023	15 1 8 11
1024	13 4 16 8
1025	18 19 1 6
1026	8 14 17 19
1027	1 2 5 6
1028	8 10 16 6
1029	13 8 11 1
1030	13 18 7 3
1031	4 16 20 17
1032	7 1 14 15
1033	13 10 9 20
1034	12 20 17 1
1035	18 11 6 8
1036	20 2 5 11
1037	16 15 19 8
1038	11 18 15 2
1039	5 11 20 1
1040	17 13 2 11
1041	1 6 19 2
1042	16 2 17 7
1043	10 18 5 7
1044	8 18 19 11
1045	19 8 1 14
1046	1 9 16 4
1047	9 1 7 8
1048	3 8 15 4
1049	8 15 4 11
1050	1 3 17 14
1051	19 6 11 16
1052	17 3 12 13
1053	12 19 20 17
1054	18 12 14 16
1055	19 1 16 6
1056	15 14 16 8
1057	14 17 5 9
1058	15 3 16 18
1059	2 6 12 4
1060	15 4 6 8
1061	19 13 7 5
1062	15 10 16 19
1063	17 18 14 19
1064	19 1 10 6
1065	8 2 17 20
1066	1 9 4 13
1067	13 9 20 18
1068	20 19 3 5
1069	1 6 12 3
1070	12 4 15 2
1071	17 11 7 10
1072	16 19 20 7
1073	18 16 10 11
1074	12 19 5 2
1075	3 15 10 18
1076	6 14 13 9
1077	1 18 20 8
1078	13 15 11 18
1079	14 9 3 17
1080	9 2 15 1
1081	16 4 8 9
1082	15 11 13 16
1083	5 19 16 9
1084	2 15 11 12
1085	19 4 17 16
1086	13 6 17 8
1087	13 18 2 8
1088	6 5 16 9
1089	16 11 15 17
1090	3 17 7 2
1091	12 1 2 8
1092	14 17 2 20
1093	1 7 6 12
1094	14 6 4 2
1095	5 19 6 17
1096	11 15 18 16
1097	16 20 1 12
1098	1 13 9 11
1099	4 18 14 7
1100	6 7 14 15
1101	11 12 20 19
1102	9 7 20 19
1103	10 4 5 7
1104	6 18 8 4
1105	20 4 7 2
1106	10 16 18 15
1107	14 10 6 16
1108	11 20 15 1
1109	13 14 17 12
1110	19 4 5 2
1111	9 14 4 5
1112	1 12 11 17
1113	7 18 12 14
1114	4 20 16 14
1115	14 11 20 17
1116	1 6 2 19
1117	10 16 18 3
1118	1 19 5 10
1119	1 17 11 8
1120	15 12 6 10
1121	16 2 15 5
1122	14 6 4 13
1123	15 2 8 20
1124	13 16 10 20
1125	20 12 15 18
1126	7 19 6 11
1127	13 5 8 12
1128	13 8 3 4
1129	9 5 12 1
1130	12 19 9 3
1131	10 6 13 14
1132	2 9 16 20
1133	5 19 11 20
1134	19 8 6 4
1135	15 20 3 1
1136	8 16 2 10
1137	4 1 17 8
1138	19 12 20 2
1139	20 13 11 7
1140	18 2 19 8
1141	17 7 9 16
1142	12 8 19 13
1143	17 8 18 5
1144	2 7 12 19
1145	9 8 4 18
1146	7 6 13 4
1147	15 9 8 10
1148	12 7 17 16
1149	9 8 17 1
1150	17 19 6 3
1151	19 10 17 2
1152	3 9 2 13
1153	15 18 17 14
1154	17 12 11 8
1155	6 14 20 3
1156	4 2 11 13
1157	11 2 4 5
1158	6 10 19 8
1159	4 17 19 7
1160	12 4 20 19
1161	4 15 3 17
1162	8 12 13 2
1163	2 19 17 13
1164	14 5 10 2
1165	17 2 16 10
1166	8 17 11 1
1167	14 1 7 3
1168	5 1 10 16
1169	9 20 15 16
1170	10 13 17 11
1171	7 11 17 3
1172	2 16 17 20
1173	17 19 12 2
1174	18 14 3 16
1175	4 6 13 1
1176	10 17 6 5
1177	8 18 15 9
1178	8 20 9 16
1179	16 12 4 18
1180	6 7 4 11
1181	6 17 12 16
1182	11 16 20 7
1183	1 10 14 18
1184	5 16 7 14
1185	8 6 17 7
1186	11 8 17 6
1187	9 10 14 19
1188	4 2 11 19
1189	7 18 15 1
1190	14 11 1 15
1191	9 20 6 13
1192	7 19 15 9
1193	12 5 15 8
1194	6 16 18 17
1195	14 9 13 6
1196	1 17 16 12
1197	11 3 12 15
1198	2 15 5 16
1199	13 20 3 5
1200	7 16 14 13
1201	14 10 15 2
1202	3 20 14 1
1203	16 10 8 4
1204	13 5 18 6
1205	2 11 10 6
1206	16 9 10 12
1207	16 17 14 1
1208	3 17 11 18
1209	16 8 9 3
1210	11 12 5 9
1211	2 15 18 1
1212	6 5 3 19
1213	3 1 17 14
1214	12 16 2 10
1215	6 9 20 14
1216	3 20 6 7
1217	19 3 10 17
1218	3 19 12 18
1219	9 5 18 7
1220	12 7 6 10
1221	9 4 6 19
1222	5 6 18 7
1223	4 17 11 7
1224	5 7 4 15
1225	17 2 10 1
1226	6 4 15 2
1227	5 13 1 4
1228	17 15 9 10
1229	9 14 3 15
1230	17 12 9 1
1231	11 2 9 14
1232	4 1 18 3
1233	12 2 14 3
1234	8 15 7 16
1235	9 18 15 8
1236	11 17 7 8
1237	4 7 20 6
1238	11 17 20 19
1239	7 16 2 14
1240	13 6 14 12
1241	18 8 16 10
1242	17 10 13 8
1243	13 3 4 7
1244	7 17 12 8
1245	10 1 5 16
1246	15 16 18 8
1247	18 11 6 5
1248	11 18 2 20
1249	4 8 16 19
1250	9 19 15 13
1251	13 5 20 2
1252	19 11 3 6
1253	9 17 15 8
1254	15 19 9 1
1255	5 14 17 13
1256	20 3 2 7
1257	20 1 18 16
1258	19 17 12 6
1259	8 20 10 16
1260	16 13 18 9
1261	9 13 2 10
1262	11 20 12 13
1263	10 19 4 18
1264	4 16 19 18
1265	7 16 17 1
1266	10 11 5 14
1267	18 1 2 16
1268	8 10 14 3
1269	14 3 10 20
1270	19 7 20 2
1271	2 9 10 14
1272	5 16 14 12
1273	5 9 4 10
1274	15 16 7 2
1275	8 20 19 4
1276	3 12 15 20
1277	14 3 7 18
1278	4 8 11 14
1279	4 15 9 7
1280	15 9 14 4
1281	8 14 16 9
1282	2 10 6 17
1283	3 8 14 20
1284	19 3 16 7
1285	19 1 4 17
1286	20 5 14 15
1287	2 8 18 7
1288	9 20 6 17
1289	8 16 6 3
1290	14 7 6 11
1291	7 8 2 16
1292	5 14 1 3
1293	7 5 17 2
1294	9 5 1 2
1295	17 15 1 5
1296	4 3 5 10
1297	14 12 16 4
1298	5 9 19 17
1299	4 12 11 18
1300	12 8 14 3
1301	7 4 20 18
1302	10 12 19 7
1303	1 10 18 6
1304	11 16 8 4
1305	17 10 20 15
1306	4 6 16 15
1307	15 19 9 6
1308	20 6 18 14
1309	5 14 17 11
1310	15 19 4 17
1311	1 20 11 3
1312	11 10 1 6
1313	7 19 3 1
1314	18 15 9 6
1315	16 8 10 2
1316	5 13 11 18
1317	4 7 3 14
1318	6 11 5 14
1319	8 18 17 6
1320	15 17 5 2
1321	4 14 7 15
1322	9 3 20 18
1323	4 9 13 12
1324	2 8 16 12
1325	9 14 20 15
1326	15 2 7 18
1327	13 14 12 7
1328	17 12 11 13
1329	10 15 2 8
1330	18 7 8 4
1331	17 10 5 4
1332	4 6 16 19
1333	16 8 11 7
1334	10 5 14 17
1335	8 9 3 14
1336	20 13 1 11
1337	18 3 12 19
1338	10 17 8 13
1339	11 16 7 13
1340	11 17 16 9
1341	10 6 16 18
1342	5 4 13 14
1343	11 14 10 8
1344	15 13 4 19
1345	6 12 4 10
1346	6 2 5 13
1347	11 9 15 19
1348	12 4 15 13
1349	7 9 20 17
1350	7 17 9 18
1351	19 13 20 7
1352	3 15 1 17
1353	9 2 10 11
1354	12 15 2 17
1355	7 5 19 2
1356	2 8 5 9
1357	1 11 12 3
1358	9 2 8 14
1359	6 3 4 10
1360	8 9 5 17
1361	5 8 9 16
1362	1 4 13 15
1363	19 1 5 14
1364	7 16 19 17
1365	17 8 20 16
1366	1 10 9 14
1367	18 6 2 1
1368	6 14 11 15
1369	16 4 17 13
1370	1 16 14 10
1371	5 6 4 14
1372	20 8 19 9
1373	20 19 10 12
1374	9 18 17 6
1375	18 2 13 17
1376	4 12 1 19
1377	13 17 4 10
1378	6 19 16 20
1379	15 14 12 6
1380	6 9 7 17
1381	18 10 13 14
1382	5 7 1 3
1383	14 8 1 12
1384	19 15 4 3
1385	5 9 2 1
1386	15 3 14 16
1387	17 8 12 13
1388	9 12 19 17
1389	7 20 16 15
1390	6 7 5 17
1391	1 11 5 3
1392	2 15 18 11
1393	8 17 5 6
1394	12 1 20 3
1395	10 9 15 7
1396	14 1 7 2
1397	15 2 4 12
1398	10 18 1 3
1399	15 10 6 12
1400	3 7 8 5
1401	6 3 18 15
1402	13 17 10 20
1403	7 18 5 6
1404	19 12 3 13
1405	12 11 16 2
1406	2 1 11 12
1407	11 18 7 8
1408	7 17 12 11
1409	10 15 18 8
1410	14 7 19 10
1411	20 4 15 5
1412	19 2 17 5
1413	6 18 7 2
1414	15 10 1 20
1415	3 5 2 14
1416	18 13 11 15
1417	11 5 1 16
1418	15 8 10 2
1419	11 15 6 16
1420	5 1 17 19
1421	5 20 13 9
1422	10 16 8 15
1423	11 16 3 20
1424	3 5 13 15
1425	15 1 8 13
1426	9 7 15 12
1427	17 2 5 3
1428	9 10 7 1
1429	16 20 7 19
1430	10 9 12 4
1431	14 17 19 3
1432	1 5 10 8
1433	12 3 10 16
1434	1 2 18 6
1435	11 12 14 10
1436	7 20 1 8
1437	12 11 5 7
1438	8 11 3 12
1439	5 17 13 14
1440	15 13 16 6
1441	17 10 3 19
1442	12 2 7 1
1443	8 4 13 12
1444	10 19 12 5
1445	5 10 9 8
1446	8 14 18 15
1447	4 19 2 17
1448	13 17 4 1
1449	20 5 6 8
1450	10 20 3 4
1451	15 13 20 2
1452	11 3 18 6
1453	20 5 19 6
1454	19 8 16 17
1455	17 19 8 10
1456	5 11 8 18
1457	8 12 18 9
1458	16 18 19 6
1459	15 11 1 2
1460	3 9 6 5
1461	9 5 12 10
1462	13 11 1 12
1463	1 2 7 9
1464	18 6 5 11
1465	7 15 8 1
1466	7 5 3 14
1467	9 16 6 4
1468	19 20 5 16
1469	4 2 12 10
1470	10 19 14 20
1471	6 5 19 15
1472	7 17 9 14
1473	2 5 8 17
1474	10 20 18 8
1475	17 5 6 20
1476	13 1 11 5
1477	20 15 2 14
1478	13 1 6 5
1479	3 8 18 14
1480	15 20 12 2
1481	16 20 8 5
1482	12 20 4 17
1483	1 6 8 14
1484	10 3 8 6
1485	17 14 2 12
1486	14 3 6 18
1487	3 7 11 13
1488	18 5 2 1
1489	6 8 1 20
1490	7 4 13 8
1491	4 10 16 17
1492	16 2 20 19
1493	2 8 15 13
1494	19 13 5 7
1495	14 13 18 11
1496	16 17 7 15
1497	11 2 8 18
1498	4 19 16 3
1499	17 6 9 15
1500	12 16 14 13
1501	15 14 10 7
1502	17 14 13 15
1503	9 4 5 10
1504	9 18 15 3
1505	5 16 3 1
1506	15 19 17 12
1507	13 8 15 5
1508	4 15 16 5
1509	19 9 6 1
1510	1 11 14 19
1511	15 4 2 6
1512	11 4 14 15
1513	12 16 14 3
1514	10 5 1 15
1515	13 9 2 18
1516	9 1 14 4
1517	1 12 7 8
1518	5 4 2 13
1519	10 6 8 4
1520	12 20 16 6
1521	20 15 14 7
1522	7 19 14 17
1523	18 12 7 5
1524	16 12 1 8
1525	16 9 20 8
1526	7 19 4 20
1527	4 15 11 20
1528	3 16 11 1
1529	6 10 5 4
1530	1 16 2 12
1531	12 20 15 13
1532	15 5 6 11
1533	4 2 16 17
1534	11 19 15 7
1535	11 10 16 15
1536	6 1 10 15
1537	6 11 16 13
1538	6 2 7 16
1539	19 11 17 3
1540	10 7 1 9
1541	4 7 20 17
1542	14 6 19 18
1543	4 6 15 11
1544	10 19 12 3
1545	17 3 16 15
1546	6 2 18 8
1547	17 10 2 11
1548	3 11 19 6
1549	18 16 8 3
1550	5 2 19 9
1551	18 8 7 12
1552	8 14 6 11
1553	19 11 2 4
1554	1 18 9 14
1555	13 8 10 1
1556	8 18 19 16
1557	16 1 2 6
1558	19 18 1 8
1559	19 7 10 14
1560	2 15 13 8
1561	17 15 12 3
1562	20 16 19 15
1563	16 15 1 11
1564	19 8 13 1
1565	8 12 7 9
1566	19 16 12 5
1567	7 3 18 11
1568	15 1 3 5
1569	4 19 6 2
1570	2 8 20 15
1571	5 10 4 19
1572	11 7 18 13
1573	3 2 6 7
1574	10 18 5 3
1575	11 8 16 20
1576	17 7 12 19
1577	17 4 8 3
1578	11 15 20 4
1579	20 12 11 7
1580	20 19 18 7
1581	12 13 16 9
1582	8 11 18 5
1583	9 16 17 4
1584	12 13 19 2
1585	7 2 3 5
1586	12 3 14 15
1587	15 3 10 2
1588	4 3 12 8
1589	7 17 4 11
1590	1 8 3 16
1591	10 19 6 20
1592	13 5 11 1
1593	14 7 11 12
1594	14 12 17 3
1595	10 1 13 5
1596	16 14 13 1
1597	11 20 7 2
1598	13 17 1 6
1599	19 12 20 10
1600	16 11 10 9
1601	18 13 8 19
1602	3 7 12 19
1603	17 3 9 18
1604	6 2 3 14
1605	14 16 4 18
1606	14 5 7 16
1607	10 5 9 19
1608	6 10 17 5
1609	13 20 19 5
1610	13 3 9 17
1611	12 9 16 10
1612	16 10 2 14
1613	6 12 5 8
1614	10 8 2 16
1615	18 16 13 7
1616	2 1 15 13
1617	14 5 10 6
1618	14 1 8 9
1619	16 17 10 8
1620	7 14 9 20
1621	5 20 12 7
1622	10 18 17 15
1623	17 12 9 6
1624	17 16 18 15
1625	14 18 7 5
1626	9 10 2 16
1627	2 12 17 9
1628	5 18 11 16
1629	6 13 4 2
1630	19 1 7 20
1631	17 5 4 20
1632	10 7 1 4
1633	3 2 8 17
1634	9 20 17 12
1635	19 11 15 4
1636	11 8 18 16
1637	9 18 20 7
1638	14 4 10 5
1639	9 11 6 3
1640	4 3 11 7
1641	19 7 9 5
1642	6 15 7 4
1643	4 18 14 11
1644	9 3 4 15
1645	15 11 10 8
1646	19 10 8 3
1647	20 10 16 7
1648	4 2 10 12
1649	4 12 2 13
1650	2 9 1 8
1651	16 13 10 19
1652	7 12 9 8
1653	19 18 9 16
1654	5 14 2 13
1655	5 14 2 19
1656	15 7 3 20
1657	16 5 7 2
1658	17 8 16 18
1659	6 19 10 15
1660	20 8 4 10
1661	16 7 18 5
1662	20 19 9 6
1663	16 7 4 13
1664	9 10 5 19
1665	7 13 19 12
1666	10 8 13 4
1667	6 17 9 15
1668	16 17 4 13
1669	4 1 12 2
1670	4 5 11 7
1671	14 10 12 20
1672	3 10 5 1
1673	19 11 7 3
1674	18 11 12 15
1675	3 7 6 2
1676	10 11 5 6
1677	5 17 19 16
1678	17 18 1 19
1679	5 8 17 19
1680	4 10 15 9
1681	19 15 18 9
1682	6 3 1 16
1683	5 18 13 3
1684	11 6 10 2
1685	20 10 17 14
1686	7 1 4 6
1687	3 2 17 8
1688	18 3 12 1
1689	7 1 8 14
1690	11 6 19 13
1691	11 7 4 5
1692	3 19 5 9
1693	17 4 2 14
1694	12 19 10 20
1695	9 14 17 11
1696	4 14 3 15
1697	11 8 9 17
1698	13 20 11 18
1699	1 5 11 20
1700	18 15 5 10
1701	16 1 18 7
1702	18 9 16 1
1703	19 7 6 3
1704	15 12 11 10
1705	18 19 16 10
1706	3 2 12 10
1707	14 12 8 5
1708	19 20 3 17
1709	11 14 19 5
1710	17 6 18 8
1711	20 13 11 5
1712	18 5 15 17
1713	10 8 20 7
1714	5 13 2 6
1715	17 15 13 16
1716	8 1 14 3
1717	12 10 5 6
1718	10 17 19 3
1719	20 12 10 5
1720	14 15 6 18
1721	6 7 18 2
1722	14 15 16 11
1723	12 7 16 14
1724	16 12 3 13
1725	13 1 17 11
1726	13 17 20 7
1727	8 11 6 13
1728	13 10 14 5
1729	4 3 17 19
1730	14 3 10 19
1731	10 11 3 5
1732	12 1 13 3
1733	11 13 3 20
1734	2 20 5 19
1735	3 18 14 9
1736	14 11 13 2
1737	13 3 5 12
1738	7 10 16 14
1739	16 4 12 7
1740	12 9 16 2
1741	8 7 15 12
1742	2 7 8 15
1743	17 18 13 12
1744	18 14 15 12
1745	12 13 2 14
1746	5 3 15 18
1747	15 11 12 9
1748	12 10 20 13
1749	20 11 17 1
1750	3 11 6 19
1751	3 19 8 11
1752	17 12 4 1
1753	9 18 20 16
1754	18 7 3 10
1755	18 5 3 16
1756	17 4 18 20
1757	17 6 7 14
1758	9 12 2 15
1759	7 12 14 5
1760	17 9 1 20
1761	2 17 12 4
1762	2 3 16 18
1763	18 8 20 2
1764	18 1 5 11
1765	17 2 9 3
1766	18 11 16 7
1767	9 3 18 7
1768	8 19 17 6
1769	20 9 18 8
1770	7 2 6 1
1771	15 8 7 20
1772	3 5 7 13
1773	8 4 2 9
1774	13 8 10 6
1775	8 4 1 9
1776	16 8 11 5
1777	8 4 11 9
1778	19 3 12 5
1779	17 16 9 15
1780	8 13 14 6
1781	5 16 14 19
1782	1 3 7 11
1783	3 14 4 2
1784	13 4 7 18
1785	15 11 17 20
1786	6 5 13 1
1787	14 10 16 19
1788	14 17 2 5
1789	10 17 11 15
1790	2 17 16 18
1791	1 4 16 10
1792	17 14 6 13
1793	10 18 1 2
1794	2 1 9 3
1795	17 1 13 11
1796	16 12 6 8
1797	13 1 9 7
1798	16 1 17 3
1799	15 20 17 16
1800	3 11 12 14
1801	13 10 18 4
1802	16 11 9 6
1803	20 3 14 10
1804	16 17 8 4
1805	15 7 11 12
1806	17 16 5 9
1807	5 7 13 4
1808	5 18 19 20
1809	8 13 1 10
1810	6 8 14 11
1811	18 12 14 17
1812	15 18 1 10
1813	10 14 13 3
1814	15 9 1 17
1815	16 17 5 4
1816	6 20 3 10
1817	14 4 18 15
1818	3 14 2 12
1819	13 14 3 19
1820	16 18 2 6
1821	17 20 14 16
1822	9 2 3 5
1823	5 15 2 3
1824	14 10 6 1
1825	12 9 6 15
1826	16 8 5 1
1827	2 17 12 11
1828	3 6 18 7
1829	8 2 11 16
1830	8 9 12 5
1831	4 15 9 18
1832	18 16 11 6
1833	16 6 11 5
1834	4 2 5 10
1835	9 6 17 8
1836	17 16 9 2
1837	13 2 10 5
1838	6 20 14 13
1839	18 16 8 10
1840	16 2 19 9
1841	15 3 1 10
1842	10 18 2 9
1843	9 17 11 20
1844	10 15 11 14
1845	17 5 19 15
1846	3 18 6 15
1847	17 16 1 14
1848	3 10 17 1
1849	9 3 20 8
1850	2 11 13 16
1851	9 17 19 12
1852	5 19 16 13
1853	18 13 8 1
1854	8 6 11 14
1855	7 3 4 17
1856	19 12 16 7
1857	10 16 15 9
1858	16 11 6 19
1859	13 8 1 10
1860	3 17 15 5
1861	1 10 6 19
1862	17 4 5 18
1863	8 9 5 17
1864	3 8 13 7
1865	14 16 10 1
1866	19 9 16 7
1867	19 4 1 8
1868	19 9 10 2
1869	20 18 10 15
1870	18 4 19 1
1871	3 15 10 20
1872	15 12 7 9
1873	9 2 5 6
1874	15 3 9 17
1875	13 12 14 5
1876	17 3 7 20
1877	12 19 5 17
1878	7 2 4 1
1879	20 11 17 13
1880	18 13 20 2
1881	5 3 16 12
1882	14 19 6 18
1883	18 13 15 8
1884	10 4 13 2
1885	9 17 3 11
1886	14 17 18 20
1887	7 17 10 4
1888	18 16 10 1
1889	5 17 2 16
1890	15 7 18 4
1891	16 18 20 14
1892	7 15 3 16
1893	1 11 5 15
1894	11 14 2 12
1895	17 7 8 10
1896	6 14 17 1
1897	15 4 2 19
1898	7 11 10 3
1899	15 4 18 9
1900	11 18 15 10
1901	12 15 2 3
1902	6 8 3 15
1903	12 16 20 8
1904	5 10 15 6
1905	3 20 13 18
1906	11 10 1 18
1907	17 13 11 4
1908	17 11 1 18
1909	6 5 2 10
1910	15 7 16 20
1911	12 9 16 5
1912	15 8 11 1
1913	15 5 10 18
1914	14 13 3 9
1915	2 15 3 7
1916	2 1 15 16
1917	11 15 5 20
1918	11 10 6 3
1919	12 8 15 2
1920	20 9 8 19
1921	16 7 10 17
1922	14 18 1 6
1923	1 4 14 11
1924	8 17 10 12
1925	6 5 10 15
1926	15 13 16 19
1927	7 9 18 5
1928	9 19 2 20
1929	5 10 9 15
1930	10 13 2 17
1931	20 9 4 19
1932	4 13 12 1
1933	2 8 19 1
1934	4 12 2 19
1935	12 3 9 5
1936	10 12 14 11
1937	1 4 20 13
1938	3 15 2 4
1939	7 5 1 20
1940	18 1 4 19
1941	5 7 17 20
1942	6 9 19 16
1943	5 10 7 11
1944	7 2 16 10
1945	12 20 9 19
1946	3 19 8 17
1947	11 8 5 14
1948	20 16 2 7
1949	9 4 5 1
1950	13 15 14 4
1951	19 8 5 20
1952	18 4 5 16
1953	7 3 8 4
1954	1 5 15 8
1955	16 20 3 5
1956	4 15 14 11
1957	12 8 1 6
1958	6 13 1 15
1959	1 5 15 7
1960	11 16 7 9
1961	8 12 4 15
1962	12 4 11 18
1963	14 7 13 19
1964	1 14 18 12
1965	2 19 4 10
1966	9 8 20 11
1967	5 4 20 19
1968	16 8 4 12
1969	1 11 17 2
1970	2 10 4 14
1971	9 19 4 5
1972	2 14 11 18
1973	9 6 12 17
1974	2 18 1 6
1975	16 6 4 1
1976	16 2 4 17
1977	1 15 9 17
1978	8 19 6 13
1979	4 16 2 13
1980	12 3 18 2
1981	8 13 5 9
1982	13 2 8 1
1983	12 3 18 8
1984	16 14 10 3
1985	6 11 13 14
1986	14 2 18 11
1987	9 4 18 6
1988	20 4 11 18
1989	10 14 18 12
1990	10 13 12 6
1991	18 4 7 14
1992	2 11 4 15
1993	11 8 15 6
1994	16 13 10 18
1995	14 4 5 12
1996	1 12 17 13
1997	20 9 11 1
1998	3 19 5 4
1999	19 8 12 5
2000	20 1 15 7
2001	9 13 12 8
2002	11 15 20 13
2003	8 6 10 9
2004	13 3 4 12
2005	11 2 18 9
2006	10 5 3 7
2007	3 20 2 16
2008	18 15 2 7
2009	1 12 9 10
2010	12 4 2 8
2011	17 12 4 7
2012	9 7 18 2
2013	2 16 5 7
2014	11 10 20 3
2015	19 3 16 7
2016	17 12 2 16
2017	16 4 7 13
2018	13 8 7 20
2019	20 2 16 9
2020	11 5 13 12
2021	14 16 4 2
2022	11 20 14 4
2023	15 2 12 17
2024	7 20 6 17
2025	12 1 9 10
2026	7 9 2 20
2027	14 13 15 10
2028	12 10 14 20
2029	13 15 7 19
2030	12 14 10 4
2031	9 8 14 13
2032	9 3 19 8
2033	15 5 16 14
2034	18 9 15 2
2035	8 20 17 15
2036	13 11 4 6
2037	5 13 19 16
2038	15 4 20 12
2039	16 11 19 3
2040	1 14 17 12
2041	19 12 20 1
2042	19 3 9 1
2043	3 17 7 16
2044	7 10 16 2
2045	13 7 19 8
2046	1 11 12 7
2047	4 9 3 19
2048	7 11 19 12
2049	13 5 2 19
2050	15 2 17 7
2051	6 13 16 3
2052	2 18 17 4
2053	12 3 11 5
2054	5 11 16 20
2055	8 19 1 12
2056	2 18 14 3
2057	14 3 6 15
2058	20 5 17 13
2059	20 15 12 13
2060	14 1 11 8
2061	15 5 12 6
2062	16 20 12 13
2063	5 8 2 4
2064	6 12 14 10
2065	2 16 11 18
2066	10 11 2 17
2067	11 10 2 19
2068	8 3 13 16
2069	11 19 6 3
2070	3 8 15 12
2071	3 17 6 15
2072	6 17 11 8
2073	5 4 2 8
2074	19 20 8 5
2075	9 7 6 19
2076	1 4 16 12
2077	4 5 15 12
2078	1 9 19 15
2079	13 18 7 9
2080	15 2 20 4
2081	12 5 11 19
2082	13 4 14 10
2083	12 7 15 17
2084	18 19 8 9
2085	5 17 7 19
2086	2 4 17 20
2087	8 14 13 16
2088	19 16 9 15
2089	7 18 8 17
2090	18 5 2 12
2091	3 2 5 1
2092	18 7 3 17
2093	3 5 19 17
2094	16 20 18 4
2095	20 18 1 3
2096	13 2 14 5
2097	17 11 18 5
2098	18 8 15 12
2099	19 20 14 5
2100	3 11 18 9
2101	20 18 6 13
2102	3 20 6 18
2103	13 10 14 4
2104	14 16 5 8
2105	17 1 11 13
2106	4 14 15 11
2107	19 17 10 14
2108	7 13 4 14
2109	10 12 4 3
2110	5 12 4 1
2111	8 14 1 4
2112	2 18 7 14
2113	19 11 8 17
2114	18 5 8 17
2115	20 7 6 2
2116	2 6 3 14
2117	3 18 17 16
2118	6 2 13 5
2119	1 17 15 20
2120	17 2 5 10
2121	5 8 20 1
2122	14 13 6 18
2123	2 3 11 1
2124	20 18 4 11
2125	20 5 13 15
2126	8 13 18 2
2127	6 5 17 15
2128	16 18 5 4
2129	20 16 8 18
2130	9 6 10 16
2131	20 4 9 8
2132	20 10 3 6
2133	1 6 5 8
2134	10 5 8 7
2135	1 11 5 3
2136	3 10 5 14
2137	17 18 10 14
2138	12 6 14 18
2139	12 11 17 6
2140	14 3 8 19
2141	19 14 11 17
2142	17 18 9 15
2143	18 11 15 10
2144	16 4 20 1
2145	12 7 16 14
2146	20 7 8 16
2147	16 12 8 4
2148	11 13 19 12
2149	12 10 20 8
2150	3 16 18 15
2151	2 6 3 16
2152	11 3 16 10
2153	20 9 16 10
2154	14 10 7 18
2155	5 15 1 3
2156	19 6 10 5
2157	18 1 19 8
2158	20 6 12 3
2159	10 8 12 20
2160	3 19 9 10
2161	12 1 18 11
2162	6 12 2 18
2163	19 20 18 1
2164	17 2 20 13
2165	12 17 2 4
2166	1 2 7 14
2167	9 19 14 13
2168	3 1 20 13
2169	1 16 10 11
2170	19 5 13 10
2171	13 18 12 4
2172	15 6 8 7
2173	15 11 18 14
2174	1 3 12 17
2175	12 11 14 15
2176	1 13 6 12
2177	10 19 14 9
2178	3 8 18 14
2179	18 13 5 4
2180	3 18 5 12
2181	19 13 8 12
2182	5 20 18 7
2183	17 5 9 4
2184	15 8 10 2
2185	1 11 6 10
2186	6 20 3 9
2187	15 4 3 12
2188	5 16 8 19
2189	3 20 11 4
2190	18 14 6 10
2191	18 1 13 8
2192	7 19 17 13
2193	2 5 13 19
2194	1 17 7 20
2195	20 8 17 15
2196	8 7 20 18
2197	4 6 18 15
2198	11 6 3 15
2199	8 20 12 16
2200	20 7 4 12
2201	20 18 15 10
2202	12 2 6 1
2203	10 18 19 5
2204	7 8 18 5
2205	19 2 12 4
2206	18 6 5 16
2207	12 3 4 5
2208	14 20 13 5
2209	15 11 13 10
2210	11 14 5 3
2211	14 3 13 16
2212	15 9 14 2
2213	6 2 15 10
2214	6 4 14 2
2215	5 6 3 7
2216	10 5 6 19
2217	1 16 6 15
2218	3 16 6 12
2219	3 5 14 6
2220	15 13 4 20
2221	17 14 6 9
2222	20 1 19 5
2223	15 4 8 6
2224	20 19 18 9
2225	2 15 10 3
2226	4 19 6 13
2227	14 9 2 7
2228	7 12 11 1
2229	2 4 9 7
2230	20 8 4 7
2231	5 12 3 2
2232	6 2 9 19
2233	14 15 3 12
2234	6 15 18 1
2235	7 9 4 3
2236	9 3 12 18
2237	7 10 9 4
2238	19 20 18 7
2239	15 5 8 1
2240	7 16 8 12
2241	17 16 14 18
2242	2 16 12 18
2243	16 1 7 11
2244	16 11 10 14
2245	12 15 14 1
2246	20 13 3 10
2247	6 12 2 16
2248	13 6 19 16
2249	1 10 12 4
2250	17 1 13 18
2251	12 19 7 3
2252	8 19 1 7
2253	9 17 6 10
2254	14 7 1 3
2255	10 17 4 19
2256	11 19 20 9
2257	1 3 15 16
2258	19 9 2 7
2259	7 15 12 6
2260	17 20 14 19
2261	18 6 1 4
2262	1 7 15 12
2263	12 7 11 3
2264	18 12 16 1
2265	9 12 18 13
2266	19 4 3 2
2267	7 3 19 4
2268	10 6 2 1
2269	15 14 20 17
2270	6 7 3 10
2271	5 20 11 10
2272	20 10 19 2
2273	12 2 11 1
2274	12 11 13 6
2275	14 18 1 10
2276	2 4 8 7
2277	17 19 14 18
2278	7 17 20 15
2279	2 4 20 3
2280	3 8 17 7
2281	2 5 13 6
2282	20 15 7 6
2283	4 1 6 13
2284	20 3 4 5
2285	1 20 5 19
2286	14 13 20 9
2287	17 1 5 14
2288	18 19 15 14
2289	2 3 4 13
2290	15 8 1 10
2291	16 20 7 13
2292	13 15 16 5
2293	4 12 20 5
2294	19 5 6 3
2295	15 10 19 18
2296	1 13 6 12
2297	12 14 6 5
2298	6 3 16 11
2299	17 10 15 6
2300	14 16 4 19
2301	15 1 11 20
2302	15 17 9 5
2303	7 17 15 1
2304	7 1 15 3
2305	12 9 20 14
2306	19 6 13 4
2307	18 10 15 4
2308	4 19 11 9
2309	6 9 8 15
2310	17 14 2 5
2311	12 4 11 5
2312	8 14 6 3
2313	10 14 17 6
2314	4 6 8 17
2315	16 14 19 12
2316	8 6 4 18
2317	10 20 12 8
2318	4 8 19 12
2319	6 5 13 18
2320	13 19 18 15
2321	11 4 10 1
2322	15 14 6 8
2323	11 8 2 20
2324	3 1 7 15
2325	2 18 17 6
2326	5 13 17 14
2327	3 6 16 1
2328	20 2 13 1
2329	3 6 17 4
2330	1 16 4 5
2331	13 5 10 14
2332	17 6 4 7
2333	15 10 1 4
2334	18 17 2 7
2335	8 12 9 15
2336	1 17 5 14
2337	3 11 17 2
2338	14 5 2 8
2339	13 3 6 11
2340	2 16 7 20
2341	19 16 9 7
2342	4 16 17 1
2343	6 10 17 16
2344	4 10 12 13
2345	18 9 8 6
2346	3 16 1 12
2347	16 11 18 14
2348	14 9 17 12
2349	13 6 11 9
2350	1 5 20 17
2351	6 14 4 16
2352	4 12 7 11
2353	15 7 4 5
2354	20 12 17 15
2355	7 19 11 9
2356	5 2 10 7
2357	16 1 10 9
2358	4 16 7 11
2359	9 20 8 3
2360	19 17 12 13
2361	16 1 8 5
2362	16 14 8 2
2363	6 2 10 18
2364	9 3 14 15
2365	14 7 12 20
2366	2 18 6 5
2367	7 10 9 6
2368	16 19 18 1
2369	16 18 9 20
2370	18 19 2 11
2371	18 11 19 14
2372	12 5 19 10
2373	8 9 15 6
2374	15 5 14 6
2375	15 11 9 6
2376	2 19 17 8
2377	4 12 7 20
2378	9 10 4 12
2379	20 19 9 11
2380	9 13 6 5
2381	9 1 13 2
2382	10 5 18 14
2383	2 5 15 13
2384	15 3 8 2
2385	6 9 16 12
2386	5 10 8 4
2387	20 11 13 15
2388	16 9 20 19
2389	2 8 9 12
2390	11 6 10 3
2391	14 13 16 7
2392	18 14 5 2
2393	7 17 8 18
2394	12 9 11 10
2395	10 11 12 9
2396	8 20 3 13
2397	12 1 16 14
2398	16 12 8 20
2399	2 3 10 15
2400	19 14 16 1
2401	12 8 10 9
2402	1 8 18 3
2403	13 7 8 16
2404	6 17 13 18
2405	18 9 15 7
2406	13 5 12 1
2407	20 1 14 10
2408	17 2 9 3
2409	10 11 19 3
2410	13 5 20 8
2411	5 7 18 10
2412	19 12 14 9
2413	17 16 6 18
2414	4 2 6 5
2415	5 6 12 3
2416	7 8 11 6
2417	3 13 4 16
2418	4 19 14 13
2419	4 1 11 5
2420	15 14 20 9
2421	2 10 11 18
2422	19 4 14 6
2423	6 16 11 10
2424	3 11 7 10
2425	17 5 20 6
2426	4 16 14 8
2427	18 4 17 3
2428	15 11 19 20
2429	3 4 18 20
2430	2 15 4 1
2431	19 16 1 18
2432	6 16 2 9
2433	2 13 18 1
2434	8 2 4 18
2435	13 8 5 20
2436	9 4 6 20
2437	9 8 1 4
2438	12 7 14 10
2439	4 17 11 14
2440	10 16 12 4
2441	12 17 16 7
2442	4 3 13 5
2443	13 3 7 6
2444	15 13 10 4
2445	1 11 18 9
2446	8 13 12 18
2447	15 20 14 17
2448	8 5 16 10
2449	2 9 7 4
2450	12 8 6 10
2451	18 20 11 9
2452	12 5 13 10
2453	20 9 15 3
2454	10 9 7 1
2455	6 3 12 20
2456	6 8 2 11
2457	8 17 18 5
2458	12 1 18 9
2459	20 19 11 3
2460	16 4 10 18
2461	10 2 3 7
2462	2 9 3 8
2463	13 17 2 8
2464	13 9 4 19
2465	3 9 2 16
2466	10 19 16 14
2467	11 6 12 5
2468	20 16 4 1
2469	11 1 3 14
2470	17 4 1 16
2471	12 15 17 20
2472	12 2 17 16
2473	13 6 1 11
2474	15 9 14 7
2475	16 6 15 3
2476	7 19 17 5
2477	18 20 6 4
2478	12 17 20 1
2479	8 12 7 1
2480	3 11 20 14
2481	19 3 4 16
2482	6 8 7 12
2483	20 3 6 7
2484	8 15 1 12
2485	4 12 10 18
2486	2 1 17 18
2487	16 2 9 8
2488	12 11 6 20
2489	2 8 6 7
2490	16 7 3 18
2491	8 9 2 1
2492	6 5 13 7
2493	13 3 17 5
2494	14 10 13 7
2495	16 9 18 14
2496	19 15 17 1
2497	6 10 14 16
2498	8 14 12 3
2499	18 1 12 5
2500	17 6 14 18
2501	10 20 4 11
2502	9 20 13 7
2503	14 19 11 15
2504	14 6 2 5
2505	6 7 2 1
2506	11 3 5 12
2507	15 19 18 1
2508	19 1 10 14
2509	6 1 10 14
2510	3 18 15 2
2511	20 7 5 15
2512	8 19 4 9
2513	3 15 16 5
2514	5 16 2 14
2515	7 5 3 8
2516	7 19 17 8
2517	10 12 4 17
2518	11 19 13 10
2519	15 19 5 13
2520	6 15 14 17
2521	18 13 1 6
2522	1 12 19 6
2523	16 17 9 13
2524	18 5 19 10
2525	20 3 1 4
2526	2 12 7 11
2527	9 3 10 12
2528	1 10 14 7
2529	5 17 16 20
2530	6 15 20 13
2531	15 11 1 7
2532	3 14 19 10
2533	10 11 5 8
2534	12 14 20 3
2535	19 10 5 8
2536	10 4 18 2
2537	9 3 13 16
2538	19 17 12 7
2539	6 20 14 11
2540	10 12 4 1
2541	15 16 13 14
2542	1 10 5 18
2543	4 14 6 1
2544	13 7 6 11
2545	16 3 10 12
2546	7 8 12 1
2547	17 4 16 6
2548	13 17 12 8
2549	6 15 12 4
2550	20 14 16 12
2551	16 6 17 4
2552	18 3 1 11
2553	1 7 2 6
2554	17 13 14 19
2555	13 7 15 19
2556	3 4 12 18
2557	4 15 19 3
2558	16 10 11 4
2559	1 12 3 9
2560	11 16 14 2
2561	14 11 15 16
2562	13 14 20 19
2563	6 4 9 11
2564	5 20 14 6
2565	11 10 7 6
2566	6 13 9 17
2567	3 1 5 14
2568	12 2 19 10
2569	18 5 17 8
2570	9 7 18 16
2571	19 10 9 11
2572	19 3 12 4
2573	1 15 7 2
2574	2 6 19 12
2575	16 13 12 1
2576	18 11 6 10
2577	1 12 5 17
2578	19 1 10 6
2579	13 16 8 1
2580	9 3 19 15
2581	3 14 9 8
2582	11 13 8 1
2583	13 20 2 19
2584	16 5 2 10
2585	12 4 14 10
2586	3 2 16 15
2587	6 8 11 19
2588	16 7 6 11
2589	20 6 19 10
2590	15 11 10 12
2591	6 12 10 17
2592	16 19 12 17
2593	14 13 9 6
2594	10 4 19 5
2595	6 18 3 20
2596	6 11 17 18
2597	3 4 5 7
2598	11 4 20 10
2599	11 6 14 3
2600	17 5 3 12
2601	5 3 15 1
2602	10 20 13 16
2603	8 19 12 2
2604	3 5 6 9
2605	4 14 5 7
2606	18 8 9 17
2607	18 13 12 15
2608	1 3 17 10
2609	10 14 5 7
2610	5 20 1 16
2611	7 1 2 18
2612	4 10 2 6
2613	18 17 20 1
2614	19 11 20 18
2615	18 14 7 19
2616	20 5 13 1
2617	17 5 19 15
2618	4 12 11 9
2619	14 18 9 12
2620	6 9 8 18
2621	14 19 10 17
2622	11 4 17 1
2623	15 14 20 4
2624	11 4 8 7
2625	9 13 15 19
2626	3 13 1 7
2627	8 5 20 10
2628	17 9 18 10
2629	12 15 11 17
2630	5 2 7 10
2631	5 17 15 16
2632	13 6 9 3
2633	12 15 19 13
2634	1 3 6 14
2635	6 17 13 8
2636	12 8 17 13
2637	5 12 1 2
2638	12 5 16 18
2639	13 2 17 18
2640	10 7 15 3
2641	2 16 14 7
2642	11 20 19 7
2643	1 11 9 13
2644	13 4 18 7
2645	3 1 18 12
2646	11 8 7 4
2647	10 5 15 16
2648	4 13 3 2
2649	2 12 13 5
2650	6 8 12 17
2651	7 1 3 5
2652	6 5 1 14
2653	16 18 19 8
2654	20 19 6 18
2655	5 2 19 15
2656	3 15 7 16
2657	15 20 11 3
2658	6 2 20 15
2659	10 7 8 1
2660	20 11 5 12
2661	8 6 7 11
2662	9 1 19 16
2663	3 12 10 19
2664	2 13 5 6
2665	5 7 8 11
2666	6 1 12 11
2667	13 12 2 8
2668	13 10 17 15
2669	15 6 4 17
2670	7 17 6 11
2671	14 11 17 19
2672	5 20 12 15
2673	19 10 13 1
2674	15 12 8 1
2675	14 7 11 18
2676	18 19 12 11
2677	12 11 20 10
2678	19 9 1 18
2679	11 7 6 19
2680	18 16 9 8
2681	2 14 7 11
2682	8 3 5 16
2683	19 20 11 8
2684	9 1 4 20
2685	11 14 15 17
2686	11 14 13 18
2687	8 13 7 15
2688	9 19 1 17
2689	2 4 12 19
2690	6 3 16 12
2691	18 17 6 20
2692	14 15 11 13
2693	5 1 16 4
2694	20 8 11 1
2695	2 14 4 17
2696	16 17 2 9
2697	5 12 20 13
2698	18 16 9 11
2699	6 15 2 5
2700	16 8 14 1
2701	18 9 3 12
2702	18 11 19 6
2703	16 2 6 18
2704	6 3 11 12
2705	4 20 2 10
2706	5 20 19 9
2707	6 15 11 7
2708	19 7 15 3
2709	20 17 11 10
2710	19 12 4 3
2711	4 13 14 3
2712	13 19 9 4
2713	16 3 11 6
2714	14 15 16 10
2715	7 12 14 11
2716	10 17 18 3
2717	5 7 10 15
2718	4 3 11 19
2719	1 15 14 2
2720	17 10 18 5
2721	16 5 17 3
2722	1 3 20 13
2723	14 18 11 8
2724	7 19 13 17
2725	20 16 3 8
2726	6 13 14 17
2727	3 10 5 19
2728	10 3 2 20
2729	13 19 8 6
2730	13 14 6 2
2731	3 11 12 7
2732	4 3 10 5
2733	4 7 14 8
2734	9 11 20 16
2735	15 16 20 14
2736	9 20 18 15
2737	20 8 12 5
2738	1 15 8 10
2739	7 18 11 10
2740	8 16 3 1
2741	19 13 11 2
2742	13 11 5 15
2743	15 14 11 16
2744	11 5 1 8
2745	8 17 13 19
2746	5 15 10 14
2747	17 8 20 12
2748	7 15 13 5
2749	7 2 10 9
2750	2 8 7 16
2751	1 9 2 16
2752	1 19 2 13
2753	4 2 17 13
2754	10 18 17 3
2755	18 1 7 2
2756	13 8 4 6
2757	14 11 20 9
2758	10 2 18 13
2759	19 1 7 9
2760	13 20 2 16
2761	12 2 5 18
2762	18 3 15 8
2763	1 10 18 5
2764	8 17 19 12
2765	9 1 12 13
2766	19 2 18 8
2767	4 6 18 1
2768	8 10 9 19
2769	19 10 9 17
2770	3 12 2 14
2771	13 15 18 2
2772	16 9 3 11
2773	8 4 7 2
2774	9 13 17 20
2775	2 15 19 5
2776	4 15 14 11
2777	8 12 5 6
2778	12 16 17 19
2779	14 4 3 18
2780	2 15 17 5
2781	4 5 13 12
2782	10 6 5 8
2783	18 4 15 8
2784	9 8 6 20
2785	10 5 13 3
2786	15 9 2 13
2787	7 14 10 16
2788	13 6 8 3
2789	1 4 10 15
2790	19 1 7 4
2791	11 19 12 9
2792	12 2 3 5
2793	14 11 5 19
2794	10 8 1 4
2795	2 16 11 10
2796	14 11 6 9
2797	11 10 7 14
2798	17 1 3 11
2799	17 3 15 12
2800	5 12 20 19
2801	16 19 20 9
2802	4 17 13 16
2803	18 4 19 16
2804	9 8 14 17
2805	19 2 20 13
2806	3 9 14 16
2807	17 4 3 8
2808	9 18 4 2
2809	6 1 16 11
2810	12 3 17 15
2811	12 3 18 16
2812	15 9 13 18
2813	5 14 12 3
2814	15 16 17 7
2815	15 5 8 13
2816	9 4 8 5
2817	1 15 13 7
2818	13 17 11 14
2819	14 8 20 3
2820	3 6 8 5
2821	10 3 19 8
2822	12 13 10 20
2823	13 5 17 20
2824	13 3 14 18
2825	6 20 2 10
2826	3 9 16 10
2827	9 11 19 20
2828	2 11 1 14
2829	3 18 19 9
2830	13 6 4 1
2831	13 8 5 20
2832	10 17 1 18
2833	8 11 19 3
2834	14 4 11 1
2835	16 13 20 9
2836	1 14 6 8
2837	20 4 13 2
2838	18 9 17 3
2839	6 15 8 14
2840	5 18 11 14
2841	19 16 15 12
2842	2 13 16 18
2843	10 4 5 17
2844	13 12 2 16
2845	10 17 4 5
2846	6 5 4 3
2847	5 1 9 8
2848	11 1 5 14
2849	12 17 20 10
2850	2 6 5 11
2851	2 11 14 10
2852	7 12 6 3
2853	7 11 17 3
2854	13 14 2 9
2855	6 11 20 8
2856	18 14 6 7
2857	15 19 12 5
2858	11 1 8 20
2859	2 19 16 13
2860	9 12 7 14
2861	2 10 6 7
2862	18 16 3 4
2863	7 9 15 19
2864	11 5 15 2
2865	2 10 8 3
2866	1 20 15 16
2867	7 6 3 18
2868	5 12 13 8
2869	12 10 20 4
2870	10 8 12 11
2871	11 18 12 7
2872	8 6 1 2
2873	18 20 1 13
2874	4 17 11 7
2875	2 3 8 5
2876	8 1 19 9
2877	13 14 8 7
2878	12 1 3 4
2879	4 14 17 18
2880	18 9 2 13
2881	8 9 2 14
2882	18 9 6 10
2883	8 17 19 14
2884	9 4 19 14
2885	12 1 6 2
2886	12 5 7 19
2887	18 17 9 13
2888	3 11 10 15
2889	3 17 15 19
2890	13 4 19 6
2891	10 20 15 17
2892	10 18 6 13
2893	3 16 1 17
2894	4 8 13 12
2895	3 10 9 5
2896	7 2 18 15
2897	20 11 6 13
2898	3 10 2 6
2899	9 2 8 17
2900	14 11 19 17
2901	14 7 9 15
2902	17 11 9 18
2903	9 8 12 4
2904	15 10 4 19
2905	13 9 11 15
2906	19 11 5 7
2907	11 8 16 13
2908	10 8 11 14
2909	7 12 6 14
2910	19 5 1 17
2911	7 13 10 14
2912	7 20 17 4
2913	13 20 16 6
2914	15 18 5 13
2915	14 11 18 4
2916	1 4 20 2
2917	18 10 1 20
2918	11 3 20 12
2919	4 14 3 20
2920	10 11 9 19
2921	15 18 3 2
2922	11 14 10 16
2923	17 16 14 11
2924	11 17 8 13
2925	11 14 8 5
2926	19 13 17 15
2927	11 6 19 1
2928	2 12 16 19
2929	10 11 20 18
2930	12 14 11 2
2931	20 15 3 6
2932	6 7 10 8
2933	20 1 7 12
2934	20 16 17 15
2935	2 4 6 16
2936	7 13 9 15
2937	7 20 9 18
2938	7 3 8 13
2939	12 17 19 10
2940	12 6 4 16
2941	20 18 6 2
2942	2 10 3 6
2943	15 17 11 14
2944	15 13 6 12
2945	6 9 7 18
2946	20 16 19 6
2947	17 13 11 8
2948	4 7 18 20
2949	13 18 1 10
2950	14 6 13 5
2951	10 11 3 15
2952	3 20 9 2
2953	15 19 16 11
2954	7 2 15 13
2955	14 6 16 10
2956	14 3 4 7
2957	5 8 14 1
2958	16 17 6 9
2959	2 9 4 14
2960	10 12 1 4
2961	1 3 5 6
2962	3 2 16 10
2963	1 17 16 18
2964	3 17 8 11
2965	15 17 8 5
2966	16 20 6 14
2967	6 19 17 15
2968	12 11 10 5
2969	3 17 16 2
2970	18 11 12 4
2971	1 3 14 2
2972	5 19 15 2
2973	14 10 18 6
2974	5 8 12 15
2975	8 3 2 4
2976	11 4 12 3
2977	8 16 14 20
2978	3 15 20 12
2979	20 1 8 12
2980	20 16 5 15
2981	10 3 11 8
2982	5 3 12 9
2983	20 2 14 1
2984	2 3 10 19
2985	10 9 6 15
2986	1 20 9 12
2987	8 1 7 13
2988	6 20 2 15
2989	13 9 4 16
2990	4 10 9 15
2991	14 2 9 18
2992	15 11 6 8
2993	17 11 19 5
2994	11 7 5 3
2995	6 15 2 17
2996	4 19 7 13
2997	10 9 20 3
2998	19 2 7 12
2999	9 11 4 1
3000	13 8 2 5
