Students	3000
1	9 6 19 8
2	14 8 17 6
3	3 20 18 5
4	9 19 7 15
5	14 16 10 3
6	9 4 6 15
7	5 19 10 2
8	7 9 20 14
9	3 19 7 15
10	2 17 19 3
11	16 14 5 1
12	11 8 10 15
13	14 5 7 3
14	12 18 14 9
15	5 16 20 10
16	7 17 6 3
17	18 14 19 15
18	4 5 15 6
19	13 9 11 2
20	7 2 18 1
21	3 19 2 17
22	17 9 15 4
23	16 6 12 3
24	13 6 16 2
25	15 11 13 7
26	5 19 9 14
27	12 20 8 2
28	13 5 16 1
29	18 20 7 14
30	8 5 7 16
31	6 10 18 14
32	2 7 6 9
33	10 12 6 16
34	16 1 5 2
35	16 5 2 12
36	6 5 9 3
37	13 9 16 1
38	10 4 5 14
39	13 10 17 16
40	13 1 20 19
41	10 4 12 7
42	11 4 15 5
43	14 20 15 18
44	4 11 19 9
45	3 4 13 7
46	9 2 12 3
47	6 19 15 5
48	8 15 3 1
49	10 12 16 17
50	12 17 2 8
51	5 6 14 4
52	1 3 13 9
53	10 18 16 15
54	17 3 15 16
55	14 5 11 12
56	8 15 9 3
57	14 13 20 4
58	3 4 15 16
59	19 4 1 16
60	8 1 3 15
61	2 17 11 1
62	10 3 2 13
63	13 5 18 7
64	14 6 9 16
65	13 9 11 2
66	10 2 7 18
67	20 9 4 18
68	16 17 1 10
69	16 13 5 10
70	13 3 11 2
71	11 4 14 9
72	11 1 19 8
73	2 15 3 5
74	14 5 13 18
75	19 2 12 15
76	8 16 7 15
77	12 17 9 13
78	5 18 12 10
79	5 4 13 14
80	1 2 14 11
81	18 16 14 10
82	20 19 1 7
83	7 20 17 9
84	18 1 10 19
85	16 8 7 18
86	15 11 12 20
87	14 10 12 15
88	19 20 2 9
89	20 3 2 17
90	1 4 14 12
91	4 5 12 10
92	16 12 3 7
93	4 15 10 18
94	20 5 10 14
95	1 13 9 5
96	19 12 2 18
97	6 16 12 11
98	5 12 10 20
99	3 4 10 19
100	17 8 1 7
101	19 5 17 7
102	1 17 12 5
103	15 17 4 3
104	9 16 19 8
105	4 10 20 9
106	13 12 10 1
107	13 12 16 8
108	1 15 6 11
109	7 15 8 3
110	17 2 3 11
111	7 15 14 10
112	1 14 7 3
113	11 2 17 20
114	8 7 16 1
115	12 3 1 13
116	11 13 3 4
117	14 2 17 20
118	1 8 14 11
119	16 2 20 13
120	15 1 11 17
121	19 12 6 17
122	3 9 15 8
123	10 11 7 2
124	19 7 6 1
125	10 1 19 17
126	19 11 6 4
127	20 18 9 14
128	14 9 16 6
129	12 1 17 6
130	9 4 3 8
131	18 5 8 11
132	7 10 2 19
133	20 18 13 17
134	17 9 14 20
135	20 14 6 2
136	16 7 9 10
137	9 20 10 3
138	20 9 6 13
139	2 20 19 14
140	6 16 4 8
141	20 9 3 14
142	18 7 6 12
143	11 3 15 4
144	15 8 14 13
145	4 5 9 11
146	19 10 4 20
147	3 13 7 1
148	9 12 8 5
149	10 19 7 12
150	12 11 10 4
151	15 7 6 20
152	11 6 18 7
153	7 1 11 6
154	2 17 5 6
155	14 12 16 20
156	8 9 13 20
157	7 18 17 3
158	4 12 11 6
159	1 5 12 3
160	15 1 6 18
161	9 12 8 10
162	1 9 12 4
163	11 15 2 14
164	1 14 8 11
165	2 5 10 12
166	19 15 3 17
167	15 2 7 12
168	6 16 13 19
169	18 17 16 14
170	6 5 1 10
171	6 19 12 7
172	5 15 19 20
173	11 19 18 20
174	20 15 16 2
175	15 11 1 18
176	1 19 8 13
177	15 4 13 18
178	20 8 3 1
179	19 4 12 14
180	13 20 3 17
181	8 14 3 4
182	5 10 1 20
183	19 17 3 2
184	5 12 3 14
185	8 16 17 5
186	5 2 20 12
187	14 13 8 4
188	17 14 6 16
189	20 7 17 15
190	19 5 8 7
191	11 18 19 20
192	2 7 4 17
193	11 13 19 8
194	14 19 7 18
195	19 11 20 12
196	9 7 11 20
197	19 14 9 4
198	8 15 3 11
199	15 6 7 17
200	19 9 15 12
201	20 5 13 12
202	13 14 15 11
203	7 10 9 2
204	4 19 14 8
205	4 7 12 9
206	2 9 5 16
207	6 4 5 9
208	8 18 2 5
209	15 12 1 7
210	1 7 4 11
211	4 18 16 9
212	10 16 2 17
213	7 14 4 12
214	18 16 17 14
215	16 1 6 5
216	17 19 1 5
217	17 15 18 9
218	4 3 7 12
219	12 10 1 18
220	6 14 4 3
221	12 2 3 10
222	11 17 1 6
223	8 1 5 13
224	10 7 20 6
225	4 16 2 3
226	15 11 4 17
227	16 2 12 17
228	1 15 3 17
229	20 8 14 16
230	6 10 1 3
231	17 7 11 19
232	2 1 11 17
233	8 1 16 3
234	19 4 14 12
235	9 4 11 8
236	12 10 3 16
237	5 3 17 7
238	4 17 7 3
239	7 20 12 6
240	14 5 15 13
241	17 18 5 15
242	1 7 11 12
243	13 3 14 8
244	9 17 10 4
245	15 16 4 8
246	17 10 14 13
247	13 20 7 18
248	20 17 9 11
249	9 11 1 5
250	13 6 14 11
251	17 14 12 10
252	7 14 18 6
253	4 10 11 16
254	10 5 3 9
255	7 6 15 13
256	16 9 3 19
257	17 5 10 13
258	3 15 10 7
259	20 18 12 13
260	4 1 6 20
261	10 4 19 5
262	20 1 9 3
263	11 18 3 8
264	5 15 2 20
265	16 8 18 17
266	17 19 12 2
267	7 8 9 6
268	7 11 18 14
269	1 10 2 6
270	10 17 14 19
271	1 13 18 20
272	3 6 15 18
273	14 4 6 18
274	11 10 15 3
275	19 7 16 12
276	13 3 9 5
277	7 10 19 13
278	17 11 12 2
279	14 13 11 6
280	12 17 19 6
281	16 8 2 13
282	13 6 2 14
283	11 4 14 8
284	3 17 11 18
285	10 4 6 5
286	19 9 18 5
287	8 2 19 12
288	3 10 8 19
289	10 20 3 1
290	11 1 13 12
291	1 13 12 17
292	14 16 6 4
293	19 14 12 10
294	19 15 9 2
295	6 19 4 8
296	11 13 16 17
297	1 14 9 11
298	5 20 12 6
299	1 6 12 14
300	5 6 19 11
301	16 15 6 17
302	12 18 13 5
303	13 20 2 15
304	7 2 12 1
305	7 9 16 18
306	15 5 11 2
307	14 7 16 9
308	10 17 11 6
309	19 7 4 1
310	1 15 8 18
311	14 5 6 7
312	13 16 20 18
313	17 2 15 14
314	10 9 3 19
315	1 16 12 15
316	19 4 6 13
317	17 11 19 12
318	18 7 13 4
319	3 2 9 4
320	16 9 18 17
321	8 7 16 19
322	8 5 17 2
323	6 18 13 8
324	6 16 14 7
325	20 12 2 17
326	8 1 13 18
327	16 11 12 18
328	19 5 20 15
329	17 5 3 12
330	14 18 16 13
331	18 14 19 12
332	11 2 8 7
333	3 17 15 11
334	8 3 19 20
335	3 5 20 15
336	1 14 5 10
337	3 8 7 16
338	1 6 11 13
339	3 17 5 20
340	7 14 6 20
341	9 4 16 14
342	14 8 10 6
343	6 14 15 12
344	20 12 5 18
345	5 15 20 16
346	10 20 12 14
347	1 14 5 13
348	8 4 2 10
349	12 20 9 4
350	10 6 16 5
351	10 16 15 17
352	8 5 15 7
353	3 18 5 4
354	8 18 13 15
355	1 16 18 6
356	11 5 9 16
357	4 3 8 15
358	7 9 11 19
359	13 9 1 14
360	17 11 15 2
361	14 1 11 7
362	15 14 19 9
363	16 2 9 19
364	6 3 2 7
365	11 12 4 13
366	7 19 17 13
367	15 12 16 6
368	1 8 4 9
369	18 1 15 12
370	11 8 14 1
371	8 20 12 13
372	15 13 20 3
373	18 16 5 7
374	16 2 13 9
375	1 17 19 3
376	20 8 15 4
377	12 19 18 4
378	17 19 15 13
379	8 1 4 16
380	7 14 2 19
381	14 15 8 1
382	11 19 18 12
383	7 17 12 1
384	4 14 19 18
385	5 8 11 10
386	14 20 1 9
387	3 1 6 12
388	10 9 20 11
389	1 14 7 20
390	12 20 14 13
391	8 7 12 18
392	20 15 2 5
393	2 7 8 5
394	10 3 16 6
395	7 18 11 8
396	2 16 3 1
397	20 19 16 9
398	12 10 15 7
399	2 7 16 19
400	8 9 13 2
401	10 18 9 13
402	17 10 9 4
403	7 13 4 5
404	20 19 10 17
405	16 19 13 17
406	9 6 13 18
407	15 12 3 17
408	4 3 20 9
409	4 20 8 16
410	9 17 4 11
411	3 20 19 5
412	5 1 15 3
413	18 16 9 12
414	5 17 11 16
415	17 3 8 12
416	12 9 16 20
417	1 8 16 14
418	5 7 11 9
419	9 5 20 3
420	11 3 2 4
421	10 12 8 6
422	15 18 4 6
423	8 15 7 17
424	17 1 19 16
425	5 2 14 1
426	18 5 16 6
427	3 14 18 15
428	17 5 16 10
429	9 15 5 1
430	4 17 5 19
431	16 10 13 8
432	6 12 18 8
433	9 7 11 13
434	5 10 1 20
435	1 14 7 12
436	9 14 13 5
437	2 8 17 14
438	13 14 5 8
439	5 4 8 20
440	18 5 17 10
441	15 4 14 16
442	16 15 19 13
443	1 9 20 7
444	19 16 13 20
445	9 17 20 19
446	16 11 20 3
447	15 10 12 20
448	5 9 6 8
449	11 17 6 18
450	14 12 1 19
451	7 8 11 6
452	20 13 15 16
453	20 8 10 13
454	8 7 14 16
455	4 12 7 13
456	14 5 17 20
457	11 2 6 10
458	14 12 7 4
459	18 1 6 9
460	6 16 7 2
461	10 20 15 12
462	18 19 15 6
463	20 11 6 5
464	8 11 3 18
465	10 15 16 11
466	8 18 15 5
467	17 7 14 12
468	20 12 19 6
469	13 18 4 17
470	16 14 19 7
471	4 8 12 9
472	18 5 3 19
473	9 20 5 15
474	7 17 11 12
475	6 2 15 19
476	14 6 9 10
477	3 1 13 20
478	16 1 18 6
479	7 2 20 14
480	4 9 14 3
481	20 14 6 11
482	17 4 20 7
483	10 13 7 14
484	15 19 3 8
485	20 10 11 17
486	9 14 17 18
487	11 19 8 9
488	20 10 3 8
489	15 3 10 5
490	8 2 17 16
491	13 2 12 7
492	2 16 10 1
493	9 13 1 18
494	9 20 13 11
495	19 7 12 20
496	18 16 8 19
497	15 3 10 18
498	14 3 20 9
499	4 18 16 7
500	14 16 13 18
501	13 15 3 10
502	20 19 1 12
503	6 11 13 16
504	15 5 1 9
505	11 12 18 17
506	11 2 12 20
507	15 14 2 3
508	16 11 5 8
509	2 3 12 7
510	5 20 16 11
511	18 10 8 20
512	20 17 4 12
513	17 8 11 15
514	19 15 1 2
515	1 10 16 13
516	18 10 12 19
517	10 20 4 7
518	2 3 11 17
519	20 9 2 15
520	4 19 10 7
521	1 8 9 12
522	3 17 12 4
523	11 5 9 6
524	20 10 18 2
525	11 3 16 8
526	11 14 8 19
527	19 14 12 10
528	16 2 7 14
529	4 20 12 6
530	12 13 16 5
531	3 2 20 5
532	14 20 13 11
533	17 15 12 18
534	13 6 18 8
535	6 9 3 2
536	11 1 12 6
537	7 14 1 12
538	14 11 7 12
539	8 9 10 13
540	5 9 8 19
541	15 10 14 19
542	15 18 4 3
543	14 5 6 4
544	2 8 11 14
545	1 10 17 9
546	6 1 4 5
547	18 16 14 3
548	13 15 7 12
549	5 17 20 2
550	19 14 11 3
551	14 1 17 13
552	4 17 13 9
553	1 8 9 10
554	9 19 17 5
555	6 4 11 19
556	9 13 19 3
557	11 15 9 14
558	19 10 9 16
559	16 19 13 12
560	7 6 1 9
561	19 17 4 10
562	6 13 9 1
563	14 18 7 6
564	18 15 10 12
565	5 1 16 3
566	8 4 20 7
567	19 17 3 16
568	10 15 16 17
569	3 4 13 16
570	6 10 16 4
571	5 16 4 17
572	7 3 20 16
573	20 9 6 2
574	8 14 9 18
575	12 10 17 5
576	12 14 19 3
577	4 2 18 14
578	4 19 8 11
579	2 7 15 14
580	6 7 2 19
581	4 15 7 1
582	2 17 16 13
583	4 13 18 2
584	16 11 17 19
585	8 6 14 20
586	13 18 10 2
587	10 11 15 3
588	14 15 8 2
589	17 9 4 1
590	11 9 12 10
591	12 15 3 18
592	3 2 16 15
593	14 9 2 3
594	12 5 2 17
595	3 13 16 20
596	9 4 12 17
597	18 6 4 7
598	18 2 3 14
599	15 1 13 6
600	12 11 13 19
601	3 10 8 6
602	10 13 17 8
603	13 17 11 12
604	17 1 5 6
605	16 14 8 3
606	15 6 20 16
607	9 5 16 18
608	2 20 6 10
609	8 19 13 3
610	14 10 3 8
611	2 8 20 1
612	15 7 1 16
613	11 3 10 12
614	11 9 19 5
615	16 1 7 8
616	11 5 12 13
617	12 5 2 18
618	15 18 5 13
619	3 15 19 20
620	13 19 9 17
621	7 20 17 2
622	3 19 17 8
623	17 13 12 9
624	12 5 19 4
625	8 13 11 2
626	1 18 6 13
627	6 20 2 7
628	9 17 19 13
629	12 7 5 1
630	14 9 19 18
631	1 2 19 11
632	6 11 15 5
633	1 3 15 7
634	3 14 5 13
635	15 14 16 4
636	19 15 2 14
637	19 1 3 17
638	8 9 18 1
639	12 2 17 11
640	1 3 19 5
641	7 18 9 1
642	10 12 16 11
643	1 13 15 4
644	20 19 5 10
645	7 18 16 10
646	18 5 3 7
647	9 4 15 17
648	15 17 8 7
649	10 16 1 9
650	14 8 16 15
651	19 8 16 6
652	20 13 1 2
653	13 18 11 15
654	18 17 16 10
655	17 6 20 7
656	17 11 3 14
657	20 18 7 15
658	20 10 11 6
659	5 6 12 15
660	20 15 3 6
661	9 15 11 14
662	11 12 10 14
663	2 8 20 7
664	19 12 18 20
665	14 3 8 4
666	10 7 16 6
667	15 16 1 10
668	13 1 12 16
669	13 18 4 20
670	3 20 14 1
671	10 18 3 19
672	5 16 9 17
673	19 15 13 6
674	3 19 11 14
675	5 4 9 10
676	8 4 20 1
677	17 19 12 20
678	20 8 3 2
679	10 20 2 14
680	19 1 20 14
681	10 17 11 5
682	12 1 2 3
683	14 8 7 1
684	16 5 20 9
685	13 3 8 10
686	10 2 14 4
687	2 4 9 10
688	17 7 14 10
689	6 1 5 3
690	16 7 9 5
691	14 13 17 15
692	19 3 17 4
693	3 16 6 2
694	14 17 13 1
695	11 15 6 13
696	18 1 9 15
697	4 15 20 13
698	2 17 8 18
699	8 13 1 18
700	7 12 8 1
701	3 15 1 18
702	6 4 13 17
703	1 12 4 2
704	8 14 6 20
705	2 18 19 20
706	4 7 14 5
707	14 19 2 9
708	1 8 4 14
709	8 5 12 6
710	2 3 18 19
711	15 2 5 6
712	20 4 15 12
713	4 11 8 1
714	11 3 1 20
715	3 9 7 1
716	15 1 3 10
717	16 6 5 3
718	11 6 7 9
719	16 17 4 10
720	12 8 15 13
721	15 2 13 9
722	1 20 9 3
723	3 10 15 8
724	17 9 1 19
725	16 7 12 20
726	10 11 6 15
727	7 11 6 8
728	6 3 18 4
729	18 6 19 7
730	13 4 19 16
731	11 16 18 4
732	4 12 10 6
733	9 17 5 7
734	14 2 6 17
735	3 11 15 4
736	2 17 5 6
737	20 5 9 10
738	17 7 2 9
739	20 13 8 3
740	18 9 7 17
741	12 5 7 10
742	7 13 3 6
743	15 10 7 19
744	9 15 6 3
745	6 12 13 11
746	1 2 15 17
747	7 4 15 20
748	1 2 18 4
749	13 12 11 10
750	12 4 18 9
751	6 7 1 16
752	5 12 19 2
753	13 6 17 10
754	15 20 1 11
755	11 2 8 10
756	5 6 4 12
757	7 2 3 9
758	7 14 6 2
759	14 2 13 18
760	9 17 19 1
761	2 6 17 1
762	12 15 7 1
763	13 3 4 9
764	11 13 6 8
765	14 8 4 10
766	3 14 20 6
767	2 11 17 8
768	3 13 11 19
769	16 8 5 9
770	13 16 17 2
771	14 9 11 6
772	12 6 7 10
773	14 20 3 15
774	18 15 19 11
775	8 16 18 20
776	12 2 18 1
777	20 3 5 17
778	10 19 7 4
779	19 9 18 11
780	4 12 16 20
781	11 18 6 20
782	18 11 16 6
783	8 10 7 6
784	18 14 10 11
785	3 11 20 1
786	11 9 17 2
787	4 3 1 20
788	1 11 3 20
789	9 13 14 7
790	8 9 20 14
791	9 19 12 15
792	10 11 18 7
793	15 13 2 3
794	7 14 20 1
795	19 12 3 7
796	8 16 6 17
797	5 19 17 10
798	8 7 5 10
799	2 6 14 16
800	9 15 11 14
801	6 5 2 18
802	1 5 13 16
803	16 10 12 15
804	12 17 5 2
805	1 8 11 18
806	10 15 9 18
807	8 17 1 20
808	4 6 15 1
809	8 3 1 16
810	1 16 20 19
811	11 5 2 20
812	8 2 4 11
813	2 14 15 6
814	19 7 5 20
815	20 18 13 17
816	4 15 14 5
817	9 5 14 13
818	15 3 4 19
819	14 7 5 8
820	16 18 12 9
821	3 18 11 20
822	16 9 12 5
823	7 14 8 15
824	14 15 16 20
825	18 14 20 9
826	6 19 7 20
827	15 13 2 5
828	1 15 11 3
829	8 4 5 12
830	12 19 3 2
831	12 3 8 11
832	9 18 16 11
833	11 16 18 6
834	2 16 1 13
835	12 14 8 10
836	14 12 4 7
837	3 9 14 20
838	18 6 5 13
839	18 9 14 3
840	6 5 8 2
841	13 9 5 2
842	17 14 12 2
843	10 6 3 19
844	4 13 6 11
845	6 3 12 8
846	8 7 17 3
847	17 14 15 3
848	12 16 15 13
849	14 8 16 20
850	19 12 20 17
851	9 16 4 7
852	5 15 7 8
853	18 15 10 1
854	6 5 15 19
855	8 4 16 3
856	7 17 15 11
857	4 17 18 1
858	7 12 4 16
859	8 18 15 4
860	1 11 18 9
861	14 8 16 18
862	11 3 12 14
863	10 12 8 16
864	10 2 11 1
865	7 14 20 9
866	8 12 2 15
867	20 13 11 3
868	10 7 3 16
869	3 1 19 4
870	1 15 19 8
871	18 3 11 6
872	14 18 16 9
873	12 17 9 18
874	18 16 2 13
875	16 14 7 15
876	10 9 2 8
877	2 17 4 11
878	13 5 19 12
879	14 10 12 8
880	12 10 4 19
881	17 15 7 16
882	6 1 5 12
883	9 15 2 5
884	10 20 15 1
885	9 14 20 6
886	6 20 18 1
887	9 13 15 17
888	3 1 7 13
889	3 7 11 10
890	3 1 16 6
891	16 8 4 11
892	3 9 14 15
893	6 10 12 13
894	3 19 16 10
895	1 9 19 15
896	8 10 12 14
897	6 12 11 3
898	7 12 11 15
899	20 6 19 2
900	5 18 19 7
901	10 19 2 6
902	19 15 12 7
903	12 19 18 1
904	1 10 7 9
905	13 2 14 3
906	11 19 7 20
907	7 2 10 11
908	9 18 5 14
909	7 10 15 1
910	13 16 11 5
911	1 7 19 4
912	7 12 3 8
913	9 4 2 6
914	2 15 1 9
915	20 16 19 6
916	10 11 9 2
917	8 1 9 3
918	9 17 3 18
919	17 13 12 4
920	14 17 6 20
921	10 1 16 14
922	17 8 13 11
923	5 9 20 16
924	5 9 2 7
925	8 15 10 19
926	16 12 10 14
927	5 6 1 15
928	9 16 4 19
929	16 10 3 12
930	7 20 17 9
931	7 10 15 2
932	20 7 6 16
933	12 1 16 11
934	2 4 9 3
935	10 19 16 7
936	7 19 16 6
937	9 15 10 19
938	12 17 14 9
939	9 19 5 8
940	14 8 19 12
941	15 13 4 12
942	1 12 6 4
943	2 7 4 12
944	8 16 12 3
945	6 17 10 14
946	3 14 2 13
947	16 14 3 20
948	14 1 9 5
949	1 15 4 3
950	5 17 7 16
951	2 10 19 7
952	19 4 6 7
953	16 20 14 6
954	13 19 9 8
955	7 1 20 18
956	5 6 10 20
957	11 3 14 13
958	11 6 14 2
959	8 19 12 16
960	12 13 3 2
961	19 12 11 5
962	5 16 2 13
963	6 7 16 9
964	3 4 6 15
965	13 12 7 9
966	6 9 7 2
967	14 1 10 4
968	2 19 9 4
969	13 14 9 5
970	12 19 11 14
971	12 14 20 8
972	17 15 14 12
973	5 4 19 13
974	12 5 16 14
975	2 11 17 6
976	1 3 11 2
977	1 13 5 11
978	20 14 18 5
979	13 11 19 5
980	17 18 9 2
981	8 12 11 10
982	14 4 6 11
983	14 8 12 3
984	16 2 4 20
985	19 18 4 16
986	4 11 14 10
987	9 3 18 14
988	8 10 12 16
989	18 2 5 6
990	7 3 9 10
991	1 8 6 10
992	5 10 8 3
993	18 14 4 6
994	10 16 4 11
995	4 9 1 7
996	1 11 7 18
997	5 16 3 18
998	8 3 14 13
999	5 1 2 13
1000	2 20 10 16
1001	13 17 10 12
1002	19 1 7 15
1003	16 10 17 6
1004	1 20 16 6
1005	9 14 12 5
1006	7 18 11 12
1007	6 19 12 8
1008	18 15 16 20
1009	14 1 20 19
1010	17 6 2 14
1011	4 1 16 15
1012	3 7 19 18
1013	20 18 14 2
1014	2 4 10 6
1015	6 5 2 11
1016	6 19 14 16
1017	4 1 11 3
1018	11 8 2 4
1019	3 18 12 11
1020	2 3 15 7
1021	8 17 16 5
1022	8 17 11 10
1023	4 5 15 17
1024	12 6 19 17
1025	11 1 6 18
1026	2 9 12 19
1027	16 9 15 18
1028	1 11 9 13
1029	10 2 5 4
1030	7 12 20 9
1031	10 20 14 4
1032	1 7 8 17
1033	19 16 11 17
1034	6 2 5 4
1035	13 16 10 3
1036	13 11 17 6
1037	13 11 14 10
1038	14 1 3 18
1039	8 7 11 16
1040	14 15 8 10
1041	2 11 3 8
1042	8 6 1 2
1043	18 8 1 13
1044	5 16 1 18
1045	14 4 18 1
1046	9 7 6 10
1047	15 8 1 5
1048	10 6 16 17
1049	4 5 7 16
1050	20 8 11 14
1051	20 11 15 13
1052	10 20 11 17
1053	14 10 15 1
1054	14 6 2 7
1055	8 5 15 14
1056	19 20 2 13
1057	20 11 12 4
1058	16 17 5 13
1059	12 5 15 10
1060	20 19 13 10
1061	7 15 18 5
1062	6 17 13 12
1063	19 4 7 12
1064	13 18 15 6
1065	10 5 3 16
1066	4 17 15 9
1067	5 19 20 4
1068	4 20 8 9
1069	16 6 14 15
1070	4 9 1 16
1071	4 8 19 2
1072	4 15 6 3
1073	1 8 14 3
1074	17 15 1 4
1075	18 14 13 2
1076	12 20 16 9
1077	5 13 10 6
1078	14 4 2 7
1079	6 15 4 9
1080	13 11 16 6
1081	15 7 14 9
1082	16 10 5 12
1083	3 15 5 7
1084	11 1 20 3
1085	13 5 16 12
1086	8 4 18 5
1087	1 15 4 2
1088	5 20 7 2
1089	19 11 10 2
1090	14 20 1 2
1091	5 2 13 11
1092	14 12 10 18
1093	3 19 2 5
1094	8 5 1 14
1095	17 5 18 15
1096	8 2 20 11
1097	17 8 14 5
1098	6 17 15 2
1099	16 14 17 10
1100	16 10 15 17
1101	20 1 3 13
1102	1 8 3 4
1103	11 19 14 15
1104	5 18 19 1
1105	1 8 16 12
1106	2 11 6 9
1107	2 17 11 5
1108	1 7 15 2
1109	11 10 6 14
1110	20 11 19 15
1111	1 9 7 17
1112	17 18 9 13
1113	13 20 17 10
1114	18 15 13 10
1115	8 15 16 5
1116	13 12 8 18
1117	7 13 12 4
1118	1 2 3 20
1119	2 15 6 3
1120	13 18 10 14
1121	20 16 12 5
1122	4 20 10 19
1123	4 7 6 14
1124	14 20 16 15
1125	11 17 6 20
1126	7 11 9 5
1127	16 19 13 2
1128	18 20 19 4
1129	5 4 19 10
1130	7 19 4 10
1131	3 2 9 4
1132	19 10 15 2
1133	13 5 17 12
1134	6 19 13 10
1135	12 16 5 6
1136	11 5 15 1
1137	18 12 16 7
1138	7 15 2 14
1139	1 6 3 2
1140	8 6 13 18
1141	19 17 1 13
1142	5 13 14 18
1143	7 1 13 20
1144	16 17 14 13
1145	13 14 10 19
1146	11 16 12 2
1147	16 5 3 18
1148	17 20 3 18
1149	13 3 6 9
1150	11 10 20 9
1151	15 1 19 6
1152	15 20 9 1
1153	2 12 16 14
1154	12 2 6 17
1155	12 7 11 4
1156	2 7 6 10
1157	11 10 6 19
1158	20 17 8 6
1159	13 18 16 10
1160	9 19 4 13
1161	20 18 4 9
1162	19 11 9 6
1163	6 15 8 5
1164	3 12 9 4
1165	19 7 9 5
1166	11 8 17 9
1167	3 10 7 12
1168	20 7 15 4
1169	4 6 2 20
1170	16 9 2 4
1171	15 7 3 11
1172	1 11 12 16
1173	8 4 16 6
1174	14 20 2 17
1175	10 1 3 19
1176	13 10 3 20
1177	20 1 13 9
1178	10 18 7 3
1179	13 11 15 1
1180	14 17 5 15
1181	7 6 14 5
1182	6 19 12 7
1183	8 2 1 17
1184	17 1 8 10
1185	11 14 19 3
1186	14 2 7 17
1187	1 11 3 20
1188	1 7 10 12
1189	17 15 8 7
1190	15 1 10 9
1191	17 8 6 7
1192	3 4 7 19
1193	13 9 11 2
1194	7 20 15 9
1195	11 13 10 7
1196	16 12 15 2
1197	8 5 3 10
1198	6 16 8 15
1199	16 1 15 18
1200	6 20 3 18
1201	7 15 16 4
1202	4 5 20 3
1203	9 5 15 13
1204	17 7 3 5
1205	1 13 17 12
1206	1 18 14 8
1207	8 18 2 7
1208	14 10 1 20
1209	5 15 10 19
1210	6 3 10 13
1211	10 1 14 2
1212	5 6 13 11
1213	20 10 17 16
1214	16 3 4 5
1215	8 15 14 17
1216	5 4 1 19
1217	19 14 20 5
1218	8 10 20 17
1219	11 8 6 9
1220	10 17 3 5
1221	20 15 17 4
1222	12 3 4 5
1223	9 7 6 10
1224	13 9 12 4
1225	1 18 9 17
1226	4 19 12 2
1227	17 9 1 12
1228	3 2 9 5
1229	20 15 9 17
1230	5 11 6 16
1231	10 17 19 13
1232	1 8 17 9
1233	15 1 8 5
1234	18 13 20 17
1235	5 13 6 2
1236	17 10 16 4
1237	14 8 19 10
1238	3 6 12 18
1239	20 5 15 18
1240	6 19 4 18
1241	4 3 15 20
1242	7 17 14 16
1243	19 9 20 8
1244	4 13 16 2
1245	11 13 2 16
1246	18 17 7 19
1247	13 14 12 16
1248	12 5 19 10
1249	15 11 5 6
1250	10 17 20 5
1251	8 14 13 7
1252	4 12 14 10
1253	20 7 9 3
1254	20 16 10 4
1255	7 2 19 18
1256	2 12 16 18
1257	5 9 18 16
1258	9 12 2 20
1259	10 5 13 1
1260	18 12 20 6
1261	16 19 12 1
1262	3 11 9 19
1263	19 1 8 14
1264	20 16 2 5
1265	16 15 1 6
1266	9 15 16 11
1267	5 4 8 7
1268	15 10 13 5
1269	20 9 19 13
1270	15 14 11 5
1271	15 13 12 9
1272	6 20 14 4
1273	19 13 6 4
1274	4 3 8 19
1275	2 4 17 13
1276	6 7 10 8
1277	10 19 1 2
1278	5 2 11 15
1279	8 10 1 2
1280	17 13 8 19
1281	7 10 4 18
1282	3 18 14 9
1283	8 5 9 10
1284	11 1 7 10
1285	16 12 9 2
1286	7 4 1 14
1287	2 14 4 3
1288	6 13 2 9
1289	8 13 16 2
1290	14 16 1 6
1291	12 11 13 19
1292	8 15 1 5
1293	7 10 4 17
1294	19 7 10 18
1295	8 6 14 15
1296	1 5 9 3
1297	3 14 12 17
1298	18 9 1 6
1299	9 14 4 16
1300	8 10 9 2
1301	17 12 19 6
1302	18 4 19 20
1303	6 10 4 19
1304	10 18 1 11
1305	3 5 2 15
1306	10 7 17 13
1307	8 10 2 5
1308	10 5 6 2
1309	2 20 17 16
1310	10 9 2 5
1311	20 6 4 14
1312	13 17 7 3
1313	1 16 3 8
1314	4 18 19 8
1315	14 19 20 11
1316	9 8 6 14
1317	3 1 20 15
1318	14 1 16 13
1319	2 3 9 1
1320	18 2 6 4
1321	19 1 8 16
1322	19 12 1 14
1323	15 16 13 14
1324	12 6 19 13
1325	12 5 17 2
1326	10 15 2 5
1327	11 10 16 12
1328	3 17 9 11
1329	10 20 4 15
1330	3 8 13 10
1331	9 5 3 14
1332	13 12 10 6
1333	1 4 15 11
1334	4 5 20 8
1335	11 10 17 5
1336	11 2 4 7
1337	13 4 12 18
1338	4 20 11 12
1339	14 2 10 7
1340	11 15 13 18
1341	1 13 11 16
1342	20 15 19 3
1343	16 1 6 13
1344	13 6 10 17
1345	1 2 3 19
1346	18 14 5 20
1347	10 16 3 5
1348	13 9 8 12
1349	7 16 8 5
1350	4 5 7 3
1351	20 15 4 1
1352	3 2 17 1
1353	10 6 15 14
1354	13 19 18 7
1355	9 14 6 17
1356	4 11 6 12
1357	10 11 8 13
1358	10 1 8 6
1359	5 12 9 17
1360	13 4 14 10
1361	9 16 15 5
1362	1 12 6 4
1363	13 10 4 19
1364	6 3 10 5
1365	15 14 20 16
1366	16 5 11 19
1367	18 10 14 20
1368	9 15 2 5
1369	16 15 6 4
1370	1 8 10 13
1371	7 2 5 19
1372	14 12 19 2
1373	15 20 4 5
1374	14 2 6 15
1375	4 16 10 8
1376	1 17 2 10
1377	8 16 10 11
1378	2 18 15 14
1379	4 7 13 3
1380	19 13 6 1
1381	7 2 9 16
1382	10 11 14 8
1383	18 16 7 6
1384	10 20 16 15
1385	12 10 14 8
1386	13 18 12 4
1387	3 6 2 18
1388	16 12 3 15
1389	5 8 19 13
1390	14 15 2 1
1391	17 9 7 10
1392	18 2 15 6
1393	14 17 5 9
1394	5 12 16 3
1395	17 3 4 18
1396	13 8 19 2
1397	15 10 2 20
1398	1 4 5 17
1399	13 15 4 12
1400	19 16 11 2
1401	11 1 5 2
1402	1 7 19 11
1403	12 5 3 11
1404	12 3 17 7
1405	3 19 2 9
1406	4 18 9 12
1407	11 15 2 9
1408	15 17 4 11
1409	12 20 7 16
1410	9 10 14 13
1411	16 1 4 19
1412	16 10 14 9
1413	13 8 3 11
1414	4 18 10 13
1415	20 11 18 1
1416	7 3 20 9
1417	12 6 14 15
1418	9 7 18 11
1419	11 17 10 13
1420	4 14 6 8
1421	11 20 13 19
1422	4 1 6 13
1423	12 14 3 11
1424	10 15 5 13
1425	14 16 12 8
1426	16 20 15 7
1427	6 20 13 17
1428	5 14 6 20
1429	14 2 10 20
1430	19 18 14 5
1431	13 3 2 14
1432	4 14 18 3
1433	14 20 3 5
1434	20 16 3 12
1435	12 2 8 15
1436	2 4 19 14
1437	8 2 11 6
1438	17 20 3 1
1439	10 1 15 16
1440	4 11 13 17
1441	3 4 11 14
1442	3 4 8 19
1443	15 9 20 3
1444	19 9 8 10
1445	16 6 4 20
1446	4 20 19 17
1447	9 18 12 1
1448	16 2 1 7
1449	7 2 18 17
1450	19 20 4 15
1451	15 14 19 4
1452	5 8 6 20
1453	7 1 2 14
1454	14 13 12 7
1455	4 16 6 8
1456	6 14 19 8
1457	3 15 5 4
1458	1 17 10 15
1459	12 20 3 4
1460	7 1 8 6
1461	2 13 11 1
1462	17 6 2 9
1463	13 5 18 19
1464	9 19 3 2
1465	11 5 12 20
1466	13 8 14 17
1467	1 17 7 20
1468	4 18 8 2
1469	14 9 11 20
1470	11 2 1 17
1471	5 18 13 8
1472	16 3 2 20
1473	15 11 3 13
1474	9 16 18 17
1475	6 18 16 9
1476	18 17 10 14
1477	5 17 18 4
1478	13 5 11 8
1479	4 14 11 8
1480	2 3 12 4
1481	3 9 19 16
1482	7 13 19 18
1483	7 9 3 20
1484	6 9 18 1
1485	2 6 12 18
1486	8 9 5 18
1487	17 8 1 14
1488	11 9 6 19
1489	15 16 6 5
1490	11 8 19 14
1491	12 14 9 10
1492	16 20 13 9
1493	15 9 1 4
1494	3 15 12 6
1495	15 10 9 20
1496	3 20 9 19
1497	4 19 14 7
1498	3 8 1 12
1499	11 10 12 19
1500	2 18 8 12
1501	20 12 14 4
1502	9 14 10 19
1503	13 18 19 16
1504	1 7 14 13
1505	4 17 12 16
1506	4 13 16 20
1507	2 5 19 13
1508	12 14 18 11
1509	18 19 13 15
1510	3 17 8 6
1511	9 12 6 20
1512	19 17 12 8
1513	4 16 20 7
1514	10 20 2 1
1515	8 18 4 1
1516	8 20 11 12
1517	13 12 10 8
1518	19 17 10 8
1519	10 1 20 5
1520	11 16 4 14
1521	2 14 10 3
1522	18 3 12 6
1523	14 20 13 3
1524	17 5 7 19
1525	10 3 11 6
1526	17 13 5 14
1527	9 11 19 6
1528	13 10 15 20
1529	17 2 18 14
1530	5 10 9 6
1531	20 12 15 13
1532	13 12 17 10
1533	11 12 7 15
1534	6 12 1 2
1535	7 5 8 9
1536	6 7 9 3
1537	5 20 10 12
1538	13 9 6 3
1539	20 17 7 10
1540	3 13 16 7
1541	1 15 20 3
1542	15 14 20 16
1543	17 3 11 14
1544	16 5 19 6
1545	3 13 6 1
1546	13 20 10 18
1547	4 15 7 14
1548	13 7 15 5
1549	8 7 14 15
1550	11 10 17 4
1551	5 16 4 11
1552	2 5 8 16
1553	6 20 1 16
1554	3 12 9 16
1555	17 19 10 13
1556	8 18 14 13
1557	19 10 4 14
1558	5 1 18 9
1559	6 11 20 19
1560	11 3 20 4
1561	17 4 9 16
1562	4 14 12 13
1563	2 16 17 9
1564	11 8 6 2
1565	3 18 19 1
1566	14 10 13 1
1567	18 8 15 10
1568	11 18 5 15
1569	13 11 18 7
1570	8 1 11 6
1571	14 18 9 6
1572	18 4 11 7
1573	11 16 2 17
1574	1 17 14 4
1575	13 18 4 8
1576	19 9 20 8
1577	3 14 18 13
1578	8 6 14 3
1579	9 3 13 16
1580	6 11 3 2
1581	7 17 1 6
1582	8 13 14 17
1583	5 7 6 14
1584	7 1 3 13
1585	17 3 10 1
1586	11 18 13 14
1587	11 13 10 19
1588	18 3 11 5
1589	10 13 8 2
1590	5 2 9 12
1591	19 7 13 16
1592	17 1 18 6
1593	1 20 7 9
1594	14 4 9 5
1595	18 2 19 9
1596	4 7 19 15
1597	3 6 16 9
1598	11 14 5 13
1599	10 6 13 2
1600	12 9 11 16
1601	6 14 3 10
1602	11 7 4 19
1603	16 7 9 15
1604	5 18 20 11
1605	6 5 2 16
1606	15 11 17 10
1607	18 8 2 1
1608	19 10 20 8
1609	20 1 14 18
1610	1 8 12 18
1611	14 13 15 3
1612	14 5 17 6
1613	8 11 4 9
1614	15 1 8 10
1615	9 15 11 10
1616	19 7 6 4
1617	5 14 7 17
1618	19 17 13 10
1619	8 10 6 17
1620	19 6 7 11
1621	6 4 16 7
1622	4 5 20 7
1623	6 11 17 15
1624	10 15 4 17
1625	10 12 5 8
1626	12 1 17 3
1627	13 3 20 11
1628	19 7 17 3
1629	14 11 9 18
1630	15 3 1 6
1631	5 17 12 15
1632	4 6 12 10
1633	20 5 19 10
1634	7 6 19 10
1635	18 9 17 5
1636	6 15 18 3
1637	8 16 5 11
1638	16 14 18 8
1639	10 19 17 16
1640	8 4 16 20
1641	18 16 3 19
1642	5 1 9 3
1643	14 15 16 18
1644	9 1 7 16
1645	11 8 12 20
1646	7 12 2 18
1647	13 16 19 17
1648	2 3 8 15
1649	15 3 7 11
1650	15 5 10 7
1651	4 8 18 17
1652	2 19 5 12
1653	16 19 3 15
1654	2 13 19 17
1655	9 19 12 10
1656	19 16 9 2
1657	5 18 15 3
1658	5 7 19 3
1659	14 15 16 19
1660	15 16 2 18
1661	7 17 3 13
1662	7 10 14 4
1663	17 2 8 1
1664	8 6 20 19
1665	7 6 1 10
1666	4 8 16 14
1667	10 15 2 9
1668	10 16 4 2
1669	8 14 1 2
1670	2 3 17 5
1671	13 15 11 7
1672	9 4 10 6
1673	14 12 16 6
1674	3 7 11 17
1675	16 8 5 20
1676	5 20 19 17
1677	19 9 2 6
1678	13 16 5 14
1679	4 18 15 20
1680	7 9 8 13
1681	8 6 15 3
1682	12 10 14 1
1683	13 3 5 7
1684	15 11 20 5
1685	12 4 1 16
1686	2 10 19 13
1687	5 14 10 13
1688	5 15 6 8
1689	19 1 4 20
1690	18 4 1 7
1691	20 10 11 6
1692	19 2 16 1
1693	18 8 12 19
1694	4 7 14 3
1695	1 9 15 2
1696	14 2 1 20
1697	14 6 17 2
1698	15 12 11 14
1699	4 8 3 19
1700	9 16 19 18
1701	7 11 18 10
1702	20 18 11 2
1703	16 17 3 20
1704	2 9 16 5
1705	20 5 11 9
1706	16 13 8 7
1707	1 15 16 11
1708	6 18 17 5
1709	10 9 11 4
1710	14 9 3 19
1711	11 16 5 6
1712	1 10 11 14
1713	6 10 15 3
1714	2 13 12 6
1715	18 8 15 13
1716	20 1 6 14
1717	13 19 16 3
1718	6 10 13 16
1719	12 4 17 9
1720	8 4 18 3
1721	7 15 14 12
1722	18 20 4 9
1723	7 15 1 5
1724	5 8 15 10
1725	15 12 5 17
1726	14 13 5 6
1727	7 1 19 8
1728	2 15 19 18
1729	17 16 11 9
1730	14 6 5 15
1731	3 17 18 13
1732	4 16 2 19
1733	10 8 3 6
1734	15 2 1 14
1735	16 17 13 11
1736	15 8 10 11
1737	7 14 12 11
1738	1 6 8 12
1739	7 18 6 20
1740	10 19 18 20
1741	14 19 3 9
1742	13 4 11 16
1743	2 5 19 6
1744	18 19 2 4
1745	13 19 20 6
1746	8 2 3 13
1747	6 1 8 3
1748	19 7 16 1
1749	17 15 2 1
1750	18 17 13 10
1751	9 6 3 20
1752	8 20 4 3
1753	17 14 15 12
1754	10 1 13 8
1755	18 7 10 3
1756	13 4 19 5
1757	16 14 3 11
1758	10 16 13 2
1759	8 14 18 9
1760	3 18 7 16
1761	5 9 3 18
1762	8 17 14 12
1763	1 16 6 14
1764	2 5 20 17
1765	11 16 14 17
1766	8 11 3 2
1767	7 13 8 18
1768	2 4 18 12
1769	4 15 1 11
1770	14 9 18 4
1771	1 6 3 19
1772	11 9 2 5
1773	16 13 2 14
1774	14 11 8 5
1775	14 6 5 1
1776	17 8 9 20
1777	7 8 4 3
1778	4 8 20 17
1779	2 17 11 7
1780	16 20 4 5
1781	17 18 7 13
1782	7 17 8 2
1783	13 4 11 8
1784	12 4 6 7
1785	16 15 6 12
1786	20 4 8 2
1787	3 4 2 9
1788	12 10 17 4
1789	15 2 9 1
1790	14 15 9 4
1791	3 1 10 7
1792	1 6 17 2
1793	3 7 19 8
1794	10 9 3 7
1795	1 7 17 18
1796	19 2 12 9
1797	18 8 10 14
1798	12 7 6 19
1799	6 15 16 1
1800	13 10 3 8
1801	13 10 20 15
1802	12 20 5 2
1803	17 5 16 8
1804	13 12 14 6
1805	3 18 16 7
1806	8 14 10 11
1807	2 4 19 15
1808	13 17 14 3
1809	4 15 14 3
1810	8 6 5 14
1811	1 14 6 13
1812	12 20 7 6
1813	13 17 6 3
1814	9 8 1 3
1815	11 18 16 17
1816	10 5 12 11
1817	11 18 5 1
1818	3 2 12 5
1819	4 18 9 8
1820	16 9 15 4
1821	1 18 2 13
1822	12 10 6 9
1823	12 20 8 10
1824	6 1 7 17
1825	7 15 1 14
1826	7 4 6 14
1827	20 5 17 15
1828	15 8 14 6
1829	16 3 13 20
1830	9 11 19 4
1831	15 14 16 19
1832	3 17 11 10
1833	1 19 16 7
1834	13 16 4 9
1835	11 12 6 19
1836	7 9 17 16
1837	20 12 14 16
1838	19 12 1 4
1839	3 12 7 10
1840	2 18 19 9
1841	10 12 5 14
1842	15 14 4 11
1843	15 8 5 16
1844	6 16 10 17
1845	11 20 9 2
1846	6 19 20 13
1847	7 20 18 1
1848	15 9 7 17
1849	15 18 3 7
1850	12 8 15 20
1851	13 3 1 18
1852	17 19 1 16
1853	16 18 1 17
1854	13 18 15 14
1855	6 12 2 16
1856	13 7 6 20
1857	19 20 15 13
1858	3 7 9 18
1859	7 10 15 4
1860	20 11 8 10
1861	14 19 20 5
1862	9 13 3 20
1863	5 15 2 11
1864	12 6 20 4
1865	2 3 15 12
1866	15 12 2 6
1867	5 9 20 14
1868	2 10 3 6
1869	19 1 2 12
1870	10 20 4 5
1871	8 3 9 13
1872	19 1 9 10
1873	11 20 16 8
1874	9 8 6 15
1875	19 3 16 17
1876	2 18 9 3
1877	10 14 8 6
1878	14 9 17 16
1879	1 17 10 6
1880	12 7 4 5
1881	17 5 7 15
1882	8 17 18 7
1883	18 6 3 20
1884	8 7 14 1
1885	10 5 13 2
1886	5 17 15 12
1887	11 15 12 9
1888	6 14 15 7
1889	1 20 12 16
1890	18 19 15 8
1891	14 18 8 7
1892	20 7 3 13
1893	13 7 14 9
1894	16 8 12 2
1895	17 9 8 3
1896	9 12 16 14
1897	2 11 4 12
1898	18 9 3 6
1899	8 17 9 18
1900	1 11 13 12
1901	11 1 10 8
1902	2 5 17 8
1903	20 10 2 13
1904	6 14 4 8
1905	8 16 3 4
1906	20 12 9 18
1907	14 4 11 3
1908	13 20 9 16
1909	2 3 8 20
1910	17 13 3 20
1911	19 7 12 11
1912	3 15 16 11
1913	4 19 20 16
1914	3 14 7 6
1915	1 20 17 8
1916	14 1 12 9
1917	18 17 14 10
1918	6 1 10 15
1919	7 12 20 3
1920	6 17 4 3
1921	1 11 10 18
1922	1 10 8 11
1923	8 2 10 12
1924	12 20 9 17
1925	1 17 6 19
1926	9 6 10 1
1927	11 3 4 14
1928	15 18 2 12
1929	17 8 18 2
1930	14 3 9 12
1931	16 3 5 17
1932	4 7 18 1
1933	11 2 19 8
1934	8 2 11 5
1935	20 10 19 18
1936	3 20 9 18
1937	6 13 7 17
1938	10 5 4 15
1939	6 1 3 5
1940	20 18 7 5
1941	17 11 9 8
1942	18 6 16 8
1943	20 17 16 1
1944	19 8 14 7
1945	10 14 1 5
1946	10 15 20 16
1947	3 17 15 12
1948	12 8 5 3
1949	9 2 5 13
1950	4 14 11 17
1951	3 13 14 9
1952	10 4 6 18
1953	18 7 1 16
1954	20 12 18 19
1955	7 10 17 14
1956	9 6 11 4
1957	14 20 16 10
1958	6 2 15 9
1959	15 2 8 19
1960	6 16 11 15
1961	20 18 4 8
1962	17 7 8 10
1963	1 13 3 7
1964	1 19 16 6
1965	20 8 2 5
1966	14 11 12 10
1967	14 13 16 3
1968	5 19 9 1
1969	10 4 7 1
1970	2 1 11 12
1971	8 18 9 13
1972	8 18 1 3
1973	19 18 10 17
1974	2 13 18 7
1975	2 16 1 13
1976	3 15 5 11
1977	15 20 16 8
1978	20 2 1 15
1979	17 1 13 14
1980	3 10 4 14
1981	8 6 3 1
1982	3 4 8 20
1983	16 1 18 7
1984	20 10 8 9
1985	8 20 2 3
1986	5 13 3 18
1987	15 20 11 7
1988	16 13 10 9
1989	18 12 15 20
1990	3 12 11 4
1991	6 9 20 1
1992	15 8 1 14
1993	17 5 12 20
1994	6 9 20 10
1995	4 6 5 17
1996	4 16 12 20
1997	7 2 8 3
1998	14 7 4 13
1999	14 11 15 19
2000	20 10 1 17
2001	16 3 8 18
2002	6 10 20 11
2003	8 4 16 18
2004	9 4 15 1
2005	1 8 5 7
2006	11 3 9 19
2007	4 18 5 2
2008	17 8 4 2
2009	5 8 17 2
2010	11 12 3 5
2011	6 14 5 16
2012	20 4 14 2
2013	4 1 14 12
2014	15 16 14 11
2015	9 4 14 17
2016	16 5 10 4
2017	16 6 14 9
2018	10 3 16 13
2019	19 2 8 18
2020	11 20 14 19
2021	1 6 18 9
2022	4 12 16 14
2023	6 1 9 3
2024	10 3 15 6
2025	6 18 9 11
2026	18 1 20 13
2027	2 11 12 15
2028	10 13 12 20
2029	7 19 8 3
2030	14 4 15 19
2031	9 19 12 5
2032	2 6 18 7
2033	1 13 14 5
2034	6 11 16 9
2035	5 12 20 4
2036	14 6 13 20
2037	4 20 16 19
2038	1 5 14 19
2039	17 16 11 12
2040	8 3 20 13
2041	8 10 11 5
2042	7 2 15 4
2043	2 20 9 18
2044	5 10 8 17
2045	16 1 14 6
2046	20 5 6 10
2047	12 3 13 10
2048	10 16 14 8
2049	19 2 13 15
2050	10 3 18 4
2051	11 17 20 8
2052	8 9 7 6
2053	8 7 9 2
2054	14 16 17 15
2055	13 9 2 7
2056	15 4 18 11
2057	1 2 20 5
2058	4 2 8 3
2059	15 19 11 20
2060	4 18 6 16
2061	12 15 2 18
2062	4 1 17 6
2063	6 15 8 17
2064	13 18 2 12
2065	13 19 18 16
2066	19 15 11 3
2067	1 3 5 15
2068	10 1 3 2
2069	12 1 8 11
2070	6 8 14 3
2071	5 9 13 19
2072	9 1 16 4
2073	16 17 13 8
2074	6 10 3 9
2075	15 7 14 9
2076	8 13 10 20
2077	3 20 7 9
2078	12 20 5 17
2079	20 14 17 10
2080	10 20 17 18
2081	7 13 5 17
2082	16 12 2 17
2083	19 14 11 10
2084	19 17 6 13
2085	6 14 5 17
2086	1 13 6 8
2087	5 15 12 11
2088	2 14 17 6
2089	9 5 20 13
2090	16 1 14 5
2091	3 1 17 7
2092	8 2 15 16
2093	16 12 1 7
2094	15 1 4 18
2095	9 3 16 14
2096	17 2 5 13
2097	6 5 14 9
2098	4 2 14 15
2099	5 13 14 18
2100	4 12 1 17
2101	5 6 12 17
2102	14 15 18 4
2103	16 18 3 1
2104	14 6 13 2
2105	1 15 12 13
2106	17 14 19 13
2107	13 17 14 15
2108	16 7 18 2
2109	7 13 8 19
2110	14 2 4 5
2111	15 20 3 5
2112	18 9 5 13
2113	17 15 11 14
2114	15 5 20 9
2115	17 9 18 20
2116	8 3 16 20
2117	17 16 15 12
2118	9 7 2 12
2119	11 15 18 4
2120	4 3 10 17
2121	4 2 19 13
2122	8 10 9 13
2123	4 2 15 14
2124	20 18 7 19
2125	1 15 13 2
2126	15 1 6 10
2127	8 10 3 11
2128	8 14 2 9
2129	16 4 5 6
2130	14 1 8 13
2131	5 16 19 6
2132	20 15 17 7
2133	10 12 19 6
2134	13 10 1 20
2135	16 11 9 4
2136	11 3 6 8
2137	13 4 8 12
2138	20 19 7 3
2139	5 9 1 16
2140	12 3 9 4
2141	4 11 3 19
2142	17 8 15 3
2143	5 7 19 4
2144	3 8 9 16
2145	17 4 1 13
2146	19 15 10 11
2147	19 13 7 17
2148	10 12 7 4
2149	10 14 20 8
2150	2 11 20 4
2151	10 7 17 2
2152	20 8 16 18
2153	3 16 11 10
2154	8 16 18 15
2155	6 3 18 1
2156	9 14 15 12
2157	10 20 19 5
2158	1 17 16 8
2159	4 10 19 2
2160	8 13 10 1
2161	15 10 2 14
2162	2 14 10 11
2163	20 15 11 7
2164	11 17 14 5
2165	6 2 13 7
2166	19 2 4 15
2167	1 7 17 8
2168	11 12 6 17
2169	13 4 3 1
2170	7 13 6 20
2171	17 11 9 4
2172	19 18 12 9
2173	2 17 3 14
2174	20 4 11 16
2175	11 10 18 16
2176	12 15 11 16
2177	3 1 18 16
2178	14 3 7 20
2179	17 5 19 7
2180	17 9 7 2
2181	3 16 10 19
2182	16 2 4 3
2183	18 2 1 10
2184	18 19 9 7
2185	4 1 9 6
2186	19 20 1 8
2187	15 11 12 2
2188	20 4 12 13
2189	20 11 5 6
2190	1 11 16 18
2191	1 2 9 11
2192	16 6 8 11
2193	6 12 3 19
2194	20 8 1 3
2195	3 5 16 7
2196	19 14 6 18
2197	6 15 2 7
2198	20 17 1 10
2199	4 20 11 5
2200	6 20 1 17
2201	9 16 2 8
2202	3 2 9 14
2203	3 7 19 12
2204	4 10 11 1
2205	13 2 18 9
2206	12 1 16 13
2207	10 12 15 7
2208	19 11 14 6
2209	3 15 9 1
2210	9 1 11 6
2211	20 13 8 18
2212	8 12 18 15
2213	9 4 2 6
2214	18 7 9 6
2215	20 1 3 4
2216	2 12 4 13
2217	13 10 1 20
2218	13 2 10 5
2219	2 6 8 7
2220	10 17 7 1
2221	17 10 16 3
2222	19 12 5 6
2223	6 12 9 17
2224	9 3 20 12
2225	6 9 14 2
2226	2 18 16 17
2227	18 3 10 4
2228	1 9 16 18
2229	17 5 16 10
2230	12 16 9 18
2231	6 15 8 16
2232	20 17 2 12
2233	17 2 20 10
2234	20 4 17 14
2235	2 9 17 11
2236	9 14 20 12
2237	16 11 4 1
2238	19 13 15 2
2239	13 3 18 7
2240	6 19 4 7
2241	2 9 15 11
2242	14 17 19 20
2243	14 12 4 6
2244	14 12 20 7
2245	20 13 2 19
2246	1 3 16 20
2247	10 5 3 11
2248	16 10 19 1
2249	19 20 18 11
2250	16 5 9 17
2251	3 11 8 19
2252	5 17 14 10
2253	10 7 3 1
2254	18 15 10 17
2255	14 2 6 11
2256	16 20 8 12
2257	10 12 3 7
2258	4 20 2 16
2259	11 19 3 5
2260	18 6 19 15
2261	11 16 20 18
2262	8 18 10 1
2263	20 9 19 5
2264	14 3 16 18
2265	8 9 3 20
2266	14 4 19 10
2267	10 15 1 13
2268	5 19 16 3
2269	2 17 11 3
2270	14 20 4 13
2271	20 17 11 14
2272	20 12 9 8
2273	19 10 14 13
2274	5 1 10 18
2275	2 15 17 11
2276	12 10 2 4
2277	20 15 6 18
2278	19 20 12 8
2279	9 5 3 2
2280	7 12 8 13
2281	1 10 20 7
2282	2 9 12 13
2283	14 19 8 16
2284	16 7 8 15
2285	12 19 14 7
2286	8 19 14 18
2287	6 10 12 11
2288	3 20 19 4
2289	8 13 18 9
2290	6 13 19 1
2291	11 19 8 17
2292	7 1 9 8
2293	5 9 15 2
2294	7 11 13 15
2295	18 19 14 5
2296	6 20 8 16
2297	12 9 16 3
2298	14 9 10 5
2299	14 10 2 20
2300	16 2 19 13
2301	20 5 19 15
2302	3 11 5 17
2303	18 2 13 10
2304	10 9 5 6
2305	12 8 11 16
2306	2 7 9 20
2307	11 15 8 14
2308	2 5 13 18
2309	20 4 7 3
2310	9 12 2 19
2311	20 17 13 18
2312	4 11 19 10
2313	5 4 11 7
2314	5 17 19 16
2315	12 9 2 14
2316	18 8 5 12
2317	16 6 3 17
2318	11 15 20 19
2319	14 2 3 16
2320	15 2 10 8
2321	18 8 11 7
2322	7 11 17 19
2323	15 10 12 13
2324	3 6 15 11
2325	19 18 15 8
2326	7 6 11 20
2327	6 2 13 10
2328	18 17 6 12
2329	1 2 3 8
2330	14 10 19 12
2331	17 8 19 16
2332	10 16 13 12
2333	14 13 8 19
2334	2 16 1 14
2335	3 8 11 9
2336	20 14 5 15
2337	9 17 6 16
2338	16 4 13 1
2339	9 3 14 15
2340	19 9 7 4
2341	15 6 8 1
2342	11 1 9 8
2343	19 18 11 12
2344	18 11 12 16
2345	11 17 6 5
2346	10 6 16 18
2347	13 15 18 16
2348	5 14 13 12
2349	5 19 2 15
2350	19 5 4 6
2351	5 4 14 18
2352	5 9 13 3
2353	11 7 3 2
2354	16 18 15 11
2355	9 11 7 12
2356	12 19 11 8
2357	5 12 7 2
2358	11 1 12 8
2359	11 13 18 1
2360	6 19 12 20
2361	15 7 1 5
2362	9 6 10 15
2363	10 2 9 5
2364	7 6 9 2
2365	17 7 1 13
2366	1 9 10 13
2367	11 1 18 9
2368	2 15 5 14
2369	10 9 19 3
2370	12 3 9 13
2371	14 9 4 19
2372	1 10 7 3
2373	4 3 19 10
2374	5 17 2 9
2375	3 2 12 15
2376	11 18 13 9
2377	11 17 9 12
2378	19 4 8 11
2379	20 15 17 5
2380	11 18 8 17
2381	8 6 2 20
2382	6 18 16 8
2383	1 10 4 6
2384	1 8 20 6
2385	8 2 15 19
2386	18 10 15 2
2387	2 13 6 20
2388	9 1 15 17
2389	7 6 5 11
2390	10 19 18 20
2391	1 18 15 10
2392	3 14 19 2
2393	2 18 8 6
2394	19 12 16 4
2395	16 20 14 1
2396	7 2 13 8
2397	9 6 11 7
2398	18 19 4 3
2399	13 12 7 15
2400	3 9 7 13
2401	11 1 20 16
2402	16 9 5 1
2403	14 8 1 4
2404	7 16 14 8
2405	9 10 13 8
2406	18 7 15 10
2407	19 11 10 6
2408	6 9 13 10
2409	2 17 4 14
2410	1 11 19 12
2411	20 18 17 5
2412	18 17 16 4
2413	6 15 11 7
2414	16 15 5 3
2415	1 10 17 13
2416	10 1 4 20
2417	18 14 9 15
2418	11 18 9 17
2419	11 20 19 18
2420	18 11 16 8
2421	6 10 4 20
2422	1 15 16 19
2423	2 10 19 8
2424	20 6 18 17
2425	18 19 8 11
2426	18 7 13 3
2427	3 8 18 7
2428	7 19 10 5
2429	17 14 18 16
2430	14 6 17 7
2431	11 20 3 10
2432	4 6 17 11
2433	4 20 6 15
2434	20 14 7 1
2435	3 20 12 4
2436	4 17 8 20
2437	13 4 19 16
2438	12 18 7 15
2439	1 14 6 13
2440	14 4 7 20
2441	1 4 11 3
2442	3 18 16 14
2443	17 20 4 7
2444	13 10 15 7
2445	20 2 14 4
2446	9 3 19 7
2447	17 13 7 20
2448	9 7 10 12
2449	13 20 15 17
2450	1 6 20 2
2451	11 4 2 7
2452	15 7 3 20
2453	20 14 7 1
2454	7 16 4 6
2455	14 20 6 16
2456	6 14 3 18
2457	15 20 18 10
2458	19 11 13 14
2459	2 17 16 9
2460	3 10 15 13
2461	19 9 6 12
2462	9 11 1 19
2463	9 18 17 2
2464	3 13 19 10
2465	6 19 8 7
2466	11 14 15 19
2467	17 10 3 7
2468	19 4 6 7
2469	6 13 16 17
2470	18 20 7 10
2471	1 7 8 20
2472	1 17 16 14
2473	5 11 10 9
2474	3 11 1 7
2475	10 6 16 15
2476	5 3 6 20
2477	5 8 14 7
2478	6 17 11 15
2479	2 16 17 4
2480	8 17 7 6
2481	11 5 9 20
2482	5 15 19 14
2483	1 16 2 3
2484	15 16 9 7
2485	2 17 10 18
2486	9 10 11 1
2487	1 13 12 5
2488	11 6 19 9
2489	19 13 9 15
2490	17 8 19 2
2491	18 12 7 20
2492	14 1 6 7
2493	15 13 11 6
2494	7 20 3 13
2495	14 13 7 11
2496	10 18 20 12
2497	15 3 11 8
2498	16 19 2 5
2499	4 9 10 18
2500	5 13 6 12
2501	4 17 11 1
2502	14 16 12 2
2503	2 5 13 7
2504	19 4 7 8
2505	9 4 8 17
2506	17 15 10 5
2507	1 6 2 18
2508	12 2 15 1
2509	19 17 8 12
2510	1 8 2 19
2511	19 17 7 13
2512	14 18 19 4
2513	12 2 18 6
2514	18 7 20 8
2515	3 7 2 19
2516	20 16 9 13
2517	7 2 6 1
2518	16 8 7 20
2519	7 12 10 15
2520	9 5 19 20
2521	9 19 5 11
2522	15 7 3 10
2523	14 15 7 13
2524	10 7 12 9
2525	19 14 6 5
2526	12 6 13 10
2527	12 3 10 11
2528	14 12 4 19
2529	3 11 10 18
2530	7 15 8 14
2531	6 11 13 4
2532	18 13 6 1
2533	13 11 14 7
2534	8 1 14 17
2535	14 13 7 16
2536	3 2 8 15
2537	8 7 15 20
2538	3 17 15 14
2539	9 8 6 3
2540	16 7 20 8
2541	17 5 3 16
2542	12 19 4 13
2543	20 8 13 9
2544	8 12 14 16
2545	9 3 12 18
2546	3 19 4 7
2547	8 14 15 11
2548	4 12 2 1
2549	7 19 14 8
2550	18 14 10 4
2551	8 7 15 1
2552	1 3 7 20
2553	5 6 2 18
2554	16 10 20 8
2555	19 10 6 5
2556	2 14 20 4
2557	14 3 1 7
2558	2 12 3 20
2559	14 2 18 8
2560	2 4 13 12
2561	11 7 17 16
2562	17 19 15 18
2563	16 15 4 12
2564	1 13 19 6
2565	18 15 7 12
2566	5 9 4 3
2567	12 16 7 8
2568	4 8 18 10
2569	13 12 8 4
2570	10 13 17 6
2571	1 12 19 20
2572	4 14 3 9
2573	13 18 19 15
2574	16 9 13 8
2575	7 15 20 5
2576	1 15 11 4
2577	18 1 2 5
2578	10 14 1 19
2579	17 11 9 4
2580	19 14 16 15
2581	15 6 14 20
2582	12 3 13 15
2583	19 7 17 5
2584	18 6 13 4
2585	15 8 9 12
2586	16 10 7 9
2587	7 10 13 14
2588	13 10 2 12
2589	2 15 13 9
2590	15 10 8 6
2591	11 4 1 14
2592	1 4 3 5
2593	4 11 3 2
2594	5 19 20 17
2595	18 8 4 7
2596	15 6 20 7
2597	7 18 14 16
2598	7 17 8 4
2599	5 10 19 1
2600	5 1 15 9
2601	17 10 8 2
2602	8 18 16 1
2603	7 5 6 13
2604	15 17 6 13
2605	13 20 5 19
2606	6 18 1 3
2607	7 1 16 14
2608	8 10 12 4
2609	16 11 19 10
2610	14 4 3 11
2611	19 5 7 9
2612	19 15 16 12
2613	5 13 3 7
2614	5 10 19 9
2615	16 7 13 19
2616	14 8 9 2
2617	19 15 3 6
2618	15 2 19 12
2619	4 15 5 11
2620	11 15 13 18
2621	19 16 10 14
2622	14 17 13 12
2623	15 8 7 1
2624	1 5 10 14
2625	5 12 7 17
2626	20 7 12 18
2627	6 13 3 8
2628	3 12 10 7
2629	11 20 2 19
2630	5 17 19 15
2631	10 20 7 17
2632	19 9 1 16
2633	15 1 3 13
2634	4 11 6 2
2635	8 11 1 12
2636	2 16 18 20
2637	9 10 16 19
2638	13 10 3 17
2639	16 13 17 7
2640	2 18 11 10
2641	1 17 3 8
2642	1 18 14 2
2643	14 8 15 19
2644	17 7 14 8
2645	7 11 14 1
2646	19 10 5 14
2647	3 6 7 16
2648	19 8 5 11
2649	8 7 18 3
2650	12 7 9 13
2651	10 7 4 11
2652	12 14 6 20
2653	6 17 10 16
2654	15 9 13 20
2655	2 19 1 11
2656	6 16 10 5
2657	1 16 13 2
2658	13 11 2 1
2659	3 15 17 20
2660	16 2 13 12
2661	14 18 4 15
2662	7 3 18 6
2663	18 7 14 11
2664	16 14 12 11
2665	15 17 2 10
2666	19 12 7 13
2667	12 9 11 10
2668	10 2 12 18
2669	14 13 3 6
2670	16 5 4 12
2671	19 2 8 18
2672	18 8 14 11
2673	6 13 1 17
2674	9 8 10 20
2675	5 12 2 6
2676	5 16 3 2
2677	2 3 12 17
2678	4 19 1 11
2679	9 11 6 12
2680	14 13 4 2
2681	5 3 14 20
2682	5 12 1 8
2683	7 14 10 13
2684	5 17 8 9
2685	6 10 15 19
2686	13 19 9 17
2687	4 17 2 14
2688	2 13 4 16
2689	13 8 16 15
2690	10 11 20 7
2691	2 13 15 4
2692	20 2 14 5
2693	1 4 8 17
2694	19 10 13 1
2695	15 12 17 19
2696	1 16 17 8
2697	14 5 6 11
2698	14 13 8 16
2699	11 6 14 3
2700	3 9 5 16
2701	5 8 4 2
2702	13 18 17 3
2703	7 9 10 17
2704	10 7 2 12
2705	19 9 4 5
2706	8 16 18 2
2707	17 20 8 19
2708	14 8 18 11
2709	19 15 4 14
2710	11 14 4 1
2711	10 7 14 8
2712	11 9 5 10
2713	12 18 9 16
2714	18 16 10 15
2715	13 17 8 7
2716	19 11 15 8
2717	19 11 6 18
2718	20 11 6 13
2719	16 10 12 3
2720	8 13 14 7
2721	18 14 13 15
2722	1 8 14 17
2723	7 16 12 5
2724	14 16 4 19
2725	7 15 17 18
2726	16 18 19 3
2727	1 6 3 19
2728	18 2 14 7
2729	1 3 15 16
2730	10 8 2 14
2731	5 6 17 3
2732	10 6 7 8
2733	14 9 6 5
2734	7 8 14 17
2735	12 6 7 1
2736	4 11 3 17
2737	3 20 18 11
2738	10 15 1 17
2739	15 17 18 9
2740	7 3 11 14
2741	16 13 20 19
2742	14 18 5 16
2743	19 10 3 9
2744	13 11 6 1
2745	5 4 15 19
2746	12 1 13 3
2747	5 3 4 19
2748	12 1 5 8
2749	10 14 12 18
2750	4 18 9 14
2751	19 7 2 14
2752	12 14 8 13
2753	9 6 2 10
2754	19 8 16 9
2755	20 1 7 18
2756	18 14 3 17
2757	2 12 18 4
2758	7 20 19 14
2759	5 2 15 1
2760	5 7 14 18
2761	17 12 14 9
2762	16 7 3 13
2763	19 2 14 10
2764	1 17 12 20
2765	8 12 6 7
2766	1 19 15 10
2767	11 10 17 6
2768	3 4 18 16
2769	12 4 13 14
2770	8 14 1 19
2771	3 19 4 17
2772	19 18 3 16
2773	6 1 20 14
2774	11 6 2 19
2775	3 19 13 16
2776	1 8 6 14
2777	7 6 1 4
2778	18 10 14 1
2779	9 20 18 8
2780	13 14 10 11
2781	2 10 20 19
2782	11 4 12 17
2783	1 8 13 7
2784	2 4 14 9
2785	8 6 13 19
2786	16 14 17 5
2787	17 15 14 12
2788	8 18 9 3
2789	13 1 17 14
2790	5 1 2 20
2791	7 18 4 9
2792	11 2 4 13
2793	7 8 15 19
2794	19 9 17 1
2795	7 6 15 16
2796	16 2 11 19
2797	15 4 11 14
2798	15 14 20 6
2799	4 14 12 17
2800	19 17 20 10
2801	5 2 14 4
2802	6 13 15 17
2803	7 13 9 20
2804	19 13 12 8
2805	17 6 11 2
2806	18 17 2 1
2807	1 18 9 16
2808	9 20 18 2
2809	12 11 1 17
2810	14 20 19 17
2811	14 6 19 17
2812	10 9 2 15
2813	14 1 12 16
2814	13 3 8 14
2815	20 1 3 17
2816	8 12 19 20
2817	4 10 6 1
2818	10 2 14 3
2819	5 19 16 6
2820	14 3 4 17
2821	9 18 8 7
2822	5 2 18 12
2823	16 6 12 3
2824	13 9 12 20
2825	11 10 4 16
2826	12 5 8 18
2827	6 15 17 2
2828	10 1 3 19
2829	15 18 11 14
2830	1 11 3 4
2831	4 5 13 10
2832	14 15 5 12
2833	1 17 2 7
2834	11 15 19 10
2835	1 7 11 20
2836	2 10 14 17
2837	6 10 15 9
2838	11 10 6 17
2839	10 6 3 18
2840	17 13 3 4
2841	13 1 10 16
2842	18 4 10 15
2843	1 7 17 11
2844	8 9 19 1
2845	7 9 13 2
2846	13 18 10 1
2847	7 1 18 9
2848	3 11 6 12
2849	16 15 13 17
2850	4 20 10 12
2851	18 16 17 20
2852	12 10 13 7
2853	7 6 5 19
2854	3 1 13 12
2855	9 13 18 17
2856	20 18 2 1
2857	9 18 20 7
2858	13 10 12 14
2859	2 11 17 20
2860	10 8 17 18
2861	1 4 17 11
2862	2 15 9 6
2863	12 2 7 13
2864	1 12 19 2
2865	9 13 15 2
2866	2 14 19 11
2867	17 19 10 8
2868	3 11 10 19
2869	7 18 5 4
2870	7 1 17 10
2871	17 16 5 20
2872	19 9 15 8
2873	13 8 15 19
2874	9 18 3 7
2875	15 3 17 5
2876	9 1 17 12
2877	9 11 12 13
2878	4 2 19 13
2879	13 8 1 10
2880	20 14 1 15
2881	10 9 14 19
2882	14 1 11 13
2883	5 18 20 12
2884	8 15 20 12
2885	17 12 4 6
2886	9 2 5 13
2887	7 20 6 1
2888	6 18 7 20
2889	12 6 3 15
2890	7 4 14 18
2891	19 20 8 3
2892	7 6 2 10
2893	12 14 17 4
2894	12 7 14 8
2895	1 12 8 2
2896	20 6 4 9
2897	20 6 4 19
2898	5 11 14 2
2899	6 18 1 2
2900	15 3 6 10
2901	12 7 19 5
2902	7 4 1 6
2903	1 12 8 16
2904	13 18 16 17
2905	11 17 4 8
2906	6 17 12 18
2907	4 12 10 16
2908	6 15 3 9
2909	6 2 5 4
2910	4 9 5 20
2911	11 15 2 8
2912	10 2 12 1
2913	3 19 2 9
2914	3 18 17 13
2915	12 19 6 9
2916	11 13 12 8
2917	2 6 9 19
2918	16 19 10 20
2919	17 16 20 10
2920	14 18 1 13
2921	12 15 13 10
2922	7 18 13 19
2923	4 16 2 19
2924	6 4 13 14
2925	12 2 7 19
2926	10 5 9 1
2927	1 18 4 7
2928	3 1 5 19
2929	13 8 12 9
2930	16 8 13 6
2931	18 1 20 11
2932	8 10 4 12
2933	11 7 13 2
2934	3 12 4 14
2935	10 1 3 12
2936	14 15 3 18
2937	8 6 3 20
2938	18 19 4 13
2939	17 2 20 11
2940	5 4 9 3
2941	5 3 17 12
2942	17 11 19 13
2943	17 18 2 9
2944	17 2 10 16
2945	3 7 15 4
2946	5 11 12 2
2947	14 15 19 16
2948	17 5 18 15
2949	5 18 9 2
2950	6 18 14 11
2951	6 12 20 9
2952	20 4 19 15
2953	11 2 8 15
2954	10 8 11 16
2955	9 8 6 10
2956	12 5 3 18
2957	6 3 2 15
2958	13 18 4 15
2959	5 17 10 6
2960	5 1 9 15
2961	19 3 1 17
2962	5 11 14 17
2963	9 6 18 20
2964	8 6 16 1
2965	13 6 3 17
2966	5 17 2 7
2967	9 17 20 6
2968	4 17 14 20
2969	18 17 8 7
2970	8 3 19 11
2971	14 13 18 6
2972	12 8 7 10
2973	11 10 2 13
2974	4 18 14 19
2975	10 20 3 5
2976	6 1 14 20
2977	12 11 6 4
2978	18 15 20 9
2979	6 16 7 19
2980	2 11 17 1
2981	6 16 11 3
2982	1 18 6 7
2983	6 20 12 15
2984	4 15 3 6
2985	9 3 13 18
2986	10 18 16 7
2987	9 13 4 17
2988	5 3 4 19
2989	7 1 2 12
2990	7 6 2 8
2991	4 10 20 1
2992	2 1 9 10
2993	18 3 14 2
2994	15 3 1 5
2995	1 7 10 12
2996	3 17 18 20
2997	8 9 14 1
2998	1 18 12 5
2999	4 12 13 14
3000	4 15 20 2
