Class Times	8
Rooms	100
1	131
2	561
3	975
4	103
5	665
6	538
7	130
8	388
9	350
10	259
11	761
12	116
13	667
14	646
15	597
16	53
17	189
18	843
19	683
20	167
21	535
22	125
23	450
24	295
25	98
26	603
27	714
28	766
29	440
30	700
31	404
32	511
33	860
34	819
35	990
36	352
37	482
38	343
39	214
40	62
41	416
42	175
43	711
44	498
45	306
46	398
47	515
48	89
49	932
50	406
51	956
52	633
53	123
54	866
55	56
56	356
57	466
58	391
59	315
60	52
61	375
62	419
63	693
64	84
65	18
66	171
67	588
68	939
69	400
70	137
71	640
72	698
73	766
74	746
75	518
76	411
77	365
78	100
79	69
80	355
81	739
82	678
83	51
84	971
85	785
86	558
87	745
88	771
89	460
90	950
91	573
92	737
93	674
94	159
95	507
96	230
97	960
98	741
99	766
100	884
Classes	600
Teachers	300
1	21
2	293
3	220
4	36
5	121
6	158
7	144
8	233
9	128
10	135
11	292
12	282
13	3
14	202
15	270
16	209
17	234
18	273
19	91
20	34
21	6
22	42
23	95
24	225
25	24
26	162
27	47
28	194
29	162
30	20
31	243
32	135
33	143
34	211
35	138
36	82
37	242
38	57
39	199
40	261
41	150
42	58
43	20
44	54
45	184
46	192
47	180
48	137
49	110
50	223
51	299
52	116
53	284
54	131
55	226
56	287
57	173
58	58
59	161
60	48
61	281
62	52
63	252
64	56
65	9
66	66
67	297
68	1
69	137
70	220
71	51
72	246
73	232
74	295
75	210
76	27
77	119
78	175
79	298
80	193
81	55
82	54
83	40
84	55
85	233
86	28
87	47
88	108
89	62
90	27
91	262
92	171
93	125
94	192
95	62
96	69
97	234
98	235
99	252
100	207
101	223
102	208
103	265
104	175
105	33
106	100
107	147
108	231
109	206
110	280
111	131
112	156
113	268
114	26
115	141
116	273
117	105
118	159
119	76
120	285
121	69
122	294
123	225
124	86
125	1
126	114
127	48
128	211
129	43
130	65
131	230
132	251
133	240
134	217
135	218
136	95
137	103
138	248
139	10
140	116
141	56
142	285
143	184
144	143
145	140
146	226
147	212
148	123
149	43
150	152
151	139
152	190
153	8
154	100
155	144
156	262
157	299
158	160
159	260
160	171
161	172
162	105
163	19
164	195
165	249
166	152
167	296
168	85
169	110
170	107
171	276
172	88
173	99
174	177
175	76
176	23
177	202
178	113
179	99
180	114
181	170
182	96
183	142
184	17
185	23
186	194
187	35
188	289
189	280
190	276
191	261
192	235
193	218
194	292
195	84
196	170
197	214
198	119
199	89
200	210
201	266
202	189
203	295
204	249
205	247
206	51
207	96
208	30
209	231
210	60
211	68
212	264
213	122
214	91
215	124
216	255
217	83
218	46
219	163
220	52
221	122
222	294
223	173
224	61
225	29
226	31
227	108
228	212
229	133
230	242
231	53
232	269
233	86
234	45
235	246
236	228
237	98
238	46
239	196
240	106
241	270
242	128
243	145
244	193
245	78
246	113
247	149
248	182
249	267
250	44
251	42
252	75
253	222
254	189
255	268
256	39
257	221
258	120
259	83
260	11
261	136
262	136
263	278
264	176
265	201
266	293
267	253
268	151
269	67
270	291
271	66
272	39
273	33
274	78
275	228
276	207
277	139
278	115
279	6
280	101
281	286
282	277
283	197
284	79
285	7
286	254
287	177
288	236
289	80
290	9
291	121
292	190
293	125
294	117
295	75
296	274
297	132
298	4
299	118
300	61
301	35
302	163
303	205
304	213
305	142
306	16
307	238
308	133
309	2
310	59
311	94
312	196
313	239
314	278
315	70
316	14
317	120
318	153
319	239
320	208
321	204
322	151
323	154
324	102
325	68
326	90
327	168
328	229
329	263
330	167
331	19
332	287
333	180
334	103
335	298
336	150
337	183
338	104
339	197
340	79
341	238
342	160
343	272
344	156
345	251
346	227
347	259
348	36
349	272
350	260
351	63
352	195
353	71
354	98
355	182
356	153
357	213
358	29
359	30
360	219
361	129
362	32
363	204
364	274
365	15
366	148
367	237
368	167
369	140
370	40
371	164
372	109
373	129
374	229
375	286
376	214
377	38
378	172
379	232
380	2
381	183
382	203
383	187
384	179
385	291
386	63
387	265
388	284
389	106
390	257
391	253
392	97
393	254
394	244
395	256
396	17
397	73
398	28
399	38
400	10
401	124
402	275
403	236
404	219
405	74
406	159
407	94
408	259
409	155
410	271
411	70
412	77
413	44
414	11
415	87
416	256
417	50
418	289
419	107
420	88
421	258
422	93
423	288
424	26
425	126
426	257
427	161
428	111
429	166
430	283
431	206
432	290
433	84
434	264
435	279
436	123
437	81
438	3
439	67
440	57
441	14
442	178
443	166
444	164
445	148
446	104
447	65
448	188
449	282
450	15
451	186
452	178
453	186
454	49
455	134
456	112
457	13
458	237
459	247
460	8
461	145
462	221
463	188
464	118
465	203
466	81
467	60
468	271
469	205
470	92
471	244
472	296
473	275
474	300
475	49
476	154
477	34
478	155
479	77
480	277
481	31
482	71
483	80
484	13
485	224
486	176
487	230
488	85
489	132
490	165
491	179
492	290
493	200
494	200
495	174
496	24
497	93
498	266
499	263
500	134
501	45
502	243
503	22
504	245
505	269
506	4
507	109
508	111
509	87
510	199
511	92
512	300
513	115
514	267
515	240
516	217
517	12
518	281
519	72
520	127
521	227
522	126
523	112
524	149
525	64
526	165
527	297
528	22
529	130
530	168
531	216
532	248
533	130
534	73
535	187
536	72
537	181
538	157
539	138
540	41
541	37
542	64
543	279
544	185
545	216
546	181
547	127
548	146
549	32
550	5
551	157
552	97
553	117
554	169
555	222
556	74
557	101
558	12
559	102
560	147
561	16
562	241
563	185
564	21
565	146
566	255
567	191
568	7
569	89
570	158
571	41
572	141
573	224
574	174
575	191
576	283
577	209
578	241
579	59
580	215
581	90
582	201
583	37
584	50
585	245
586	82
587	258
588	198
589	25
590	250
591	25
592	215
593	288
594	169
595	5
596	250
597	198
598	53
599	18
600	18
