Class Times	8
Rooms	100
1	353
2	91
3	462
4	205
5	823
6	272
7	680
8	699
9	985
10	876
11	617
12	639
13	371
14	659
15	279
16	20
17	181
18	531
19	351
20	707
21	25
22	948
23	107
24	560
25	694
26	510
27	995
28	437
29	19
30	143
31	986
32	898
33	733
34	202
35	920
36	317
37	946
38	902
39	788
40	872
41	231
42	991
43	966
44	127
45	568
46	707
47	450
48	115
49	773
50	36
51	184
52	416
53	196
54	153
55	697
56	792
57	273
58	462
59	477
60	620
61	70
62	364
63	825
64	706
65	309
66	35
67	770
68	423
69	897
70	434
71	831
72	439
73	922
74	627
75	246
76	286
77	16
78	831
79	316
80	560
81	54
82	856
83	476
84	831
85	230
86	731
87	564
88	467
89	214
90	221
91	815
92	72
93	705
94	597
95	741
96	506
97	843
98	323
99	537
100	180
Classes	600
Teachers	300
1	115
2	268
3	113
4	11
5	127
6	240
7	101
8	63
9	160
10	257
11	52
12	16
13	61
14	268
15	111
16	195
17	97
18	56
19	261
20	3
21	64
22	116
23	30
24	112
25	251
26	110
27	237
28	189
29	115
30	222
31	98
32	166
33	77
34	198
35	287
36	157
37	109
38	73
39	69
40	119
41	66
42	59
43	223
44	179
45	217
46	246
47	131
48	228
49	160
50	193
51	182
52	111
53	192
54	237
55	29
56	50
57	129
58	227
59	271
60	180
61	39
62	15
63	124
64	264
65	183
66	221
67	183
68	214
69	59
70	170
71	75
72	78
73	43
74	223
75	175
76	279
77	263
78	195
79	97
80	257
81	22
82	34
83	36
84	40
85	123
86	170
87	291
88	81
89	93
90	230
91	201
92	294
93	56
94	32
95	182
96	35
97	295
98	14
99	12
100	4
101	30
102	142
103	243
104	31
105	259
106	249
107	245
108	288
109	69
110	113
111	149
112	168
113	4
114	274
115	148
116	229
117	164
118	176
119	191
120	166
121	289
122	294
123	171
124	142
125	148
126	86
127	278
128	289
129	37
130	39
131	265
132	119
133	230
134	140
135	18
136	293
137	32
138	218
139	187
140	207
141	77
142	149
143	181
144	231
145	102
146	130
147	262
148	177
149	95
150	279
151	218
152	22
153	72
154	216
155	179
156	65
157	256
158	236
159	175
160	63
161	185
162	165
163	280
164	287
165	45
166	79
167	188
168	232
169	174
170	68
171	78
172	154
173	284
174	41
175	121
176	98
177	173
178	226
179	11
180	300
181	104
182	192
183	53
184	281
185	55
186	117
187	104
188	266
189	133
190	51
191	92
192	132
193	285
194	260
195	145
196	64
197	282
198	297
199	107
200	1
201	60
202	92
203	139
204	292
205	187
206	13
207	259
208	198
209	164
210	211
211	44
212	50
213	261
214	265
215	124
216	292
217	81
218	35
219	239
220	27
221	263
222	66
223	271
224	109
225	147
226	281
227	21
228	71
229	16
230	194
231	76
232	165
233	176
234	44
235	208
236	65
237	253
238	23
239	90
240	283
241	226
242	25
243	41
244	105
245	159
246	273
247	101
248	60
249	143
250	100
251	8
252	133
253	161
254	146
255	190
256	219
257	171
258	256
259	277
260	167
261	61
262	202
263	70
264	190
265	262
266	114
267	205
268	91
269	46
270	27
271	243
272	138
273	72
274	173
275	174
276	26
277	114
278	87
279	90
280	222
281	6
282	37
283	110
284	163
285	94
286	186
287	14
288	139
289	122
290	273
291	200
292	28
293	189
294	285
295	8
296	203
297	232
298	216
299	129
300	227
301	79
302	156
303	17
304	99
305	1
306	224
307	107
308	284
309	55
310	161
311	3
312	38
313	163
314	249
315	291
316	151
317	116
318	238
319	122
320	19
321	269
322	184
323	36
324	290
325	13
326	172
327	272
328	75
329	62
330	143
331	220
332	6
333	177
334	156
335	186
336	137
337	236
338	108
339	251
340	221
341	88
342	128
343	204
344	214
345	144
346	51
347	103
348	53
349	23
350	25
351	215
352	212
353	144
354	193
355	20
356	258
357	239
358	297
359	120
360	194
361	88
362	108
363	91
364	100
365	250
366	86
367	48
368	140
369	203
370	7
371	73
372	168
373	19
374	209
375	126
376	102
377	131
378	76
379	118
380	201
381	298
382	253
383	169
384	244
385	298
386	260
387	296
388	147
389	94
390	154
391	33
392	127
393	211
394	132
395	272
396	112
397	141
398	264
399	199
400	280
401	278
402	229
403	106
404	157
405	128
406	95
407	2
408	296
409	162
410	106
411	152
412	87
413	130
414	33
415	293
416	93
417	180
418	89
419	159
420	29
421	125
422	238
423	62
424	178
425	277
426	46
427	300
428	199
429	206
430	228
431	241
432	58
433	17
434	233
435	224
436	58
437	191
438	220
439	134
440	209
441	38
442	146
443	235
444	267
445	219
446	26
447	269
448	15
449	54
450	137
451	247
452	12
453	242
454	125
455	150
456	246
457	2
458	126
459	178
460	85
461	235
462	9
463	197
464	89
465	240
466	162
467	34
468	18
469	241
470	28
471	151
472	45
473	123
474	207
475	244
476	290
477	247
478	172
479	200
480	152
481	210
482	217
483	40
484	204
485	49
486	117
487	49
488	150
489	135
490	255
491	202
492	233
493	275
494	138
495	283
496	145
497	82
498	167
499	275
500	5
501	245
502	267
503	24
504	197
505	68
506	42
507	121
508	169
509	70
510	252
511	105
512	57
513	80
514	282
515	20
516	67
517	21
518	270
519	135
520	43
521	31
522	270
523	5
524	196
525	205
526	80
527	84
528	185
529	212
530	231
531	181
532	210
533	234
534	242
535	57
536	288
537	225
538	82
539	84
540	136
541	208
542	120
543	153
544	225
545	42
546	103
547	134
548	196
549	52
550	85
551	184
552	213
553	141
554	10
555	206
556	252
557	48
558	54
559	155
560	266
561	274
562	286
563	7
564	96
565	276
566	118
567	9
568	299
569	96
570	255
571	295
572	155
573	158
574	213
575	24
576	248
577	153
578	83
579	71
580	158
581	286
582	10
583	74
584	67
585	74
586	188
587	136
588	99
589	47
590	83
591	250
592	234
593	215
594	47
595	248
596	254
597	299
598	276
599	258
600	254
