Class Times	8
Rooms	100
1	128
2	987
3	213
4	814
5	71
6	425
7	278
8	469
9	719
10	513
11	369
12	532
13	754
14	468
15	994
16	966
17	262
18	850
19	858
20	362
21	375
22	632
23	944
24	748
25	177
26	870
27	244
28	528
29	293
30	871
31	929
32	678
33	930
34	230
35	723
36	85
37	215
38	616
39	943
40	187
41	623
42	577
43	754
44	374
45	334
46	569
47	438
48	64
49	387
50	659
51	29
52	472
53	413
54	70
55	445
56	768
57	788
58	186
59	714
60	423
61	990
62	690
63	69
64	278
65	271
66	230
67	455
68	38
69	104
70	171
71	548
72	287
73	103
74	919
75	636
76	83
77	716
78	518
79	386
80	718
81	361
82	363
83	900
84	589
85	380
86	358
87	849
88	98
89	419
90	370
91	61
92	218
93	827
94	711
95	867
96	431
97	223
98	597
99	48
100	480
Classes	600
Teachers	300
1	190
2	63
3	136
4	108
5	206
6	156
7	162
8	28
9	27
10	167
11	216
12	11
13	294
14	106
15	84
16	137
17	136
18	71
19	55
20	150
21	70
22	192
23	150
24	230
25	244
26	11
27	3
28	81
29	208
30	56
31	232
32	107
33	126
34	155
35	21
36	4
37	240
38	104
39	39
40	23
41	128
42	252
43	238
44	67
45	268
46	48
47	130
48	251
49	68
50	122
51	100
52	29
53	195
54	219
55	14
56	234
57	179
58	193
59	27
60	281
61	103
62	75
63	49
64	231
65	265
66	245
67	112
68	188
69	66
70	176
71	148
72	128
73	80
74	90
75	260
76	10
77	24
78	282
79	235
80	32
81	4
82	223
83	182
84	131
85	59
86	1
87	42
88	288
89	75
90	217
91	127
92	123
93	78
94	132
95	95
96	81
97	131
98	17
99	19
100	294
101	2
102	249
103	259
104	70
105	57
106	187
107	248
108	62
109	117
110	43
111	188
112	116
113	166
114	225
115	37
116	232
117	20
118	261
119	14
120	261
121	18
122	116
123	86
124	190
125	288
126	77
127	185
128	285
129	83
130	37
131	249
132	72
133	94
134	230
135	78
136	47
137	153
138	228
139	185
140	98
141	174
142	239
143	121
144	212
145	146
146	195
147	174
148	246
149	274
150	119
151	283
152	220
153	39
154	51
155	90
156	31
157	89
158	66
159	141
160	72
161	227
162	172
163	272
164	170
165	205
166	197
167	155
168	275
169	209
170	112
171	278
172	1
173	216
174	63
175	263
176	285
177	207
178	92
179	122
180	181
181	196
182	153
183	267
184	158
185	282
186	245
187	296
188	61
189	69
190	219
191	71
192	182
193	238
194	158
195	93
196	235
197	210
198	166
199	198
200	17
201	194
202	126
203	159
204	77
205	29
206	28
207	86
208	224
209	147
210	119
211	130
212	2
213	264
214	8
215	203
216	65
217	231
218	61
219	48
220	42
221	20
222	106
223	45
224	272
225	241
226	132
227	199
228	113
229	135
230	253
231	277
232	23
233	280
234	239
235	140
236	94
237	16
238	87
239	146
240	243
241	51
242	286
243	265
244	114
245	67
246	156
247	137
248	198
249	99
250	21
251	290
252	30
253	89
254	246
255	101
256	6
257	242
258	222
259	228
260	8
261	114
262	46
263	56
264	80
265	143
266	217
267	83
268	32
269	129
270	178
271	298
272	154
273	33
274	134
275	73
276	175
277	161
278	6
279	65
280	189
281	281
282	134
283	165
284	264
285	207
286	113
287	253
288	110
289	99
290	22
291	183
292	140
293	171
294	170
295	280
296	22
297	133
298	40
299	254
300	159
301	109
302	262
303	234
304	298
305	202
306	250
307	194
308	68
309	82
310	55
311	202
312	98
313	76
314	275
315	44
316	121
317	138
318	274
319	160
320	266
321	7
322	13
323	103
324	177
325	52
326	200
327	213
328	222
329	259
330	152
331	211
332	270
333	258
334	144
335	187
336	109
337	226
338	292
339	179
340	160
341	255
342	208
343	135
344	31
345	273
346	105
347	26
348	143
349	177
350	173
351	173
352	276
353	76
354	73
355	256
356	291
357	267
358	30
359	41
360	244
361	201
362	118
363	189
364	287
365	277
366	183
367	36
368	162
369	139
370	47
371	221
372	243
373	34
374	247
375	145
376	5
377	291
378	270
379	15
380	19
381	102
382	168
383	163
384	152
385	175
386	127
387	49
388	295
389	225
390	258
391	142
392	262
393	284
394	292
395	269
396	169
397	278
398	79
399	266
400	220
401	290
402	101
403	181
404	50
405	254
406	296
407	209
408	10
409	286
410	97
411	117
412	95
413	125
414	3
415	151
416	276
417	60
418	69
419	299
420	46
421	124
422	102
423	120
424	13
425	62
426	284
427	197
428	35
429	241
430	224
431	172
432	58
433	105
434	165
435	120
436	283
437	199
438	226
439	129
440	40
441	297
442	178
443	200
444	149
445	210
446	263
447	142
448	289
449	100
450	110
451	205
452	145
453	148
454	97
455	133
456	212
457	84
458	96
459	104
460	125
461	201
462	144
463	237
464	79
465	287
466	252
467	268
468	115
469	115
470	36
471	206
472	87
473	213
474	96
475	176
476	218
477	211
478	26
479	161
480	91
481	93
482	229
483	34
484	107
485	58
486	85
487	250
488	38
489	151
490	147
491	43
492	7
493	168
494	53
495	59
496	169
497	141
498	24
499	60
500	221
501	45
502	255
503	223
504	111
505	92
506	242
507	111
508	5
509	214
510	118
511	52
512	299
513	38
514	16
515	289
516	154
517	9
518	139
519	184
520	124
521	236
522	233
523	203
524	88
525	186
526	251
527	240
528	171
529	192
530	260
531	88
532	41
533	108
534	123
535	12
536	293
537	149
538	18
539	297
540	229
541	82
542	91
543	233
544	184
545	236
546	295
547	44
548	157
549	64
550	35
551	53
552	54
553	300
554	193
555	33
556	257
557	15
558	64
559	157
560	164
561	74
562	227
563	50
564	74
565	237
566	218
567	54
568	248
569	257
570	180
571	293
572	186
573	25
574	214
575	271
576	271
577	57
578	164
579	163
580	204
581	12
582	215
583	9
584	196
585	300
586	25
587	138
588	85
589	204
590	279
591	256
592	167
593	247
594	215
595	273
596	279
597	191
598	191
599	269
600	180
