Class Times	8
Rooms	100
1	817
2	534
3	926
4	259
5	968
6	223
7	559
8	766
9	128
10	164
11	214
12	308
13	910
14	947
15	318
16	507
17	114
18	545
19	955
20	881
21	339
22	445
23	84
24	354
25	581
26	618
27	60
28	457
29	814
30	421
31	975
32	744
33	208
34	596
35	459
36	19
37	575
38	778
39	15
40	774
41	881
42	199
43	617
44	400
45	65
46	555
47	776
48	935
49	241
50	954
51	591
52	766
53	682
54	622
55	372
56	634
57	269
58	654
59	654
60	188
61	947
62	967
63	781
64	439
65	314
66	456
67	831
68	967
69	322
70	463
71	264
72	54
73	842
74	596
75	102
76	729
77	114
78	142
79	844
80	701
81	452
82	562
83	926
84	709
85	729
86	879
87	662
88	736
89	607
90	367
91	598
92	487
93	285
94	883
95	741
96	964
97	518
98	391
99	739
100	779
Classes	600
Teachers	300
1	92
2	212
3	211
4	141
5	86
6	119
7	239
8	183
9	41
10	267
11	73
12	133
13	72
14	213
15	135
16	250
17	229
18	12
19	42
20	230
21	279
22	91
23	118
24	185
25	191
26	298
27	153
28	17
29	247
30	145
31	244
32	88
33	48
34	46
35	21
36	299
37	52
38	60
39	94
40	186
41	251
42	140
43	140
44	297
45	226
46	132
47	129
48	104
49	85
50	133
51	53
52	66
53	179
54	30
55	188
56	219
57	84
58	166
59	2
60	148
61	237
62	234
63	68
64	176
65	34
66	288
67	293
68	129
69	192
70	113
71	292
72	45
73	81
74	265
75	76
76	237
77	85
78	297
79	186
80	38
81	103
82	55
83	263
84	28
85	272
86	180
87	190
88	16
89	216
90	187
91	51
92	295
93	71
94	92
95	19
96	73
97	68
98	20
99	21
100	11
101	278
102	80
103	167
104	102
105	108
106	135
107	79
108	96
109	243
110	134
111	283
112	258
113	65
114	160
115	141
116	47
117	191
118	72
119	269
120	222
121	145
122	214
123	62
124	71
125	60
126	142
127	300
128	137
129	42
130	275
131	155
132	52
133	263
134	286
135	290
136	169
137	96
138	162
139	293
140	9
141	14
142	234
143	63
144	270
145	18
146	20
147	224
148	221
149	168
150	258
151	103
152	91
153	259
154	211
155	111
156	122
157	283
158	24
159	250
160	184
161	177
162	69
163	206
164	15
165	49
166	280
167	126
168	174
169	84
170	155
171	288
172	279
173	217
174	194
175	243
176	206
177	23
178	147
179	190
180	39
181	9
182	218
183	127
184	5
185	119
186	182
187	111
188	108
189	203
190	116
191	183
192	132
193	233
194	203
195	248
196	127
197	70
198	160
199	54
200	273
201	93
202	296
203	240
204	202
205	187
206	55
207	101
208	284
209	8
210	223
211	95
212	152
213	257
214	254
215	275
216	139
217	15
218	277
219	10
220	241
221	125
222	221
223	82
224	19
225	214
226	212
227	169
228	166
229	173
230	29
231	215
232	33
233	29
234	3
235	104
236	113
237	165
238	33
239	46
240	1
241	97
242	256
243	107
244	23
245	32
246	264
247	147
248	150
249	65
250	8
251	48
252	278
253	24
254	49
255	150
256	89
257	64
258	240
259	116
260	106
261	36
262	7
263	248
264	40
265	164
266	210
267	56
268	257
269	77
270	253
271	285
272	292
273	95
274	139
275	233
276	256
277	185
278	172
279	112
280	245
281	25
282	241
283	94
284	134
285	175
286	69
287	236
288	121
289	199
290	227
291	137
292	173
293	107
294	238
295	273
296	207
297	174
298	50
299	66
300	281
301	296
302	1
303	112
304	50
305	208
306	89
307	208
308	205
309	162
310	285
311	102
312	47
313	172
314	171
315	146
316	22
317	298
318	280
319	12
320	192
321	38
322	207
323	201
324	35
325	210
326	35
327	54
328	284
329	146
330	177
331	82
332	291
333	269
334	182
335	223
336	11
337	61
338	151
339	152
340	188
341	215
342	225
343	217
344	294
345	228
346	299
347	151
348	106
349	222
350	125
351	291
352	209
353	181
354	266
355	294
356	163
357	232
358	184
359	216
360	76
361	10
362	121
363	32
364	236
365	198
366	189
367	122
368	230
369	171
370	99
371	149
372	30
373	201
374	3
375	272
376	67
377	228
378	28
379	246
380	22
381	167
382	198
383	164
384	254
385	62
386	231
387	78
388	13
389	149
390	51
391	130
392	180
393	158
394	81
395	99
396	13
397	251
398	245
399	246
400	45
401	31
402	123
403	37
404	131
405	126
406	159
407	252
408	260
409	205
410	39
411	158
412	235
413	148
414	218
415	176
416	220
417	7
418	170
419	179
420	255
421	262
422	195
423	235
424	138
425	120
426	181
427	290
428	157
429	144
430	74
431	25
432	242
433	74
434	43
435	31
436	255
437	143
438	100
439	199
440	264
441	252
442	161
443	109
444	101
445	274
446	165
447	100
448	109
449	105
450	114
451	244
452	159
453	143
454	144
455	168
456	262
457	17
458	142
459	41
460	44
461	37
462	75
463	261
464	175
465	157
466	153
467	282
468	189
469	289
470	274
471	242
472	86
473	161
474	56
475	105
476	16
477	197
478	120
479	194
480	75
481	58
482	130
483	44
484	80
485	97
486	57
487	70
488	93
489	286
490	266
491	229
492	259
493	34
494	5
495	220
496	267
497	131
498	265
499	78
500	43
501	178
502	238
503	128
504	197
505	58
506	227
507	63
508	200
509	6
510	115
511	268
512	261
513	88
514	196
515	239
516	225
517	271
518	64
519	36
520	231
521	195
522	110
523	27
524	61
525	287
526	224
527	4
528	117
529	123
530	268
531	138
532	57
533	117
534	202
535	77
536	196
537	83
538	226
539	90
540	128
541	300
542	27
543	271
544	26
545	18
546	6
547	136
548	204
549	232
550	277
551	90
552	115
553	2
554	260
555	59
556	59
557	253
558	276
559	98
560	276
561	287
562	295
563	289
564	67
565	114
566	213
567	200
568	14
569	87
570	4
571	40
572	209
573	87
574	26
575	154
576	270
577	124
578	154
579	98
580	249
581	163
582	282
583	249
584	178
585	124
586	136
587	118
588	83
589	110
590	247
591	281
592	156
593	79
594	53
595	193
596	219
597	170
598	156
599	193
600	204
