Class Times	8
Rooms	100
1	255
2	490
3	864
4	93
5	101
6	765
7	304
8	129
9	481
10	577
11	93
12	25
13	828
14	432
15	690
16	192
17	871
18	797
19	308
20	910
21	651
22	643
23	464
24	197
25	943
26	216
27	78
28	135
29	532
30	214
31	738
32	598
33	721
34	241
35	761
36	234
37	62
38	685
39	471
40	439
41	803
42	667
43	976
44	133
45	823
46	733
47	312
48	562
49	801
50	37
51	935
52	671
53	256
54	519
55	860
56	858
57	196
58	287
59	582
60	580
61	34
62	868
63	754
64	509
65	718
66	517
67	869
68	401
69	534
70	229
71	848
72	145
73	883
74	417
75	983
76	378
77	584
78	336
79	932
80	741
81	875
82	479
83	162
84	918
85	720
86	594
87	382
88	941
89	538
90	586
91	439
92	645
93	137
94	435
95	604
96	367
97	647
98	389
99	52
100	783
Classes	600
Teachers	300
1	293
2	156
3	191
4	190
5	240
6	26
7	246
8	56
9	165
10	244
11	221
12	215
13	194
14	205
15	267
16	293
17	66
18	88
19	235
20	66
21	40
22	95
23	297
24	106
25	170
26	10
27	51
28	116
29	179
30	159
31	198
32	26
33	125
34	218
35	279
36	209
37	107
38	103
39	59
40	172
41	251
42	16
43	291
44	114
45	205
46	131
47	165
48	58
49	113
50	181
51	48
52	69
53	169
54	71
55	284
56	166
57	16
58	48
59	51
60	86
61	120
62	54
63	162
64	170
65	95
66	81
67	82
68	186
69	123
70	41
71	197
72	299
73	25
74	208
75	275
76	168
77	160
78	35
79	102
80	210
81	50
82	194
83	21
84	23
85	130
86	144
87	15
88	186
89	142
90	258
91	164
92	222
93	72
94	166
95	64
96	5
97	113
98	242
99	24
100	243
101	90
102	201
103	152
104	18
105	286
106	93
107	122
108	285
109	300
110	49
111	23
112	125
113	94
114	138
115	135
116	219
117	155
118	169
119	120
120	200
121	86
122	150
123	262
124	25
125	2
126	85
127	164
128	175
129	32
130	153
131	149
132	201
133	132
134	234
135	219
136	44
137	277
138	183
139	39
140	136
141	69
142	261
143	121
144	206
145	71
146	134
147	222
148	105
149	300
150	243
151	82
152	33
153	264
154	127
155	87
156	114
157	77
158	246
159	255
160	217
161	18
162	22
163	260
164	81
165	111
166	149
167	289
168	13
169	100
170	175
171	227
172	10
173	209
174	148
175	212
176	251
177	33
178	134
179	206
180	127
181	30
182	47
183	216
184	288
185	167
186	14
187	130
188	167
189	191
190	9
191	157
192	174
193	137
194	281
195	70
196	258
197	180
198	152
199	242
200	110
201	105
202	11
203	214
204	124
205	5
206	200
207	263
208	292
209	124
210	163
211	89
212	290
213	223
214	283
215	92
216	241
217	41
218	65
219	270
220	231
221	237
222	108
223	136
224	230
225	189
226	148
227	225
228	65
229	235
230	177
231	230
232	276
233	229
234	31
235	214
236	290
237	106
238	126
239	294
240	115
241	74
242	142
243	215
244	210
245	241
246	291
247	238
248	68
249	257
250	297
251	88
252	52
253	42
254	275
255	47
256	96
257	160
258	296
259	287
260	163
261	211
262	72
263	61
264	273
265	273
266	267
267	161
268	253
269	282
270	262
271	64
272	28
273	298
274	294
275	270
276	36
277	42
278	266
279	155
280	132
281	188
282	14
283	181
284	208
285	145
286	20
287	255
288	45
289	63
290	177
291	184
292	20
293	266
294	225
295	80
296	7
297	90
298	29
299	145
300	22
301	60
302	67
303	1
304	92
305	176
306	135
307	68
308	2
309	85
310	7
311	97
312	203
313	173
314	111
315	63
316	162
317	147
318	107
319	84
320	213
321	228
322	67
323	128
324	289
325	237
326	138
327	89
328	159
329	129
330	220
331	146
332	207
333	79
334	188
335	74
336	197
337	54
338	218
339	151
340	282
341	60
342	98
343	285
344	265
345	292
346	44
347	213
348	118
349	295
350	52
351	264
352	248
353	1
354	247
355	39
356	280
357	97
358	240
359	161
360	116
361	224
362	196
363	204
364	58
365	196
366	236
367	192
368	277
369	182
370	78
371	122
372	245
373	94
374	140
375	115
376	185
377	212
378	79
379	286
380	158
381	53
382	17
383	280
384	12
385	203
386	24
387	183
388	276
389	261
390	256
391	56
392	34
393	184
394	110
395	93
396	123
397	40
398	157
399	37
400	62
401	102
402	299
403	185
404	96
405	84
406	192
407	121
408	199
409	99
410	91
411	239
412	139
413	259
414	45
415	278
416	3
417	269
418	227
419	232
420	298
421	133
422	272
423	284
424	80
425	217
426	91
427	250
428	287
429	263
430	259
431	247
432	119
433	108
434	234
435	21
436	231
437	248
438	250
439	278
440	265
441	180
442	70
443	296
444	43
445	140
446	238
447	195
448	207
449	32
450	43
451	100
452	128
453	199
454	233
455	288
456	13
457	156
458	53
459	61
460	182
461	109
462	73
463	62
464	226
465	232
466	295
467	34
468	27
469	133
470	187
471	229
472	171
473	189
474	17
475	283
476	3
477	101
478	187
479	204
480	193
481	233
482	8
483	46
484	154
485	228
486	73
487	118
488	221
489	98
490	77
491	9
492	198
493	46
494	171
495	223
496	119
497	168
498	37
499	35
500	211
501	126
502	190
503	147
504	59
505	158
506	144
507	30
508	154
509	19
510	117
511	78
512	50
513	176
514	153
515	256
516	151
517	172
518	239
519	109
520	4
521	193
522	104
523	83
524	220
525	12
526	146
527	131
528	272
529	254
530	253
531	57
532	49
533	279
534	139
535	55
536	254
537	202
538	19
539	216
540	4
541	76
542	83
543	224
544	36
545	29
546	101
547	260
548	104
549	249
550	178
551	129
552	87
553	245
554	38
555	117
556	99
557	8
558	274
559	179
560	271
561	195
562	249
563	281
564	257
565	150
566	28
567	11
568	271
569	57
570	236
571	174
572	27
573	244
574	268
575	76
576	269
577	268
578	38
579	15
580	55
581	226
582	137
583	143
584	274
585	103
586	141
587	141
588	143
589	202
590	31
591	75
592	173
593	6
594	252
595	112
596	112
597	6
598	252
599	75
600	178
