Class Times	8
Rooms	100
1	973
2	356
3	632
4	896
5	205
6	244
7	670
8	410
9	335
10	783
11	877
12	978
13	843
14	132
15	501
16	489
17	673
18	240
19	42
20	780
21	863
22	452
23	326
24	976
25	604
26	172
27	104
28	781
29	245
30	69
31	193
32	849
33	115
34	951
35	946
36	512
37	146
38	767
39	865
40	755
41	290
42	434
43	676
44	476
45	478
46	700
47	142
48	559
49	422
50	791
51	856
52	522
53	865
54	755
55	435
56	829
57	503
58	798
59	588
60	559
61	249
62	787
63	329
64	388
65	295
66	43
67	668
68	296
69	442
70	577
71	151
72	731
73	462
74	891
75	720
76	875
77	75
78	568
79	77
80	251
81	173
82	317
83	917
84	172
85	986
86	243
87	203
88	748
89	702
90	896
91	676
92	529
93	374
94	512
95	414
96	128
97	410
98	821
99	884
100	49
Classes	200
Teachers	100
1	19
2	100
3	35
4	63
5	22
6	16
7	28
8	29
9	52
10	7
11	44
12	50
13	57
14	63
15	2
16	78
17	66
18	64
19	67
20	53
21	27
22	51
23	90
24	52
25	42
26	24
27	92
28	37
29	28
30	40
31	47
32	33
33	29
34	62
35	48
36	37
37	92
38	85
39	88
40	65
41	62
42	8
43	95
44	100
45	26
46	31
47	58
48	4
49	82
50	27
51	89
52	91
53	81
54	69
55	82
56	49
57	39
58	4
59	59
60	89
61	49
62	60
63	60
64	23
65	42
66	43
67	59
68	25
69	30
70	18
71	90
72	30
73	45
74	72
75	43
76	26
77	2
78	35
79	98
80	61
81	20
82	55
83	61
84	31
85	96
86	9
87	97
88	15
89	74
90	96
91	76
92	72
93	99
94	14
95	23
96	78
97	1
98	81
99	65
100	45
101	5
102	87
103	8
104	14
105	97
106	83
107	50
108	88
109	85
110	33
111	64
112	3
113	87
114	40
115	21
116	55
117	80
118	75
119	13
120	15
121	39
122	69
123	57
124	7
125	25
126	83
127	47
128	73
129	12
130	51
131	86
132	58
133	46
134	16
135	44
136	84
137	36
138	5
139	75
140	32
141	99
142	24
143	17
144	77
145	93
146	48
147	36
148	67
149	73
150	66
151	53
152	6
153	41
154	38
155	79
156	80
157	9
158	22
159	21
160	94
161	18
162	19
163	6
164	86
165	38
166	41
167	93
168	34
169	56
170	94
171	68
172	76
173	10
174	91
175	3
176	10
177	12
178	56
179	11
180	1
181	13
182	74
183	84
184	32
185	11
186	68
187	54
188	71
189	71
190	79
191	98
192	95
193	20
194	34
195	54
196	17
197	77
198	70
199	70
200	46
