Class Times	8
Rooms	100
1	287
2	474
3	324
4	469
5	47
6	615
7	66
8	351
9	435
10	205
11	936
12	757
13	793
14	521
15	764
16	775
17	829
18	311
19	269
20	606
21	63
22	257
23	990
24	780
25	400
26	541
27	416
28	667
29	358
30	492
31	21
32	981
33	241
34	249
35	860
36	410
37	258
38	641
39	225
40	940
41	209
42	872
43	372
44	756
45	255
46	707
47	507
48	888
49	830
50	850
51	849
52	193
53	90
54	183
55	17
56	460
57	690
58	760
59	995
60	159
61	685
62	692
63	695
64	423
65	297
66	556
67	72
68	545
69	109
70	479
71	60
72	377
73	88
74	519
75	577
76	63
77	739
78	562
79	304
80	131
81	850
82	975
83	645
84	170
85	151
86	605
87	530
88	483
89	235
90	387
91	266
92	653
93	442
94	776
95	679
96	107
97	454
98	188
99	136
100	536
Classes	200
Teachers	100
1	14
2	48
3	60
4	1
5	74
6	12
7	62
8	55
9	80
10	89
11	16
12	44
13	4
14	95
15	92
16	32
17	50
18	18
19	16
20	60
21	76
22	33
23	91
24	66
25	44
26	10
27	70
28	22
29	40
30	53
31	77
32	55
33	47
34	3
35	80
36	61
37	58
38	5
39	72
40	64
41	78
42	45
43	28
44	25
45	52
46	32
47	84
48	68
49	87
50	28
51	25
52	13
53	40
54	26
55	89
56	98
57	26
58	29
59	33
60	77
61	30
62	91
63	5
64	7
65	73
66	49
67	29
68	4
69	56
70	47
71	50
72	88
73	84
74	22
75	54
76	71
77	18
78	42
79	97
80	43
81	71
82	46
83	24
84	20
85	86
86	51
87	30
88	15
89	11
90	8
91	58
92	49
93	54
94	53
95	14
96	39
97	35
98	43
99	78
100	88
101	74
102	42
103	31
104	63
105	31
106	59
107	7
108	97
109	2
110	52
111	48
112	8
113	93
114	3
115	45
116	56
117	19
118	99
119	63
120	6
121	83
122	13
123	98
124	81
125	67
126	6
127	75
128	35
129	19
130	87
131	69
132	1
133	72
134	100
135	9
136	69
137	70
138	76
139	2
140	68
141	12
142	11
143	62
144	79
145	10
146	99
147	75
148	94
149	41
150	27
151	59
152	93
153	57
154	23
155	95
156	9
157	51
158	65
159	24
160	90
161	66
162	21
163	100
164	57
165	82
166	41
167	46
168	90
169	81
170	85
171	17
172	15
173	79
174	37
175	39
176	85
177	34
178	82
179	20
180	17
181	65
182	36
183	94
184	23
185	67
186	86
187	61
188	96
189	92
190	38
191	96
192	83
193	73
194	34
195	36
196	64
197	38
198	37
199	27
200	21
