Class Times	8
Rooms	100
1	363
2	608
3	228
4	327
5	44
6	507
7	177
8	981
9	896
10	968
11	803
12	168
13	231
14	216
15	323
16	254
17	842
18	915
19	533
20	929
21	312
22	889
23	290
24	974
25	558
26	785
27	130
28	978
29	477
30	695
31	185
32	428
33	68
34	120
35	825
36	725
37	77
38	91
39	839
40	593
41	20
42	724
43	341
44	19
45	137
46	523
47	480
48	900
49	511
50	667
51	213
52	396
53	834
54	681
55	192
56	386
57	840
58	982
59	471
60	278
61	95
62	953
63	785
64	370
65	295
66	13
67	937
68	569
69	601
70	217
71	297
72	617
73	508
74	876
75	942
76	772
77	749
78	834
79	383
80	671
81	817
82	366
83	164
84	146
85	529
86	889
87	307
88	94
89	115
90	490
91	896
92	913
93	594
94	822
95	132
96	254
97	479
98	508
99	482
100	461
Classes	200
Teachers	100
1	25
2	52
3	55
4	33
5	1
6	77
7	18
8	45
9	72
10	64
11	31
12	8
13	41
14	53
15	94
16	22
17	78
18	25
19	80
20	6
21	13
22	38
23	18
24	82
25	97
26	14
27	76
28	14
29	86
30	9
31	1
32	15
33	32
34	26
35	68
36	75
37	74
38	24
39	48
40	33
41	100
42	75
43	76
44	79
45	60
46	71
47	38
48	43
49	71
50	57
51	89
52	24
53	82
54	63
55	19
56	9
57	43
58	60
59	31
60	53
61	96
62	66
63	28
64	72
65	35
66	11
67	2
68	8
69	12
70	88
71	69
72	27
73	87
74	48
75	36
76	52
77	81
78	44
79	22
80	62
81	3
82	62
83	34
84	97
85	29
86	16
87	92
88	27
89	55
90	70
91	40
92	81
93	95
94	64
95	88
96	2
97	21
98	34
99	19
100	42
101	40
102	85
103	79
104	91
105	54
106	30
107	23
108	41
109	3
110	37
111	13
112	45
113	91
114	39
115	77
116	23
117	73
118	84
119	4
120	92
121	70
122	84
123	30
124	85
125	50
126	42
127	54
128	29
129	32
130	35
131	83
132	73
133	87
134	61
135	96
136	49
137	11
138	50
139	51
140	37
141	10
142	93
143	57
144	21
145	26
146	98
147	10
148	28
149	86
150	63
151	15
152	49
153	20
154	98
155	90
156	17
157	99
158	51
159	61
160	44
161	94
162	95
163	7
164	16
165	39
166	20
167	89
168	67
169	5
170	12
171	99
172	6
173	78
174	83
175	69
176	47
177	68
178	7
179	59
180	66
181	65
182	47
183	93
184	100
185	74
186	80
187	5
188	90
189	67
190	4
191	59
192	36
193	46
194	56
195	17
196	58
197	56
198	65
199	58
200	46
