Class Times	8
Rooms	100
1	41
2	991
3	331
4	545
5	188
6	400
7	767
8	533
9	609
10	606
11	56
12	265
13	755
14	952
15	776
16	567
17	237
18	814
19	172
20	991
21	508
22	484
23	265
24	790
25	103
26	155
27	124
28	747
29	632
30	78
31	855
32	641
33	286
34	796
35	942
36	304
37	387
38	683
39	376
40	30
41	948
42	249
43	831
44	996
45	598
46	126
47	794
48	188
49	900
50	271
51	611
52	949
53	611
54	57
55	659
56	546
57	554
58	242
59	995
60	597
61	852
62	799
63	246
64	590
65	473
66	472
67	23
68	283
69	395
70	907
71	906
72	653
73	980
74	301
75	321
76	753
77	790
78	475
79	914
80	444
81	235
82	914
83	141
84	275
85	534
86	105
87	214
88	947
89	268
90	581
91	195
92	243
93	65
94	905
95	995
96	434
97	453
98	613
99	160
100	274
Classes	200
Teachers	100
1	23
2	38
3	46
4	5
5	48
6	82
7	23
8	80
9	61
10	2
11	45
12	81
13	72
14	35
15	93
16	37
17	51
18	72
19	7
20	51
21	58
22	67
23	56
24	6
25	29
26	44
27	64
28	37
29	76
30	45
31	49
32	58
33	50
34	41
35	99
36	21
37	94
38	26
39	28
40	1
41	97
42	4
43	2
44	24
45	57
46	64
47	55
48	6
49	5
50	32
51	14
52	43
53	94
54	88
55	60
56	9
57	70
58	97
59	56
60	25
61	4
62	47
63	32
64	13
65	63
66	34
67	26
68	99
69	7
70	63
71	21
72	88
73	57
74	15
75	29
76	90
77	62
78	79
79	60
80	12
81	96
82	31
83	53
84	3
85	95
86	13
87	31
88	34
89	95
90	74
91	86
92	77
93	44
94	54
95	81
96	83
97	54
98	62
99	40
100	50
101	11
102	65
103	66
104	87
105	25
106	46
107	70
108	39
109	100
110	86
111	87
112	55
113	39
114	59
115	33
116	20
117	14
118	27
119	80
120	74
121	91
122	1
123	67
124	22
125	83
126	75
127	96
128	79
129	27
130	18
131	3
132	61
133	89
134	89
135	71
136	10
137	22
138	33
139	36
140	66
141	52
142	20
143	92
144	49
145	16
146	53
147	71
148	92
149	38
150	69
151	43
152	100
153	18
154	8
155	35
156	11
157	82
158	68
159	85
160	84
161	30
162	12
163	40
164	10
165	16
166	91
167	15
168	68
169	98
170	8
171	36
172	48
173	98
174	75
175	19
176	73
177	85
178	84
179	28
180	69
181	90
182	19
183	17
184	73
185	42
186	24
187	42
188	9
189	76
190	78
191	52
192	17
193	93
194	41
195	65
196	30
197	47
198	59
199	78
200	77
