Class Times	8
Rooms	100
1	470
2	154
3	543
4	739
5	650
6	178
7	617
8	516
9	733
10	484
11	631
12	818
13	744
14	301
15	916
16	535
17	623
18	952
19	294
20	628
21	776
22	50
23	808
24	522
25	123
26	485
27	513
28	759
29	603
30	602
31	104
32	202
33	546
34	41
35	216
36	139
37	131
38	589
39	106
40	582
41	542
42	560
43	986
44	765
45	973
46	221
47	240
48	714
49	129
50	42
51	584
52	720
53	335
54	239
55	728
56	133
57	951
58	595
59	829
60	163
61	157
62	409
63	890
64	84
65	885
66	403
67	540
68	168
69	123
70	494
71	309
72	476
73	363
74	53
75	30
76	235
77	648
78	774
79	212
80	253
81	957
82	453
83	33
84	110
85	218
86	941
87	625
88	895
89	805
90	851
91	329
92	919
93	40
94	771
95	47
96	818
97	968
98	384
99	664
100	511
Classes	200
Teachers	100
1	92
2	40
3	93
4	8
5	26
6	78
7	53
8	99
9	72
10	18
11	5
12	22
13	10
14	29
15	93
16	81
17	28
18	94
19	36
20	81
21	16
22	49
23	53
24	65
25	33
26	42
27	7
28	46
29	65
30	67
31	44
32	10
33	78
34	74
35	74
36	90
37	50
38	84
39	52
40	84
41	50
42	64
43	91
44	6
45	16
46	69
47	34
48	27
49	98
50	30
51	54
52	79
53	59
54	32
55	24
56	83
57	8
58	67
59	98
60	58
61	37
62	17
63	83
64	21
65	7
66	40
67	14
68	48
69	29
70	27
71	89
72	25
73	79
74	3
75	47
76	4
77	17
78	4
79	25
80	68
81	64
82	46
83	43
84	51
85	9
86	91
87	87
88	42
89	97
90	68
91	75
92	11
93	14
94	2
95	41
96	12
97	97
98	32
99	5
100	61
101	90
102	82
103	80
104	47
105	66
106	58
107	39
108	45
109	56
110	21
111	2
112	51
113	18
114	45
115	66
116	19
117	54
118	72
119	75
120	22
121	38
122	34
123	87
124	55
125	85
126	48
127	71
128	86
129	56
130	94
131	60
132	59
133	23
134	63
135	73
136	49
137	3
138	57
139	35
140	11
141	1
142	19
143	41
144	13
145	6
146	96
147	30
148	26
149	24
150	77
151	57
152	39
153	92
154	44
155	96
156	15
157	95
158	63
159	99
160	28
161	61
162	23
163	20
164	62
165	76
166	60
167	20
168	15
169	13
170	95
171	62
172	82
173	76
174	80
175	33
176	52
177	55
178	77
179	89
180	37
181	31
182	69
183	38
184	85
185	9
186	70
187	71
188	35
189	31
190	1
191	70
192	88
193	12
194	100
195	73
196	100
197	36
198	86
199	88
200	43
