Class Times	8
Rooms	20
1	160
2	698
3	147
4	85
5	965
6	86
7	121
8	437
9	154
10	356
11	944
12	546
13	46
14	756
15	46
16	23
17	470
18	125
19	879
20	259
Classes	100
Teachers	50
1	16
2	31
3	9
4	21
5	21
6	8
7	3
8	8
9	5
10	39
11	50
12	18
13	35
14	27
15	43
16	6
17	39
18	6
19	23
20	13
21	26
22	27
23	34
24	14
25	45
26	34
27	50
28	24
29	20
30	43
31	11
32	14
33	17
34	30
35	24
36	40
37	45
38	15
39	18
40	12
41	38
42	30
43	25
44	4
45	11
46	12
47	1
48	26
49	41
50	4
51	33
52	44
53	31
54	13
55	9
56	2
57	32
58	33
59	16
60	35
61	47
62	37
63	15
64	40
65	17
66	28
67	32
68	42
69	29
70	41
71	7
72	19
73	38
74	36
75	1
76	36
77	28
78	2
79	19
80	42
81	44
82	10
83	22
84	29
85	47
86	46
87	48
88	5
89	7
90	49
91	20
92	48
93	10
94	3
95	49
96	22
97	37
98	23
99	46
100	25
