Class Times	8
Rooms	20
1	101
2	77
3	590
4	496
5	686
6	974
7	91
8	276
9	551
10	51
11	629
12	896
13	954
14	204
15	747
16	506
17	348
18	761
19	671
20	32
Classes	100
Teachers	50
1	7
2	16
3	15
4	18
5	18
6	34
7	3
8	46
9	43
10	28
11	35
12	17
13	25
14	46
15	15
16	47
17	20
18	32
19	30
20	27
21	42
22	27
23	50
24	32
25	9
26	14
27	13
28	9
29	16
30	8
31	30
32	47
33	20
34	25
35	13
36	37
37	10
38	24
39	2
40	45
41	45
42	34
43	6
44	37
45	7
46	39
47	42
48	8
49	49
50	11
51	41
52	29
53	26
54	4
55	2
56	22
57	29
58	48
59	4
60	14
61	28
62	1
63	6
64	44
65	11
66	44
67	3
68	10
69	33
70	36
71	48
72	36
73	41
74	50
75	17
76	24
77	49
78	12
79	19
80	39
81	21
82	19
83	35
84	1
85	12
86	43
87	40
88	38
89	21
90	23
91	22
92	40
93	38
94	33
95	31
96	23
97	26
98	5
99	31
100	5
