Class Times	8
Rooms	20
1	209
2	682
3	345
4	593
5	367
6	49
7	12
8	357
9	749
10	993
11	371
12	105
13	607
14	47
15	435
16	892
17	901
18	815
19	154
20	498
Classes	100
Teachers	50
1	18
2	35
3	27
4	2
5	4
6	49
7	35
8	1
9	12
10	19
11	16
12	49
13	48
14	37
15	10
16	38
17	11
18	43
19	6
20	14
21	11
22	21
23	4
24	12
25	36
26	32
27	17
28	32
29	31
30	2
31	48
32	24
33	36
34	1
35	25
36	28
37	31
38	30
39	46
40	41
41	47
42	19
43	9
44	18
45	20
46	34
47	7
48	43
49	40
50	16
51	8
52	44
53	29
54	33
55	20
56	41
57	27
58	28
59	8
60	10
61	45
62	50
63	15
64	25
65	21
66	3
67	22
68	7
69	13
70	47
71	24
72	39
73	15
74	5
75	50
76	33
77	14
78	6
79	5
80	9
81	45
82	44
83	38
84	30
85	46
86	22
87	13
88	3
89	23
90	39
91	40
92	42
93	17
94	34
95	37
96	23
97	42
98	29
99	26
100	26
