Class Times	8
Rooms	20
1	374
2	821
3	922
4	664
5	305
6	104
7	29
8	694
9	773
10	453
11	446
12	67
13	381
14	25
15	487
16	551
17	493
18	927
19	409
20	933
Classes	100
Teachers	50
1	21
2	11
3	22
4	14
5	7
6	31
7	1
8	38
9	38
10	35
11	33
12	47
13	39
14	5
15	35
16	30
17	23
18	12
19	43
20	48
21	46
22	25
23	30
24	8
25	39
26	9
27	40
28	25
29	10
30	31
31	15
32	41
33	23
34	40
35	10
36	18
37	4
38	41
39	44
40	17
41	20
42	6
43	1
44	15
45	17
46	29
47	37
48	22
49	47
50	32
51	14
52	42
53	44
54	7
55	34
56	43
57	36
58	46
59	49
60	11
61	37
62	6
63	8
64	29
65	9
66	50
67	26
68	19
69	27
70	27
71	48
72	32
73	19
74	16
75	28
76	34
77	4
78	18
79	36
80	13
81	16
82	49
83	26
84	21
85	45
86	13
87	50
88	3
89	24
90	33
91	24
92	12
93	45
94	42
95	2
96	5
97	20
98	28
99	2
100	3
