Class Times	8
Rooms	20
1	27
2	997
3	181
4	478
5	488
6	973
7	312
8	211
9	19
10	128
11	117
12	978
13	241
14	98
15	52
16	686
17	597
18	286
19	579
20	14
Classes	100
Teachers	50
1	27
2	10
3	32
4	29
5	30
6	25
7	40
8	5
9	22
10	37
11	12
12	19
13	19
14	3
15	15
16	26
17	2
18	48
19	50
20	9
21	3
22	18
23	31
24	34
25	42
26	13
27	6
28	30
29	41
30	33
31	36
32	12
33	29
34	1
35	10
36	17
37	13
38	47
39	27
40	8
41	4
42	47
43	28
44	1
45	43
46	39
47	46
48	15
49	7
50	17
51	35
52	38
53	28
54	16
55	9
56	44
57	34
58	25
59	45
60	14
61	41
62	43
63	26
64	39
65	22
66	48
67	46
68	45
69	36
70	18
71	49
72	8
73	35
74	11
75	49
76	16
77	40
78	4
79	7
80	24
81	5
82	14
83	24
84	50
85	11
86	44
87	2
88	42
89	31
90	32
91	23
92	33
93	21
94	37
95	20
96	38
97	21
98	6
99	23
100	20
