Students	3000
1	9 76 58 53
2	8 15 72 69
3	78 68 52 67
4	92 8 84 4
5	25 10 95 27
6	45 34 97 93
7	71 82 20 26
8	45 43 56 19
9	25 67 95 34
10	5 31 22 14
11	44 61 20 42
12	44 64 86 22
13	36 42 14 20
14	95 77 80 67
15	95 38 6 13
16	62 75 81 13
17	23 79 9 99
18	96 62 24 21
19	63 21 71 54
20	15 47 20 90
21	89 22 58 51
22	90 63 76 67
23	4 19 83 12
24	48 40 54 20
25	32 95 22 54
26	65 28 10 98
27	93 84 56 76
28	93 29 99 6
29	40 99 90 56
30	58 79 49 32
31	74 15 44 12
32	18 86 41 1
33	41 53 18 40
34	65 100 79 9
35	39 99 3 24
36	26 59 88 40
37	27 97 29 23
38	49 91 60 42
39	47 80 58 71
40	48 89 37 98
41	35 73 23 43
42	78 79 62 33
43	91 9 12 69
44	24 15 25 46
45	63 79 77 51
46	10 96 85 78
47	24 9 92 23
48	69 80 84 12
49	44 69 87 88
50	68 66 26 87
51	11 4 85 14
52	84 2 49 32
53	68 41 49 48
54	27 70 11 37
55	11 20 69 4
56	92 96 30 100
57	91 8 23 5
58	35 34 75 83
59	46 32 5 33
60	23 19 40 69
61	35 57 31 1
62	60 56 50 2
63	26 49 66 58
64	39 57 16 6
65	8 80 14 56
66	65 75 100 5
67	26 36 4 39
68	15 66 60 99
69	5 55 23 17
70	56 88 18 68
71	61 45 14 88
72	15 62 92 93
73	88 37 73 64
74	4 13 5 54
75	2 95 9 45
76	33 58 3 93
77	78 3 89 38
78	10 67 1 88
79	61 95 50 11
80	33 46 62 36
81	53 93 47 91
82	53 26 55 67
83	49 98 36 97
84	95 84 98 80
85	14 19 99 90
86	48 72 46 4
87	83 34 71 92
88	63 36 69 85
89	71 38 12 25
90	50 89 31 5
91	81 50 34 29
92	62 75 66 50
93	8 98 17 63
94	97 98 38 20
95	47 41 51 29
96	76 91 45 21
97	81 88 83 80
98	7 85 98 91
99	79 41 4 12
100	100 12 40 14
101	83 85 39 48
102	45 15 9 28
103	28 46 43 10
104	86 45 62 59
105	8 7 39 72
106	30 45 71 62
107	38 61 70 42
108	1 97 4 67
109	13 83 55 75
110	41 25 48 5
111	23 31 57 97
112	78 26 56 54
113	88 89 77 64
114	22 31 9 21
115	60 82 68 1
116	73 68 71 44
117	53 27 64 65
118	96 60 44 64
119	19 90 88 60
120	10 52 60 38
121	86 68 97 13
122	85 66 96 23
123	51 32 76 68
124	5 18 3 41
125	37 3 92 33
126	90 65 24 33
127	25 67 7 51
128	9 13 30 19
129	58 50 59 84
130	70 17 76 81
131	89 17 83 84
132	26 68 46 36
133	2 48 21 91
134	61 38 93 11
135	17 16 10 51
136	32 77 85 46
137	94 54 73 69
138	74 55 93 41
139	56 71 76 91
140	44 76 22 91
141	86 84 41 11
142	80 65 44 11
143	52 16 90 11
144	92 9 84 63
145	45 1 64 15
146	4 48 10 97
147	70 25 50 87
148	81 9 72 55
149	62 73 87 77
150	35 58 11 13
151	13 81 100 53
152	37 64 59 42
153	44 96 7 70
154	88 1 34 35
155	25 43 65 38
156	99 48 22 42
157	58 43 3 88
158	67 85 5 24
159	49 76 86 39
160	93 44 26 51
161	23 14 54 33
162	9 74 7 39
163	65 13 87 99
164	27 98 41 38
165	76 73 22 60
166	17 3 98 59
167	22 76 35 50
168	66 64 87 54
169	71 3 43 17
170	11 32 65 58
171	63 78 95 54
172	99 39 31 96
173	62 26 71 53
174	48 37 17 8
175	74 73 85 7
176	90 95 72 13
177	90 53 50 60
178	7 71 15 91
179	38 70 78 61
180	96 61 90 72
181	27 89 13 57
182	70 54 57 94
183	68 90 81 10
184	93 40 65 86
185	18 55 68 65
186	78 40 70 100
187	43 68 1 44
188	45 64 3 56
189	91 4 11 13
190	65 71 95 82
191	21 5 46 3
192	56 36 17 34
193	37 11 89 53
194	73 61 89 39
195	57 9 20 68
196	57 63 62 20
197	83 64 80 66
198	12 69 25 54
199	84 11 74 5
200	90 29 82 81
201	62 73 41 59
202	94 11 69 46
203	91 72 49 16
204	55 17 68 26
205	97 59 14 20
206	75 18 17 39
207	49 6 35 67
208	43 25 35 57
209	27 24 99 18
210	31 81 22 3
211	20 26 57 77
212	6 95 96 13
213	71 19 91 55
214	19 71 80 9
215	94 74 25 52
216	91 41 95 31
217	77 49 32 14
218	94 6 57 3
219	81 62 52 56
220	59 86 84 90
221	68 48 10 81
222	44 54 62 83
223	7 40 12 33
224	32 16 71 22
225	12 81 8 70
226	84 92 20 16
227	41 69 38 2
228	21 19 58 67
229	73 41 16 37
230	72 97 46 60
231	61 78 85 33
232	33 61 31 57
233	6 35 40 38
234	68 70 75 52
235	5 98 23 29
236	69 48 39 99
237	28 23 22 3
238	60 20 9 31
239	67 34 13 70
240	93 94 17 10
241	66 71 84 95
242	100 25 42 88
243	8 95 65 38
244	42 41 47 24
245	89 48 11 73
246	91 77 76 50
247	19 64 66 20
248	1 48 97 25
249	49 43 100 91
250	75 21 82 93
251	34 6 50 44
252	88 31 78 62
253	9 82 32 36
254	76 64 82 45
255	62 99 31 61
256	71 44 19 7
257	74 46 54 16
258	80 14 9 60
259	92 53 30 84
260	32 42 21 23
261	87 20 59 93
262	50 84 35 65
263	47 31 10 15
264	31 45 58 24
265	13 74 89 27
266	27 96 61 30
267	48 15 77 24
268	51 25 94 80
269	38 99 74 4
270	44 35 89 14
271	24 11 86 5
272	64 87 8 95
273	37 52 65 55
274	49 63 44 72
275	53 85 43 97
276	90 67 88 64
277	83 70 21 96
278	70 36 52 10
279	37 96 4 18
280	50 6 51 77
281	34 3 46 18
282	85 99 1 29
283	87 62 41 69
284	94 27 78 31
285	6 7 69 22
286	46 88 22 52
287	35 89 77 15
288	58 43 10 100
289	31 84 75 63
290	66 30 70 80
291	16 94 73 78
292	96 91 36 73
293	32 89 18 60
294	69 72 68 84
295	64 14 80 57
296	23 11 92 5
297	23 69 34 37
298	34 38 75 40
299	25 6 59 86
300	100 40 41 35
301	69 39 48 31
302	61 95 59 77
303	25 27 83 39
304	28 83 77 11
305	10 5 78 14
306	29 35 39 76
307	83 11 4 85
308	27 94 89 2
309	26 95 46 100
310	50 24 25 11
311	82 13 84 64
312	54 3 26 96
313	56 37 92 7
314	49 20 48 84
315	63 96 2 83
316	11 66 44 13
317	36 52 37 12
318	83 59 81 31
319	93 24 62 76
320	34 86 35 15
321	37 45 13 69
322	98 15 82 80
323	29 18 7 11
324	59 77 5 60
325	12 88 54 41
326	24 74 27 44
327	95 88 50 72
328	36 66 23 17
329	50 85 3 6
330	91 58 5 43
331	40 34 93 9
332	43 84 18 70
333	22 31 65 1
334	60 100 24 39
335	49 2 56 51
336	81 8 84 34
337	22 49 39 56
338	88 48 81 40
339	10 64 19 66
340	24 57 21 68
341	56 31 61 37
342	84 90 68 54
343	83 99 72 43
344	61 3 91 14
345	3 8 98 49
346	51 31 6 68
347	97 58 88 89
348	66 9 67 82
349	12 4 6 78
350	19 56 98 7
351	60 5 80 37
352	4 86 60 73
353	94 58 2 14
354	17 79 66 78
355	38 88 67 99
356	1 30 3 93
357	44 66 72 96
358	68 15 51 95
359	36 93 66 50
360	43 80 61 94
361	43 7 96 82
362	24 26 77 91
363	67 21 1 66
364	87 49 7 96
365	88 67 66 41
366	68 58 13 40
367	91 29 95 93
368	93 55 63 26
369	17 51 35 25
370	97 99 9 8
371	12 27 71 5
372	87 8 66 2
373	38 89 21 90
374	50 19 14 10
375	79 62 93 38
376	5 39 35 93
377	80 89 9 30
378	5 62 33 14
379	43 25 18 69
380	33 21 11 29
381	39 98 4 65
382	12 77 5 70
383	36 98 75 37
384	81 89 61 5
385	87 21 83 98
386	66 35 22 83
387	42 47 73 100
388	7 46 9 68
389	89 53 83 99
390	37 58 21 35
391	13 67 61 81
392	30 63 9 51
393	76 36 86 65
394	14 42 27 4
395	40 34 74 71
396	83 38 26 59
397	61 5 92 41
398	85 50 14 76
399	35 78 79 47
400	88 49 85 54
401	25 71 24 87
402	35 3 44 10
403	95 1 47 29
404	9 16 51 30
405	23 27 48 74
406	18 85 83 29
407	30 45 21 17
408	33 55 99 59
409	71 89 44 1
410	84 20 55 9
411	46 35 31 49
412	8 14 48 25
413	89 92 78 24
414	96 11 22 48
415	64 24 97 17
416	20 23 96 42
417	66 63 62 8
418	96 98 65 70
419	12 22 28 1
420	13 27 12 21
421	36 2 82 76
422	24 79 58 43
423	89 35 30 91
424	81 42 12 55
425	44 17 86 2
426	55 22 11 43
427	100 46 54 20
428	71 55 1 57
429	67 37 4 45
430	61 62 29 67
431	78 87 29 61
432	43 69 71 72
433	40 86 70 52
434	2 93 75 60
435	6 92 25 24
436	33 50 93 52
437	46 85 96 61
438	58 10 31 3
439	47 22 62 11
440	63 27 22 44
441	45 66 57 22
442	5 6 28 45
443	92 22 30 99
444	57 5 58 18
445	31 73 12 93
446	20 50 57 55
447	76 43 20 9
448	96 98 53 32
449	15 34 4 39
450	62 56 44 93
451	75 46 100 71
452	28 7 38 54
453	76 35 51 4
454	18 59 62 42
455	67 69 53 86
456	79 70 50 37
457	100 55 7 19
458	7 14 90 77
459	30 64 69 77
460	21 95 15 97
461	55 37 71 93
462	40 41 97 58
463	63 75 51 90
464	80 98 18 62
465	64 42 55 50
466	39 64 84 65
467	31 68 86 39
468	62 38 37 42
469	10 36 97 35
470	87 80 12 88
471	51 14 21 12
472	88 69 59 78
473	51 97 96 32
474	70 33 47 46
475	64 50 38 49
476	72 90 29 79
477	91 42 36 62
478	34 12 30 57
479	84 61 27 28
480	33 49 2 68
481	61 78 46 62
482	25 41 94 61
483	65 31 27 16
484	58 48 27 21
485	43 4 70 100
486	71 20 89 27
487	61 95 9 11
488	78 97 12 63
489	8 34 26 75
490	38 85 49 96
491	53 70 89 100
492	72 63 11 16
493	41 24 15 74
494	54 51 62 79
495	30 75 36 28
496	31 62 23 100
497	79 80 45 90
498	14 58 59 53
499	94 43 1 96
500	43 15 91 80
501	34 96 23 67
502	2 16 90 3
503	91 38 27 74
504	66 87 75 16
505	9 84 86 68
506	57 52 89 25
507	5 85 4 86
508	20 24 40 43
509	55 58 91 50
510	67 68 4 49
511	21 51 86 5
512	39 31 15 77
513	13 5 17 94
514	36 55 37 2
515	35 18 62 46
516	94 88 9 36
517	36 55 65 27
518	5 99 26 42
519	41 40 17 97
520	82 75 58 79
521	81 29 66 39
522	75 92 54 27
523	5 71 37 45
524	50 82 98 5
525	91 67 34 53
526	84 85 39 93
527	26 61 21 89
528	24 33 61 78
529	76 1 92 67
530	75 98 90 87
531	16 44 31 78
532	39 38 76 77
533	50 44 80 18
534	99 20 22 5
535	36 72 11 95
536	25 74 9 44
537	27 94 80 12
538	93 22 80 41
539	10 37 7 84
540	31 14 76 98
541	9 56 99 82
542	14 56 41 37
543	4 32 56 52
544	31 47 29 84
545	2 7 72 11
546	61 98 11 100
547	42 8 61 7
548	24 17 44 60
549	63 42 40 45
550	81 92 5 41
551	95 83 74 16
552	29 27 28 9
553	20 27 60 74
554	14 91 100 77
555	68 13 73 96
556	51 48 82 30
557	85 95 69 61
558	5 59 75 1
559	95 12 89 58
560	8 40 94 87
561	21 92 77 9
562	29 71 83 1
563	24 42 63 47
564	83 62 21 71
565	9 14 4 83
566	63 21 50 14
567	9 35 99 20
568	33 27 63 30
569	63 95 71 25
570	22 82 35 100
571	45 57 94 16
572	26 99 32 93
573	48 67 59 12
574	51 68 72 93
575	99 56 27 85
576	99 39 10 81
577	73 28 19 76
578	5 8 87 69
579	67 11 36 14
580	97 20 29 85
581	94 45 78 79
582	94 73 38 18
583	64 28 85 13
584	17 55 5 65
585	68 81 72 20
586	75 63 38 20
587	3 33 11 39
588	52 24 61 16
589	57 66 73 25
590	32 20 63 16
591	96 68 42 88
592	49 4 67 58
593	40 56 50 28
594	16 51 65 21
595	4 14 97 38
596	60 21 72 68
597	62 100 19 77
598	25 98 40 45
599	76 100 8 9
600	60 87 57 95
601	61 76 2 60
602	28 14 34 4
603	18 64 52 97
604	44 72 63 18
605	94 48 88 3
606	23 59 47 71
607	83 15 44 43
608	37 62 22 89
609	15 65 26 96
610	36 85 99 44
611	14 92 23 36
612	27 8 59 5
613	13 70 42 62
614	34 72 44 57
615	27 76 50 49
616	75 54 34 31
617	96 18 99 49
618	95 74 2 34
619	12 54 35 48
620	49 42 58 40
621	55 94 89 62
622	46 51 21 64
623	1 75 58 25
624	95 59 71 87
625	96 14 71 12
626	64 73 49 99
627	13 18 78 10
628	26 91 62 92
629	75 42 47 60
630	69 58 41 94
631	84 49 93 46
632	14 29 94 22
633	25 24 73 50
634	76 13 27 43
635	22 45 18 32
636	22 59 36 63
637	89 3 48 47
638	90 6 19 98
639	63 27 68 11
640	22 39 52 71
641	94 32 26 54
642	95 35 32 13
643	5 85 57 14
644	19 90 5 73
645	29 80 82 86
646	67 63 39 99
647	44 35 58 20
648	44 43 92 83
649	3 51 73 95
650	4 40 65 95
651	54 99 67 79
652	16 24 91 49
653	74 65 97 87
654	47 94 63 48
655	85 97 70 67
656	22 57 40 67
657	88 15 2 80
658	24 27 85 47
659	48 66 6 42
660	14 22 75 95
661	26 58 47 20
662	19 61 76 34
663	93 92 30 57
664	9 52 47 89
665	76 40 87 74
666	60 53 15 56
667	33 43 82 21
668	55 62 83 10
669	3 17 27 34
670	33 19 84 26
671	1 60 32 94
672	16 94 82 60
673	18 60 75 8
674	66 57 46 45
675	15 63 4 74
676	91 65 40 13
677	7 22 55 67
678	48 82 9 59
679	9 62 96 98
680	87 85 82 29
681	64 59 51 42
682	36 16 72 9
683	78 3 61 85
684	26 11 17 80
685	62 5 55 89
686	33 55 39 49
687	36 79 11 56
688	55 94 72 38
689	90 42 27 31
690	27 97 29 57
691	14 15 24 61
692	14 77 35 26
693	69 28 34 47
694	1 47 44 30
695	96 83 65 68
696	92 78 86 24
697	42 32 63 96
698	39 79 19 5
699	65 62 5 33
700	8 73 46 83
701	41 28 42 94
702	13 25 75 37
703	100 64 96 84
704	26 35 74 86
705	72 40 10 84
706	36 48 12 59
707	85 60 62 68
708	31 1 76 68
709	60 16 75 86
710	6 96 10 29
711	44 72 6 95
712	68 74 15 4
713	73 44 23 62
714	11 29 14 33
715	32 65 92 71
716	25 45 68 85
717	51 4 9 20
718	57 87 37 23
719	80 45 20 32
720	47 13 24 8
721	12 1 90 44
722	40 28 2 5
723	32 88 62 85
724	12 21 100 36
725	58 32 90 50
726	34 65 45 13
727	81 4 56 87
728	42 64 50 58
729	25 68 13 75
730	53 27 58 11
731	15 18 66 53
732	36 27 17 3
733	35 51 21 82
734	67 61 86 71
735	15 70 22 11
736	99 44 49 71
737	6 88 35 45
738	42 20 12 21
739	3 51 88 66
740	2 74 88 69
741	53 97 83 90
742	70 85 14 96
743	1 91 47 5
744	90 8 2 18
745	62 8 45 68
746	47 34 71 60
747	21 41 56 31
748	41 100 10 63
749	48 47 39 30
750	52 31 90 91
751	88 69 92 29
752	21 48 2 90
753	19 82 5 62
754	75 19 13 63
755	87 66 91 99
756	71 80 24 84
757	95 42 86 53
758	79 61 59 23
759	78 54 34 11
760	65 41 69 100
761	2 74 46 13
762	42 84 95 75
763	88 3 68 10
764	90 96 34 6
765	61 8 48 90
766	77 89 22 28
767	89 93 43 15
768	38 37 12 84
769	81 76 34 96
770	18 76 82 35
771	67 23 25 51
772	53 19 47 63
773	13 64 6 34
774	92 55 62 75
775	24 31 72 40
776	68 56 12 62
777	5 40 64 19
778	96 22 87 7
779	41 80 25 94
780	43 41 10 47
781	19 28 26 43
782	89 70 82 9
783	84 18 60 87
784	97 18 36 100
785	85 38 86 11
786	58 2 12 32
787	76 21 41 83
788	4 52 51 77
789	100 67 70 10
790	33 6 57 17
791	99 15 81 61
792	67 27 72 36
793	74 43 62 32
794	82 63 81 90
795	10 67 87 43
796	97 38 23 55
797	91 76 49 92
798	87 44 23 74
799	93 3 88 99
800	52 25 6 51
801	56 8 59 34
802	77 75 17 23
803	94 54 60 3
804	88 28 25 73
805	69 34 15 70
806	38 24 28 9
807	32 99 74 46
808	35 11 25 98
809	48 90 83 33
810	4 81 9 67
811	67 81 7 43
812	24 64 98 53
813	47 61 54 72
814	98 99 8 78
815	22 59 20 92
816	83 70 62 50
817	29 70 32 58
818	4 67 37 54
819	7 10 51 88
820	29 9 12 71
821	55 39 38 45
822	27 95 19 46
823	87 39 53 84
824	93 21 42 66
825	93 2 29 9
826	63 62 48 38
827	81 80 76 96
828	63 56 87 72
829	63 58 20 94
830	3 8 38 45
831	58 18 65 31
832	80 29 33 26
833	47 23 89 41
834	1 48 100 30
835	52 28 10 6
836	43 35 44 49
837	99 92 37 11
838	72 73 94 95
839	19 9 40 10
840	84 85 56 91
841	86 15 50 62
842	47 32 57 11
843	64 81 11 4
844	35 15 80 57
845	85 7 56 30
846	19 51 66 80
847	37 84 82 48
848	48 32 83 12
849	68 86 1 59
850	71 82 50 89
851	55 10 36 47
852	86 91 25 64
853	62 47 92 85
854	74 84 27 60
855	37 69 97 32
856	86 57 66 87
857	94 78 49 17
858	37 70 65 20
859	12 49 34 44
860	54 70 13 85
861	66 53 44 58
862	90 41 87 64
863	20 32 24 72
864	10 39 23 24
865	18 90 98 9
866	49 1 79 29
867	72 87 11 66
868	87 38 23 58
869	19 5 97 22
870	83 56 72 88
871	86 7 69 70
872	100 59 44 34
873	79 5 26 81
874	41 44 40 79
875	92 14 3 20
876	36 84 70 35
877	68 33 89 17
878	49 12 14 52
879	32 76 78 59
880	5 71 26 45
881	11 68 67 20
882	42 26 91 4
883	58 70 76 38
884	3 31 83 35
885	97 3 37 94
886	64 50 75 33
887	36 56 42 99
888	6 68 96 33
889	32 6 1 79
890	3 70 85 61
891	95 19 85 49
892	58 2 64 9
893	61 64 71 100
894	6 73 63 14
895	19 43 41 95
896	87 20 88 57
897	39 68 59 52
898	50 71 15 30
899	39 35 17 9
900	97 52 29 82
901	35 40 57 23
902	23 75 22 72
903	97 33 44 23
904	68 73 43 69
905	32 17 70 42
906	62 41 98 92
907	82 6 78 77
908	63 80 54 92
909	59 39 32 9
910	51 40 79 39
911	60 14 27 62
912	17 99 93 79
913	48 5 26 50
914	83 26 64 34
915	37 15 12 65
916	15 100 56 21
917	99 78 91 43
918	3 50 48 28
919	11 69 14 27
920	31 88 24 44
921	95 13 62 47
922	19 35 53 29
923	76 53 32 72
924	8 99 53 1
925	94 77 53 60
926	30 67 25 20
927	22 18 71 2
928	30 9 84 73
929	61 66 3 80
930	21 71 38 25
931	73 60 75 53
932	94 59 86 35
933	52 22 80 49
934	70 91 62 20
935	75 63 81 100
936	39 23 1 97
937	47 88 91 32
938	96 8 56 77
939	49 83 79 96
940	46 33 71 48
941	49 17 30 80
942	29 44 30 58
943	65 55 50 100
944	73 28 45 97
945	98 46 72 81
946	48 1 18 4
947	14 49 69 12
948	98 93 1 10
949	28 98 77 22
950	24 81 79 22
951	52 42 15 91
952	33 84 28 47
953	46 15 16 82
954	57 61 66 45
955	74 2 59 39
956	3 100 10 77
957	23 4 94 36
958	41 88 43 54
959	7 27 26 3
960	33 1 59 81
961	46 42 26 30
962	11 43 75 37
963	77 49 62 73
964	33 60 77 2
965	67 68 99 78
966	38 69 100 22
967	73 16 77 65
968	21 18 61 63
969	86 53 29 22
970	42 10 2 35
971	1 41 61 29
972	55 96 93 4
973	13 1 34 27
974	54 2 87 65
975	44 76 5 88
976	59 88 28 52
977	94 17 41 91
978	22 67 35 41
979	35 14 32 39
980	70 87 89 49
981	74 11 18 39
982	84 97 29 46
983	61 36 64 24
984	98 32 26 77
985	62 30 60 89
986	46 48 63 19
987	48 82 85 31
988	99 78 14 96
989	35 87 58 72
990	88 41 66 79
991	78 2 52 9
992	65 87 7 81
993	14 66 64 61
994	4 1 2 10
995	75 86 54 78
996	82 77 84 75
997	18 54 59 37
998	60 38 75 20
999	10 91 26 42
1000	39 99 61 19
1001	59 90 12 23
1002	93 61 95 13
1003	61 9 42 93
1004	19 81 47 96
1005	58 50 67 75
1006	100 36 12 73
1007	99 22 76 6
1008	34 18 15 6
1009	53 48 62 44
1010	100 16 13 58
1011	25 71 69 2
1012	80 21 5 35
1013	2 48 47 31
1014	24 38 31 86
1015	82 16 50 31
1016	77 54 4 85
1017	60 40 61 95
1018	71 37 11 60
1019	39 85 67 81
1020	58 96 14 54
1021	84 63 72 96
1022	59 100 14 58
1023	96 87 72 98
1024	86 31 34 10
1025	66 58 29 97
1026	60 88 5 49
1027	33 40 39 86
1028	53 94 92 36
1029	96 21 36 24
1030	80 20 55 39
1031	99 31 58 22
1032	77 18 26 43
1033	11 56 40 43
1034	22 8 92 71
1035	28 76 99 8
1036	10 32 100 25
1037	26 75 87 70
1038	91 94 98 62
1039	68 7 14 25
1040	93 68 48 95
1041	53 61 90 46
1042	38 45 80 53
1043	33 64 53 75
1044	54 65 73 85
1045	32 94 8 11
1046	31 38 39 67
1047	87 32 57 47
1048	96 76 74 4
1049	60 85 19 27
1050	31 83 40 30
1051	18 96 3 23
1052	25 30 74 35
1053	32 48 83 51
1054	97 19 18 69
1055	94 95 90 32
1056	97 13 52 27
1057	82 28 9 92
1058	91 56 86 52
1059	21 63 78 49
1060	16 4 21 59
1061	98 24 48 30
1062	84 73 8 11
1063	52 17 61 24
1064	58 75 92 27
1065	92 32 53 74
1066	63 66 35 78
1067	41 29 56 90
1068	26 12 45 71
1069	38 98 28 21
1070	79 45 9 3
1071	40 33 44 4
1072	43 58 72 4
1073	65 77 63 62
1074	32 69 38 8
1075	60 63 45 87
1076	40 65 3 91
1077	89 4 64 63
1078	72 24 31 100
1079	25 40 100 83
1080	92 10 28 75
1081	11 42 65 100
1082	29 51 72 57
1083	77 69 98 89
1084	60 36 52 44
1085	23 4 64 6
1086	93 25 89 24
1087	40 79 9 49
1088	45 65 27 62
1089	83 32 64 29
1090	15 97 96 71
1091	30 24 60 26
1092	35 55 58 23
1093	32 54 44 43
1094	71 2 96 30
1095	66 13 57 45
1096	11 30 3 98
1097	97 7 22 11
1098	38 11 65 36
1099	48 19 12 52
1100	77 98 47 53
1101	71 67 75 29
1102	29 23 54 20
1103	30 46 42 89
1104	73 92 59 97
1105	35 65 3 18
1106	41 2 21 83
1107	98 82 75 73
1108	16 77 49 91
1109	73 27 36 66
1110	90 29 16 78
1111	58 39 13 34
1112	59 97 26 60
1113	28 83 14 58
1114	7 20 87 33
1115	32 34 62 35
1116	40 59 72 52
1117	80 76 85 66
1118	99 38 78 100
1119	5 53 31 69
1120	48 51 73 39
1121	26 52 14 72
1122	7 22 49 3
1123	89 90 34 17
1124	52 56 92 16
1125	30 78 46 22
1126	69 17 28 74
1127	71 77 11 52
1128	17 65 13 58
1129	63 8 27 18
1130	75 15 78 98
1131	97 3 35 51
1132	44 53 45 5
1133	51 96 42 41
1134	18 20 75 56
1135	65 19 47 62
1136	81 83 65 67
1137	74 81 46 21
1138	80 100 17 52
1139	37 27 93 75
1140	61 41 9 2
1141	41 21 77 60
1142	89 40 75 7
1143	67 83 16 47
1144	20 62 46 84
1145	47 25 77 69
1146	25 81 54 10
1147	57 73 25 5
1148	65 20 52 37
1149	25 17 80 61
1150	9 52 47 48
1151	50 33 26 96
1152	76 41 59 53
1153	24 22 9 92
1154	89 81 36 55
1155	89 93 29 54
1156	5 54 72 96
1157	94 67 87 7
1158	68 52 72 98
1159	44 36 92 70
1160	2 31 8 79
1161	35 10 23 66
1162	50 55 24 63
1163	87 51 58 85
1164	43 15 80 94
1165	30 5 11 43
1166	72 61 81 29
1167	96 67 82 48
1168	24 94 65 20
1169	22 58 44 36
1170	8 91 82 85
1171	3 80 99 26
1172	57 74 7 45
1173	64 72 19 39
1174	55 58 22 77
1175	6 81 92 61
1176	31 56 59 74
1177	12 94 69 42
1178	25 63 82 65
1179	58 54 5 11
1180	15 61 39 14
1181	91 27 13 78
1182	94 32 53 33
1183	71 47 67 23
1184	48 82 15 79
1185	57 85 94 21
1186	92 8 6 77
1187	40 89 9 16
1188	98 43 69 73
1189	22 79 29 35
1190	58 77 57 39
1191	40 42 44 67
1192	49 1 34 36
1193	96 20 83 40
1194	26 65 98 4
1195	85 73 95 11
1196	72 20 49 32
1197	79 62 89 23
1198	2 7 74 39
1199	52 46 84 60
1200	37 70 88 8
1201	80 52 31 1
1202	20 80 11 75
1203	36 24 30 52
1204	22 36 83 38
1205	25 48 93 68
1206	20 6 62 59
1207	38 20 31 47
1208	37 76 36 16
1209	44 76 32 40
1210	28 64 67 26
1211	22 64 77 37
1212	49 38 59 78
1213	51 55 96 8
1214	72 32 83 87
1215	5 31 60 12
1216	56 59 45 24
1217	53 63 20 34
1218	8 34 52 62
1219	25 61 67 77
1220	59 3 87 20
1221	64 78 16 62
1222	89 10 53 77
1223	14 72 12 53
1224	90 97 15 51
1225	89 82 63 77
1226	74 40 57 31
1227	67 85 94 16
1228	7 97 53 72
1229	25 49 4 12
1230	12 99 94 33
1231	16 83 9 74
1232	49 82 88 51
1233	48 20 80 75
1234	61 7 22 19
1235	89 6 95 70
1236	43 55 69 45
1237	48 83 77 6
1238	81 99 94 51
1239	27 79 35 75
1240	63 88 70 29
1241	81 21 56 46
1242	19 47 2 76
1243	3 40 37 8
1244	98 39 43 70
1245	53 23 92 56
1246	55 28 95 67
1247	62 81 71 68
1248	32 91 54 15
1249	99 69 7 22
1250	18 97 76 79
1251	100 88 6 34
1252	82 36 4 30
1253	23 51 90 40
1254	97 56 61 85
1255	3 38 72 47
1256	73 93 54 2
1257	49 88 4 68
1258	60 49 68 61
1259	4 84 68 15
1260	42 80 100 59
1261	51 94 90 28
1262	51 26 72 52
1263	40 47 59 82
1264	62 51 79 21
1265	72 71 96 16
1266	26 16 81 73
1267	35 3 22 31
1268	93 85 98 8
1269	63 87 36 66
1270	20 19 45 60
1271	28 89 76 14
1272	72 23 12 25
1273	10 20 83 68
1274	65 39 14 71
1275	3 22 74 93
1276	64 87 8 37
1277	62 53 97 38
1278	20 86 52 32
1279	79 37 42 14
1280	60 97 90 36
1281	14 93 18 92
1282	83 46 24 49
1283	57 28 96 91
1284	32 68 10 8
1285	21 88 18 64
1286	56 34 96 32
1287	99 87 82 16
1288	38 15 44 76
1289	36 22 28 11
1290	13 87 90 83
1291	54 16 29 88
1292	36 26 27 62
1293	86 19 92 8
1294	91 67 83 46
1295	42 72 20 43
1296	53 89 81 1
1297	28 81 10 18
1298	12 68 30 80
1299	76 14 3 99
1300	88 3 4 59
1301	39 81 82 94
1302	48 70 37 92
1303	68 75 93 42
1304	85 10 44 66
1305	96 47 81 18
1306	43 32 68 55
1307	30 4 92 75
1308	77 42 27 32
1309	96 99 53 63
1310	22 45 78 59
1311	71 62 19 35
1312	83 73 43 52
1313	35 12 69 10
1314	92 43 18 86
1315	67 31 61 69
1316	87 86 44 15
1317	4 96 92 66
1318	89 77 43 3
1319	72 95 48 76
1320	16 77 45 41
1321	100 56 34 48
1322	76 2 99 34
1323	52 78 72 13
1324	54 59 30 10
1325	97 96 13 2
1326	80 77 8 96
1327	63 83 26 51
1328	71 91 65 53
1329	36 58 31 10
1330	69 81 20 15
1331	51 22 71 88
1332	14 38 93 77
1333	48 92 76 30
1334	83 55 20 93
1335	23 75 83 95
1336	74 26 25 64
1337	22 50 25 13
1338	63 39 37 76
1339	20 23 79 81
1340	25 27 60 31
1341	16 73 6 39
1342	72 86 9 34
1343	44 48 83 85
1344	92 36 46 65
1345	51 99 21 83
1346	40 36 11 1
1347	97 47 33 92
1348	99 67 62 17
1349	96 12 3 21
1350	42 16 79 61
1351	71 83 21 16
1352	92 16 88 28
1353	66 93 58 33
1354	67 11 68 78
1355	83 63 19 14
1356	47 60 7 22
1357	69 59 14 68
1358	55 96 50 100
1359	61 6 46 2
1360	13 10 66 82
1361	86 74 68 7
1362	58 33 90 10
1363	62 59 97 37
1364	24 70 9 68
1365	65 49 83 79
1366	19 49 69 21
1367	86 84 12 83
1368	40 94 17 72
1369	25 13 41 47
1370	55 2 61 25
1371	66 35 5 44
1372	14 98 24 72
1373	58 49 29 30
1374	61 48 58 3
1375	91 42 99 97
1376	84 66 7 16
1377	58 48 21 74
1378	62 70 47 23
1379	52 63 78 91
1380	55 65 58 26
1381	75 32 24 43
1382	54 51 9 74
1383	7 2 82 61
1384	29 63 14 86
1385	28 1 30 67
1386	65 12 16 96
1387	74 40 1 39
1388	5 51 11 50
1389	77 14 37 33
1390	91 84 74 82
1391	82 20 73 50
1392	19 66 75 9
1393	56 16 54 47
1394	70 43 47 97
1395	28 34 64 91
1396	81 6 94 16
1397	51 82 11 90
1398	96 41 8 25
1399	56 7 63 60
1400	97 62 9 42
1401	2 24 59 40
1402	76 29 78 85
1403	38 99 82 80
1404	87 84 36 60
1405	85 38 40 23
1406	49 83 67 68
1407	30 45 42 39
1408	38 92 90 63
1409	95 33 12 21
1410	55 10 92 11
1411	30 94 24 78
1412	90 85 40 51
1413	1 23 94 7
1414	20 60 83 46
1415	47 7 42 30
1416	36 8 27 22
1417	77 60 72 66
1418	89 8 9 40
1419	95 1 38 88
1420	83 19 78 41
1421	43 73 66 79
1422	13 9 44 40
1423	20 44 63 50
1424	90 27 22 4
1425	96 84 31 93
1426	89 49 40 30
1427	88 3 47 61
1428	80 99 40 37
1429	18 34 19 45
1430	50 86 11 31
1431	72 38 86 78
1432	68 57 29 63
1433	67 98 36 42
1434	2 46 85 69
1435	57 86 45 55
1436	17 38 94 44
1437	18 68 77 38
1438	32 55 62 100
1439	24 48 25 98
1440	79 31 80 70
1441	68 26 48 59
1442	6 31 85 5
1443	56 4 66 19
1444	17 1 39 22
1445	38 99 56 30
1446	90 20 81 68
1447	5 77 33 48
1448	70 37 47 20
1449	34 19 86 42
1450	14 92 89 72
1451	11 99 49 14
1452	5 93 97 78
1453	62 90 51 59
1454	100 28 54 18
1455	90 65 73 3
1456	71 57 88 38
1457	30 88 53 94
1458	90 9 15 72
1459	85 6 13 68
1460	32 83 30 74
1461	71 69 38 20
1462	30 19 60 22
1463	22 100 39 97
1464	79 7 29 82
1465	96 91 27 54
1466	40 53 21 29
1467	5 96 68 59
1468	69 55 97 46
1469	25 58 85 61
1470	66 26 93 61
1471	30 23 36 15
1472	85 97 13 78
1473	4 87 50 38
1474	62 81 100 69
1475	19 98 43 69
1476	58 89 31 63
1477	48 28 1 16
1478	98 36 5 39
1479	72 41 4 2
1480	62 97 46 74
1481	92 38 89 9
1482	49 55 90 69
1483	85 100 22 47
1484	76 43 63 11
1485	70 54 75 2
1486	54 68 65 33
1487	28 80 86 71
1488	55 53 92 4
1489	43 75 22 51
1490	29 82 8 3
1491	5 78 33 76
1492	51 33 67 35
1493	19 22 47 20
1494	33 6 88 40
1495	85 47 2 44
1496	6 13 48 50
1497	56 66 39 54
1498	83 78 39 53
1499	94 7 74 27
1500	80 23 45 2
1501	45 40 16 94
1502	32 65 83 5
1503	5 34 97 76
1504	10 30 71 96
1505	37 46 11 36
1506	13 31 26 61
1507	60 50 98 45
1508	47 55 39 42
1509	12 33 28 11
1510	48 73 63 85
1511	27 58 17 76
1512	61 30 37 19
1513	27 55 79 95
1514	60 97 53 24
1515	61 27 85 25
1516	58 26 19 86
1517	71 73 38 6
1518	11 22 7 19
1519	29 80 1 48
1520	31 92 32 89
1521	76 67 69 49
1522	41 53 50 32
1523	55 31 87 6
1524	25 86 51 63
1525	3 89 5 55
1526	42 70 30 96
1527	85 6 37 66
1528	68 44 81 87
1529	35 37 91 76
1530	57 97 99 7
1531	14 36 25 65
1532	33 6 49 54
1533	92 37 90 41
1534	39 32 15 35
1535	98 7 94 84
1536	85 6 10 17
1537	46 20 7 42
1538	55 70 72 16
1539	12 61 56 60
1540	86 45 21 71
1541	85 15 81 14
1542	22 36 41 26
1543	49 68 77 56
1544	24 89 20 95
1545	38 35 32 96
1546	41 7 24 3
1547	36 34 37 22
1548	100 42 8 74
1549	32 26 2 95
1550	27 99 82 56
1551	49 19 12 99
1552	14 9 39 85
1553	82 96 86 63
1554	57 35 28 31
1555	6 64 78 13
1556	65 54 5 13
1557	93 24 50 19
1558	60 68 99 77
1559	56 47 35 80
1560	61 44 30 69
1561	59 74 44 55
1562	29 72 62 92
1563	93 61 21 16
1564	80 21 54 100
1565	22 50 17 55
1566	13 98 83 41
1567	23 12 94 85
1568	49 96 59 8
1569	28 68 23 58
1570	69 81 77 33
1571	16 73 76 88
1572	72 28 52 81
1573	81 100 89 83
1574	45 17 65 21
1575	47 92 83 44
1576	77 41 4 65
1577	1 23 22 14
1578	13 35 76 10
1579	66 15 61 29
1580	60 87 95 26
1581	57 30 95 7
1582	42 14 3 89
1583	75 66 79 34
1584	41 29 59 18
1585	52 63 58 35
1586	41 100 26 2
1587	39 18 63 62
1588	78 26 62 32
1589	77 16 27 29
1590	1 49 20 93
1591	52 54 32 39
1592	62 39 78 8
1593	62 61 92 81
1594	98 13 28 44
1595	20 53 7 42
1596	45 93 80 78
1597	96 62 1 58
1598	39 100 16 79
1599	77 83 65 59
1600	75 48 58 39
1601	47 8 6 58
1602	8 31 47 6
1603	94 99 21 70
1604	31 60 81 82
1605	63 79 96 9
1606	100 15 7 79
1607	92 27 60 68
1608	10 89 19 42
1609	60 98 86 59
1610	54 83 75 61
1611	68 20 9 31
1612	92 61 100 66
1613	24 4 16 53
1614	86 37 94 96
1615	75 76 69 41
1616	99 1 8 46
1617	10 89 21 91
1618	12 17 9 83
1619	75 49 68 42
1620	48 75 4 26
1621	85 73 6 58
1622	75 2 34 21
1623	77 1 97 95
1624	36 92 4 88
1625	75 81 40 39
1626	55 72 38 94
1627	44 79 93 6
1628	8 77 43 15
1629	30 48 89 15
1630	90 27 6 5
1631	28 100 30 83
1632	59 80 32 81
1633	3 8 100 67
1634	81 11 75 18
1635	43 11 27 69
1636	60 94 3 66
1637	13 1 30 75
1638	9 86 79 14
1639	50 47 74 56
1640	2 55 91 32
1641	74 10 30 56
1642	55 93 90 81
1643	95 78 18 6
1644	14 8 51 37
1645	45 73 52 72
1646	31 26 46 83
1647	18 60 86 96
1648	15 60 70 74
1649	81 89 49 25
1650	46 43 21 87
1651	86 38 71 26
1652	84 94 68 18
1653	32 82 22 85
1654	59 88 65 52
1655	54 72 1 35
1656	67 100 6 91
1657	9 6 28 25
1658	7 6 11 14
1659	40 70 62 30
1660	66 20 42 99
1661	1 96 72 61
1662	86 61 49 14
1663	59 62 20 57
1664	5 95 45 94
1665	12 20 42 9
1666	99 43 74 35
1667	41 99 60 67
1668	79 65 51 6
1669	86 80 98 67
1670	34 25 41 49
1671	70 37 18 12
1672	57 43 81 24
1673	53 7 87 36
1674	49 62 52 91
1675	61 98 29 96
1676	81 88 5 91
1677	19 36 33 94
1678	6 81 78 100
1679	40 17 26 85
1680	63 91 57 6
1681	17 93 11 62
1682	27 69 48 68
1683	99 12 29 40
1684	24 96 64 3
1685	55 70 100 47
1686	96 98 35 45
1687	39 63 81 24
1688	23 32 57 41
1689	3 53 87 94
1690	94 100 9 6
1691	30 8 10 85
1692	88 73 22 87
1693	65 34 10 88
1694	9 49 50 27
1695	94 12 31 98
1696	99 100 82 8
1697	64 11 51 82
1698	6 23 12 99
1699	20 84 46 55
1700	39 12 66 71
1701	69 71 35 29
1702	39 30 70 23
1703	59 56 18 24
1704	90 97 41 20
1705	53 3 36 79
1706	63 5 67 39
1707	86 53 30 19
1708	54 57 32 74
1709	68 45 87 63
1710	67 13 77 46
1711	38 36 48 37
1712	83 32 94 70
1713	16 44 75 35
1714	13 19 50 16
1715	4 77 26 97
1716	82 89 81 25
1717	53 62 29 16
1718	75 100 14 33
1719	35 16 84 23
1720	32 11 89 53
1721	74 47 55 40
1722	79 63 89 75
1723	6 1 82 61
1724	49 39 41 11
1725	74 8 78 65
1726	41 86 69 14
1727	43 57 34 46
1728	100 86 66 67
1729	52 90 8 89
1730	6 65 43 80
1731	75 63 53 4
1732	75 44 14 70
1733	32 34 56 92
1734	42 26 7 90
1735	46 9 16 52
1736	2 37 49 89
1737	28 40 24 50
1738	91 17 87 28
1739	95 97 60 38
1740	6 21 45 5
1741	89 39 47 94
1742	13 55 28 79
1743	12 7 25 17
1744	75 90 57 89
1745	39 2 44 27
1746	16 2 67 11
1747	20 57 6 87
1748	81 48 26 9
1749	52 92 64 23
1750	3 16 17 67
1751	97 95 33 68
1752	21 42 2 59
1753	86 44 62 75
1754	47 88 57 12
1755	76 11 13 79
1756	85 20 30 79
1757	20 60 44 17
1758	60 22 26 68
1759	83 78 57 16
1760	14 19 77 81
1761	7 63 30 91
1762	81 58 46 78
1763	56 47 12 91
1764	3 45 92 99
1765	26 77 54 16
1766	4 16 45 33
1767	29 11 69 66
1768	70 92 61 37
1769	62 35 98 27
1770	5 59 97 22
1771	58 43 11 75
1772	53 11 32 82
1773	18 25 31 17
1774	58 18 25 67
1775	16 51 17 37
1776	8 99 88 37
1777	76 93 19 69
1778	89 16 71 59
1779	45 43 26 87
1780	80 81 37 13
1781	65 68 12 84
1782	89 29 32 26
1783	56 58 70 55
1784	1 70 25 91
1785	9 79 44 99
1786	96 41 58 32
1787	39 17 30 81
1788	30 5 51 21
1789	83 73 5 51
1790	12 85 47 84
1791	32 63 50 88
1792	16 11 87 93
1793	57 64 95 48
1794	51 99 87 93
1795	80 20 73 68
1796	85 2 61 65
1797	54 88 65 22
1798	39 69 33 5
1799	46 34 85 66
1800	15 70 94 3
1801	20 3 40 17
1802	7 9 5 13
1803	82 1 64 14
1804	60 8 4 9
1805	62 72 41 84
1806	62 11 81 9
1807	93 91 8 19
1808	49 58 83 53
1809	90 6 78 93
1810	99 54 44 55
1811	27 33 76 96
1812	92 3 62 38
1813	100 72 60 39
1814	31 57 95 62
1815	54 84 51 96
1816	5 23 52 42
1817	58 1 51 64
1818	55 46 67 31
1819	72 41 29 81
1820	62 88 52 87
1821	96 64 94 3
1822	61 56 96 52
1823	83 72 43 79
1824	89 30 75 67
1825	72 19 46 27
1826	36 27 80 21
1827	50 21 88 22
1828	86 11 89 66
1829	66 91 93 65
1830	43 36 62 80
1831	100 33 52 42
1832	72 88 42 45
1833	55 83 32 34
1834	5 43 42 75
1835	10 74 49 81
1836	34 58 37 5
1837	51 87 8 66
1838	8 12 100 89
1839	4 75 21 36
1840	32 2 34 79
1841	18 15 98 84
1842	84 79 38 67
1843	39 76 90 29
1844	52 88 14 21
1845	44 97 66 76
1846	5 20 84 61
1847	17 57 89 40
1848	6 62 63 42
1849	73 98 87 37
1850	14 36 9 25
1851	52 60 62 77
1852	94 2 65 78
1853	43 15 69 94
1854	13 70 42 14
1855	30 98 94 78
1856	87 24 82 21
1857	65 13 19 71
1858	81 35 69 85
1859	41 99 3 37
1860	99 61 46 55
1861	48 10 19 78
1862	3 1 70 85
1863	62 33 2 21
1864	57 50 86 68
1865	51 28 18 11
1866	28 79 19 85
1867	23 27 18 82
1868	8 89 34 22
1869	65 55 6 98
1870	6 58 93 94
1871	57 68 27 43
1872	72 44 89 51
1873	48 69 81 92
1874	100 11 49 65
1875	75 70 86 58
1876	39 24 44 48
1877	94 57 68 4
1878	68 3 4 8
1879	15 78 88 33
1880	33 21 10 28
1881	64 86 7 32
1882	50 11 8 51
1883	77 44 50 78
1884	80 11 17 48
1885	97 74 52 46
1886	65 39 78 97
1887	91 27 18 33
1888	64 39 74 50
1889	69 5 34 85
1890	76 17 23 54
1891	2 44 24 3
1892	13 38 86 93
1893	92 14 54 63
1894	85 50 27 95
1895	38 69 44 78
1896	21 25 20 74
1897	75 88 11 17
1898	40 74 45 30
1899	48 65 7 80
1900	5 35 3 80
1901	86 58 92 16
1902	4 98 38 67
1903	11 12 50 79
1904	66 96 86 16
1905	99 63 77 1
1906	24 35 67 14
1907	69 73 44 60
1908	89 45 100 5
1909	25 41 35 51
1910	87 40 19 17
1911	34 83 11 33
1912	14 36 99 47
1913	42 53 13 76
1914	77 33 24 59
1915	59 86 10 19
1916	48 9 63 90
1917	81 55 40 79
1918	44 56 10 62
1919	80 30 81 61
1920	13 1 94 59
1921	40 66 10 55
1922	54 94 77 57
1923	71 8 57 25
1924	46 20 54 17
1925	20 17 9 3
1926	66 10 24 76
1927	5 82 15 95
1928	26 4 79 15
1929	58 91 5 85
1930	57 46 9 90
1931	74 4 98 69
1932	81 48 8 100
1933	61 38 93 55
1934	60 76 83 21
1935	78 34 12 59
1936	59 97 38 88
1937	58 44 63 45
1938	35 38 82 44
1939	44 80 23 12
1940	33 13 19 61
1941	92 6 31 100
1942	13 37 53 41
1943	33 95 31 85
1944	76 86 97 74
1945	27 46 56 92
1946	6 74 13 9
1947	55 68 92 5
1948	80 38 69 46
1949	87 70 21 72
1950	18 41 97 36
1951	41 54 93 20
1952	82 78 56 70
1953	84 80 52 14
1954	69 26 73 56
1955	77 73 47 15
1956	41 66 46 51
1957	64 56 11 14
1958	88 6 47 31
1959	2 32 22 100
1960	3 49 37 45
1961	55 22 38 44
1962	22 78 3 52
1963	50 81 16 69
1964	9 43 70 87
1965	12 80 16 92
1966	54 79 78 40
1967	57 29 43 56
1968	36 66 96 15
1969	62 58 12 39
1970	74 98 19 4
1971	40 74 53 85
1972	78 40 45 57
1973	10 19 38 65
1974	3 39 31 81
1975	100 87 38 25
1976	40 92 39 52
1977	49 95 26 72
1978	29 24 92 23
1979	28 57 60 10
1980	23 2 50 59
1981	100 43 74 42
1982	46 5 39 80
1983	85 80 63 72
1984	40 23 97 67
1985	4 43 63 6
1986	22 52 7 25
1987	58 2 93 33
1988	23 54 47 17
1989	86 15 45 66
1990	43 84 78 52
1991	86 79 65 27
1992	55 92 67 65
1993	5 38 22 64
1994	39 3 57 14
1995	14 88 9 6
1996	46 94 38 24
1997	76 25 60 88
1998	25 20 31 3
1999	53 85 71 3
2000	7 99 25 31
2001	61 26 9 79
2002	24 96 85 81
2003	86 61 26 33
2004	87 91 66 27
2005	66 83 15 45
2006	21 71 3 40
2007	80 26 89 78
2008	96 4 50 83
2009	65 61 32 38
2010	16 68 12 4
2011	68 5 50 2
2012	52 6 68 78
2013	32 57 78 56
2014	29 64 84 75
2015	5 7 92 29
2016	91 11 19 3
2017	29 71 9 77
2018	53 47 49 41
2019	14 98 9 20
2020	21 25 80 97
2021	73 6 80 95
2022	41 22 11 17
2023	70 87 96 3
2024	27 93 98 51
2025	39 34 88 68
2026	81 38 65 90
2027	61 16 5 59
2028	21 29 18 83
2029	30 72 95 96
2030	100 38 20 76
2031	70 27 38 41
2032	47 25 61 54
2033	31 22 56 34
2034	73 63 38 54
2035	23 30 54 73
2036	87 90 40 9
2037	47 57 14 62
2038	74 85 16 12
2039	65 83 31 95
2040	44 70 30 62
2041	96 80 97 39
2042	96 46 31 65
2043	97 18 4 87
2044	34 94 20 16
2045	91 34 23 51
2046	59 44 85 27
2047	7 64 87 19
2048	19 12 83 36
2049	22 10 94 86
2050	56 66 55 48
2051	24 43 49 71
2052	43 69 72 32
2053	14 41 100 47
2054	85 15 98 19
2055	2 64 69 32
2056	84 3 86 53
2057	100 1 98 11
2058	48 36 73 25
2059	97 42 11 56
2060	64 50 18 12
2061	36 23 27 42
2062	5 67 84 96
2063	72 57 41 86
2064	4 94 59 98
2065	5 72 94 44
2066	93 37 94 28
2067	79 26 97 63
2068	23 72 97 89
2069	99 51 58 88
2070	1 75 38 62
2071	21 26 63 67
2072	94 12 51 96
2073	26 2 54 64
2074	94 55 32 64
2075	56 29 18 43
2076	39 35 28 96
2077	78 48 19 80
2078	32 25 54 74
2079	78 24 15 18
2080	56 26 34 83
2081	9 83 30 34
2082	87 25 81 79
2083	46 97 72 81
2084	71 47 94 96
2085	32 65 75 11
2086	86 1 93 15
2087	48 70 49 58
2088	35 48 85 98
2089	47 72 42 17
2090	87 77 53 28
2091	68 47 74 35
2092	28 8 27 6
2093	71 11 9 66
2094	60 45 12 38
2095	88 2 21 12
2096	14 35 81 61
2097	27 16 53 59
2098	53 85 25 90
2099	41 6 81 7
2100	61 82 40 9
2101	100 48 11 35
2102	39 36 52 92
2103	5 79 66 26
2104	36 77 38 26
2105	88 74 84 97
2106	50 94 64 93
2107	20 34 74 64
2108	85 7 92 14
2109	93 48 54 38
2110	80 56 90 55
2111	30 78 13 4
2112	11 6 23 62
2113	15 44 1 63
2114	10 5 33 77
2115	80 38 26 91
2116	95 85 29 31
2117	98 67 47 20
2118	38 40 7 88
2119	32 76 67 87
2120	29 68 99 59
2121	67 88 4 21
2122	45 31 85 12
2123	44 20 55 59
2124	15 67 25 53
2125	86 39 100 32
2126	80 5 46 27
2127	84 21 37 50
2128	59 57 83 99
2129	70 92 24 97
2130	51 53 82 97
2131	19 10 49 78
2132	63 74 37 96
2133	55 22 94 80
2134	28 30 65 19
2135	49 90 72 45
2136	47 57 59 84
2137	68 86 60 58
2138	66 15 93 14
2139	72 1 25 51
2140	40 90 53 56
2141	46 30 58 53
2142	16 28 82 53
2143	44 45 14 97
2144	52 62 22 27
2145	47 12 33 89
2146	94 91 13 82
2147	17 30 81 43
2148	61 56 12 6
2149	37 40 38 66
2150	5 38 19 57
2151	10 85 48 43
2152	88 75 6 31
2153	30 64 76 61
2154	62 29 50 3
2155	59 70 61 86
2156	41 71 46 68
2157	16 72 38 22
2158	36 12 72 80
2159	29 52 83 11
2160	45 30 76 13
2161	76 54 22 26
2162	32 80 87 5
2163	53 82 62 2
2164	17 89 96 27
2165	95 70 55 46
2166	99 20 70 82
2167	76 8 18 34
2168	97 45 14 95
2169	62 6 19 58
2170	47 73 95 32
2171	58 73 14 16
2172	5 20 100 54
2173	16 61 21 95
2174	54 23 3 1
2175	19 64 17 99
2176	12 27 33 65
2177	59 78 73 71
2178	9 27 68 82
2179	8 53 45 62
2180	3 77 59 75
2181	89 71 88 51
2182	34 59 13 62
2183	48 92 45 69
2184	98 77 35 99
2185	27 88 85 35
2186	4 74 68 22
2187	45 1 42 15
2188	68 4 71 57
2189	15 64 62 91
2190	30 52 67 72
2191	11 91 46 64
2192	21 76 67 3
2193	47 72 3 20
2194	83 88 10 16
2195	11 77 85 46
2196	74 69 92 22
2197	57 95 14 58
2198	83 40 54 97
2199	44 64 78 40
2200	17 34 78 76
2201	78 64 18 32
2202	88 71 4 1
2203	38 87 70 37
2204	17 9 51 45
2205	45 48 35 36
2206	28 8 88 77
2207	67 95 99 62
2208	97 29 10 14
2209	59 18 86 45
2210	48 84 2 26
2211	1 16 83 35
2212	86 5 60 3
2213	75 62 79 68
2214	88 40 37 77
2215	40 25 29 52
2216	18 6 96 11
2217	68 60 55 21
2218	54 57 53 93
2219	52 63 34 67
2220	61 15 55 29
2221	55 61 66 38
2222	24 42 79 54
2223	9 14 52 90
2224	74 48 28 13
2225	58 91 51 48
2226	19 64 46 61
2227	14 54 96 30
2228	45 17 62 55
2229	30 73 78 75
2230	1 69 30 45
2231	66 24 63 55
2232	71 43 9 70
2233	53 70 77 28
2234	48 84 63 36
2235	11 1 78 41
2236	25 35 71 37
2237	46 7 74 78
2238	6 41 79 92
2239	37 67 98 14
2240	91 78 92 11
2241	74 73 2 9
2242	61 94 18 7
2243	38 51 82 59
2244	57 79 51 11
2245	25 80 65 30
2246	79 12 14 74
2247	52 28 13 80
2248	42 99 31 73
2249	37 82 76 11
2250	83 45 41 57
2251	75 89 37 95
2252	19 15 67 59
2253	64 52 11 95
2254	20 76 47 10
2255	91 83 92 66
2256	28 85 52 20
2257	78 46 38 37
2258	62 30 18 86
2259	91 3 69 17
2260	25 31 35 70
2261	55 11 78 54
2262	59 42 69 20
2263	79 7 59 1
2264	29 51 92 23
2265	6 45 98 75
2266	6 46 12 97
2267	83 68 100 95
2268	87 6 58 68
2269	10 52 92 44
2270	14 41 30 2
2271	94 34 76 37
2272	92 91 1 25
2273	38 7 32 81
2274	64 39 32 24
2275	32 82 80 61
2276	26 19 36 25
2277	60 37 54 45
2278	31 54 82 14
2279	65 77 48 67
2280	74 92 80 34
2281	49 37 67 18
2282	73 48 64 34
2283	73 30 53 35
2284	18 83 58 79
2285	90 26 79 21
2286	37 55 34 98
2287	90 100 42 16
2288	22 72 52 3
2289	41 17 14 91
2290	90 72 76 89
2291	10 64 25 36
2292	51 57 13 79
2293	35 86 58 30
2294	57 90 45 74
2295	27 70 68 78
2296	33 45 88 63
2297	38 12 79 75
2298	93 95 62 21
2299	23 93 60 81
2300	41 59 60 68
2301	84 87 21 17
2302	50 80 35 61
2303	10 33 6 24
2304	46 9 61 35
2305	29 39 78 1
2306	93 95 67 48
2307	16 67 50 39
2308	76 5 32 49
2309	17 43 62 56
2310	52 89 88 60
2311	29 76 35 13
2312	56 29 4 13
2313	80 17 83 87
2314	39 80 91 7
2315	64 68 59 81
2316	30 27 53 5
2317	88 92 45 4
2318	1 69 92 34
2319	56 91 8 64
2320	62 66 34 92
2321	4 2 85 73
2322	35 45 29 56
2323	6 62 20 42
2324	36 28 14 12
2325	47 53 1 4
2326	43 90 88 74
2327	61 95 100 90
2328	25 67 70 5
2329	1 95 24 39
2330	23 47 43 29
2331	35 31 98 70
2332	88 93 44 23
2333	38 51 80 71
2334	80 52 60 22
2335	21 66 29 32
2336	35 31 62 43
2337	74 70 41 11
2338	50 72 46 29
2339	41 13 54 10
2340	74 44 90 20
2341	2 41 53 30
2342	19 3 35 77
2343	76 41 69 9
2344	64 72 74 20
2345	42 72 65 54
2346	43 8 1 2
2347	67 41 17 49
2348	53 60 1 80
2349	43 58 17 35
2350	74 47 10 51
2351	92 81 31 51
2352	97 24 72 88
2353	11 38 52 64
2354	82 74 64 79
2355	15 28 93 43
2356	23 66 45 49
2357	44 6 99 93
2358	48 21 77 67
2359	87 64 27 82
2360	44 51 23 98
2361	25 18 84 5
2362	91 9 42 56
2363	87 4 35 58
2364	89 38 73 92
2365	55 26 41 80
2366	47 21 20 13
2367	24 92 49 7
2368	37 76 14 31
2369	27 49 79 33
2370	85 11 78 52
2371	33 30 68 37
2372	100 36 9 97
2373	13 89 58 81
2374	67 69 46 64
2375	12 17 91 23
2376	48 87 9 32
2377	99 18 59 5
2378	44 36 56 14
2379	50 88 95 75
2380	64 85 16 54
2381	68 99 15 41
2382	3 43 67 90
2383	70 66 8 79
2384	100 1 36 33
2385	49 62 43 30
2386	57 35 9 40
2387	33 95 18 29
2388	46 18 83 30
2389	24 65 45 58
2390	57 4 71 27
2391	61 62 65 86
2392	13 39 17 79
2393	6 51 36 81
2394	80 20 42 45
2395	24 52 73 99
2396	55 76 62 26
2397	40 47 74 43
2398	81 41 95 86
2399	26 13 10 25
2400	38 2 27 66
2401	61 27 93 88
2402	18 98 74 25
2403	79 76 64 20
2404	7 54 44 66
2405	96 71 25 5
2406	94 99 33 46
2407	64 45 17 49
2408	27 94 41 31
2409	29 78 22 61
2410	93 66 23 57
2411	62 34 11 61
2412	55 40 28 88
2413	45 82 7 29
2414	41 42 4 48
2415	24 64 83 32
2416	27 54 51 21
2417	49 4 81 77
2418	26 44 90 2
2419	55 53 6 29
2420	14 27 21 22
2421	68 2 82 49
2422	54 35 71 60
2423	21 49 97 43
2424	1 48 46 47
2425	47 9 58 16
2426	55 9 43 46
2427	27 47 55 67
2428	62 78 53 66
2429	35 86 43 82
2430	94 17 34 13
2431	2 82 55 15
2432	85 80 62 3
2433	60 98 33 81
2434	97 69 29 26
2435	10 91 60 30
2436	8 69 17 62
2437	28 93 98 20
2438	4 83 12 66
2439	93 54 5 57
2440	75 83 56 38
2441	84 36 68 16
2442	24 74 73 21
2443	33 97 12 8
2444	33 76 86 21
2445	52 62 74 24
2446	35 31 51 87
2447	48 28 19 37
2448	66 88 90 27
2449	62 97 55 66
2450	71 34 62 27
2451	21 84 80 31
2452	82 65 85 5
2453	96 20 21 83
2454	42 76 5 92
2455	56 3 9 29
2456	9 5 85 14
2457	15 76 53 71
2458	83 40 15 36
2459	72 69 47 95
2460	52 38 96 1
2461	4 98 14 69
2462	16 96 67 81
2463	89 56 78 67
2464	36 94 46 6
2465	69 1 83 53
2466	27 3 32 21
2467	45 18 95 5
2468	89 35 27 69
2469	60 14 87 27
2470	12 98 82 57
2471	75 39 64 22
2472	1 6 70 10
2473	90 91 30 7
2474	29 5 79 99
2475	45 8 83 54
2476	48 15 29 1
2477	73 61 27 1
2478	28 48 17 39
2479	98 54 55 56
2480	30 94 50 7
2481	33 41 92 77
2482	50 5 11 60
2483	35 66 12 37
2484	9 20 22 17
2485	15 33 83 80
2486	96 26 8 34
2487	93 98 28 36
2488	97 54 79 33
2489	34 85 36 39
2490	49 85 64 13
2491	14 54 51 40
2492	30 7 86 63
2493	39 5 20 9
2494	91 80 11 6
2495	62 5 24 34
2496	61 30 19 10
2497	47 26 98 63
2498	65 43 2 45
2499	8 7 35 43
2500	56 63 51 88
2501	77 89 5 63
2502	32 49 61 62
2503	49 38 10 25
2504	24 35 89 50
2505	9 57 68 34
2506	33 48 83 75
2507	30 12 71 70
2508	25 2 45 6
2509	93 70 25 78
2510	6 7 5 23
2511	41 28 52 60
2512	12 82 25 99
2513	44 98 54 73
2514	61 64 74 88
2515	17 47 80 38
2516	11 8 99 56
2517	36 86 77 30
2518	79 3 24 40
2519	6 70 25 14
2520	27 36 75 47
2521	32 33 96 70
2522	36 80 61 91
2523	62 52 96 99
2524	72 37 54 86
2525	99 25 9 26
2526	71 25 66 68
2527	77 44 53 87
2528	74 66 71 93
2529	45 29 70 31
2530	13 95 1 31
2531	91 6 36 58
2532	65 8 64 45
2533	43 19 56 36
2534	18 61 16 38
2535	8 16 11 92
2536	60 44 66 91
2537	5 31 14 76
2538	12 9 69 75
2539	83 47 58 7
2540	2 65 10 78
2541	48 18 25 32
2542	90 12 88 3
2543	96 55 43 98
2544	54 91 44 33
2545	65 92 1 38
2546	34 97 84 68
2547	41 94 24 88
2548	35 16 44 18
2549	34 66 45 35
2550	12 97 55 80
2551	21 56 68 1
2552	9 96 61 37
2553	81 4 40 48
2554	41 38 78 21
2555	54 74 82 64
2556	66 17 80 93
2557	38 63 81 8
2558	36 40 33 43
2559	1 80 96 74
2560	25 72 4 61
2561	74 44 95 83
2562	72 59 62 53
2563	74 54 41 76
2564	28 99 77 2
2565	98 42 56 44
2566	29 60 97 63
2567	48 72 27 70
2568	16 23 42 37
2569	15 77 41 84
2570	63 89 1 27
2571	35 1 61 16
2572	32 56 85 83
2573	22 60 12 10
2574	23 34 98 55
2575	86 99 15 10
2576	83 72 30 64
2577	92 84 97 83
2578	24 97 77 11
2579	30 42 68 90
2580	21 100 28 45
2581	43 9 56 100
2582	80 45 15 60
2583	25 58 76 89
2584	20 97 51 28
2585	1 10 54 26
2586	57 15 31 18
2587	76 45 53 61
2588	72 8 58 10
2589	8 93 80 21
2590	13 78 97 21
2591	38 82 75 24
2592	16 32 37 7
2593	23 95 82 27
2594	12 10 48 20
2595	89 17 72 16
2596	1 81 18 30
2597	9 10 45 95
2598	66 16 49 76
2599	6 54 60 79
2600	11 25 81 53
2601	79 68 99 76
2602	39 67 71 87
2603	41 18 6 37
2604	58 100 28 19
2605	44 39 38 23
2606	72 80 43 10
2607	43 82 49 3
2608	19 15 55 29
2609	23 9 65 41
2610	58 24 22 17
2611	63 17 48 93
2612	31 85 75 89
2613	84 64 18 16
2614	29 13 44 83
2615	29 90 97 75
2616	53 39 50 2
2617	42 83 32 10
2618	13 25 42 97
2619	32 81 89 74
2620	29 8 10 28
2621	11 37 19 17
2622	100 11 38 23
2623	73 47 97 33
2624	50 14 89 73
2625	49 93 27 44
2626	87 12 62 98
2627	64 49 24 4
2628	37 21 13 27
2629	96 100 93 55
2630	75 54 65 66
2631	42 14 49 74
2632	97 96 71 73
2633	94 89 5 97
2634	34 94 11 30
2635	99 66 38 67
2636	88 63 73 77
2637	56 10 28 5
2638	61 28 5 8
2639	56 20 19 32
2640	51 44 58 23
2641	79 23 39 16
2642	98 30 20 38
2643	64 9 63 40
2644	84 83 38 87
2645	45 74 35 75
2646	40 57 10 35
2647	63 57 29 11
2648	3 89 77 61
2649	61 47 7 74
2650	97 42 1 13
2651	35 78 44 91
2652	61 5 51 54
2653	81 60 18 19
2654	90 26 88 46
2655	87 66 14 70
2656	19 52 33 46
2657	51 71 93 98
2658	9 69 21 86
2659	11 63 16 52
2660	59 4 3 88
2661	66 46 13 91
2662	99 58 28 50
2663	53 6 42 16
2664	17 50 32 52
2665	58 30 49 47
2666	15 48 97 8
2667	12 27 64 8
2668	63 25 99 37
2669	81 67 97 28
2670	55 73 52 28
2671	78 98 92 42
2672	7 77 17 26
2673	49 82 74 81
2674	34 49 59 78
2675	43 82 59 8
2676	51 21 19 28
2677	21 90 92 57
2678	74 60 13 61
2679	88 86 61 17
2680	18 53 44 95
2681	47 13 1 42
2682	74 25 39 1
2683	3 87 14 53
2684	12 9 3 77
2685	33 5 44 76
2686	99 75 74 47
2687	20 88 52 100
2688	3 36 58 45
2689	52 21 42 59
2690	88 100 56 79
2691	53 28 9 11
2692	48 39 64 28
2693	71 8 64 44
2694	45 92 19 85
2695	55 26 64 25
2696	8 76 80 26
2697	73 4 19 17
2698	85 24 65 13
2699	6 31 70 92
2700	62 16 79 100
2701	87 38 23 100
2702	71 55 23 92
2703	50 15 45 16
2704	57 24 47 91
2705	73 78 11 29
2706	87 82 39 92
2707	36 23 17 25
2708	37 47 78 8
2709	60 9 8 2
2710	60 47 44 32
2711	91 28 19 45
2712	23 98 94 80
2713	1 94 18 27
2714	72 13 63 17
2715	74 53 65 98
2716	69 78 72 92
2717	82 80 48 98
2718	8 51 35 84
2719	47 86 39 69
2720	24 74 67 9
2721	50 26 74 98
2722	92 65 51 79
2723	83 91 27 35
2724	79 19 90 28
2725	69 97 18 76
2726	51 18 88 13
2727	40 38 68 95
2728	94 45 41 28
2729	90 26 33 64
2730	72 71 36 23
2731	64 2 74 87
2732	63 14 89 96
2733	55 17 64 91
2734	60 55 42 94
2735	34 21 58 43
2736	63 18 20 71
2737	81 42 59 9
2738	96 40 27 83
2739	4 5 98 34
2740	90 74 54 19
2741	57 35 71 75
2742	6 51 19 49
2743	38 12 6 95
2744	74 11 79 70
2745	63 14 19 3
2746	46 75 92 61
2747	44 14 40 53
2748	100 99 40 38
2749	64 77 88 54
2750	60 59 76 18
2751	83 2 27 94
2752	43 79 22 17
2753	45 99 72 43
2754	30 58 27 53
2755	11 89 67 60
2756	49 98 89 31
2757	68 72 58 29
2758	80 93 89 96
2759	69 16 18 32
2760	39 31 10 75
2761	66 33 29 4
2762	91 14 8 56
2763	85 31 84 77
2764	25 97 32 34
2765	58 94 39 98
2766	11 21 61 55
2767	1 89 58 50
2768	57 77 58 37
2769	81 63 75 96
2770	94 85 38 51
2771	66 73 51 21
2772	41 47 32 26
2773	76 4 5 39
2774	88 96 44 35
2775	8 91 96 99
2776	7 45 16 10
2777	98 14 60 7
2778	18 71 68 15
2779	6 45 24 79
2780	44 35 12 51
2781	30 50 6 9
2782	23 88 42 2
2783	97 12 31 44
2784	17 48 69 6
2785	16 10 40 51
2786	55 75 79 12
2787	60 13 84 35
2788	87 78 2 40
2789	83 92 59 13
2790	95 50 11 25
2791	90 12 24 42
2792	47 46 42 27
2793	24 32 18 61
2794	25 15 16 46
2795	93 5 70 36
2796	82 89 49 41
2797	75 65 41 34
2798	73 93 29 4
2799	49 41 17 22
2800	4 7 97 56
2801	75 17 87 26
2802	13 7 95 5
2803	95 69 45 11
2804	5 59 19 6
2805	100 77 99 34
2806	19 63 89 20
2807	1 76 7 31
2808	21 51 7 27
2809	78 64 19 5
2810	24 39 36 59
2811	79 86 31 36
2812	97 59 6 42
2813	100 8 11 50
2814	1 37 94 70
2815	73 61 43 89
2816	63 26 77 100
2817	77 66 91 90
2818	35 80 75 83
2819	60 12 5 34
2820	85 9 2 72
2821	17 88 74 99
2822	6 96 43 16
2823	21 69 62 45
2824	29 11 2 64
2825	64 34 80 79
2826	22 15 87 59
2827	18 77 93 15
2828	63 54 93 46
2829	71 31 87 95
2830	99 10 53 44
2831	98 91 40 31
2832	66 44 29 67
2833	25 50 76 43
2834	71 10 40 97
2835	15 60 4 5
2836	11 36 52 99
2837	93 42 59 54
2838	87 36 100 21
2839	99 100 93 39
2840	31 49 83 91
2841	4 79 59 24
2842	43 100 96 36
2843	25 72 43 23
2844	54 42 61 53
2845	72 6 92 63
2846	98 60 37 45
2847	45 42 57 84
2848	94 71 45 19
2849	87 16 50 94
2850	89 1 62 27
2851	41 77 79 12
2852	62 81 79 14
2853	74 89 75 39
2854	5 21 8 93
2855	87 70 62 66
2856	43 45 35 38
2857	97 89 72 65
2858	16 46 7 61
2859	61 24 19 57
2860	20 67 30 60
2861	96 67 75 37
2862	2 9 14 10
2863	73 28 69 46
2864	8 99 88 1
2865	93 1 77 7
2866	7 58 34 41
2867	78 95 6 22
2868	38 59 73 25
2869	97 86 90 18
2870	26 71 25 62
2871	90 68 69 33
2872	10 31 41 74
2873	82 52 85 21
2874	100 9 85 40
2875	30 92 82 91
2876	93 94 69 20
2877	44 64 39 30
2878	66 27 48 25
2879	66 23 84 86
2880	54 11 20 47
2881	44 81 50 93
2882	12 46 17 27
2883	16 82 57 38
2884	69 11 96 4
2885	7 26 69 8
2886	48 20 38 95
2887	6 100 17 24
2888	58 97 71 11
2889	19 91 89 93
2890	82 31 26 92
2891	86 33 41 23
2892	42 35 44 65
2893	46 51 66 43
2894	57 90 27 68
2895	12 8 20 36
2896	71 36 81 28
2897	81 45 75 5
2898	65 6 77 98
2899	4 95 62 36
2900	94 91 8 66
2901	56 50 5 20
2902	75 78 74 3
2903	20 5 23 8
2904	3 74 48 53
2905	66 44 18 45
2906	98 73 18 100
2907	97 49 82 78
2908	67 86 40 50
2909	89 19 68 48
2910	80 4 46 20
2911	30 90 1 73
2912	76 20 53 50
2913	40 57 1 7
2914	66 87 17 2
2915	21 43 89 10
2916	8 28 54 14
2917	72 21 2 43
2918	97 19 4 54
2919	27 23 54 83
2920	78 36 62 23
2921	58 8 42 96
2922	3 76 61 99
2923	24 34 65 76
2924	86 80 66 4
2925	26 35 76 37
2926	44 69 6 93
2927	40 95 15 68
2928	4 50 30 66
2929	60 72 92 59
2930	20 66 90 49
2931	76 95 59 12
2932	82 22 20 64
2933	26 49 19 33
2934	9 50 53 66
2935	67 40 74 13
2936	58 33 70 44
2937	46 99 14 83
2938	52 48 43 80
2939	26 23 68 79
2940	71 39 52 64
2941	48 66 27 83
2942	75 1 9 80
2943	41 70 50 36
2944	100 3 23 68
2945	45 55 26 68
2946	6 27 90 41
2947	58 36 71 17
2948	72 8 32 54
2949	29 3 43 85
2950	12 71 84 70
2951	75 48 83 68
2952	6 84 32 62
2953	58 78 55 47
2954	79 76 58 55
2955	20 31 71 41
2956	97 96 32 86
2957	96 63 28 5
2958	2 34 80 98
2959	56 75 63 53
2960	43 64 21 65
2961	79 49 69 73
2962	72 32 23 90
2963	87 90 39 49
2964	74 17 18 55
2965	39 38 8 13
2966	20 79 47 1
2967	1 88 57 48
2968	31 21 44 13
2969	71 20 81 75
2970	87 63 76 48
2971	86 83 48 23
2972	18 56 30 80
2973	8 55 94 11
2974	61 14 12 45
2975	25 27 58 73
2976	78 30 86 97
2977	74 23 59 16
2978	25 92 40 69
2979	52 56 45 63
2980	39 73 60 12
2981	97 41 51 2
2982	1 21 23 72
2983	28 5 87 19
2984	99 92 18 14
2985	53 94 73 79
2986	1 19 55 31
2987	76 27 11 35
2988	34 9 19 22
2989	7 58 70 77
2990	73 91 17 32
2991	4 36 60 52
2992	60 25 95 86
2993	41 63 52 39
2994	88 14 17 7
2995	15 84 94 51
2996	68 69 3 93
2997	3 51 44 16
2998	19 3 6 10
2999	49 51 29 90
3000	23 35 19 2
