Students	3000
1	74 52 47 85
2	85 56 41 90
3	57 25 61 27
4	84 64 21 30
5	6 85 81 12
6	79 62 70 65
7	80 95 26 19
8	8 56 46 35
9	90 51 61 83
10	72 100 99 12
11	31 6 37 14
12	73 22 9 60
13	22 65 81 19
14	43 21 97 7
15	54 43 64 8
16	11 97 55 71
17	87 67 52 46
18	73 76 3 38
19	51 92 38 7
20	23 95 83 8
21	25 43 22 48
22	58 2 81 68
23	11 35 38 51
24	54 68 29 46
25	77 14 2 12
26	67 24 50 60
27	37 100 73 91
28	97 7 98 13
29	74 4 33 13
30	10 18 4 47
31	93 75 44 46
32	14 44 76 78
33	71 29 8 88
34	42 48 7 53
35	68 97 52 11
36	40 1 32 94
37	86 2 8 75
38	47 83 38 69
39	45 29 52 79
40	69 62 46 29
41	44 19 85 45
42	80 2 18 60
43	83 10 90 53
44	29 100 11 39
45	28 59 4 64
46	32 43 4 77
47	41 95 37 98
48	33 79 87 61
49	1 54 38 77
50	26 39 2 40
51	74 80 92 3
52	6 71 3 28
53	41 58 40 97
54	33 88 48 56
55	33 73 49 19
56	14 51 58 65
57	20 85 14 91
58	83 50 42 22
59	61 43 6 97
60	83 88 44 66
61	7 26 46 21
62	55 60 45 66
63	6 15 91 94
64	32 23 44 17
65	49 72 7 56
66	83 49 55 54
67	72 30 76 87
68	51 28 92 93
69	37 50 48 49
70	39 41 72 24
71	100 4 22 73
72	44 35 43 97
73	49 62 1 18
74	28 62 69 81
75	68 93 65 96
76	1 5 10 50
77	82 30 41 36
78	28 52 51 18
79	65 22 77 95
80	40 35 59 9
81	80 57 76 1
82	11 16 67 20
83	67 63 52 18
84	61 10 6 47
85	64 53 43 83
86	33 11 48 26
87	33 76 36 60
88	11 44 32 24
89	3 95 16 77
90	82 56 7 60
91	71 43 99 15
92	70 69 42 34
93	1 23 57 2
94	3 15 51 64
95	47 3 49 85
96	69 10 95 82
97	79 66 36 54
98	8 36 15 44
99	90 34 33 14
100	71 91 31 51
101	24 63 65 95
102	93 57 61 52
103	95 97 68 18
104	2 56 63 83
105	7 76 91 99
106	89 18 85 26
107	68 91 61 23
108	88 58 3 47
109	40 76 88 31
110	17 81 21 5
111	61 96 52 42
112	48 97 99 15
113	39 54 98 20
114	4 57 51 5
115	87 56 79 30
116	15 40 69 72
117	58 10 73 90
118	51 47 43 74
119	30 80 46 39
120	16 49 48 68
121	25 8 24 30
122	10 100 93 82
123	26 85 74 68
124	8 73 22 30
125	88 16 63 72
126	98 90 31 35
127	79 99 36 43
128	45 31 11 94
129	78 91 90 60
130	84 69 93 33
131	12 83 81 53
132	23 5 98 12
133	49 71 26 10
134	49 50 2 58
135	33 50 52 3
136	63 47 38 21
137	69 38 62 66
138	79 39 69 44
139	96 68 56 5
140	7 76 69 49
141	97 83 41 38
142	25 75 1 72
143	56 31 36 13
144	28 14 18 58
145	36 89 53 55
146	10 55 79 51
147	71 75 25 93
148	97 56 49 43
149	3 14 61 82
150	26 58 44 35
151	5 92 74 91
152	18 81 4 53
153	72 28 75 53
154	70 28 75 97
155	4 73 33 65
156	33 18 72 42
157	92 41 99 29
158	46 58 71 22
159	57 66 60 79
160	6 9 68 57
161	92 16 59 42
162	38 74 63 26
163	89 92 72 41
164	73 16 93 77
165	81 86 82 77
166	72 93 50 25
167	30 19 35 93
168	57 58 26 79
169	52 29 53 78
170	14 61 69 36
171	17 75 13 49
172	56 45 82 3
173	98 77 13 18
174	91 12 55 48
175	51 88 69 99
176	98 53 19 37
177	1 25 95 23
178	79 84 96 30
179	96 99 52 64
180	84 69 8 21
181	66 16 34 69
182	53 24 33 69
183	68 91 16 97
184	13 43 52 26
185	73 65 68 37
186	90 91 56 2
187	85 23 36 29
188	96 100 44 22
189	84 6 80 85
190	19 79 90 33
191	69 59 2 100
192	11 47 21 46
193	89 72 17 99
194	79 9 74 39
195	58 85 75 8
196	40 88 54 29
197	63 86 66 26
198	10 33 89 20
199	56 25 4 18
200	73 38 87 78
201	68 11 79 92
202	64 22 70 82
203	53 69 3 97
204	75 25 57 70
205	79 83 90 5
206	100 9 1 24
207	19 54 65 62
208	74 64 62 39
209	36 94 57 78
210	90 56 45 48
211	23 44 21 90
212	23 70 48 4
213	7 17 94 85
214	81 50 21 13
215	58 55 67 7
216	69 44 26 83
217	10 95 77 38
218	67 52 18 25
219	50 23 1 72
220	29 46 52 67
221	52 34 28 30
222	59 49 22 33
223	91 88 45 96
224	40 43 10 76
225	55 81 37 6
226	86 82 88 60
227	19 80 68 76
228	55 96 1 97
229	97 56 46 39
230	40 57 84 100
231	45 96 98 43
232	94 23 21 84
233	83 92 25 22
234	53 57 93 60
235	88 20 15 39
236	60 51 73 85
237	17 92 7 18
238	75 7 47 22
239	75 25 63 77
240	90 38 58 100
241	48 3 58 22
242	93 79 25 57
243	18 52 98 47
244	13 52 39 4
245	10 73 16 21
246	97 13 47 18
247	65 62 98 82
248	8 3 62 81
249	77 35 94 56
250	90 4 42 89
251	7 8 65 85
252	100 91 85 57
253	98 46 67 36
254	9 92 72 61
255	58 20 81 43
256	9 60 25 98
257	54 62 46 85
258	34 37 83 81
259	66 60 59 6
260	43 4 42 90
261	27 45 72 57
262	1 69 77 56
263	8 53 14 51
264	62 11 6 61
265	13 20 5 80
266	92 2 7 48
267	7 81 83 16
268	29 91 15 16
269	39 32 66 80
270	38 26 46 39
271	26 71 79 48
272	53 92 43 3
273	6 67 14 52
274	28 70 5 1
275	17 27 3 72
276	40 30 78 94
277	42 96 24 1
278	10 60 97 47
279	10 62 80 41
280	35 41 6 73
281	88 77 5 83
282	82 96 85 7
283	22 64 83 92
284	73 30 28 21
285	77 76 7 68
286	69 20 85 65
287	10 76 14 66
288	78 4 97 30
289	56 45 31 99
290	57 99 75 64
291	30 18 56 44
292	14 26 28 96
293	6 56 8 35
294	27 13 91 43
295	5 50 31 75
296	94 79 2 96
297	54 35 55 12
298	75 23 29 74
299	81 57 26 79
300	58 97 3 90
301	52 63 32 88
302	9 41 4 60
303	53 13 20 61
304	48 62 95 42
305	93 74 25 68
306	47 97 53 96
307	40 74 39 23
308	51 53 18 100
309	14 93 22 13
310	61 28 67 5
311	1 31 54 73
312	63 22 18 41
313	82 80 68 5
314	79 96 75 42
315	22 95 69 88
316	12 70 99 88
317	91 6 57 1
318	92 62 73 48
319	91 56 79 65
320	21 95 32 3
321	12 86 35 85
322	32 77 19 38
323	36 2 23 62
324	21 66 2 25
325	100 51 4 37
326	70 47 29 39
327	87 10 57 52
328	30 19 8 9
329	64 17 37 20
330	3 78 5 97
331	4 6 11 98
332	51 64 7 43
333	44 33 36 100
334	9 22 54 59
335	64 35 84 19
336	81 17 45 32
337	87 5 19 75
338	18 94 74 58
339	22 78 11 61
340	30 44 4 87
341	49 1 6 86
342	82 70 36 30
343	75 44 85 41
344	69 79 1 80
345	72 100 24 81
346	45 47 18 99
347	68 31 60 87
348	44 94 56 58
349	4 8 33 10
350	67 94 7 91
351	47 44 40 16
352	68 48 50 95
353	27 85 96 28
354	58 72 59 62
355	68 86 18 56
356	44 22 35 32
357	89 88 29 41
358	22 24 20 90
359	13 54 42 80
360	70 75 48 66
361	14 51 68 83
362	43 82 36 6
363	62 75 31 21
364	10 69 31 73
365	31 79 34 88
366	58 49 11 73
367	6 72 61 99
368	68 33 73 100
369	52 20 94 33
370	97 47 90 40
371	14 19 6 66
372	74 70 13 47
373	81 25 34 39
374	99 44 76 20
375	76 42 89 74
376	71 35 75 10
377	36 9 50 12
378	89 8 80 95
379	83 86 87 85
380	29 26 90 28
381	49 25 57 54
382	39 52 35 97
383	7 99 20 85
384	89 74 58 8
385	41 71 15 92
386	34 92 83 80
387	49 62 66 84
388	69 52 49 92
389	60 100 62 47
390	69 25 34 22
391	8 80 40 33
392	48 55 17 29
393	20 40 70 61
394	71 82 3 17
395	49 88 65 14
396	1 10 70 45
397	42 80 55 59
398	59 39 87 19
399	66 92 58 31
400	19 25 91 14
401	43 40 39 6
402	76 97 30 3
403	13 35 11 42
404	74 25 72 12
405	61 63 45 37
406	94 31 59 65
407	13 85 62 4
408	57 68 56 66
409	58 48 62 8
410	43 44 92 49
411	8 16 37 26
412	52 5 58 28
413	12 6 22 70
414	98 20 11 52
415	1 67 15 44
416	54 67 93 73
417	5 2 74 33
418	50 20 86 47
419	30 38 80 24
420	93 32 74 47
421	69 47 24 27
422	49 13 36 86
423	28 84 3 7
424	71 9 70 84
425	33 78 70 43
426	18 47 14 49
427	68 92 13 93
428	42 39 55 63
429	85 52 22 87
430	36 9 74 57
431	73 84 43 89
432	62 54 25 59
433	42 38 50 40
434	91 92 40 42
435	39 99 49 93
436	48 10 27 79
437	44 7 55 78
438	41 24 99 43
439	70 58 71 17
440	2 77 90 52
441	42 73 21 38
442	77 86 61 29
443	17 14 58 39
444	75 68 17 76
445	99 15 65 48
446	47 97 71 91
447	43 99 17 96
448	48 38 86 28
449	27 74 66 55
450	37 35 38 96
451	57 70 19 32
452	98 56 4 30
453	6 37 75 93
454	55 9 74 96
455	77 88 50 64
456	79 50 97 68
457	40 41 90 65
458	56 36 47 15
459	66 73 17 100
460	91 90 10 33
461	60 5 93 65
462	93 35 85 95
463	73 46 34 97
464	88 57 50 80
465	36 60 8 52
466	45 39 51 91
467	12 58 17 5
468	19 57 42 33
469	59 3 93 17
470	14 55 47 92
471	50 32 86 38
472	87 23 96 61
473	59 56 3 46
474	85 71 90 52
475	9 65 38 100
476	66 98 44 26
477	42 11 25 19
478	23 68 25 43
479	13 77 53 52
480	83 84 54 8
481	70 98 56 8
482	51 81 21 35
483	16 19 82 70
484	34 63 12 46
485	62 94 90 70
486	74 88 27 2
487	1 73 96 83
488	69 44 34 97
489	22 26 23 10
490	1 85 89 14
491	36 26 6 60
492	91 99 80 36
493	6 17 73 88
494	59 15 26 96
495	48 38 27 79
496	85 91 67 41
497	25 53 1 44
498	6 54 48 1
499	92 11 31 72
500	74 81 18 75
501	94 32 62 100
502	84 59 57 97
503	96 27 54 44
504	67 41 80 65
505	64 98 6 90
506	44 79 22 94
507	44 17 69 16
508	10 21 20 2
509	23 32 64 68
510	69 72 59 19
511	21 19 33 72
512	29 18 54 49
513	14 36 59 37
514	13 50 57 3
515	32 55 40 69
516	72 21 58 64
517	48 89 31 51
518	66 21 86 41
519	1 90 82 31
520	79 24 97 42
521	12 5 31 17
522	84 50 69 7
523	30 82 33 67
524	84 93 99 52
525	79 37 55 83
526	58 45 69 83
527	59 67 69 76
528	29 23 87 45
529	97 91 31 99
530	29 94 13 17
531	84 98 77 16
532	61 82 94 64
533	32 83 40 27
534	81 86 74 9
535	64 72 9 68
536	44 87 97 17
537	72 90 71 91
538	63 40 65 58
539	28 52 51 60
540	31 56 29 28
541	6 3 60 35
542	88 76 67 51
543	81 83 68 46
544	30 65 3 14
545	1 75 86 60
546	54 89 58 93
547	21 92 78 1
548	66 16 30 25
549	10 84 47 40
550	100 27 58 35
551	100 10 34 8
552	5 1 88 53
553	11 68 82 17
554	43 16 49 1
555	78 72 12 54
556	66 58 29 86
557	79 33 66 85
558	5 23 17 69
559	42 67 86 31
560	16 83 95 63
561	100 42 20 1
562	96 42 30 44
563	34 86 91 61
564	91 10 77 3
565	35 59 43 37
566	11 76 81 2
567	100 2 51 73
568	96 31 21 67
569	47 20 21 37
570	65 36 40 22
571	70 34 89 57
572	11 33 59 53
573	23 89 64 87
574	77 59 94 33
575	62 32 16 6
576	19 69 86 42
577	85 100 94 93
578	66 73 86 11
579	57 74 16 13
580	63 69 50 38
581	60 82 25 53
582	75 68 80 83
583	98 82 89 21
584	27 56 53 94
585	12 30 77 10
586	56 84 6 28
587	5 77 15 71
588	24 100 46 26
589	79 92 4 98
590	55 95 8 92
591	25 78 34 64
592	87 8 40 12
593	76 32 92 93
594	9 29 7 89
595	73 45 30 16
596	44 51 6 2
597	13 95 63 35
598	35 17 72 100
599	12 69 100 42
600	97 86 8 23
601	34 77 93 96
602	62 7 28 93
603	32 85 2 79
604	9 80 55 29
605	33 7 40 64
606	51 42 60 88
607	52 83 34 8
608	19 17 81 64
609	3 26 72 25
610	92 73 24 37
611	6 20 75 19
612	72 56 48 83
613	60 46 49 54
614	34 88 62 80
615	95 35 51 6
616	39 18 3 51
617	15 24 76 81
618	25 92 89 14
619	33 97 74 55
620	88 48 55 14
621	67 70 63 57
622	60 84 95 72
623	68 74 92 82
624	49 9 46 65
625	89 41 99 15
626	49 6 19 29
627	66 39 22 70
628	91 19 8 47
629	25 88 100 58
630	32 36 19 79
631	49 46 33 93
632	100 3 65 91
633	16 92 49 48
634	14 60 41 55
635	82 58 95 39
636	32 67 91 50
637	41 57 99 49
638	49 72 56 79
639	72 5 15 16
640	44 3 12 34
641	84 31 65 57
642	91 18 22 45
643	42 47 49 83
644	67 40 94 87
645	61 9 62 50
646	85 91 55 3
647	70 33 15 63
648	95 92 61 72
649	60 48 80 36
650	69 34 17 22
651	67 54 20 76
652	70 15 47 68
653	99 97 78 16
654	60 71 86 6
655	26 5 100 41
656	66 78 44 1
657	26 66 41 39
658	72 20 68 28
659	98 93 78 20
660	17 53 95 54
661	79 34 74 31
662	39 96 47 36
663	20 51 55 6
664	11 96 64 44
665	37 77 21 7
666	69 46 26 65
667	50 16 4 83
668	92 33 69 1
669	38 56 47 96
670	88 81 39 44
671	98 85 49 27
672	78 59 22 42
673	52 33 88 67
674	4 64 13 6
675	86 100 31 41
676	96 23 97 29
677	83 97 90 11
678	8 12 27 14
679	41 13 5 87
680	99 67 25 89
681	92 94 83 1
682	92 58 46 16
683	10 57 47 22
684	25 83 69 59
685	82 57 5 11
686	54 84 28 63
687	68 96 91 55
688	99 96 16 77
689	84 81 79 52
690	2 11 35 74
691	64 58 16 88
692	100 3 18 35
693	38 89 98 69
694	97 24 84 18
695	6 66 38 87
696	47 14 31 55
697	62 86 78 10
698	92 45 35 54
699	95 7 6 16
700	60 74 67 71
701	38 97 86 49
702	9 98 56 57
703	24 84 30 11
704	71 40 17 77
705	29 45 76 51
706	84 90 96 28
707	15 69 95 79
708	50 75 52 28
709	9 76 90 32
710	42 100 79 96
711	60 99 92 49
712	94 20 83 51
713	99 38 43 1
714	93 23 42 3
715	36 20 48 41
716	57 54 62 60
717	58 2 25 14
718	78 66 61 62
719	41 12 93 44
720	24 21 29 48
721	77 49 2 43
722	27 64 31 8
723	80 13 83 98
724	96 30 74 49
725	55 42 41 27
726	42 45 79 49
727	88 97 87 67
728	58 94 74 99
729	46 18 42 6
730	53 2 45 10
731	24 91 31 35
732	4 34 7 8
733	91 89 10 44
734	51 81 88 98
735	55 9 23 11
736	24 62 38 65
737	52 79 99 3
738	97 19 35 9
739	75 68 9 61
740	42 19 41 7
741	67 63 79 38
742	5 55 36 45
743	1 40 25 80
744	100 52 88 47
745	9 17 55 83
746	27 81 97 8
747	75 55 8 57
748	21 65 90 50
749	98 16 10 97
750	72 83 70 92
751	58 31 48 59
752	87 32 17 63
753	20 91 41 16
754	53 92 38 25
755	81 19 35 68
756	74 46 45 66
757	79 70 45 66
758	43 23 40 35
759	25 11 38 29
760	81 33 11 97
761	5 83 9 99
762	56 24 67 13
763	30 4 92 14
764	51 23 96 50
765	89 94 6 73
766	2 74 5 76
767	50 87 9 85
768	76 59 50 69
769	29 88 79 81
770	95 17 73 15
771	98 23 27 30
772	20 42 72 94
773	30 56 78 8
774	76 96 79 60
775	91 32 63 40
776	90 88 48 73
777	13 26 84 11
778	15 64 35 71
779	9 39 63 81
780	13 91 96 88
781	60 78 65 8
782	66 49 1 22
783	83 18 66 94
784	96 48 28 30
785	76 100 81 22
786	67 66 83 27
787	29 79 67 46
788	71 43 85 79
789	91 47 14 66
790	95 35 33 98
791	21 65 37 61
792	16 81 99 53
793	65 43 39 88
794	49 21 39 81
795	38 43 3 18
796	45 30 29 37
797	42 99 20 94
798	17 47 3 2
799	91 66 92 75
800	61 80 85 56
801	3 2 61 44
802	97 77 83 68
803	34 54 67 79
804	61 64 26 32
805	68 93 90 74
806	11 66 32 56
807	52 50 81 75
808	85 41 55 70
809	4 74 45 30
810	36 59 34 43
811	16 37 97 87
812	25 40 49 3
813	41 80 95 56
814	28 38 51 77
815	30 72 32 43
816	53 29 60 61
817	51 49 84 61
818	24 81 40 57
819	73 100 81 86
820	22 79 16 91
821	52 76 5 25
822	86 36 52 89
823	90 39 15 81
824	83 2 63 25
825	10 95 93 88
826	25 94 91 50
827	84 24 8 65
828	30 19 42 69
829	80 36 4 81
830	23 92 64 35
831	56 33 61 11
832	99 64 84 69
833	45 33 90 43
834	35 78 49 43
835	60 64 30 9
836	37 23 98 77
837	48 30 6 54
838	51 93 88 98
839	60 61 51 4
840	44 42 43 41
841	45 49 10 40
842	35 77 26 50
843	86 45 32 94
844	1 94 15 21
845	85 93 83 18
846	61 44 25 1
847	91 54 11 75
848	44 91 29 43
849	44 42 76 40
850	12 1 55 45
851	66 2 7 65
852	40 46 78 69
853	51 63 18 74
854	85 89 91 33
855	74 72 3 31
856	41 45 70 90
857	24 17 73 69
858	99 77 26 64
859	6 56 41 31
860	8 7 66 44
861	42 7 33 2
862	91 85 70 49
863	71 15 11 93
864	10 52 91 40
865	2 52 40 58
866	42 74 89 40
867	8 10 60 16
868	43 60 69 53
869	10 75 50 9
870	60 38 74 67
871	21 38 24 54
872	79 26 95 64
873	64 79 89 43
874	13 91 89 75
875	94 64 42 74
876	11 81 34 70
877	34 43 68 10
878	42 37 86 4
879	46 53 60 81
880	70 19 85 79
881	80 81 43 17
882	50 30 70 72
883	84 15 71 24
884	98 59 90 5
885	9 50 8 81
886	36 91 83 28
887	12 17 4 24
888	41 46 29 83
889	22 11 15 72
890	91 17 22 6
891	64 56 42 59
892	64 97 30 67
893	100 71 72 24
894	49 83 62 50
895	21 22 11 5
896	48 68 97 94
897	90 32 26 50
898	92 27 96 18
899	3 2 84 11
900	20 98 80 54
901	3 16 92 79
902	48 20 17 99
903	64 9 100 52
904	15 29 49 87
905	44 46 49 19
906	34 100 28 19
907	75 45 52 17
908	38 76 52 17
909	61 50 44 32
910	16 76 8 7
911	29 100 33 45
912	50 15 94 45
913	71 19 83 50
914	54 9 62 7
915	22 57 93 12
916	33 43 66 62
917	7 70 5 46
918	90 10 2 54
919	77 32 66 21
920	23 24 17 48
921	99 94 81 44
922	73 10 72 50
923	18 90 72 69
924	10 42 60 72
925	5 72 11 47
926	5 99 2 14
927	94 82 87 42
928	97 32 52 26
929	99 41 95 30
930	59 15 25 51
931	3 31 64 88
932	44 21 54 41
933	1 23 78 79
934	33 20 100 1
935	8 90 37 40
936	99 4 5 68
937	60 68 12 76
938	55 87 69 43
939	23 51 54 97
940	36 81 47 89
941	46 13 83 1
942	10 76 18 39
943	77 92 70 64
944	35 36 24 45
945	71 13 40 92
946	46 4 97 1
947	81 66 79 32
948	14 87 70 31
949	14 20 38 17
950	5 27 95 57
951	85 58 71 99
952	25 38 68 91
953	37 52 35 3
954	57 74 72 40
955	14 42 54 53
956	72 77 50 85
957	38 1 45 50
958	47 42 22 23
959	81 87 84 98
960	48 75 62 83
961	12 16 11 1
962	32 35 51 53
963	77 32 95 51
964	78 27 70 6
965	70 24 66 84
966	54 58 41 26
967	12 87 35 73
968	2 74 59 72
969	10 95 77 14
970	41 26 96 58
971	16 57 37 28
972	86 90 88 6
973	43 93 66 76
974	64 89 38 97
975	38 100 61 97
976	70 59 37 38
977	70 69 79 46
978	85 30 61 49
979	94 26 19 95
980	13 14 64 25
981	1 44 13 10
982	77 48 27 54
983	91 64 56 39
984	87 16 48 63
985	53 37 94 15
986	16 70 58 17
987	93 53 89 19
988	87 7 97 3
989	41 34 46 100
990	84 99 47 15
991	41 98 45 47
992	82 38 80 20
993	30 72 13 80
994	89 20 59 27
995	38 29 40 15
996	61 54 13 26
997	52 24 61 20
998	49 74 25 61
999	94 62 50 66
1000	95 87 79 65
1001	94 57 73 43
1002	20 95 79 62
1003	8 77 6 64
1004	71 34 77 44
1005	35 88 11 7
1006	95 36 100 99
1007	76 13 53 89
1008	79 98 32 50
1009	8 59 33 34
1010	74 56 49 37
1011	3 24 1 53
1012	77 95 23 43
1013	32 70 72 57
1014	9 14 20 89
1015	34 47 8 12
1016	97 50 70 78
1017	29 60 73 23
1018	7 96 58 59
1019	51 86 53 61
1020	25 28 19 81
1021	63 21 39 43
1022	55 73 69 33
1023	66 43 14 12
1024	95 22 74 84
1025	8 22 11 9
1026	66 70 29 79
1027	41 75 65 69
1028	61 30 10 69
1029	52 65 72 44
1030	87 74 35 97
1031	87 45 13 56
1032	18 25 40 28
1033	43 7 64 85
1034	21 79 76 82
1035	45 42 17 44
1036	18 73 45 58
1037	17 29 77 21
1038	24 63 56 27
1039	39 54 35 90
1040	49 23 35 22
1041	87 81 26 62
1042	8 55 98 5
1043	44 43 76 13
1044	56 84 60 24
1045	79 13 99 82
1046	12 34 89 5
1047	79 75 70 91
1048	20 42 65 56
1049	42 50 96 89
1050	64 9 60 29
1051	49 2 29 91
1052	10 97 84 70
1053	30 60 48 36
1054	59 2 40 58
1055	71 24 64 5
1056	41 46 33 65
1057	31 34 88 81
1058	95 25 19 68
1059	40 1 65 72
1060	26 30 37 12
1061	1 67 3 49
1062	79 50 87 45
1063	32 78 83 95
1064	97 25 87 46
1065	12 4 95 55
1066	81 85 63 22
1067	55 35 46 83
1068	31 49 37 94
1069	36 7 33 8
1070	81 15 25 47
1071	79 99 10 77
1072	10 97 80 29
1073	16 42 75 83
1074	67 74 82 49
1075	17 56 32 48
1076	99 56 47 66
1077	3 97 78 39
1078	61 54 84 73
1079	41 65 7 64
1080	20 38 32 34
1081	53 81 41 32
1082	77 71 34 86
1083	43 59 5 79
1084	58 41 42 96
1085	12 68 43 28
1086	54 38 59 73
1087	84 73 11 76
1088	27 23 8 95
1089	46 74 71 34
1090	7 15 58 97
1091	90 59 43 71
1092	82 57 24 54
1093	76 94 52 96
1094	85 42 17 71
1095	86 50 3 71
1096	53 99 85 62
1097	37 36 24 32
1098	47 70 83 81
1099	3 95 30 33
1100	70 50 10 68
1101	14 25 89 74
1102	52 16 93 34
1103	29 99 46 65
1104	65 50 70 5
1105	12 80 63 85
1106	51 75 33 76
1107	75 3 85 20
1108	12 24 27 9
1109	5 8 42 73
1110	97 31 68 44
1111	19 49 26 92
1112	78 96 73 30
1113	74 14 33 57
1114	82 22 11 40
1115	35 46 98 63
1116	27 39 60 83
1117	6 56 81 51
1118	93 88 44 89
1119	86 63 93 40
1120	43 70 23 71
1121	71 13 35 66
1122	26 75 92 52
1123	79 73 29 69
1124	95 98 23 35
1125	11 96 14 64
1126	56 82 90 10
1127	50 16 9 82
1128	88 21 17 95
1129	5 34 81 71
1130	57 40 89 98
1131	59 50 74 90
1132	27 1 51 49
1133	5 26 39 30
1134	63 7 87 14
1135	94 41 57 36
1136	72 52 46 4
1137	44 51 4 92
1138	80 44 83 62
1139	41 10 48 22
1140	13 14 71 61
1141	10 1 85 31
1142	76 62 66 90
1143	43 45 85 13
1144	32 73 55 74
1145	78 13 53 43
1146	62 43 97 39
1147	75 64 78 25
1148	62 20 49 58
1149	27 84 100 64
1150	73 50 97 9
1151	73 51 68 89
1152	16 34 32 84
1153	44 56 80 52
1154	30 95 31 12
1155	83 60 72 77
1156	4 92 67 83
1157	94 11 4 7
1158	23 62 9 87
1159	25 85 35 12
1160	93 72 95 38
1161	28 66 4 53
1162	67 29 50 66
1163	61 82 46 92
1164	93 27 81 73
1165	83 5 25 68
1166	47 28 52 8
1167	1 48 84 18
1168	83 7 49 3
1169	67 64 4 58
1170	86 65 53 60
1171	8 52 47 31
1172	34 93 1 68
1173	48 18 39 42
1174	64 12 86 55
1175	65 52 95 64
1176	25 9 59 73
1177	21 34 79 14
1178	56 72 82 94
1179	99 61 85 87
1180	29 96 55 84
1181	79 22 68 16
1182	81 33 44 12
1183	83 57 25 84
1184	35 98 67 25
1185	28 50 9 92
1186	84 19 3 97
1187	4 85 66 56
1188	92 18 28 17
1189	39 12 50 98
1190	90 20 41 75
1191	84 95 66 32
1192	98 38 53 36
1193	23 62 12 32
1194	73 52 87 59
1195	76 62 5 81
1196	3 60 21 54
1197	3 22 96 59
1198	24 32 97 82
1199	74 1 65 33
1200	36 62 54 7
1201	85 79 29 32
1202	10 94 15 18
1203	4 76 43 96
1204	32 52 46 34
1205	59 58 93 12
1206	92 31 100 10
1207	75 79 78 76
1208	25 75 64 83
1209	44 58 47 33
1210	85 93 67 100
1211	45 15 32 81
1212	1 80 17 99
1213	19 93 81 55
1214	5 60 40 8
1215	83 99 59 51
1216	100 91 25 89
1217	93 35 83 52
1218	44 45 95 40
1219	45 55 93 16
1220	61 48 95 27
1221	6 89 21 57
1222	37 27 71 25
1223	20 81 44 76
1224	21 19 67 50
1225	63 89 64 96
1226	2 87 98 93
1227	39 79 37 44
1228	9 98 79 58
1229	94 64 37 35
1230	8 57 94 35
1231	47 18 60 25
1232	11 2 53 97
1233	49 54 93 15
1234	64 34 17 30
1235	18 96 7 89
1236	63 45 6 60
1237	21 56 62 71
1238	30 5 85 81
1239	55 48 86 96
1240	22 82 65 55
1241	78 52 30 9
1242	72 10 87 62
1243	98 27 31 8
1244	71 81 66 24
1245	42 97 17 86
1246	91 67 84 20
1247	84 60 72 87
1248	100 62 63 45
1249	100 89 57 5
1250	60 32 50 20
1251	62 8 77 29
1252	44 50 96 74
1253	27 80 89 58
1254	19 38 8 93
1255	82 69 50 74
1256	31 13 92 85
1257	100 17 14 45
1258	2 28 92 18
1259	57 79 47 42
1260	5 20 72 71
1261	74 42 93 4
1262	29 6 26 34
1263	29 28 91 49
1264	98 23 92 47
1265	80 18 83 71
1266	46 15 60 12
1267	99 43 70 84
1268	11 25 7 12
1269	26 98 69 71
1270	16 59 6 78
1271	4 52 42 49
1272	63 92 25 98
1273	98 99 5 38
1274	41 36 69 88
1275	65 27 14 4
1276	62 73 20 97
1277	31 13 53 4
1278	20 59 18 29
1279	98 32 50 95
1280	4 98 79 24
1281	38 80 27 88
1282	61 53 92 94
1283	21 11 94 58
1284	72 61 7 28
1285	11 27 61 75
1286	31 34 64 22
1287	51 47 26 84
1288	80 75 10 11
1289	45 61 54 44
1290	100 83 8 68
1291	38 84 6 55
1292	7 61 46 51
1293	78 51 9 57
1294	46 57 37 74
1295	27 63 98 25
1296	4 36 37 10
1297	22 86 20 42
1298	79 82 35 31
1299	82 19 88 71
1300	70 45 11 14
1301	61 94 53 50
1302	24 73 48 61
1303	6 51 72 100
1304	13 10 20 27
1305	2 35 84 34
1306	39 48 38 25
1307	95 77 52 73
1308	17 63 78 74
1309	88 9 67 81
1310	50 28 8 38
1311	18 25 100 94
1312	78 62 16 63
1313	3 28 76 80
1314	24 34 56 58
1315	100 40 43 66
1316	79 31 50 11
1317	47 43 26 35
1318	32 33 22 58
1319	45 84 1 2
1320	23 75 5 2
1321	50 39 69 27
1322	54 82 23 13
1323	49 75 80 65
1324	40 31 46 96
1325	43 21 32 1
1326	28 77 7 70
1327	70 96 86 62
1328	33 91 6 88
1329	28 64 24 36
1330	64 15 49 53
1331	54 36 14 37
1332	90 11 86 97
1333	6 45 97 49
1334	14 95 51 47
1335	83 54 82 2
1336	43 41 42 96
1337	93 63 12 36
1338	48 5 80 41
1339	9 5 21 88
1340	87 79 42 4
1341	55 7 85 3
1342	64 9 19 41
1343	90 94 70 46
1344	82 72 24 42
1345	11 76 86 53
1346	63 3 6 38
1347	2 53 30 36
1348	11 91 64 35
1349	60 4 12 18
1350	50 19 64 32
1351	97 1 78 51
1352	20 2 94 67
1353	37 51 43 39
1354	54 80 48 35
1355	34 85 73 91
1356	43 44 93 86
1357	28 16 86 36
1358	11 1 46 33
1359	47 25 9 8
1360	74 87 44 8
1361	29 19 98 8
1362	2 53 21 16
1363	86 7 91 56
1364	37 94 36 85
1365	59 74 26 38
1366	81 17 63 51
1367	58 14 81 12
1368	30 20 37 22
1369	23 27 54 62
1370	4 99 10 42
1371	44 99 63 95
1372	55 89 100 3
1373	97 79 95 44
1374	97 94 23 100
1375	71 3 83 43
1376	35 8 62 99
1377	34 78 37 9
1378	97 57 22 84
1379	1 69 26 85
1380	89 79 91 14
1381	17 97 23 67
1382	19 25 91 11
1383	53 68 89 56
1384	15 47 16 100
1385	58 86 49 71
1386	75 33 84 87
1387	88 41 87 72
1388	31 91 33 92
1389	12 79 3 37
1390	51 54 72 14
1391	14 46 86 57
1392	72 35 22 37
1393	34 63 93 38
1394	10 47 20 66
1395	82 41 71 94
1396	41 56 82 14
1397	17 66 35 59
1398	70 8 93 38
1399	83 70 77 47
1400	66 100 83 78
1401	90 25 95 52
1402	84 36 9 20
1403	86 2 42 63
1404	6 50 95 76
1405	48 16 1 47
1406	16 80 2 45
1407	52 62 73 60
1408	17 82 23 99
1409	51 73 85 2
1410	94 20 72 5
1411	20 50 27 66
1412	53 30 95 92
1413	27 32 9 90
1414	82 94 15 51
1415	70 23 31 43
1416	84 26 41 30
1417	41 71 82 99
1418	87 60 11 75
1419	13 26 36 47
1420	95 87 11 33
1421	23 83 88 75
1422	26 86 83 28
1423	73 81 20 56
1424	28 46 57 35
1425	99 37 82 43
1426	58 61 7 87
1427	5 26 31 44
1428	34 71 1 19
1429	48 20 26 73
1430	12 36 14 79
1431	91 98 7 17
1432	88 15 9 23
1433	15 77 6 21
1434	55 5 92 68
1435	36 90 84 33
1436	94 4 64 75
1437	10 87 21 47
1438	3 86 41 49
1439	7 65 9 38
1440	26 21 5 14
1441	76 8 63 15
1442	50 2 99 57
1443	1 57 71 30
1444	47 59 16 51
1445	23 87 100 89
1446	13 62 43 84
1447	98 81 66 28
1448	93 88 87 51
1449	75 16 86 77
1450	27 68 24 35
1451	83 18 40 61
1452	74 40 97 14
1453	31 66 55 1
1454	13 5 76 94
1455	23 57 82 15
1456	46 20 8 76
1457	48 36 85 20
1458	82 2 52 48
1459	99 57 95 37
1460	86 45 83 4
1461	95 28 88 15
1462	39 47 33 72
1463	60 2 93 34
1464	53 16 90 79
1465	11 59 34 60
1466	33 93 19 50
1467	26 23 72 82
1468	29 98 89 78
1469	81 71 9 6
1470	63 36 61 55
1471	49 75 96 28
1472	77 82 80 19
1473	24 19 99 9
1474	41 16 22 91
1475	100 78 23 54
1476	64 12 81 61
1477	40 45 70 89
1478	85 59 97 45
1479	61 29 70 92
1480	24 20 78 94
1481	81 36 53 59
1482	22 63 85 97
1483	7 10 60 1
1484	19 46 97 22
1485	63 11 61 3
1486	37 25 83 7
1487	30 38 69 26
1488	91 72 70 13
1489	95 79 9 3
1490	74 8 41 20
1491	32 95 73 71
1492	72 37 18 8
1493	39 89 62 79
1494	53 7 100 41
1495	95 36 15 85
1496	23 32 84 77
1497	30 67 54 26
1498	17 73 80 31
1499	12 98 52 75
1500	51 57 33 49
1501	14 11 96 12
1502	61 35 32 4
1503	47 56 35 73
1504	79 68 9 57
1505	78 47 76 1
1506	47 25 72 43
1507	19 78 13 92
1508	73 43 8 77
1509	87 56 24 7
1510	98 83 57 52
1511	20 75 70 38
1512	49 46 32 40
1513	51 42 79 10
1514	31 100 81 23
1515	26 43 31 64
1516	17 74 99 65
1517	92 98 96 80
1518	77 27 90 79
1519	57 55 95 88
1520	19 9 46 27
1521	73 74 71 91
1522	70 51 52 21
1523	83 43 74 99
1524	88 16 55 56
1525	14 72 84 21
1526	48 36 29 98
1527	7 62 37 30
1528	55 64 45 20
1529	21 69 76 62
1530	52 31 67 50
1531	66 53 17 91
1532	100 64 9 74
1533	90 74 70 61
1534	55 20 23 96
1535	81 20 88 77
1536	96 6 77 61
1537	73 67 29 26
1538	47 89 66 79
1539	59 97 85 76
1540	77 37 53 66
1541	35 53 81 57
1542	22 66 92 97
1543	24 32 69 91
1544	44 75 32 45
1545	62 96 26 35
1546	89 62 57 35
1547	75 50 90 78
1548	72 87 4 51
1549	26 17 93 8
1550	80 65 76 73
1551	43 72 28 56
1552	89 57 54 20
1553	9 42 24 48
1554	7 69 28 37
1555	37 44 39 1
1556	98 93 28 88
1557	3 10 64 81
1558	17 6 87 37
1559	66 21 93 91
1560	21 3 93 2
1561	88 64 51 93
1562	13 52 64 63
1563	35 78 11 47
1564	89 53 63 97
1565	85 59 7 6
1566	10 43 12 21
1567	90 45 61 6
1568	37 87 97 51
1569	66 57 79 52
1570	32 22 68 7
1571	29 7 19 90
1572	100 92 52 66
1573	84 22 3 89
1574	15 9 64 49
1575	63 53 30 97
1576	17 26 51 63
1577	46 100 45 49
1578	41 20 96 55
1579	22 20 94 58
1580	62 95 88 53
1581	93 9 3 69
1582	30 31 2 49
1583	19 56 73 31
1584	100 29 44 34
1585	88 52 83 80
1586	84 1 9 52
1587	35 29 87 26
1588	5 81 26 97
1589	70 32 50 69
1590	54 14 77 44
1591	35 70 8 14
1592	61 97 20 70
1593	88 12 76 49
1594	93 33 22 1
1595	84 45 36 17
1596	17 35 40 60
1597	70 17 13 32
1598	15 18 37 58
1599	92 70 42 52
1600	92 53 77 90
1601	3 53 66 36
1602	9 47 61 2
1603	42 84 93 4
1604	41 85 67 64
1605	55 45 86 73
1606	76 73 61 15
1607	9 66 62 94
1608	96 33 73 86
1609	88 10 1 15
1610	62 76 96 26
1611	27 77 81 34
1612	61 32 100 65
1613	49 33 99 9
1614	1 19 22 12
1615	57 37 5 99
1616	24 57 69 41
1617	65 56 55 10
1618	71 64 6 100
1619	51 28 5 4
1620	67 69 96 66
1621	90 72 93 5
1622	85 11 41 91
1623	27 77 28 64
1624	1 51 68 88
1625	15 88 27 97
1626	70 63 35 49
1627	46 31 53 42
1628	4 21 49 37
1629	43 26 63 59
1630	54 91 35 19
1631	3 47 30 76
1632	30 26 59 57
1633	74 79 2 83
1634	34 66 32 100
1635	2 84 12 55
1636	35 81 58 60
1637	27 81 78 14
1638	43 27 51 87
1639	90 15 21 95
1640	74 81 50 87
1641	13 71 92 8
1642	20 74 3 71
1643	7 57 75 13
1644	49 2 45 70
1645	3 8 53 88
1646	62 4 35 39
1647	13 49 64 68
1648	83 99 58 64
1649	32 54 43 67
1650	7 19 45 31
1651	71 56 98 99
1652	81 28 4 46
1653	86 85 6 8
1654	29 28 84 60
1655	16 41 92 1
1656	29 48 40 36
1657	14 3 57 88
1658	66 31 20 39
1659	10 32 54 20
1660	70 52 10 92
1661	47 97 19 94
1662	14 77 76 60
1663	25 27 82 46
1664	60 29 73 81
1665	98 39 50 5
1666	56 7 51 49
1667	48 14 96 92
1668	12 26 60 100
1669	23 45 6 81
1670	55 92 63 4
1671	44 48 65 59
1672	80 64 15 26
1673	2 7 48 25
1674	54 57 76 81
1675	39 20 49 56
1676	40 52 62 15
1677	36 24 49 51
1678	35 84 5 26
1679	39 73 17 81
1680	61 26 30 31
1681	40 52 47 23
1682	45 61 3 21
1683	25 23 13 50
1684	46 18 13 79
1685	66 7 24 14
1686	60 9 79 46
1687	28 30 46 73
1688	2 84 88 56
1689	62 85 98 12
1690	40 13 18 67
1691	58 37 98 52
1692	91 2 48 20
1693	71 69 32 38
1694	71 82 100 32
1695	13 67 66 1
1696	61 50 60 36
1697	53 72 47 54
1698	37 5 88 36
1699	15 79 73 77
1700	85 84 88 68
1701	50 8 33 9
1702	32 11 23 61
1703	82 9 18 5
1704	91 47 25 30
1705	26 39 34 92
1706	73 35 14 89
1707	59 12 40 93
1708	9 38 37 60
1709	44 31 23 84
1710	16 100 61 62
1711	1 34 47 21
1712	79 71 78 48
1713	100 73 50 64
1714	42 39 66 80
1715	87 98 38 13
1716	31 46 89 84
1717	10 52 31 12
1718	39 2 23 35
1719	84 62 59 58
1720	3 65 99 45
1721	54 50 14 97
1722	31 35 25 64
1723	48 53 97 29
1724	6 2 53 75
1725	22 12 64 33
1726	91 63 9 12
1727	36 12 53 11
1728	6 10 49 2
1729	22 20 30 31
1730	85 40 63 72
1731	31 88 60 92
1732	13 34 29 72
1733	32 46 1 16
1734	33 76 60 27
1735	30 93 55 80
1736	83 90 71 96
1737	21 98 12 69
1738	33 27 15 91
1739	45 75 35 20
1740	83 92 63 66
1741	47 45 67 4
1742	38 94 55 25
1743	4 94 42 16
1744	1 62 8 34
1745	21 43 81 10
1746	48 21 27 72
1747	26 37 40 73
1748	83 92 34 37
1749	31 9 27 17
1750	19 100 76 86
1751	11 43 33 38
1752	49 55 8 37
1753	53 22 91 68
1754	58 43 34 75
1755	10 95 62 100
1756	29 100 3 66
1757	8 85 70 77
1758	96 81 94 85
1759	69 90 99 83
1760	46 98 45 79
1761	36 81 28 1
1762	75 28 44 48
1763	80 72 19 37
1764	20 92 81 67
1765	36 44 33 66
1766	87 88 33 49
1767	67 55 45 85
1768	79 37 66 82
1769	21 98 29 8
1770	15 10 51 58
1771	27 100 70 5
1772	1 55 32 61
1773	14 40 29 16
1774	61 19 26 50
1775	96 26 6 45
1776	24 29 3 61
1777	85 59 9 97
1778	57 76 79 5
1779	30 70 21 85
1780	3 23 46 96
1781	20 53 87 5
1782	45 81 54 100
1783	27 52 24 85
1784	99 92 32 15
1785	53 94 88 84
1786	76 19 28 52
1787	32 5 33 45
1788	65 60 51 2
1789	20 13 6 18
1790	52 98 79 67
1791	98 5 7 79
1792	63 40 97 66
1793	24 6 75 35
1794	11 53 7 5
1795	83 5 25 89
1796	89 78 48 65
1797	53 22 32 92
1798	89 19 88 23
1799	67 80 19 88
1800	72 70 63 13
1801	62 96 79 9
1802	13 29 52 45
1803	21 15 75 12
1804	12 90 75 46
1805	15 10 30 32
1806	96 9 75 1
1807	40 4 58 2
1808	89 51 67 61
1809	43 29 46 17
1810	9 43 14 91
1811	2 9 38 60
1812	97 96 17 83
1813	92 22 39 65
1814	33 27 35 68
1815	75 7 63 100
1816	58 12 33 50
1817	4 46 95 59
1818	17 15 14 44
1819	40 28 3 61
1820	10 34 58 63
1821	21 12 59 65
1822	45 59 75 92
1823	25 55 95 82
1824	39 17 78 44
1825	86 20 65 60
1826	38 20 10 42
1827	24 29 88 70
1828	98 57 55 62
1829	5 37 84 34
1830	17 10 20 95
1831	57 43 31 41
1832	32 66 94 71
1833	58 98 30 82
1834	74 68 15 43
1835	45 69 79 27
1836	62 52 48 23
1837	69 68 90 21
1838	54 1 46 49
1839	50 52 96 40
1840	9 24 100 63
1841	79 41 45 65
1842	84 42 11 34
1843	16 93 85 83
1844	54 36 34 98
1845	50 52 92 80
1846	34 57 39 27
1847	77 41 19 10
1848	45 82 5 26
1849	4 72 88 11
1850	79 71 30 41
1851	73 75 22 85
1852	1 16 66 58
1853	26 100 99 49
1854	66 97 1 87
1855	73 53 37 45
1856	75 17 27 10
1857	91 75 89 73
1858	1 9 59 58
1859	23 14 89 42
1860	68 63 40 48
1861	12 89 41 46
1862	48 9 42 19
1863	23 99 28 12
1864	43 8 29 98
1865	28 25 63 85
1866	57 70 3 16
1867	76 94 14 69
1868	37 99 80 24
1869	19 85 54 51
1870	97 90 46 70
1871	25 75 40 26
1872	98 4 22 51
1873	99 64 18 61
1874	25 59 74 60
1875	20 32 24 21
1876	17 3 49 72
1877	18 5 76 9
1878	82 39 2 8
1879	50 61 77 89
1880	3 40 53 58
1881	29 9 62 26
1882	35 28 70 79
1883	75 49 80 4
1884	70 59 67 25
1885	21 84 22 42
1886	68 28 66 58
1887	71 51 76 44
1888	84 26 99 81
1889	97 72 49 98
1890	52 26 31 6
1891	55 56 87 38
1892	71 7 9 59
1893	89 39 3 29
1894	56 39 74 88
1895	8 94 26 9
1896	45 74 59 57
1897	24 69 31 64
1898	95 11 46 28
1899	52 72 97 86
1900	1 23 16 92
1901	76 24 51 86
1902	85 27 44 43
1903	81 60 30 24
1904	44 8 12 86
1905	16 14 7 77
1906	76 95 7 30
1907	76 79 39 70
1908	2 7 52 98
1909	89 65 34 30
1910	35 1 78 89
1911	44 18 89 37
1912	21 9 70 72
1913	22 65 66 2
1914	33 90 37 9
1915	45 18 91 77
1916	10 22 55 98
1917	87 69 98 88
1918	56 27 69 68
1919	29 24 13 27
1920	52 18 30 89
1921	48 60 71 99
1922	34 10 2 43
1923	93 53 1 16
1924	50 41 98 86
1925	39 33 99 24
1926	66 90 45 94
1927	56 67 99 36
1928	96 83 41 57
1929	66 10 64 91
1930	56 17 65 35
1931	61 45 31 7
1932	28 17 14 96
1933	66 15 89 12
1934	16 44 92 90
1935	33 46 25 63
1936	30 56 41 71
1937	83 32 50 63
1938	1 5 65 90
1939	76 28 22 46
1940	26 35 76 51
1941	70 37 25 23
1942	17 44 25 23
1943	83 80 88 30
1944	92 5 67 24
1945	63 34 95 64
1946	89 48 30 19
1947	78 99 61 83
1948	41 30 11 80
1949	82 33 34 91
1950	45 50 47 81
1951	12 58 59 32
1952	77 16 71 15
1953	77 80 4 73
1954	39 65 7 52
1955	32 20 98 65
1956	33 70 21 58
1957	48 44 82 65
1958	7 20 41 65
1959	69 20 7 31
1960	21 1 89 98
1961	19 48 7 26
1962	5 19 72 55
1963	7 46 80 57
1964	8 94 45 47
1965	42 19 48 14
1966	47 48 62 51
1967	25 57 63 59
1968	74 15 34 62
1969	29 75 39 82
1970	61 100 2 50
1971	73 61 29 75
1972	69 31 68 16
1973	21 79 27 84
1974	37 88 46 21
1975	50 26 89 88
1976	85 51 100 26
1977	19 64 99 67
1978	79 67 86 27
1979	51 30 5 44
1980	34 66 90 49
1981	30 11 43 60
1982	23 25 60 13
1983	34 46 65 24
1984	43 53 40 26
1985	21 31 46 69
1986	39 15 73 70
1987	14 8 45 84
1988	69 68 86 92
1989	23 58 46 94
1990	85 17 91 55
1991	36 24 35 18
1992	72 95 59 2
1993	43 93 84 85
1994	23 98 16 49
1995	95 84 12 18
1996	47 57 69 58
1997	14 90 7 16
1998	97 58 9 29
1999	83 15 94 6
2000	73 65 83 3
2001	11 12 34 93
2002	85 7 17 4
2003	93 78 92 83
2004	20 91 99 34
2005	44 8 46 39
2006	60 27 81 42
2007	90 93 74 51
2008	4 30 92 35
2009	88 74 22 66
2010	93 20 44 87
2011	100 40 19 81
2012	20 75 91 39
2013	90 28 78 94
2014	23 19 13 66
2015	74 31 72 44
2016	12 34 39 48
2017	67 63 2 9
2018	26 53 20 80
2019	45 86 11 75
2020	65 85 71 53
2021	66 17 42 70
2022	41 47 42 30
2023	47 65 50 28
2024	16 90 48 98
2025	63 53 2 59
2026	81 76 82 9
2027	81 92 12 8
2028	8 81 63 78
2029	90 49 18 69
2030	45 25 98 78
2031	50 42 70 93
2032	71 28 6 52
2033	35 1 13 33
2034	29 95 61 77
2035	23 60 3 67
2036	94 96 80 33
2037	26 27 35 79
2038	80 66 30 21
2039	51 49 59 77
2040	76 50 18 66
2041	45 72 19 88
2042	13 53 96 48
2043	25 34 42 89
2044	27 53 63 19
2045	69 8 77 3
2046	27 88 50 71
2047	46 92 35 55
2048	21 76 91 45
2049	85 26 74 58
2050	90 64 10 69
2051	68 7 24 2
2052	65 57 81 31
2053	39 82 48 8
2054	39 59 67 97
2055	65 78 69 13
2056	17 1 16 76
2057	50 13 75 20
2058	71 37 5 28
2059	77 88 68 97
2060	28 31 36 97
2061	59 73 13 35
2062	45 35 63 28
2063	69 99 93 86
2064	71 65 39 38
2065	23 83 27 6
2066	51 32 92 80
2067	8 63 78 67
2068	67 45 14 58
2069	8 82 70 64
2070	93 3 8 97
2071	93 53 81 32
2072	15 62 42 23
2073	79 16 75 76
2074	76 39 25 63
2075	76 9 7 61
2076	24 25 7 9
2077	35 74 68 73
2078	50 18 84 97
2079	94 71 13 77
2080	31 58 9 42
2081	94 73 85 67
2082	43 63 75 12
2083	27 86 58 16
2084	27 31 81 84
2085	32 44 16 31
2086	38 53 21 4
2087	89 32 42 27
2088	72 43 75 26
2089	59 28 19 32
2090	66 62 79 76
2091	71 97 28 9
2092	19 73 5 3
2093	87 45 30 19
2094	39 45 20 33
2095	92 40 96 91
2096	48 89 31 71
2097	42 51 91 100
2098	97 28 24 2
2099	74 75 30 78
2100	91 95 17 77
2101	76 82 13 95
2102	50 99 80 47
2103	45 58 24 80
2104	87 43 58 19
2105	86 28 30 68
2106	82 6 78 33
2107	68 99 48 53
2108	94 61 86 89
2109	53 74 63 49
2110	85 54 91 20
2111	49 74 33 56
2112	76 6 62 63
2113	21 38 18 37
2114	90 27 35 59
2115	17 65 19 71
2116	78 98 90 92
2117	77 73 21 88
2118	63 19 68 80
2119	6 100 38 83
2120	37 31 100 72
2121	16 86 26 9
2122	75 24 90 45
2123	22 28 56 58
2124	1 96 93 28
2125	24 85 20 5
2126	59 19 29 38
2127	55 98 94 96
2128	4 45 91 59
2129	91 44 15 14
2130	24 30 32 80
2131	19 4 77 50
2132	81 92 73 21
2133	67 82 33 70
2134	35 3 86 30
2135	31 26 77 52
2136	27 6 77 57
2137	91 69 51 58
2138	64 75 69 37
2139	10 52 49 16
2140	38 66 9 51
2141	1 42 72 88
2142	34 41 16 47
2143	11 36 72 95
2144	34 93 91 26
2145	35 75 57 21
2146	11 94 81 90
2147	19 87 16 89
2148	34 28 32 12
2149	15 67 34 44
2150	77 40 83 47
2151	98 20 37 46
2152	53 36 85 46
2153	25 60 33 72
2154	41 95 10 9
2155	13 98 57 58
2156	94 100 81 66
2157	24 5 58 30
2158	36 75 43 45
2159	72 17 32 35
2160	49 44 14 60
2161	77 65 4 58
2162	80 32 65 18
2163	24 43 5 23
2164	39 30 20 23
2165	17 95 73 35
2166	92 10 35 39
2167	1 25 49 51
2168	66 18 61 41
2169	90 2 56 15
2170	98 13 6 89
2171	11 43 39 47
2172	57 1 96 27
2173	48 91 76 23
2174	65 16 49 24
2175	95 54 97 44
2176	11 48 33 42
2177	77 55 12 46
2178	46 54 99 39
2179	35 67 7 61
2180	87 14 53 97
2181	83 47 58 23
2182	28 73 79 56
2183	44 8 48 94
2184	1 71 25 79
2185	65 74 27 9
2186	31 30 3 62
2187	7 80 11 71
2188	83 82 49 39
2189	16 39 71 56
2190	79 55 47 6
2191	13 68 62 30
2192	92 6 8 55
2193	10 99 12 66
2194	33 45 67 8
2195	5 97 31 82
2196	36 82 89 12
2197	55 48 57 34
2198	81 89 18 83
2199	32 80 73 39
2200	82 58 43 7
2201	73 38 17 77
2202	59 66 96 97
2203	51 9 98 70
2204	46 54 84 52
2205	84 33 42 38
2206	38 23 24 33
2207	2 73 75 83
2208	67 56 88 64
2209	34 100 7 60
2210	97 46 60 30
2211	9 36 43 63
2212	74 58 35 57
2213	30 81 19 24
2214	80 8 77 16
2215	1 14 11 78
2216	34 65 52 23
2217	47 79 87 34
2218	31 59 22 68
2219	75 50 95 82
2220	81 21 46 18
2221	93 31 73 74
2222	19 18 28 74
2223	74 87 39 100
2224	81 72 92 87
2225	7 89 82 49
2226	11 49 60 41
2227	69 39 2 66
2228	40 50 91 52
2229	46 37 49 71
2230	56 54 18 4
2231	98 70 58 17
2232	50 13 34 77
2233	76 46 98 99
2234	8 35 52 97
2235	100 50 23 18
2236	83 96 3 72
2237	7 41 97 21
2238	3 67 89 10
2239	30 87 5 85
2240	84 85 68 45
2241	82 68 13 77
2242	26 37 81 20
2243	23 72 13 36
2244	81 95 66 25
2245	7 94 13 6
2246	15 33 69 37
2247	40 46 15 30
2248	29 70 39 84
2249	64 78 37 9
2250	45 23 51 91
2251	28 79 59 46
2252	97 66 28 36
2253	69 80 91 56
2254	74 89 51 13
2255	43 68 29 72
2256	3 73 6 77
2257	5 44 88 62
2258	80 51 76 93
2259	34 80 57 44
2260	100 6 53 37
2261	65 85 16 57
2262	27 79 74 52
2263	1 7 80 25
2264	12 58 32 82
2265	59 5 4 13
2266	82 95 86 98
2267	60 20 32 85
2268	20 16 37 54
2269	83 68 65 8
2270	25 37 85 16
2271	60 34 100 10
2272	33 51 86 98
2273	67 88 58 89
2274	5 9 99 21
2275	43 16 52 93
2276	22 51 52 74
2277	56 25 24 51
2278	18 50 10 85
2279	42 75 21 22
2280	34 32 26 19
2281	100 79 46 39
2282	6 85 72 43
2283	53 50 66 18
2284	53 84 5 41
2285	35 74 38 72
2286	54 87 68 3
2287	41 67 44 80
2288	76 94 96 20
2289	67 77 95 9
2290	7 86 70 96
2291	67 47 91 22
2292	18 41 27 47
2293	47 6 78 74
2294	40 8 20 31
2295	13 26 77 73
2296	43 74 3 88
2297	98 34 37 5
2298	82 38 71 67
2299	85 18 69 7
2300	71 30 19 78
2301	49 50 71 46
2302	44 81 92 19
2303	52 63 86 68
2304	51 46 91 57
2305	54 23 81 41
2306	44 64 60 70
2307	33 25 80 98
2308	44 52 33 89
2309	40 35 61 89
2310	78 3 85 25
2311	34 58 29 94
2312	100 40 16 45
2313	84 8 82 20
2314	53 74 31 14
2315	43 16 59 95
2316	19 90 81 53
2317	79 93 8 57
2318	48 94 76 14
2319	74 5 23 16
2320	74 98 40 31
2321	36 91 46 20
2322	89 31 61 42
2323	36 33 75 67
2324	97 18 32 21
2325	50 81 22 72
2326	62 47 8 88
2327	50 48 92 64
2328	14 19 66 55
2329	52 94 20 31
2330	79 49 27 67
2331	34 96 69 47
2332	64 99 76 90
2333	15 76 62 89
2334	87 39 36 50
2335	62 60 28 74
2336	45 49 61 70
2337	52 16 63 19
2338	36 75 35 41
2339	71 42 18 67
2340	92 100 41 22
2341	72 14 87 75
2342	44 91 9 19
2343	59 95 19 43
2344	57 8 32 5
2345	75 96 66 99
2346	44 38 53 73
2347	6 15 54 42
2348	55 50 22 43
2349	99 34 86 98
2350	81 42 45 83
2351	10 59 98 39
2352	2 35 26 27
2353	62 88 42 58
2354	97 77 3 38
2355	16 34 13 12
2356	51 71 18 46
2357	8 1 94 33
2358	27 1 84 59
2359	89 12 19 83
2360	40 22 52 50
2361	75 30 67 53
2362	48 24 75 74
2363	99 94 34 47
2364	4 23 1 54
2365	2 81 56 83
2366	89 37 84 9
2367	24 86 65 73
2368	2 96 83 95
2369	17 19 71 22
2370	12 29 34 15
2371	20 88 72 23
2372	33 9 54 89
2373	19 35 87 50
2374	20 29 23 14
2375	30 92 43 16
2376	45 31 88 60
2377	84 78 13 65
2378	70 72 88 54
2379	21 98 68 2
2380	37 50 7 32
2381	49 70 38 59
2382	66 99 65 24
2383	57 67 39 58
2384	72 49 64 30
2385	30 59 32 95
2386	2 41 44 95
2387	90 83 20 55
2388	48 23 71 65
2389	34 60 75 93
2390	93 64 99 85
2391	6 82 59 52
2392	60 10 85 19
2393	21 76 34 8
2394	16 55 97 62
2395	76 21 55 84
2396	55 15 80 12
2397	6 51 83 86
2398	71 95 56 39
2399	94 7 25 55
2400	18 35 66 45
2401	3 41 23 8
2402	3 62 24 39
2403	18 66 84 51
2404	10 16 65 39
2405	16 42 33 2
2406	26 51 10 42
2407	56 2 70 21
2408	95 1 81 3
2409	88 46 2 80
2410	22 9 95 64
2411	50 75 77 51
2412	95 33 13 98
2413	66 75 64 17
2414	42 63 89 95
2415	44 73 1 85
2416	10 9 6 46
2417	50 45 17 81
2418	36 74 3 4
2419	47 40 70 46
2420	64 37 96 27
2421	59 23 70 56
2422	41 4 82 83
2423	65 32 70 72
2424	20 72 48 62
2425	55 27 60 80
2426	86 84 73 4
2427	72 97 9 46
2428	14 2 79 11
2429	7 69 73 51
2430	76 37 29 59
2431	59 17 70 38
2432	92 31 76 19
2433	71 23 53 67
2434	56 46 77 9
2435	90 89 43 100
2436	42 77 54 87
2437	88 48 83 11
2438	41 50 15 55
2439	53 4 42 75
2440	46 64 29 65
2441	29 16 75 9
2442	80 31 94 4
2443	69 63 50 11
2444	12 97 74 86
2445	57 16 3 4
2446	96 12 13 5
2447	19 46 34 94
2448	46 44 98 79
2449	72 35 59 99
2450	75 42 67 92
2451	7 44 83 54
2452	78 55 60 35
2453	28 10 81 79
2454	23 95 60 77
2455	68 27 86 99
2456	8 24 67 83
2457	3 12 33 38
2458	43 90 39 87
2459	17 89 69 8
2460	58 10 52 2
2461	88 81 51 79
2462	65 16 95 45
2463	65 7 29 32
2464	68 60 20 42
2465	58 55 8 89
2466	59 18 88 32
2467	57 17 65 69
2468	2 68 20 98
2469	84 65 15 43
2470	75 51 84 5
2471	74 67 38 27
2472	39 61 45 20
2473	27 22 1 42
2474	51 55 71 9
2475	3 91 96 6
2476	88 10 4 92
2477	68 37 89 24
2478	42 66 43 62
2479	21 56 26 52
2480	82 28 75 36
2481	52 34 17 16
2482	89 60 45 76
2483	69 39 58 22
2484	32 49 22 97
2485	54 55 56 30
2486	97 63 4 56
2487	82 94 55 44
2488	57 77 28 80
2489	86 63 54 84
2490	12 50 51 60
2491	73 49 32 72
2492	46 3 70 76
2493	30 96 1 36
2494	32 98 38 14
2495	98 40 9 56
2496	48 44 22 94
2497	64 88 99 90
2498	23 80 97 81
2499	87 68 9 55
2500	43 32 99 3
2501	52 22 48 66
2502	79 91 18 82
2503	89 41 6 57
2504	26 92 79 78
2505	65 87 16 95
2506	63 56 27 2
2507	11 85 8 97
2508	12 84 67 99
2509	100 41 95 2
2510	31 68 11 19
2511	44 7 9 58
2512	12 94 83 47
2513	95 28 24 69
2514	34 18 2 22
2515	4 50 63 83
2516	80 43 21 97
2517	39 22 84 72
2518	14 92 60 17
2519	20 82 47 52
2520	30 38 23 41
2521	100 12 8 91
2522	25 64 22 91
2523	70 11 8 3
2524	39 75 85 1
2525	18 96 5 25
2526	37 57 84 27
2527	81 27 63 78
2528	98 51 45 8
2529	24 49 78 11
2530	59 99 55 57
2531	71 76 8 79
2532	57 60 51 11
2533	26 25 79 43
2534	94 23 91 13
2535	50 64 33 98
2536	13 17 93 67
2537	34 83 65 37
2538	81 76 70 79
2539	80 58 78 73
2540	16 80 1 98
2541	68 74 21 47
2542	61 48 67 95
2543	38 1 86 22
2544	84 3 25 58
2545	72 99 48 32
2546	53 15 76 96
2547	32 1 22 85
2548	39 41 90 32
2549	56 86 74 90
2550	95 93 35 47
2551	40 7 93 84
2552	36 22 65 26
2553	54 34 49 5
2554	3 17 83 22
2555	9 5 89 31
2556	36 59 55 63
2557	43 38 18 69
2558	45 85 32 39
2559	5 47 74 36
2560	36 8 40 90
2561	70 28 4 83
2562	1 25 45 89
2563	14 98 49 88
2564	92 72 84 46
2565	71 80 45 100
2566	89 80 65 70
2567	30 68 96 1
2568	85 31 57 78
2569	4 84 62 47
2570	28 45 71 35
2571	53 16 43 25
2572	28 61 39 45
2573	91 87 78 57
2574	16 65 75 56
2575	33 6 2 7
2576	80 98 65 94
2577	16 86 92 68
2578	35 26 10 27
2579	2 9 42 55
2580	30 74 33 73
2581	82 54 94 72
2582	85 95 36 67
2583	91 74 19 17
2584	39 3 5 74
2585	12 99 20 14
2586	84 63 48 35
2587	56 77 50 39
2588	91 55 29 89
2589	31 46 49 80
2590	22 12 90 62
2591	92 26 40 58
2592	23 54 89 75
2593	64 13 84 60
2594	36 85 33 86
2595	31 26 28 100
2596	17 57 54 22
2597	57 66 72 4
2598	5 14 18 71
2599	66 57 85 61
2600	35 24 62 27
2601	55 54 46 42
2602	98 63 91 82
2603	98 61 89 2
2604	16 82 69 59
2605	34 61 38 45
2606	25 54 14 60
2607	60 23 82 19
2608	32 30 61 82
2609	29 45 32 5
2610	66 88 28 67
2611	13 34 80 14
2612	43 57 89 23
2613	54 88 76 50
2614	41 4 30 67
2615	13 42 26 77
2616	65 57 45 86
2617	43 28 98 49
2618	44 93 81 97
2619	37 53 88 7
2620	16 99 55 83
2621	50 10 17 83
2622	70 75 89 78
2623	40 82 72 96
2624	32 38 100 90
2625	70 47 15 99
2626	68 95 71 52
2627	71 6 28 24
2628	60 9 88 61
2629	76 39 51 50
2630	9 80 48 98
2631	6 41 63 31
2632	97 59 15 76
2633	42 29 61 95
2634	65 7 69 81
2635	82 78 65 86
2636	4 19 13 75
2637	87 60 62 76
2638	30 41 42 3
2639	41 67 39 4
2640	87 80 90 58
2641	34 40 88 99
2642	25 73 27 26
2643	14 86 92 26
2644	77 31 36 63
2645	62 73 7 43
2646	58 100 25 16
2647	40 10 45 93
2648	57 20 87 29
2649	8 38 49 97
2650	24 18 45 56
2651	15 29 58 17
2652	58 72 73 45
2653	3 37 83 33
2654	3 92 64 24
2655	48 89 79 26
2656	79 44 46 99
2657	49 56 15 25
2658	45 66 54 47
2659	67 83 93 29
2660	86 93 42 41
2661	52 65 63 3
2662	11 82 66 83
2663	85 6 90 78
2664	59 37 32 20
2665	80 26 63 13
2666	29 87 43 93
2667	59 42 53 96
2668	46 20 21 88
2669	15 54 90 75
2670	39 76 73 99
2671	8 64 26 89
2672	30 41 64 74
2673	56 53 76 39
2674	33 10 21 52
2675	71 55 6 39
2676	1 87 100 54
2677	90 39 78 86
2678	27 95 81 50
2679	23 91 62 52
2680	15 82 6 81
2681	30 90 23 43
2682	14 25 58 74
2683	78 36 85 28
2684	60 55 44 54
2685	4 14 31 81
2686	76 18 63 37
2687	46 45 23 53
2688	68 79 44 30
2689	27 11 96 32
2690	68 91 73 30
2691	79 50 38 49
2692	32 45 15 92
2693	68 65 37 98
2694	63 75 93 64
2695	58 63 55 33
2696	93 89 78 27
2697	66 17 56 85
2698	84 95 52 35
2699	35 52 33 61
2700	38 43 45 94
2701	53 29 79 24
2702	67 11 36 50
2703	35 36 90 67
2704	64 45 62 99
2705	88 33 58 79
2706	16 13 90 60
2707	40 20 48 4
2708	14 63 2 54
2709	70 38 89 85
2710	12 60 23 97
2711	14 22 2 92
2712	34 96 36 43
2713	77 42 16 99
2714	38 12 36 82
2715	21 68 30 79
2716	33 76 91 8
2717	99 84 69 3
2718	15 20 68 98
2719	9 31 75 24
2720	68 45 16 54
2721	6 45 58 35
2722	8 55 6 96
2723	86 51 11 79
2724	28 77 13 19
2725	16 1 74 87
2726	77 95 80 3
2727	62 89 78 60
2728	52 16 76 48
2729	45 90 15 81
2730	5 35 81 21
2731	6 35 47 30
2732	38 68 99 47
2733	23 71 46 7
2734	14 88 89 52
2735	36 77 100 96
2736	4 64 76 16
2737	1 91 43 54
2738	78 74 79 60
2739	89 76 78 59
2740	11 32 54 13
2741	64 49 98 41
2742	85 75 20 80
2743	71 55 7 30
2744	59 7 91 27
2745	93 10 63 31
2746	59 67 5 47
2747	77 68 10 64
2748	36 56 42 16
2749	95 24 93 80
2750	18 30 45 1
2751	23 39 37 66
2752	62 56 65 35
2753	75 23 78 100
2754	60 88 80 8
2755	7 42 41 65
2756	51 94 69 63
2757	74 69 85 29
2758	86 4 27 94
2759	48 15 89 59
2760	56 1 84 7
2761	2 4 23 22
2762	87 40 54 29
2763	25 92 71 93
2764	98 91 13 1
2765	12 5 81 74
2766	83 6 95 37
2767	42 77 55 21
2768	61 76 92 71
2769	85 86 49 53
2770	80 15 90 77
2771	43 45 17 20
2772	33 24 76 8
2773	46 3 88 44
2774	19 43 29 56
2775	5 12 19 64
2776	66 39 24 38
2777	4 74 89 96
2778	69 59 85 67
2779	11 57 36 94
2780	78 90 26 19
2781	45 96 88 11
2782	29 47 46 12
2783	25 24 77 94
2784	46 97 4 93
2785	31 90 5 2
2786	56 55 67 52
2787	82 79 25 22
2788	18 29 27 8
2789	35 11 10 37
2790	40 10 11 95
2791	26 62 27 81
2792	87 10 2 37
2793	100 53 34 92
2794	78 74 31 17
2795	79 26 14 64
2796	89 21 96 29
2797	90 52 49 34
2798	36 51 25 77
2799	71 59 98 7
2800	28 72 47 30
2801	62 76 18 58
2802	2 77 49 98
2803	7 90 88 24
2804	92 43 100 72
2805	30 77 75 49
2806	27 85 44 96
2807	6 56 17 40
2808	64 85 94 22
2809	76 96 74 18
2810	15 91 62 3
2811	82 30 93 13
2812	21 77 81 89
2813	62 58 29 91
2814	3 35 36 25
2815	12 34 69 70
2816	9 2 63 1
2817	15 98 73 76
2818	5 87 81 58
2819	9 68 49 44
2820	72 33 67 82
2821	17 50 84 55
2822	60 58 76 18
2823	93 98 80 51
2824	67 87 83 65
2825	60 12 3 81
2826	60 62 15 12
2827	7 48 90 5
2828	95 71 80 11
2829	54 10 91 99
2830	64 47 55 26
2831	22 37 38 58
2832	65 19 22 97
2833	24 17 87 16
2834	85 34 30 22
2835	68 44 46 99
2836	97 60 76 33
2837	60 19 76 9
2838	76 44 33 23
2839	90 14 15 95
2840	58 32 79 67
2841	11 10 47 26
2842	79 42 88 95
2843	16 65 42 94
2844	93 95 36 51
2845	19 68 78 73
2846	21 10 95 96
2847	90 82 33 40
2848	64 14 35 84
2849	33 70 100 31
2850	86 73 68 6
2851	63 71 21 16
2852	14 52 83 18
2853	14 5 23 22
2854	2 50 39 12
2855	2 7 16 87
2856	36 53 63 37
2857	79 74 9 27
2858	45 24 90 99
2859	35 1 60 31
2860	17 18 72 66
2861	54 72 28 26
2862	33 24 29 82
2863	65 89 70 54
2864	5 87 94 52
2865	38 93 36 98
2866	57 82 36 74
2867	8 85 76 32
2868	85 100 4 37
2869	86 4 62 29
2870	95 3 36 75
2871	40 83 93 52
2872	98 90 32 12
2873	72 87 80 88
2874	83 60 76 38
2875	61 78 90 2
2876	21 17 6 9
2877	91 36 21 83
2878	46 5 17 28
2879	12 52 45 65
2880	81 71 93 100
2881	55 43 7 27
2882	48 62 92 95
2883	50 81 12 100
2884	98 46 16 4
2885	55 26 43 65
2886	87 11 91 17
2887	47 80 69 6
2888	63 56 28 86
2889	84 91 65 15
2890	40 86 74 3
2891	81 5 10 73
2892	18 52 72 67
2893	8 49 24 91
2894	29 92 55 42
2895	49 26 70 72
2896	92 60 93 72
2897	7 95 47 30
2898	18 1 27 51
2899	79 100 51 66
2900	63 54 80 9
2901	11 10 9 56
2902	91 49 77 21
2903	12 71 92 37
2904	93 34 58 9
2905	27 42 46 38
2906	59 7 78 5
2907	52 94 23 76
2908	59 68 79 73
2909	90 48 54 74
2910	26 84 7 92
2911	71 22 84 30
2912	80 58 14 73
2913	73 2 87 47
2914	29 50 28 45
2915	13 78 71 73
2916	40 20 80 65
2917	28 29 17 7
2918	21 90 37 52
2919	10 88 44 74
2920	22 14 30 76
2921	74 31 18 73
2922	67 5 70 87
2923	84 48 25 63
2924	94 34 89 97
2925	32 98 93 64
2926	63 18 13 9
2927	13 42 54 9
2928	21 49 23 94
2929	78 39 60 98
2930	11 67 64 29
2931	81 41 91 84
2932	87 73 67 3
2933	67 49 28 96
2934	86 40 28 36
2935	46 85 61 47
2936	91 64 90 52
2937	18 98 86 50
2938	3 29 9 35
2939	56 36 69 61
2940	63 81 90 2
2941	30 73 16 3
2942	26 13 44 78
2943	32 13 62 94
2944	6 91 18 96
2945	62 6 26 45
2946	6 30 15 3
2947	30 29 64 50
2948	85 18 45 51
2949	72 11 61 29
2950	21 85 76 20
2951	18 21 16 32
2952	57 69 74 54
2953	33 21 67 43
2954	33 96 89 39
2955	77 15 56 58
2956	45 43 70 69
2957	75 27 34 46
2958	1 99 72 49
2959	23 24 25 14
2960	61 80 38 66
2961	48 82 68 58
2962	99 24 87 28
2963	5 96 35 68
2964	38 57 55 84
2965	92 50 14 74
2966	38 51 33 84
2967	87 9 12 57
2968	37 96 91 10
2969	33 80 99 16
2970	100 65 12 91
2971	45 15 51 98
2972	97 93 13 59
2973	74 3 17 88
2974	19 26 40 46
2975	39 65 52 76
2976	15 4 39 92
2977	26 17 71 2
2978	74 87 35 80
2979	67 58 37 14
2980	84 50 9 100
2981	30 94 36 88
2982	56 41 97 67
2983	94 89 56 32
2984	37 98 69 47
2985	34 24 18 14
2986	51 86 53 41
2987	10 7 25 35
2988	56 63 98 53
2989	47 87 22 64
2990	35 25 51 8
2991	80 91 74 2
2992	56 27 26 50
2993	78 2 45 59
2994	69 53 22 3
2995	64 9 83 67
2996	59 49 14 23
2997	15 63 19 61
2998	90 23 40 37
2999	37 98 95 50
3000	90 3 75 10
