Students	3000
1	44 38 34 89
2	7 18 96 20
3	52 36 45 84
4	94 54 39 51
5	21 71 60 26
6	40 72 39 19
7	11 15 68 82
8	91 100 32 17
9	87 48 49 63
10	95 83 96 92
11	75 82 52 13
12	46 30 92 15
13	45 36 1 87
14	80 30 82 5
15	2 36 47 55
16	78 83 53 96
17	2 99 21 20
18	43 8 82 4
19	64 78 48 75
20	12 8 69 43
21	39 86 45 70
22	86 20 14 59
23	73 79 74 1
24	89 7 35 26
25	6 13 96 28
26	32 90 13 84
27	87 40 92 98
28	19 48 63 67
29	4 90 58 40
30	4 77 32 91
31	97 91 95 26
32	34 62 42 37
33	52 32 5 50
34	42 83 80 17
35	58 76 33 63
36	100 18 37 38
37	2 17 1 48
38	81 51 46 60
39	75 30 41 89
40	68 64 12 5
41	73 3 31 50
42	52 99 1 86
43	74 39 62 72
44	77 60 3 57
45	99 34 65 29
46	63 40 76 16
47	45 60 52 55
48	26 75 21 20
49	83 1 10 17
50	95 51 72 34
51	48 62 45 20
52	4 77 5 8
53	95 17 53 47
54	44 16 92 62
55	57 47 74 72
56	13 87 35 89
57	53 63 62 100
58	89 6 37 67
59	37 96 19 21
60	36 52 89 30
61	83 64 63 53
62	73 11 86 2
63	97 47 74 19
64	47 45 48 96
65	45 70 49 83
66	100 87 62 64
67	48 34 28 6
68	52 32 27 71
69	91 14 49 16
70	58 5 24 19
71	78 83 81 94
72	12 5 76 83
73	57 79 72 61
74	30 50 81 96
75	74 40 3 96
76	82 85 33 56
77	76 75 64 97
78	94 68 74 20
79	27 2 100 19
80	88 98 33 52
81	68 14 95 73
82	80 79 41 30
83	26 83 41 50
84	61 30 82 48
85	74 82 42 88
86	80 62 14 52
87	69 23 99 37
88	61 48 46 54
89	47 44 81 53
90	67 100 75 54
91	88 33 100 56
92	60 40 28 75
93	12 39 64 69
94	50 8 31 14
95	44 60 51 6
96	27 30 92 31
97	90 47 77 18
98	47 83 91 12
99	29 51 59 58
100	80 93 12 20
101	40 28 96 85
102	84 3 45 16
103	3 83 91 21
104	83 8 89 43
105	64 39 75 7
106	86 42 51 90
107	69 51 38 30
108	58 73 99 87
109	71 54 89 28
110	96 88 10 69
111	5 29 39 28
112	5 43 31 22
113	40 9 96 72
114	35 74 84 65
115	80 44 26 76
116	100 94 48 15
117	90 33 22 4
118	82 53 69 19
119	22 68 88 72
120	81 36 71 47
121	61 75 47 74
122	36 96 100 43
123	41 66 11 61
124	37 7 76 88
125	80 39 9 3
126	66 75 40 71
127	22 74 64 25
128	39 23 67 52
129	17 25 44 83
130	12 50 16 27
131	86 83 14 60
132	58 21 73 34
133	49 34 4 61
134	66 3 56 43
135	83 53 31 73
136	33 38 88 21
137	14 5 76 77
138	77 37 72 73
139	19 52 33 26
140	42 100 50 82
141	94 1 41 96
142	67 56 94 93
143	64 13 70 40
144	36 75 73 41
145	38 27 7 25
146	8 92 56 97
147	26 84 78 18
148	68 45 38 21
149	75 70 32 62
150	72 40 31 1
151	86 61 69 58
152	72 35 52 64
153	2 98 45 72
154	69 22 36 51
155	89 43 73 8
156	11 78 20 82
157	18 27 41 46
158	85 47 54 95
159	68 43 47 18
160	26 97 21 53
161	18 81 13 74
162	38 94 61 8
163	60 4 13 23
164	30 55 41 78
165	46 12 80 33
166	82 28 9 60
167	24 90 68 89
168	96 63 71 65
169	3 100 51 73
170	33 2 5 54
171	68 83 53 43
172	67 26 92 70
173	73 91 22 60
174	1 5 96 84
175	9 99 8 52
176	28 46 60 19
177	7 63 73 96
178	85 64 40 33
179	96 40 72 35
180	66 52 11 63
181	53 55 28 48
182	5 10 23 56
183	72 73 11 54
184	92 75 22 9
185	54 44 59 21
186	51 66 77 40
187	65 15 90 100
188	34 45 94 85
189	43 48 4 55
190	26 56 62 28
191	68 60 48 27
192	71 21 48 52
193	61 43 26 79
194	64 90 100 31
195	39 3 69 50
196	26 79 86 100
197	64 63 83 85
198	52 40 39 80
199	4 100 90 76
200	45 71 55 46
201	42 37 49 75
202	72 83 17 26
203	59 100 81 32
204	39 40 72 18
205	30 44 49 8
206	52 12 93 94
207	42 11 89 88
208	64 7 2 91
209	5 32 54 29
210	82 59 40 62
211	33 13 4 29
212	73 72 34 87
213	99 36 90 51
214	24 23 88 97
215	13 24 1 33
216	54 29 19 14
217	24 30 4 13
218	69 72 6 43
219	85 50 9 2
220	55 24 98 32
221	59 76 9 52
222	22 50 63 93
223	96 44 47 16
224	94 80 18 33
225	9 37 82 27
226	73 78 22 57
227	17 20 73 16
228	40 53 20 90
229	35 92 24 52
230	23 63 21 88
231	38 10 27 16
232	22 33 92 45
233	42 33 47 59
234	80 59 75 25
235	93 64 70 19
236	90 15 59 14
237	33 4 38 51
238	21 17 11 68
239	19 99 56 28
240	85 9 18 21
241	96 34 51 13
242	77 28 11 55
243	33 79 59 11
244	42 53 27 47
245	64 29 97 70
246	55 81 21 49
247	66 24 92 90
248	72 92 30 14
249	51 59 90 32
250	92 64 78 25
251	48 6 19 56
252	25 74 53 93
253	29 63 24 44
254	67 54 5 65
255	26 12 3 86
256	55 14 74 28
257	98 81 92 40
258	15 31 87 60
259	90 17 75 76
260	13 85 82 42
261	23 41 33 70
262	74 79 52 14
263	11 36 28 22
264	99 20 85 10
265	84 30 69 22
266	49 31 6 23
267	35 70 28 9
268	15 90 71 61
269	67 68 62 23
270	97 17 8 10
271	38 67 35 93
272	78 24 70 25
273	47 24 65 20
274	35 19 78 33
275	15 54 83 21
276	76 4 70 38
277	5 35 64 83
278	49 54 77 99
279	61 24 65 3
280	84 48 89 55
281	98 29 31 77
282	54 34 99 81
283	72 15 31 73
284	63 13 64 88
285	60 33 90 15
286	73 56 31 19
287	10 87 14 76
288	30 31 71 68
289	100 72 20 49
290	34 64 69 3
291	29 75 78 87
292	52 45 12 61
293	48 41 57 62
294	52 46 47 61
295	22 45 26 77
296	38 25 87 63
297	32 12 87 65
298	16 85 53 70
299	1 82 85 12
300	58 97 9 28
301	80 33 7 16
302	1 80 90 13
303	89 36 20 44
304	87 55 38 48
305	38 60 24 33
306	14 55 40 75
307	92 80 99 34
308	90 96 13 77
309	100 91 96 50
310	95 17 57 8
311	17 3 93 66
312	91 74 72 56
313	34 90 53 93
314	45 69 20 4
315	67 29 68 72
316	62 32 61 39
317	26 40 78 84
318	66 70 12 44
319	81 38 84 65
320	32 13 74 94
321	87 97 18 93
322	87 11 69 97
323	45 79 8 66
324	12 7 67 23
325	57 40 30 41
326	78 89 16 99
327	2 72 44 14
328	92 71 53 68
329	14 95 99 54
330	90 49 27 23
331	3 45 98 20
332	43 75 1 21
333	28 98 46 10
334	95 88 43 99
335	93 35 56 66
336	67 77 99 29
337	8 92 43 87
338	66 38 63 8
339	18 5 87 63
340	19 89 26 7
341	50 93 75 6
342	50 56 88 47
343	59 30 83 92
344	68 67 89 31
345	8 57 26 17
346	20 38 57 93
347	5 36 98 7
348	98 3 73 99
349	61 95 3 15
350	52 19 21 68
351	14 66 33 95
352	70 27 30 72
353	76 69 19 13
354	41 93 19 9
355	17 18 91 50
356	6 23 12 25
357	9 68 5 18
358	37 76 24 47
359	87 91 47 22
360	11 87 93 51
361	29 67 58 63
362	77 82 94 61
363	99 19 4 31
364	93 42 89 100
365	28 38 32 87
366	68 55 37 38
367	96 25 17 14
368	100 13 10 17
369	89 26 60 64
370	83 31 20 35
371	61 63 72 20
372	78 68 52 67
373	42 62 3 80
374	54 47 64 83
375	18 63 48 33
376	63 97 74 55
377	35 11 43 66
378	98 17 29 74
379	14 54 96 99
380	6 74 24 65
381	12 72 59 50
382	99 67 74 26
383	9 70 33 44
384	83 100 25 76
385	28 98 96 82
386	10 82 88 41
387	69 25 41 83
388	90 68 30 43
389	43 80 89 30
390	34 16 54 7
391	45 99 47 38
392	34 96 58 95
393	8 49 42 69
394	13 56 5 93
395	92 62 31 97
396	70 71 61 75
397	53 1 28 45
398	1 14 64 43
399	45 92 59 53
400	92 25 72 89
401	29 24 78 92
402	52 94 69 95
403	48 41 40 14
404	39 13 100 88
405	92 62 85 44
406	16 54 62 83
407	55 74 21 53
408	78 59 91 53
409	6 69 67 55
410	74 89 15 48
411	78 46 44 10
412	57 78 25 7
413	75 10 89 87
414	83 75 21 3
415	77 59 32 71
416	20 24 9 16
417	40 96 55 46
418	5 8 46 28
419	100 79 39 50
420	33 95 100 37
421	73 28 56 29
422	26 25 42 49
423	41 21 29 68
424	37 95 27 44
425	9 12 4 58
426	28 74 38 35
427	99 72 39 21
428	59 89 10 61
429	3 41 73 63
430	47 11 100 21
431	81 72 86 90
432	52 54 57 55
433	64 28 27 69
434	48 14 70 66
435	47 80 88 60
436	94 8 97 71
437	24 2 95 22
438	26 8 39 81
439	10 38 99 48
440	29 8 63 69
441	74 64 19 39
442	9 31 95 55
443	41 54 73 24
444	27 61 52 73
445	2 35 74 73
446	6 39 41 54
447	2 59 94 42
448	24 94 35 37
449	100 70 21 56
450	37 65 16 48
451	37 23 29 36
452	85 95 2 5
453	47 27 44 34
454	19 83 69 36
455	65 28 77 40
456	90 92 58 13
457	64 100 6 20
458	8 50 62 38
459	66 28 39 43
460	58 10 53 6
461	67 80 33 30
462	24 5 80 61
463	43 29 100 51
464	46 8 20 34
465	8 81 82 32
466	74 52 14 12
467	87 92 48 22
468	91 29 82 87
469	2 90 38 42
470	44 3 17 10
471	98 4 80 91
472	40 21 65 47
473	96 37 81 32
474	20 100 74 9
475	36 68 87 41
476	98 48 41 55
477	100 95 24 4
478	21 5 60 37
479	78 50 87 23
480	85 88 47 43
481	82 4 47 54
482	20 1 37 93
483	92 79 69 56
484	60 94 92 62
485	31 22 8 82
486	54 59 1 9
487	42 27 72 54
488	15 16 49 31
489	65 91 54 80
490	52 24 81 93
491	37 62 51 12
492	24 13 45 57
493	97 23 33 96
494	12 93 73 100
495	48 83 31 34
496	19 32 62 94
497	73 65 28 24
498	67 43 6 64
499	87 45 22 72
500	77 17 61 39
501	52 64 43 26
502	1 85 100 47
503	86 93 36 26
504	91 59 88 16
505	23 14 15 8
506	19 39 65 59
507	54 6 10 34
508	13 50 88 21
509	64 70 16 1
510	3 20 26 67
511	13 58 81 76
512	79 50 26 83
513	43 50 77 51
514	44 23 63 90
515	24 6 10 3
516	67 13 61 48
517	43 37 67 50
518	74 20 91 49
519	51 64 14 28
520	41 46 36 50
521	34 73 25 37
522	42 76 74 13
523	21 54 10 2
524	36 60 20 76
525	70 17 47 3
526	24 87 78 26
527	91 19 6 56
528	18 35 16 42
529	30 56 44 52
530	100 87 4 35
531	83 52 10 76
532	67 19 33 51
533	22 14 5 80
534	40 8 84 62
535	98 78 61 50
536	25 20 38 81
537	87 14 12 30
538	51 48 70 94
539	24 46 23 100
540	5 15 4 39
541	63 72 13 62
542	4 48 82 99
543	38 65 16 28
544	19 37 16 59
545	35 75 67 16
546	28 15 85 46
547	39 75 18 73
548	41 83 35 17
549	32 67 24 8
550	79 92 29 10
551	11 38 84 86
552	82 24 96 76
553	18 38 85 96
554	6 2 40 29
555	39 55 93 2
556	44 70 15 31
557	59 57 92 96
558	66 86 68 24
559	22 74 45 55
560	85 3 93 44
561	77 55 33 85
562	67 90 26 100
563	14 92 46 79
564	79 49 17 56
565	58 19 56 7
566	20 69 78 74
567	6 5 83 80
568	43 92 89 30
569	56 72 16 81
570	16 56 81 96
571	92 49 81 26
572	91 54 89 23
573	87 78 64 53
574	83 92 20 88
575	6 52 92 46
576	98 79 7 3
577	42 10 56 21
578	83 29 49 18
579	67 21 61 47
580	34 75 1 72
581	52 61 60 8
582	42 69 6 43
583	80 31 70 67
584	98 16 3 37
585	92 44 33 24
586	85 69 23 4
587	12 2 42 7
588	21 95 55 96
589	66 7 11 5
590	73 43 38 25
591	7 91 12 47
592	82 86 27 10
593	60 94 100 15
594	19 93 81 43
595	88 63 70 17
596	87 86 38 96
597	22 45 91 8
598	43 12 96 97
599	82 39 84 100
600	79 87 25 56
601	26 74 72 43
602	51 15 54 8
603	29 76 84 47
604	91 64 13 74
605	91 80 59 49
606	79 36 91 28
607	91 20 26 41
608	60 27 46 51
609	23 49 85 12
610	74 26 42 1
611	85 61 45 72
612	47 97 30 35
613	95 67 89 7
614	44 84 60 33
615	83 97 26 61
616	89 90 63 39
617	55 68 33 14
618	96 91 13 40
619	90 22 13 41
620	72 36 70 97
621	70 19 83 73
622	40 4 47 80
623	53 1 71 34
624	8 63 74 68
625	48 8 15 78
626	7 77 48 69
627	13 85 16 97
628	20 32 97 45
629	36 77 31 43
630	43 87 57 47
631	72 61 50 59
632	40 9 45 57
633	26 98 67 75
634	89 88 37 57
635	46 10 92 96
636	51 98 93 17
637	62 66 65 22
638	69 95 83 73
639	31 29 53 92
640	19 55 98 83
641	46 74 52 30
642	59 44 38 78
643	20 67 75 19
644	90 22 27 46
645	34 20 48 60
646	62 33 30 26
647	19 82 40 33
648	78 9 65 12
649	27 86 96 94
650	50 96 25 3
651	15 5 17 29
652	90 74 84 83
653	10 56 65 98
654	66 49 45 41
655	2 94 5 98
656	85 40 35 94
657	9 80 54 94
658	83 41 82 38
659	33 76 61 24
660	10 7 65 8
661	84 46 24 5
662	2 96 81 80
663	14 13 62 58
664	57 66 89 48
665	70 65 10 39
666	62 96 70 92
667	41 95 59 44
668	10 61 62 85
669	87 53 51 86
670	81 31 97 47
671	68 31 4 67
672	61 24 98 37
673	77 97 26 29
674	48 36 1 25
675	98 100 60 82
676	71 67 66 60
677	9 3 91 87
678	76 30 54 97
679	5 35 33 30
680	31 53 18 56
681	44 56 79 72
682	90 92 74 28
683	70 98 64 85
684	90 75 58 36
685	50 94 35 14
686	43 97 37 87
687	98 42 12 3
688	30 35 16 99
689	71 54 27 95
690	16 59 7 15
691	68 90 8 88
692	24 14 55 49
693	72 29 3 95
694	18 94 32 56
695	7 73 90 24
696	20 4 38 36
697	91 25 21 5
698	6 85 42 47
699	11 59 65 8
700	92 62 77 37
701	36 53 87 34
702	10 60 51 7
703	59 81 20 67
704	94 14 91 5
705	61 59 76 6
706	48 44 34 65
707	60 29 62 70
708	31 65 27 58
709	33 28 53 54
710	2 56 60 78
711	84 83 29 62
712	74 30 83 91
713	43 73 54 89
714	87 34 93 8
715	85 6 92 46
716	85 62 25 12
717	40 43 53 15
718	70 93 52 35
719	21 16 60 35
720	36 97 39 18
721	87 97 50 8
722	59 16 49 31
723	58 71 38 93
724	29 65 73 6
725	52 21 93 71
726	55 21 31 65
727	24 55 72 49
728	85 2 16 89
729	9 60 66 58
730	27 97 65 67
731	81 16 99 26
732	50 60 65 55
733	55 61 5 83
734	57 45 48 5
735	6 27 72 54
736	93 51 80 27
737	82 17 50 78
738	46 62 10 54
739	26 18 74 24
740	33 23 18 91
741	58 85 60 33
742	52 51 26 97
743	59 96 61 32
744	5 53 64 98
745	43 54 24 40
746	81 47 90 40
747	29 60 65 63
748	95 61 23 24
749	85 25 71 32
750	80 61 35 23
751	55 27 76 53
752	59 67 81 40
753	33 48 14 59
754	72 65 49 63
755	87 70 15 51
756	6 95 51 94
757	98 14 68 39
758	34 21 91 35
759	56 35 51 3
760	13 14 59 7
761	6 80 85 51
762	84 56 61 69
763	75 18 72 31
764	53 96 17 47
765	89 69 17 64
766	82 74 89 19
767	79 81 24 14
768	73 53 55 72
769	39 7 95 87
770	26 18 75 61
771	42 78 10 32
772	28 42 86 40
773	68 100 77 16
774	98 40 37 10
775	33 8 83 88
776	81 9 48 71
777	67 6 54 41
778	65 14 36 53
779	16 60 79 51
780	4 50 74 25
781	83 31 7 56
782	83 72 12 37
783	25 97 21 19
784	98 9 18 67
785	39 74 71 87
786	29 72 58 81
787	95 52 32 77
788	13 10 96 2
789	73 17 89 24
790	31 2 30 10
791	4 51 91 64
792	37 60 72 1
793	58 38 97 14
794	34 12 18 2
795	87 60 13 62
796	67 48 24 9
797	85 65 4 41
798	78 88 48 79
799	2 51 67 57
800	93 5 82 90
801	70 75 93 16
802	77 16 40 59
803	14 93 1 35
804	45 21 87 65
805	89 52 35 33
806	43 97 48 58
807	9 31 46 3
808	93 100 90 8
809	86 45 38 11
810	38 18 8 33
811	14 54 34 4
812	10 69 38 23
813	74 5 28 79
814	84 79 47 64
815	94 19 69 46
816	46 62 24 31
817	92 87 45 95
818	100 85 72 40
819	52 7 16 40
820	51 20 53 48
821	25 14 75 53
822	59 86 11 70
823	10 40 9 53
824	19 35 78 44
825	14 80 50 55
826	57 48 58 74
827	69 88 31 92
828	22 14 18 98
829	76 70 66 38
830	66 95 71 10
831	31 18 13 96
832	37 24 47 78
833	97 30 90 61
834	92 42 100 48
835	20 53 52 96
836	2 43 44 19
837	93 3 66 19
838	90 17 54 20
839	23 63 56 61
840	45 42 14 73
841	36 13 33 30
842	82 46 49 74
843	64 88 54 51
844	75 57 43 45
845	84 81 18 95
846	87 34 77 57
847	69 34 45 24
848	39 30 66 79
849	84 66 56 72
850	82 86 36 16
851	52 97 3 88
852	84 23 35 92
853	2 21 75 57
854	14 83 88 17
855	66 39 96 2
856	80 38 51 26
857	14 71 30 60
858	10 81 90 25
859	10 4 99 38
860	26 48 14 17
861	34 21 93 52
862	60 51 84 55
863	91 65 41 25
864	12 79 56 87
865	1 52 22 46
866	91 64 51 14
867	100 18 54 26
868	63 16 52 29
869	60 86 10 74
870	36 28 56 37
871	18 12 55 16
872	78 51 92 5
873	61 54 90 40
874	44 10 43 87
875	48 79 45 32
876	97 45 96 64
877	93 36 16 23
878	53 6 34 97
879	7 14 94 16
880	51 24 6 67
881	37 36 47 39
882	43 55 94 30
883	38 21 96 40
884	13 19 94 27
885	78 58 98 34
886	4 58 23 96
887	90 10 58 11
888	69 68 26 97
889	52 96 38 20
890	69 78 64 18
891	83 27 72 51
892	47 27 4 18
893	35 100 92 39
894	30 23 27 62
895	13 25 10 68
896	72 88 97 66
897	24 42 9 70
898	12 41 67 28
899	55 36 84 30
900	72 56 53 25
901	84 78 74 19
902	32 83 17 86
903	17 91 23 98
904	52 77 55 66
905	74 92 10 88
906	47 34 4 13
907	8 74 92 22
908	32 20 73 31
909	69 21 35 44
910	82 87 68 18
911	75 96 46 3
912	41 49 46 31
913	39 40 91 36
914	87 25 98 43
915	63 84 78 90
916	65 47 12 68
917	53 11 81 71
918	65 81 85 11
919	99 62 19 30
920	48 65 27 20
921	5 24 82 60
922	97 93 42 86
923	60 61 52 2
924	6 87 46 85
925	1 57 8 96
926	39 85 41 48
927	28 35 63 25
928	90 13 38 17
929	100 10 81 6
930	24 56 99 41
931	55 80 51 76
932	47 70 46 77
933	66 81 89 97
934	40 66 22 54
935	35 71 25 94
936	74 96 12 47
937	5 8 23 38
938	90 53 17 32
939	95 78 87 46
940	96 53 78 33
941	96 8 14 35
942	75 83 81 28
943	19 43 32 25
944	19 88 85 67
945	47 90 54 26
946	12 15 78 16
947	69 70 55 11
948	96 27 20 10
949	32 23 16 31
950	22 40 31 77
951	54 70 80 11
952	17 91 59 67
953	63 9 20 78
954	17 13 81 3
955	46 50 81 35
956	18 15 39 65
957	64 12 8 60
958	53 10 4 73
959	98 78 99 73
960	14 83 95 77
961	64 11 88 35
962	20 7 81 99
963	2 22 73 21
964	24 33 5 6
965	81 75 49 72
966	60 78 74 1
967	80 46 57 8
968	39 40 35 50
969	23 29 46 37
970	45 69 39 43
971	13 39 19 97
972	36 48 50 21
973	78 56 23 49
974	73 96 66 23
975	74 100 69 5
976	9 99 52 12
977	21 52 99 97
978	15 84 37 80
979	76 77 48 95
980	82 78 19 62
981	5 78 43 85
982	65 19 36 20
983	53 74 12 78
984	5 19 30 63
985	4 10 65 30
986	48 80 7 96
987	16 81 61 77
988	65 91 93 62
989	78 5 66 74
990	59 75 42 73
991	14 67 69 61
992	25 89 59 50
993	56 1 61 70
994	18 91 62 9
995	23 16 37 57
996	38 11 35 81
997	55 100 4 54
998	57 20 92 19
999	8 78 7 95
1000	62 45 43 78
1001	71 62 73 4
1002	26 57 44 41
1003	53 71 65 48
1004	91 46 42 62
1005	14 91 41 53
1006	1 88 67 39
1007	79 74 65 42
1008	93 87 83 40
1009	72 89 28 67
1010	16 60 35 65
1011	8 73 72 63
1012	98 51 26 25
1013	88 59 77 20
1014	83 88 77 95
1015	98 23 96 2
1016	12 34 39 9
1017	11 2 69 87
1018	4 32 9 20
1019	73 56 77 55
1020	85 71 68 81
1021	55 44 17 95
1022	18 66 57 77
1023	88 13 46 67
1024	94 27 77 49
1025	44 71 75 72
1026	80 15 58 92
1027	26 76 84 40
1028	83 6 81 60
1029	10 40 55 43
1030	38 25 11 94
1031	11 35 26 78
1032	80 3 94 86
1033	87 54 17 10
1034	71 5 78 50
1035	42 7 32 54
1036	97 96 29 41
1037	5 34 29 14
1038	30 99 53 66
1039	96 32 91 47
1040	6 48 21 40
1041	95 47 87 5
1042	62 78 26 21
1043	38 49 33 85
1044	5 98 30 40
1045	51 73 32 100
1046	21 30 64 68
1047	91 58 22 40
1048	99 36 77 28
1049	99 49 97 54
1050	62 33 72 74
1051	61 49 26 53
1052	23 79 21 19
1053	73 55 20 69
1054	13 69 98 22
1055	2 42 31 32
1056	97 77 14 80
1057	53 23 99 15
1058	41 53 48 67
1059	31 26 46 90
1060	11 69 8 24
1061	87 6 44 57
1062	56 3 48 91
1063	59 56 62 83
1064	59 31 63 72
1065	28 64 50 70
1066	3 88 73 82
1067	40 45 61 88
1068	71 5 92 64
1069	10 3 29 16
1070	60 69 17 39
1071	30 27 58 20
1072	23 37 51 3
1073	5 85 37 74
1074	15 18 32 7
1075	3 14 74 73
1076	4 79 76 66
1077	17 55 98 77
1078	59 52 4 96
1079	75 78 10 27
1080	86 28 15 87
1081	8 12 38 90
1082	66 61 35 22
1083	37 58 8 91
1084	10 89 13 42
1085	57 11 63 75
1086	66 27 74 92
1087	89 53 87 13
1088	59 98 2 62
1089	68 82 65 96
1090	2 34 100 73
1091	56 54 7 1
1092	91 35 30 9
1093	15 32 35 80
1094	56 55 18 99
1095	2 79 33 8
1096	96 26 81 16
1097	94 47 73 55
1098	33 5 69 73
1099	71 96 91 30
1100	98 9 21 78
1101	90 19 40 47
1102	19 39 16 95
1103	6 71 82 60
1104	40 89 8 55
1105	88 66 98 3
1106	60 8 41 46
1107	24 61 93 30
1108	38 92 61 99
1109	3 78 30 35
1110	88 2 45 63
1111	98 15 60 85
1112	29 58 21 90
1113	90 87 52 69
1114	42 30 6 88
1115	37 20 73 78
1116	42 57 11 83
1117	1 13 71 9
1118	25 46 67 80
1119	85 23 35 27
1120	35 79 20 40
1121	61 98 9 68
1122	33 92 26 58
1123	93 100 92 35
1124	67 7 45 53
1125	17 82 14 21
1126	24 8 86 72
1127	76 39 34 16
1128	77 35 42 19
1129	47 59 100 91
1130	70 27 34 36
1131	95 21 48 49
1132	77 65 33 82
1133	17 78 87 57
1134	2 71 26 56
1135	8 28 56 34
1136	39 14 10 89
1137	41 32 73 94
1138	76 1 73 56
1139	11 29 30 22
1140	73 23 8 33
1141	35 77 81 11
1142	89 68 94 80
1143	56 98 14 30
1144	82 9 28 63
1145	87 41 57 96
1146	81 13 50 64
1147	13 19 81 20
1148	17 42 50 80
1149	89 84 29 68
1150	19 23 83 25
1151	87 97 84 16
1152	64 50 54 71
1153	96 46 25 16
1154	57 38 23 97
1155	24 61 94 75
1156	25 71 35 27
1157	24 83 28 57
1158	91 58 25 10
1159	70 34 31 41
1160	92 2 95 57
1161	82 78 19 54
1162	74 10 77 11
1163	51 22 26 48
1164	27 29 35 98
1165	12 84 27 71
1166	64 59 56 3
1167	13 77 51 68
1168	27 82 70 16
1169	84 63 2 87
1170	45 17 66 28
1171	83 97 63 67
1172	25 40 52 32
1173	66 10 47 57
1174	43 97 8 32
1175	67 76 81 71
1176	59 86 7 35
1177	58 70 36 53
1178	9 52 74 15
1179	28 100 45 92
1180	33 81 12 82
1181	86 16 60 35
1182	43 40 1 80
1183	6 5 26 69
1184	25 73 83 70
1185	86 81 5 48
1186	71 35 27 60
1187	88 38 75 1
1188	12 94 13 63
1189	54 20 4 66
1190	89 69 26 34
1191	92 38 10 44
1192	100 56 40 97
1193	65 40 69 73
1194	70 61 92 9
1195	34 31 18 91
1196	22 47 92 71
1197	10 30 61 83
1198	84 73 5 41
1199	31 47 24 95
1200	59 42 6 30
1201	52 77 12 3
1202	20 73 57 5
1203	44 13 15 99
1204	54 98 90 9
1205	3 61 48 30
1206	37 8 97 52
1207	83 56 25 7
1208	59 88 100 83
1209	75 74 25 51
1210	40 98 74 13
1211	35 49 14 17
1212	28 59 67 30
1213	46 11 55 87
1214	84 99 55 70
1215	35 79 32 76
1216	55 4 66 71
1217	100 2 33 60
1218	81 87 78 93
1219	8 88 12 75
1220	36 3 29 82
1221	7 73 9 21
1222	93 59 8 41
1223	29 88 100 94
1224	91 99 23 94
1225	94 61 9 46
1226	10 53 39 83
1227	26 48 31 75
1228	20 99 64 23
1229	48 90 8 14
1230	31 11 50 38
1231	56 38 96 13
1232	100 11 61 68
1233	31 27 36 16
1234	62 71 83 38
1235	16 50 7 67
1236	11 51 63 40
1237	30 46 71 32
1238	46 49 59 83
1239	32 94 90 33
1240	97 96 17 59
1241	26 11 37 60
1242	13 3 71 83
1243	5 90 26 19
1244	24 93 6 67
1245	21 93 98 83
1246	45 16 68 84
1247	79 24 18 4
1248	22 96 86 76
1249	19 49 42 94
1250	42 66 39 75
1251	64 89 27 87
1252	13 14 84 23
1253	49 90 63 74
1254	52 27 47 49
1255	54 12 19 11
1256	24 65 44 28
1257	68 41 75 21
1258	60 86 75 76
1259	10 1 52 43
1260	27 72 94 96
1261	46 61 19 16
1262	38 25 59 14
1263	16 78 46 76
1264	48 17 25 42
1265	9 45 10 15
1266	96 18 90 4
1267	73 85 40 59
1268	16 26 86 78
1269	64 72 16 85
1270	14 81 34 90
1271	51 72 95 91
1272	77 81 90 91
1273	57 44 30 81
1274	56 24 64 50
1275	9 82 60 97
1276	72 1 90 55
1277	19 61 88 29
1278	56 85 44 100
1279	23 86 30 39
1280	25 73 63 60
1281	96 95 70 66
1282	7 43 74 52
1283	84 91 70 99
1284	48 67 12 13
1285	52 18 24 55
1286	51 25 14 22
1287	50 5 74 8
1288	45 35 82 92
1289	89 26 7 56
1290	66 57 60 87
1291	81 67 22 59
1292	22 59 32 4
1293	29 63 74 45
1294	3 51 77 9
1295	18 39 97 75
1296	96 6 32 16
1297	73 81 76 44
1298	55 65 79 34
1299	19 82 49 71
1300	76 96 44 9
1301	84 91 34 90
1302	77 15 34 91
1303	32 23 41 43
1304	88 4 100 67
1305	33 25 71 95
1306	47 14 88 33
1307	34 14 45 47
1308	63 80 38 68
1309	99 22 28 66
1310	87 21 20 67
1311	4 59 30 89
1312	49 37 64 7
1313	43 82 69 47
1314	86 75 92 62
1315	74 82 89 66
1316	67 4 43 40
1317	39 20 61 97
1318	46 86 89 37
1319	46 91 64 33
1320	22 46 16 29
1321	8 24 52 2
1322	21 86 95 52
1323	87 7 63 29
1324	48 56 6 18
1325	68 35 97 4
1326	31 96 35 61
1327	4 24 92 48
1328	60 82 5 90
1329	18 45 95 56
1330	12 20 69 91
1331	69 55 42 67
1332	23 95 75 28
1333	67 18 89 90
1334	99 17 2 36
1335	49 15 31 90
1336	25 24 71 56
1337	98 42 23 51
1338	52 16 21 28
1339	84 34 77 65
1340	44 99 84 88
1341	38 59 25 17
1342	5 13 48 67
1343	52 1 29 20
1344	63 99 48 41
1345	30 90 10 88
1346	42 77 6 50
1347	11 73 24 54
1348	54 32 21 47
1349	38 25 2 21
1350	33 89 54 2
1351	71 18 83 66
1352	52 72 70 97
1353	49 30 58 31
1354	11 41 73 3
1355	27 6 15 40
1356	38 84 27 50
1357	49 41 63 73
1358	25 94 22 54
1359	58 48 30 28
1360	37 70 24 73
1361	30 63 44 56
1362	36 61 34 43
1363	47 54 10 99
1364	56 22 37 46
1365	88 87 78 3
1366	89 63 60 56
1367	40 91 86 23
1368	1 44 58 10
1369	43 80 66 48
1370	86 33 18 41
1371	76 29 55 44
1372	38 58 42 91
1373	56 20 10 94
1374	43 8 29 36
1375	60 83 62 31
1376	90 53 55 41
1377	32 51 30 3
1378	28 12 22 89
1379	81 66 67 53
1380	44 86 70 10
1381	49 63 53 68
1382	55 91 37 79
1383	11 44 14 45
1384	51 68 22 36
1385	17 41 26 58
1386	11 1 18 25
1387	8 69 53 78
1388	36 4 82 53
1389	1 97 88 40
1390	27 51 2 55
1391	91 83 47 13
1392	28 58 52 34
1393	11 3 23 28
1394	93 72 8 7
1395	2 93 41 76
1396	44 27 48 13
1397	8 17 90 100
1398	77 68 57 5
1399	52 27 50 95
1400	69 63 43 76
1401	66 12 90 71
1402	57 45 82 19
1403	41 5 29 57
1404	46 12 77 71
1405	40 63 26 6
1406	39 18 74 84
1407	81 73 35 18
1408	58 34 17 75
1409	20 23 54 39
1410	48 69 4 70
1411	69 55 90 59
1412	71 3 27 41
1413	87 84 75 10
1414	89 64 1 34
1415	46 39 68 93
1416	37 3 57 24
1417	94 92 72 32
1418	98 94 41 61
1419	18 81 2 11
1420	82 60 80 41
1421	61 87 27 42
1422	25 100 50 22
1423	36 63 17 64
1424	64 36 25 9
1425	55 36 7 35
1426	63 65 91 58
1427	48 4 81 1
1428	81 91 17 85
1429	22 90 68 97
1430	53 33 85 52
1431	66 69 96 59
1432	22 91 83 69
1433	14 38 72 71
1434	3 73 16 48
1435	32 25 35 86
1436	6 84 87 4
1437	3 61 36 60
1438	97 95 58 12
1439	63 23 4 45
1440	29 74 16 55
1441	23 94 54 58
1442	26 86 89 8
1443	30 26 42 51
1444	60 94 42 74
1445	95 25 6 13
1446	35 86 53 28
1447	32 99 77 2
1448	46 3 7 40
1449	37 13 94 6
1450	50 73 60 95
1451	81 8 80 53
1452	57 10 58 80
1453	49 29 51 7
1454	33 45 23 21
1455	15 86 77 56
1456	74 88 31 78
1457	39 51 13 41
1458	84 8 83 96
1459	88 67 20 57
1460	4 42 44 48
1461	27 69 35 63
1462	78 100 58 29
1463	17 10 20 21
1464	86 38 61 31
1465	31 76 9 47
1466	20 28 81 84
1467	35 1 45 3
1468	12 42 29 44
1469	55 8 17 44
1470	88 48 52 17
1471	65 17 45 22
1472	6 77 89 32
1473	93 64 83 88
1474	24 7 8 49
1475	48 62 36 11
1476	74 6 35 66
1477	53 64 56 6
1478	20 71 32 89
1479	74 9 73 12
1480	58 14 34 92
1481	39 9 55 53
1482	80 11 72 9
1483	73 40 80 56
1484	82 57 17 45
1485	27 38 93 17
1486	64 90 82 48
1487	13 40 30 2
1488	84 87 72 57
1489	85 84 20 99
1490	46 63 28 45
1491	19 48 90 10
1492	11 25 75 84
1493	66 87 77 91
1494	26 52 92 65
1495	47 66 34 89
1496	14 71 53 85
1497	35 82 16 42
1498	44 12 26 75
1499	86 25 26 7
1500	87 58 44 47
1501	71 88 11 6
1502	5 81 2 62
1503	75 90 30 80
1504	82 89 74 16
1505	72 13 81 45
1506	81 83 3 47
1507	48 43 40 57
1508	15 85 64 61
1509	3 78 8 94
1510	18 39 35 4
1511	100 81 45 76
1512	99 28 46 21
1513	60 76 11 31
1514	71 77 69 42
1515	62 22 78 33
1516	85 30 20 32
1517	57 7 40 62
1518	69 71 24 93
1519	92 40 12 19
1520	46 57 91 23
1521	84 55 80 58
1522	91 95 24 13
1523	64 61 28 14
1524	16 15 6 43
1525	58 10 68 37
1526	68 69 29 78
1527	71 4 38 72
1528	31 60 49 76
1529	47 26 62 25
1530	83 37 75 5
1531	33 3 32 2
1532	28 23 57 75
1533	27 75 79 84
1534	89 46 10 27
1535	72 53 40 4
1536	32 10 69 65
1537	21 77 88 7
1538	63 93 51 32
1539	31 55 25 12
1540	85 30 37 43
1541	64 94 85 98
1542	88 95 63 93
1543	62 64 73 88
1544	82 57 84 60
1545	41 51 88 63
1546	24 16 27 93
1547	87 74 72 49
1548	60 46 41 64
1549	96 49 65 16
1550	23 38 26 19
1551	48 36 30 77
1552	38 64 95 28
1553	65 61 59 80
1554	5 9 77 96
1555	89 93 61 85
1556	30 32 84 67
1557	47 73 70 43
1558	78 2 43 99
1559	56 47 40 73
1560	57 55 40 65
1561	47 8 44 7
1562	78 91 60 47
1563	27 19 78 47
1564	41 5 50 88
1565	56 19 40 82
1566	8 89 42 99
1567	47 19 67 97
1568	49 23 69 51
1569	27 83 44 4
1570	78 70 51 1
1571	52 78 43 42
1572	90 34 2 46
1573	9 2 53 16
1574	75 14 51 59
1575	56 76 83 46
1576	82 28 38 70
1577	18 11 30 59
1578	55 9 54 60
1579	60 70 77 22
1580	37 75 32 16
1581	28 37 90 35
1582	45 18 22 57
1583	31 64 33 5
1584	37 6 60 48
1585	51 40 21 39
1586	83 68 82 81
1587	96 76 38 97
1588	71 43 74 32
1589	34 31 43 73
1590	31 54 66 35
1591	26 98 79 5
1592	53 48 28 1
1593	10 53 62 79
1594	51 61 89 82
1595	18 54 19 38
1596	41 44 52 61
1597	65 55 74 63
1598	14 23 24 32
1599	97 8 57 35
1600	27 16 94 87
1601	11 12 23 100
1602	88 100 44 97
1603	88 63 33 25
1604	77 90 57 41
1605	81 63 22 36
1606	31 27 23 68
1607	41 59 53 48
1608	23 73 2 36
1609	84 68 83 22
1610	70 64 32 20
1611	10 77 40 2
1612	53 60 94 15
1613	87 11 21 53
1614	62 69 68 64
1615	7 74 45 47
1616	83 11 13 5
1617	96 34 7 50
1618	45 98 96 89
1619	36 64 78 44
1620	43 46 34 30
1621	19 59 84 72
1622	59 12 15 55
1623	16 55 19 50
1624	26 64 58 19
1625	2 68 1 77
1626	21 9 3 48
1627	76 44 32 22
1628	36 9 55 21
1629	34 49 7 61
1630	69 66 97 98
1631	82 67 90 83
1632	72 56 66 21
1633	51 86 1 35
1634	12 67 87 54
1635	96 84 63 49
1636	23 57 3 28
1637	41 42 74 66
1638	2 84 33 79
1639	62 63 85 82
1640	43 42 30 70
1641	89 22 74 65
1642	37 76 12 10
1643	30 46 11 93
1644	60 39 98 62
1645	55 79 69 100
1646	87 82 33 92
1647	14 23 29 69
1648	54 86 16 69
1649	88 90 60 12
1650	27 54 61 36
1651	49 33 43 61
1652	43 80 51 19
1653	36 98 64 66
1654	73 97 91 88
1655	1 37 88 72
1656	39 72 20 38
1657	3 35 12 58
1658	82 18 41 67
1659	41 61 98 17
1660	98 32 92 75
1661	41 37 20 40
1662	47 1 65 69
1663	82 99 71 4
1664	21 39 32 67
1665	73 12 66 54
1666	30 85 62 75
1667	38 7 11 73
1668	29 74 4 41
1669	61 47 9 67
1670	51 35 70 58
1671	89 20 71 11
1672	88 85 56 33
1673	61 17 21 90
1674	41 90 43 4
1675	49 39 99 59
1676	52 65 63 48
1677	49 33 37 17
1678	20 36 78 80
1679	70 87 95 86
1680	73 33 13 72
1681	35 11 70 45
1682	31 57 98 89
1683	23 61 54 66
1684	30 33 72 98
1685	19 8 4 94
1686	53 16 10 84
1687	60 59 53 35
1688	62 71 51 80
1689	65 17 52 2
1690	39 6 52 33
1691	13 99 85 44
1692	57 15 31 96
1693	53 100 70 63
1694	100 98 66 78
1695	77 14 51 96
1696	64 65 14 70
1697	87 56 34 84
1698	4 34 68 2
1699	26 10 27 16
1700	69 53 25 38
1701	35 81 30 25
1702	19 15 12 60
1703	92 1 44 86
1704	49 23 52 95
1705	25 22 21 9
1706	27 71 4 82
1707	95 80 78 74
1708	85 33 52 8
1709	15 13 39 64
1710	69 5 46 17
1711	84 69 80 37
1712	49 55 15 66
1713	51 42 91 37
1714	54 55 48 8
1715	5 9 30 98
1716	30 66 6 55
1717	97 68 1 72
1718	23 67 27 52
1719	56 26 62 91
1720	28 53 8 97
1721	87 30 69 22
1722	69 10 55 74
1723	65 57 75 69
1724	95 28 75 7
1725	39 63 55 93
1726	36 96 44 93
1727	46 20 23 70
1728	29 18 79 25
1729	94 65 68 31
1730	36 71 38 50
1731	5 77 76 36
1732	51 49 1 46
1733	6 35 89 91
1734	38 14 52 18
1735	39 45 74 55
1736	97 91 7 44
1737	95 70 78 18
1738	5 1 18 92
1739	11 94 92 70
1740	22 46 51 39
1741	72 73 21 54
1742	68 49 100 19
1743	85 98 64 25
1744	61 18 45 3
1745	84 20 27 33
1746	98 33 20 10
1747	48 53 26 31
1748	76 21 85 45
1749	22 58 34 13
1750	87 39 76 22
1751	74 64 98 62
1752	19 100 4 45
1753	21 91 74 19
1754	4 81 47 77
1755	89 57 33 52
1756	35 52 29 37
1757	48 40 44 42
1758	70 87 55 73
1759	8 76 75 91
1760	99 86 17 34
1761	80 51 84 83
1762	22 10 16 38
1763	14 46 64 13
1764	76 28 58 31
1765	73 41 15 59
1766	19 22 53 20
1767	41 46 96 72
1768	33 6 40 3
1769	71 47 85 68
1770	36 47 17 12
1771	69 65 64 87
1772	84 44 69 41
1773	19 21 97 79
1774	56 39 77 32
1775	40 98 42 44
1776	73 59 67 43
1777	9 89 39 34
1778	94 48 28 64
1779	24 99 25 96
1780	44 3 16 64
1781	27 100 16 10
1782	57 76 43 96
1783	88 37 86 64
1784	33 64 67 82
1785	97 95 77 94
1786	83 63 50 64
1787	95 82 81 20
1788	63 100 97 26
1789	77 44 17 56
1790	36 42 14 27
1791	66 83 81 34
1792	24 60 79 41
1793	22 28 34 56
1794	14 50 3 5
1795	41 35 22 26
1796	12 13 23 84
1797	87 9 93 55
1798	2 77 4 20
1799	24 68 79 1
1800	94 7 87 4
1801	36 85 78 18
1802	52 89 55 12
1803	98 71 28 11
1804	67 82 83 92
1805	72 1 52 61
1806	64 51 99 21
1807	36 19 57 73
1808	25 9 47 92
1809	7 67 52 94
1810	95 49 60 37
1811	49 82 39 34
1812	37 39 12 65
1813	75 85 45 28
1814	2 93 81 44
1815	17 71 60 26
1816	75 86 82 42
1817	56 12 77 68
1818	82 77 64 93
1819	84 57 76 20
1820	97 44 6 93
1821	29 32 51 6
1822	41 30 20 36
1823	69 63 29 26
1824	98 67 95 79
1825	79 58 90 68
1826	33 83 69 65
1827	33 1 74 83
1828	30 39 9 71
1829	13 84 8 96
1830	55 11 12 13
1831	56 77 68 15
1832	27 17 64 49
1833	66 54 88 71
1834	88 78 31 89
1835	42 89 90 87
1836	16 59 1 71
1837	78 71 3 21
1838	82 59 14 87
1839	62 99 90 55
1840	99 14 70 48
1841	43 57 38 18
1842	54 13 36 29
1843	22 33 25 41
1844	3 48 51 43
1845	47 77 81 63
1846	67 45 29 97
1847	36 66 59 37
1848	45 30 36 29
1849	80 28 88 73
1850	49 6 35 99
1851	38 76 52 8
1852	89 46 27 65
1853	56 91 89 47
1854	16 35 79 99
1855	19 70 58 62
1856	94 2 4 82
1857	41 59 14 90
1858	10 5 63 68
1859	13 96 61 5
1860	47 76 80 94
1861	41 49 92 78
1862	83 54 23 24
1863	61 71 74 20
1864	22 48 68 54
1865	66 28 2 25
1866	88 58 44 6
1867	46 92 11 50
1868	84 75 48 29
1869	3 30 15 7
1870	89 5 29 87
1871	79 66 99 41
1872	93 37 80 79
1873	77 89 51 24
1874	48 65 43 97
1875	92 58 11 59
1876	54 1 35 66
1877	84 25 3 57
1878	72 20 97 22
1879	32 4 81 34
1880	98 41 7 56
1881	66 41 45 20
1882	89 51 91 39
1883	48 65 57 36
1884	76 10 100 95
1885	25 10 99 51
1886	82 66 75 54
1887	60 9 8 84
1888	6 79 96 65
1889	97 38 12 84
1890	43 65 19 31
1891	100 66 2 78
1892	66 31 97 23
1893	20 95 8 79
1894	79 98 45 43
1895	50 45 57 2
1896	55 96 84 75
1897	63 16 72 93
1898	7 68 6 33
1899	31 84 16 38
1900	48 54 49 70
1901	55 64 36 17
1902	93 21 40 52
1903	69 32 97 19
1904	62 6 74 55
1905	60 9 78 19
1906	26 72 57 75
1907	53 82 87 8
1908	8 11 91 55
1909	71 59 10 18
1910	73 92 15 78
1911	44 54 59 5
1912	2 83 92 72
1913	5 65 1 63
1914	91 4 76 72
1915	43 30 72 42
1916	14 83 27 59
1917	50 19 74 95
1918	5 33 18 56
1919	20 49 74 4
1920	71 10 15 75
1921	23 69 49 47
1922	35 88 10 98
1923	92 18 45 88
1924	84 94 41 95
1925	72 36 21 94
1926	60 66 15 55
1927	78 91 57 39
1928	7 41 59 63
1929	33 95 96 75
1930	27 86 79 39
1931	92 3 83 28
1932	48 13 35 76
1933	35 59 71 77
1934	89 59 45 34
1935	95 55 23 36
1936	7 40 51 44
1937	1 5 66 17
1938	53 48 3 62
1939	10 11 39 76
1940	93 52 17 59
1941	38 92 3 11
1942	13 42 34 33
1943	55 8 88 54
1944	60 98 15 41
1945	95 52 67 1
1946	10 2 13 18
1947	89 60 48 31
1948	65 93 16 98
1949	32 65 25 95
1950	77 17 58 70
1951	61 36 24 84
1952	12 26 69 34
1953	55 63 88 18
1954	66 34 55 85
1955	39 2 44 30
1956	58 85 25 95
1957	31 90 13 97
1958	22 84 26 27
1959	93 39 83 42
1960	68 98 42 16
1961	31 42 55 53
1962	88 60 80 81
1963	44 80 15 79
1964	2 36 98 59
1965	72 83 64 75
1966	12 37 54 77
1967	70 23 33 64
1968	81 9 11 99
1969	20 26 33 36
1970	48 58 12 11
1971	77 38 1 5
1972	90 8 9 6
1973	100 41 74 59
1974	46 29 4 78
1975	11 43 35 42
1976	2 88 67 73
1977	90 53 66 96
1978	57 38 6 9
1979	8 45 89 51
1980	6 65 35 33
1981	84 85 3 82
1982	64 42 11 82
1983	99 88 71 79
1984	75 4 70 90
1985	72 50 36 86
1986	2 12 36 78
1987	31 77 80 34
1988	69 70 78 14
1989	43 71 22 63
1990	24 9 46 5
1991	35 100 75 9
1992	96 37 13 63
1993	8 52 65 79
1994	51 82 42 34
1995	88 20 53 84
1996	100 57 80 90
1997	33 86 13 67
1998	58 15 68 53
1999	12 10 62 25
2000	83 95 89 94
2001	16 72 22 27
2002	76 36 10 19
2003	85 25 80 30
2004	80 91 65 81
2005	3 5 64 15
2006	44 91 29 36
2007	14 95 82 4
2008	15 70 60 43
2009	84 53 86 71
2010	38 66 64 7
2011	74 85 16 35
2012	20 22 11 61
2013	48 21 30 94
2014	98 46 70 63
2015	3 2 76 95
2016	26 45 62 4
2017	58 53 69 18
2018	52 13 35 9
2019	65 19 77 53
2020	3 31 21 80
2021	61 20 15 83
2022	21 72 56 45
2023	48 15 68 96
2024	20 62 65 83
2025	53 94 45 48
2026	39 48 99 65
2027	81 15 36 19
2028	7 55 50 16
2029	80 98 85 38
2030	50 3 23 54
2031	79 31 12 83
2032	17 39 57 12
2033	59 57 70 5
2034	50 28 42 6
2035	70 83 97 78
2036	86 79 37 77
2037	55 17 31 39
2038	67 93 44 59
2039	75 39 18 8
2040	55 69 23 92
2041	44 77 11 97
2042	41 34 72 7
2043	22 2 18 41
2044	17 30 78 87
2045	82 4 58 59
2046	67 22 43 81
2047	9 80 84 35
2048	23 94 57 55
2049	28 83 37 39
2050	24 70 50 82
2051	11 82 89 47
2052	14 51 18 77
2053	52 67 12 23
2054	31 95 44 62
2055	64 94 34 16
2056	88 57 100 52
2057	100 14 92 36
2058	52 59 9 2
2059	41 16 27 75
2060	38 49 39 69
2061	79 70 3 42
2062	43 88 82 74
2063	12 19 94 4
2064	51 8 83 61
2065	67 77 13 5
2066	57 62 84 79
2067	79 66 72 76
2068	78 13 38 53
2069	36 7 43 90
2070	38 94 33 13
2071	70 7 91 28
2072	99 34 52 100
2073	39 35 14 55
2074	60 17 35 96
2075	46 40 33 81
2076	91 22 29 38
2077	90 49 95 78
2078	95 92 44 74
2079	50 96 39 14
2080	100 7 83 99
2081	28 25 62 78
2082	50 42 90 61
2083	86 18 56 20
2084	36 67 9 50
2085	87 46 41 82
2086	93 7 70 69
2087	77 89 52 61
2088	24 72 45 42
2089	40 23 15 71
2090	59 72 50 64
2091	100 28 16 44
2092	85 4 3 9
2093	19 94 26 60
2094	84 54 26 15
2095	64 31 39 18
2096	49 36 14 92
2097	36 55 11 50
2098	96 97 55 31
2099	73 89 90 7
2100	50 38 8 12
2101	63 27 30 16
2102	12 11 62 70
2103	28 65 49 33
2104	73 90 93 56
2105	26 51 30 28
2106	6 64 62 61
2107	47 76 18 67
2108	84 50 48 76
2109	16 60 95 18
2110	96 81 88 82
2111	72 6 41 25
2112	3 34 11 16
2113	86 43 74 23
2114	87 64 47 84
2115	83 68 7 9
2116	91 11 56 43
2117	5 4 37 12
2118	26 9 96 95
2119	69 95 56 17
2120	9 66 77 32
2121	38 71 21 96
2122	81 33 34 54
2123	56 45 28 38
2124	46 52 82 45
2125	55 3 8 11
2126	92 75 11 69
2127	100 42 32 35
2128	90 93 46 68
2129	41 29 74 2
2130	74 66 30 55
2131	6 8 13 14
2132	4 69 8 65
2133	76 34 83 25
2134	86 45 89 31
2135	97 66 79 92
2136	15 2 46 83
2137	97 74 73 29
2138	76 92 17 60
2139	67 21 7 65
2140	2 36 40 81
2141	68 16 82 9
2142	39 85 96 99
2143	30 43 4 56
2144	99 19 43 25
2145	26 35 74 46
2146	47 90 91 55
2147	19 15 47 44
2148	53 12 20 38
2149	14 45 5 35
2150	49 82 22 33
2151	22 76 33 19
2152	96 38 90 94
2153	14 46 66 23
2154	77 63 89 38
2155	26 77 55 17
2156	66 28 72 61
2157	73 14 79 36
2158	67 33 25 97
2159	75 17 52 47
2160	47 43 52 20
2161	34 42 36 82
2162	51 6 29 87
2163	84 70 11 34
2164	14 36 62 42
2165	14 54 80 15
2166	58 64 48 76
2167	94 23 36 19
2168	8 91 88 82
2169	21 93 2 44
2170	37 24 57 47
2171	23 18 99 37
2172	82 66 18 15
2173	90 27 36 78
2174	85 79 4 21
2175	13 73 72 85
2176	78 87 97 21
2177	83 42 92 31
2178	48 23 86 82
2179	88 70 58 84
2180	72 87 14 69
2181	6 25 5 94
2182	52 77 25 84
2183	10 14 34 13
2184	90 47 1 60
2185	50 62 73 77
2186	53 94 83 86
2187	44 12 3 80
2188	39 52 89 64
2189	11 50 7 39
2190	76 95 5 77
2191	38 1 61 43
2192	55 34 62 97
2193	91 23 49 69
2194	10 41 63 35
2195	43 92 2 37
2196	80 21 47 37
2197	78 6 62 53
2198	65 46 56 4
2199	40 22 100 25
2200	66 94 97 88
2201	49 8 13 33
2202	32 40 53 74
2203	60 1 51 34
2204	70 11 57 18
2205	51 67 56 63
2206	56 82 4 45
2207	60 9 3 61
2208	86 37 26 45
2209	16 98 57 41
2210	43 46 49 36
2211	32 71 30 57
2212	13 97 80 68
2213	6 10 95 62
2214	49 38 96 62
2215	35 32 100 33
2216	53 23 50 100
2217	99 46 7 14
2218	13 42 91 95
2219	3 37 42 91
2220	43 65 7 68
2221	13 44 93 53
2222	8 74 52 24
2223	34 12 22 93
2224	50 65 66 98
2225	77 42 16 95
2226	54 63 24 70
2227	78 19 44 95
2228	69 77 61 89
2229	54 88 63 35
2230	88 90 96 57
2231	48 28 82 57
2232	38 11 41 50
2233	32 37 42 82
2234	33 62 69 86
2235	94 30 68 54
2236	74 56 89 8
2237	17 40 61 85
2238	10 12 9 46
2239	83 15 51 33
2240	17 49 77 14
2241	67 57 31 59
2242	82 2 25 96
2243	27 21 78 99
2244	17 41 52 92
2245	32 93 43 81
2246	55 33 100 65
2247	38 69 90 62
2248	42 11 81 66
2249	3 21 8 7
2250	45 54 43 66
2251	77 79 92 83
2252	94 20 47 84
2253	92 17 82 11
2254	68 5 35 95
2255	81 25 43 82
2256	74 55 60 11
2257	38 7 31 87
2258	26 74 19 61
2259	50 48 35 78
2260	86 89 9 93
2261	34 45 13 57
2262	39 33 69 50
2263	48 24 10 54
2264	24 67 59 48
2265	27 97 84 31
2266	6 70 56 38
2267	75 64 32 81
2268	73 43 71 34
2269	88 99 73 55
2270	81 2 17 46
2271	16 74 80 66
2272	100 77 58 70
2273	71 29 72 55
2274	29 12 61 60
2275	91 41 90 15
2276	28 10 27 67
2277	2 28 89 59
2278	73 98 83 47
2279	89 96 46 49
2280	10 59 15 74
2281	90 73 60 54
2282	58 34 82 36
2283	39 57 97 92
2284	55 10 97 56
2285	28 71 37 2
2286	91 1 38 59
2287	43 41 9 1
2288	17 64 35 28
2289	79 32 24 66
2290	31 27 96 33
2291	21 94 51 18
2292	85 65 63 36
2293	23 62 97 99
2294	56 20 25 94
2295	11 6 2 40
2296	37 23 61 48
2297	5 50 58 98
2298	21 97 93 10
2299	83 20 47 23
2300	49 74 76 61
2301	52 24 96 56
2302	82 14 80 98
2303	39 85 93 46
2304	25 27 58 39
2305	39 48 1 80
2306	58 56 76 50
2307	69 91 2 62
2308	56 87 95 78
2309	14 13 21 88
2310	85 67 73 59
2311	83 77 49 27
2312	35 60 8 54
2313	23 65 73 69
2314	62 40 91 98
2315	93 16 87 95
2316	50 32 44 3
2317	44 51 16 21
2318	24 21 11 88
2319	28 3 64 42
2320	30 38 11 47
2321	11 26 49 71
2322	92 84 62 7
2323	82 50 54 83
2324	4 77 67 1
2325	5 57 73 92
2326	4 57 84 88
2327	69 12 9 6
2328	16 48 2 20
2329	25 99 92 54
2330	13 15 22 10
2331	96 12 18 25
2332	26 77 87 72
2333	4 44 92 51
2334	52 29 96 92
2335	30 8 70 54
2336	70 48 53 65
2337	60 66 98 17
2338	10 4 84 39
2339	20 94 53 68
2340	74 25 51 96
2341	24 44 90 79
2342	36 67 42 35
2343	55 42 66 43
2344	16 78 64 44
2345	86 71 12 93
2346	77 56 88 22
2347	34 62 42 32
2348	10 61 13 25
2349	60 48 71 35
2350	30 53 25 29
2351	7 89 38 81
2352	75 3 25 60
2353	86 53 74 46
2354	72 29 91 50
2355	59 52 58 67
2356	54 85 17 45
2357	62 56 45 96
2358	91 88 49 97
2359	83 2 23 51
2360	67 73 79 70
2361	99 60 76 44
2362	49 4 58 64
2363	14 7 99 28
2364	76 37 53 17
2365	54 9 95 6
2366	47 78 1 64
2367	18 45 40 96
2368	18 85 50 43
2369	78 85 77 68
2370	78 63 53 43
2371	47 57 21 5
2372	38 75 53 20
2373	77 22 6 84
2374	39 8 73 27
2375	33 47 40 2
2376	2 82 94 81
2377	15 59 87 58
2378	29 15 75 41
2379	85 46 2 52
2380	40 87 75 81
2381	78 76 54 92
2382	85 28 32 34
2383	38 24 69 89
2384	49 43 18 50
2385	80 71 88 33
2386	56 69 91 90
2387	64 21 46 15
2388	57 2 74 20
2389	6 32 60 11
2390	46 86 59 62
2391	17 18 12 1
2392	70 50 20 37
2393	75 88 22 52
2394	30 54 35 52
2395	50 83 37 100
2396	38 85 2 24
2397	57 30 60 69
2398	7 73 30 34
2399	11 39 17 83
2400	100 77 74 65
2401	49 29 87 73
2402	46 12 74 89
2403	27 70 23 53
2404	70 38 6 10
2405	28 49 22 56
2406	14 25 58 53
2407	53 33 23 18
2408	82 88 18 15
2409	93 23 40 11
2410	59 3 51 8
2411	82 39 94 84
2412	4 70 68 52
2413	61 6 80 31
2414	87 80 42 43
2415	69 22 65 76
2416	96 47 38 91
2417	27 82 56 25
2418	46 84 51 83
2419	87 92 61 36
2420	58 4 20 50
2421	67 47 74 40
2422	24 93 10 79
2423	64 52 44 60
2424	22 30 80 34
2425	34 65 51 30
2426	46 40 17 9
2427	20 18 13 57
2428	12 42 72 92
2429	93 51 1 94
2430	31 37 40 15
2431	79 85 71 19
2432	99 67 83 6
2433	78 12 28 89
2434	69 91 15 16
2435	35 18 67 86
2436	58 97 17 1
2437	75 98 18 13
2438	2 69 68 98
2439	37 41 89 4
2440	17 48 43 78
2441	36 51 68 95
2442	2 54 80 15
2443	95 14 28 35
2444	14 94 61 65
2445	87 62 59 72
2446	8 88 41 67
2447	96 91 80 39
2448	81 37 44 66
2449	64 26 49 17
2450	64 7 99 28
2451	9 48 58 10
2452	98 22 15 95
2453	46 33 5 74
2454	62 80 52 77
2455	77 33 12 47
2456	57 97 27 7
2457	69 19 15 17
2458	97 45 32 84
2459	51 45 4 12
2460	67 45 17 15
2461	75 96 58 54
2462	62 88 21 46
2463	44 21 33 15
2464	25 33 64 10
2465	23 14 78 96
2466	5 50 8 6
2467	77 40 64 99
2468	33 57 96 87
2469	28 6 96 50
2470	18 76 41 95
2471	95 44 12 68
2472	16 18 17 65
2473	57 74 22 11
2474	16 69 50 82
2475	31 3 47 33
2476	27 46 44 99
2477	6 20 49 16
2478	38 2 91 12
2479	46 56 68 39
2480	56 96 100 62
2481	13 45 47 61
2482	3 70 27 72
2483	84 57 78 7
2484	32 45 11 63
2485	50 14 79 74
2486	30 29 74 2
2487	53 8 69 37
2488	21 85 53 50
2489	75 35 41 40
2490	32 76 38 56
2491	27 84 65 52
2492	83 88 27 77
2493	40 31 84 86
2494	71 27 85 81
2495	98 18 79 73
2496	71 32 35 62
2497	48 7 76 41
2498	75 78 47 2
2499	89 36 81 82
2500	5 92 11 3
2501	59 12 94 28
2502	47 37 25 12
2503	69 58 45 40
2504	11 73 10 46
2505	35 83 59 9
2506	71 50 69 73
2507	49 83 18 92
2508	98 39 31 27
2509	71 25 84 2
2510	67 47 64 24
2511	100 28 81 11
2512	82 27 35 45
2513	87 94 41 92
2514	18 49 29 2
2515	20 24 64 5
2516	26 10 73 69
2517	12 33 83 93
2518	80 77 20 36
2519	11 12 89 95
2520	48 72 9 55
2521	91 85 86 41
2522	81 9 37 44
2523	66 41 84 95
2524	81 70 38 4
2525	44 31 71 3
2526	50 5 87 68
2527	37 56 64 27
2528	59 10 82 96
2529	26 87 50 17
2530	12 41 36 6
2531	99 23 90 75
2532	52 88 59 42
2533	18 45 80 31
2534	74 4 58 53
2535	8 1 4 29
2536	49 41 9 98
2537	34 35 16 31
2538	8 31 87 41
2539	4 33 82 77
2540	83 100 76 29
2541	38 100 1 2
2542	73 59 34 37
2543	15 78 11 20
2544	29 86 73 61
2545	33 94 83 78
2546	17 78 87 98
2547	36 58 84 65
2548	72 74 77 9
2549	75 6 41 18
2550	39 76 46 32
2551	28 100 2 21
2552	54 29 6 42
2553	61 23 98 67
2554	37 17 50 9
2555	66 58 10 65
2556	73 75 58 4
2557	65 88 70 59
2558	32 100 45 96
2559	1 60 21 95
2560	56 44 96 54
2561	34 92 7 90
2562	66 91 11 63
2563	41 86 74 27
2564	10 11 61 17
2565	81 60 86 5
2566	61 83 68 38
2567	52 79 76 54
2568	86 78 75 53
2569	16 55 94 74
2570	54 77 65 2
2571	96 14 33 30
2572	70 67 92 42
2573	62 32 53 25
2574	76 47 43 62
2575	67 59 21 83
2576	94 77 18 51
2577	27 39 68 40
2578	96 78 45 39
2579	93 40 97 88
2580	9 33 60 84
2581	60 29 59 63
2582	29 19 78 13
2583	87 52 75 74
2584	83 67 26 48
2585	5 14 77 24
2586	47 15 95 31
2587	64 61 16 6
2588	98 100 90 52
2589	90 13 97 70
2590	48 28 30 41
2591	23 35 33 30
2592	68 42 36 93
2593	33 96 42 18
2594	58 9 91 57
2595	11 75 80 12
2596	14 75 97 72
2597	33 32 73 79
2598	97 48 81 38
2599	38 37 72 52
2600	23 8 45 21
2601	19 32 45 92
2602	19 33 17 26
2603	54 21 65 96
2604	14 27 35 89
2605	83 54 61 92
2606	9 63 17 12
2607	43 84 76 88
2608	28 75 14 83
2609	57 85 76 81
2610	8 43 97 63
2611	10 74 53 86
2612	79 45 65 7
2613	22 33 77 19
2614	55 5 86 68
2615	87 69 75 84
2616	33 74 80 77
2617	44 4 42 47
2618	76 3 85 72
2619	88 14 17 38
2620	65 97 27 39
2621	28 9 13 99
2622	40 41 53 33
2623	75 42 57 38
2624	55 76 33 27
2625	54 65 31 73
2626	94 1 47 97
2627	55 78 25 12
2628	32 4 77 7
2629	38 34 54 70
2630	81 83 29 86
2631	69 54 21 7
2632	32 69 11 1
2633	59 82 27 37
2634	55 6 93 84
2635	93 31 20 29
2636	96 47 84 88
2637	34 60 83 9
2638	30 22 33 82
2639	86 57 83 22
2640	42 37 87 45
2641	69 11 95 71
2642	26 5 65 97
2643	35 82 98 38
2644	58 16 37 69
2645	39 56 2 3
2646	12 13 68 18
2647	58 60 9 96
2648	5 88 25 77
2649	17 51 49 35
2650	35 34 33 64
2651	48 67 64 1
2652	14 56 76 38
2653	65 51 4 48
2654	3 64 17 72
2655	4 43 37 54
2656	92 93 14 3
2657	30 31 76 9
2658	7 48 26 67
2659	44 38 14 11
2660	12 52 28 7
2661	62 8 91 57
2662	49 48 98 23
2663	100 99 86 6
2664	74 31 19 96
2665	56 23 70 97
2666	47 27 46 96
2667	53 73 33 89
2668	79 87 90 99
2669	50 49 16 37
2670	54 24 19 67
2671	41 4 26 34
2672	52 95 57 84
2673	43 70 69 98
2674	4 64 75 77
2675	52 2 45 83
2676	71 14 83 29
2677	89 63 70 36
2678	47 87 60 97
2679	50 11 87 76
2680	13 8 27 24
2681	98 32 34 9
2682	26 67 25 62
2683	84 87 13 42
2684	83 19 85 46
2685	9 74 61 90
2686	35 85 91 73
2687	7 96 98 73
2688	16 46 24 89
2689	24 8 45 44
2690	70 49 45 31
2691	14 39 28 1
2692	74 44 47 12
2693	69 51 95 13
2694	96 64 37 87
2695	4 43 61 65
2696	27 77 13 98
2697	12 44 30 39
2698	11 15 43 44
2699	77 72 43 33
2700	7 57 13 75
2701	22 61 94 4
2702	86 69 68 93
2703	5 13 82 58
2704	41 40 58 81
2705	64 85 61 70
2706	39 20 11 64
2707	29 17 47 60
2708	21 67 48 82
2709	56 50 36 61
2710	48 15 13 88
2711	13 22 57 71
2712	72 19 73 31
2713	57 56 40 23
2714	39 61 3 65
2715	19 32 12 5
2716	79 82 19 91
2717	25 67 79 13
2718	9 94 24 12
2719	24 38 47 89
2720	96 10 16 32
2721	39 25 31 89
2722	20 84 74 93
2723	10 54 48 60
2724	31 36 79 85
2725	9 60 93 50
2726	77 62 94 52
2727	34 36 71 59
2728	27 56 100 9
2729	34 91 67 59
2730	59 76 18 96
2731	9 47 3 79
2732	74 6 4 53
2733	75 68 64 2
2734	70 3 52 26
2735	3 58 36 37
2736	7 28 67 23
2737	59 31 11 55
2738	74 33 39 17
2739	38 5 15 36
2740	46 71 86 41
2741	59 39 38 69
2742	56 10 55 72
2743	64 47 54 33
2744	58 16 43 30
2745	65 99 97 86
2746	74 87 82 27
2747	2 17 61 31
2748	45 25 82 30
2749	53 43 42 52
2750	36 7 50 94
2751	8 51 75 98
2752	22 8 60 65
2753	60 28 79 59
2754	51 34 24 28
2755	27 49 23 45
2756	59 83 87 96
2757	34 57 70 80
2758	29 15 89 14
2759	44 36 35 46
2760	13 39 15 71
2761	84 57 30 89
2762	59 97 57 38
2763	19 95 9 68
2764	44 80 17 72
2765	66 40 83 75
2766	25 77 23 24
2767	46 41 77 5
2768	50 59 78 66
2769	46 58 40 76
2770	52 13 11 37
2771	98 11 79 62
2772	49 52 86 48
2773	90 39 74 25
2774	69 94 16 25
2775	35 82 56 49
2776	74 46 27 84
2777	6 12 53 97
2778	16 80 37 64
2779	57 56 9 63
2780	2 12 68 18
2781	88 66 95 100
2782	23 43 95 12
2783	72 54 56 82
2784	31 27 67 84
2785	34 73 9 43
2786	88 49 15 34
2787	45 60 24 36
2788	21 33 92 6
2789	70 29 87 88
2790	43 28 50 94
2791	45 91 32 54
2792	50 20 16 48
2793	37 1 6 74
2794	17 14 62 34
2795	81 22 9 36
2796	89 37 1 34
2797	71 23 15 3
2798	79 90 52 10
2799	30 31 22 32
2800	13 46 96 39
2801	81 38 24 42
2802	90 26 43 55
2803	41 37 68 66
2804	100 2 1 53
2805	80 52 16 87
2806	44 95 28 88
2807	16 60 21 15
2808	79 93 58 31
2809	73 84 8 91
2810	53 78 20 11
2811	48 36 75 9
2812	85 77 37 3
2813	79 47 38 89
2814	76 31 97 54
2815	53 48 4 32
2816	37 58 22 74
2817	40 31 93 97
2818	33 17 93 32
2819	6 56 75 73
2820	11 5 68 60
2821	66 50 64 65
2822	69 98 49 6
2823	79 82 54 61
2824	47 53 43 88
2825	9 19 57 11
2826	65 54 17 81
2827	30 31 70 47
2828	19 3 97 73
2829	70 88 97 81
2830	35 70 37 19
2831	5 12 79 92
2832	76 41 9 3
2833	57 61 53 23
2834	3 9 11 68
2835	49 19 27 23
2836	37 93 10 91
2837	73 69 23 45
2838	16 84 56 90
2839	5 90 61 58
2840	80 70 6 54
2841	34 65 74 80
2842	24 81 2 17
2843	49 87 26 50
2844	39 92 23 60
2845	24 14 52 47
2846	61 14 28 40
2847	44 91 47 35
2848	93 59 48 39
2849	23 74 7 62
2850	96 30 78 97
2851	18 24 86 70
2852	84 7 46 63
2853	83 92 94 67
2854	68 74 85 100
2855	80 36 16 23
2856	38 82 67 29
2857	33 75 55 61
2858	6 90 87 43
2859	42 23 59 25
2860	47 11 74 14
2861	31 100 82 49
2862	83 32 41 64
2863	11 62 69 7
2864	46 57 60 64
2865	98 71 26 59
2866	86 93 37 58
2867	61 64 71 81
2868	96 72 39 62
2869	7 46 94 82
2870	91 76 92 65
2871	9 14 79 39
2872	48 12 20 73
2873	11 80 54 34
2874	55 82 62 72
2875	41 19 50 84
2876	61 57 97 51
2877	18 72 34 52
2878	84 75 4 19
2879	84 91 60 97
2880	85 56 26 84
2881	71 1 94 62
2882	46 48 89 84
2883	98 49 94 31
2884	46 91 69 82
2885	74 83 6 99
2886	12 7 28 88
2887	40 99 96 69
2888	83 25 15 59
2889	71 7 50 49
2890	64 46 74 55
2891	40 35 24 84
2892	30 94 16 40
2893	92 12 49 45
2894	2 78 7 9
2895	65 70 88 12
2896	45 36 8 16
2897	86 11 70 57
2898	24 41 30 94
2899	75 91 87 16
2900	75 80 18 33
2901	94 69 27 81
2902	3 5 49 6
2903	87 63 38 15
2904	16 33 78 7
2905	48 76 64 17
2906	30 29 84 17
2907	12 36 29 67
2908	1 42 9 4
2909	79 22 95 51
2910	88 28 22 86
2911	68 97 77 56
2912	38 88 9 85
2913	35 69 18 58
2914	98 4 11 64
2915	14 58 15 91
2916	14 56 91 88
2917	47 1 30 66
2918	63 78 30 98
2919	63 6 56 96
2920	32 99 72 8
2921	54 62 18 41
2922	9 26 87 95
2923	89 82 10 46
2924	4 83 47 67
2925	78 15 75 21
2926	82 70 45 9
2927	48 68 92 100
2928	34 83 89 99
2929	84 94 2 33
2930	90 11 72 95
2931	66 15 81 60
2932	17 95 49 54
2933	39 24 58 10
2934	65 59 94 91
2935	52 60 13 1
2936	82 98 57 17
2937	19 98 60 16
2938	82 81 72 19
2939	3 92 18 44
2940	69 76 83 70
2941	25 33 97 56
2942	61 82 96 60
2943	28 10 98 97
2944	92 53 13 10
2945	83 86 8 89
2946	79 21 22 81
2947	70 37 42 13
2948	56 10 77 15
2949	88 82 20 5
2950	47 61 42 50
2951	66 54 31 98
2952	17 24 67 2
2953	98 43 65 51
2954	93 30 97 12
2955	15 65 16 19
2956	19 73 97 54
2957	30 20 56 59
2958	66 85 8 40
2959	87 24 39 32
2960	29 1 88 80
2961	49 56 8 75
2962	24 82 87 18
2963	3 73 40 22
2964	55 19 72 11
2965	87 73 27 92
2966	17 76 53 70
2967	28 10 90 66
2968	95 70 62 71
2969	11 86 77 47
2970	49 55 58 7
2971	75 12 42 8
2972	53 49 94 37
2973	36 80 88 69
2974	44 16 91 96
2975	44 16 36 63
2976	63 4 37 55
2977	10 48 1 72
2978	4 24 15 44
2979	41 79 84 81
2980	71 11 82 17
2981	89 51 76 61
2982	89 11 72 92
2983	33 21 76 35
2984	85 52 86 9
2985	76 28 70 9
2986	63 5 18 86
2987	24 83 57 97
2988	76 35 29 94
2989	10 100 59 96
2990	52 6 33 40
2991	39 18 38 52
2992	26 6 9 82
2993	76 97 23 59
2994	25 78 59 9
2995	93 48 19 99
2996	97 95 65 67
2997	35 86 87 1
2998	15 92 72 10
2999	14 11 86 25
3000	60 84 39 40
