Students	3000
1	16 61 62 63
2	41 42 75 15
3	47 5 33 58
4	45 33 23 29
5	91 89 24 86
6	96 27 99 53
7	57 59 80 7
8	87 19 15 34
9	98 11 82 3
10	47 50 99 92
11	16 100 3 89
12	62 61 29 44
13	98 88 83 63
14	46 47 51 29
15	35 79 56 80
16	38 100 59 11
17	85 48 36 41
18	30 6 22 70
19	9 39 92 51
20	53 80 24 89
21	36 94 28 3
22	4 24 26 71
23	16 53 42 78
24	100 97 30 76
25	57 39 76 47
26	79 47 7 51
27	20 32 80 54
28	28 42 29 99
29	68 35 96 45
30	4 41 27 3
31	41 52 76 25
32	56 32 79 88
33	15 31 78 57
34	78 91 45 4
35	45 79 84 75
36	11 54 44 31
37	63 79 50 54
38	72 93 23 92
39	60 67 61 98
40	96 82 67 77
41	81 100 82 16
42	25 52 73 33
43	21 56 15 84
44	51 98 15 80
45	74 20 44 38
46	16 66 31 67
47	52 64 12 92
48	53 7 76 48
49	44 92 98 6
50	92 42 31 97
51	65 19 90 69
52	53 58 100 88
53	98 25 4 83
54	65 32 34 47
55	90 77 4 54
56	46 48 11 92
57	81 84 27 3
58	90 48 36 76
59	85 35 68 64
60	60 42 33 30
61	6 49 78 76
62	63 11 28 59
63	79 35 37 20
64	35 26 96 36
65	100 58 67 12
66	30 8 21 90
67	51 58 71 55
68	51 35 17 95
69	3 12 74 95
70	39 36 28 58
71	73 40 23 16
72	57 40 52 81
73	100 70 96 55
74	79 11 69 75
75	18 31 83 22
76	34 48 85 31
77	34 64 27 22
78	69 49 50 9
79	89 3 30 74
80	11 40 98 41
81	65 18 37 13
82	31 55 94 52
83	42 85 78 49
84	13 1 93 80
85	53 97 18 10
86	46 90 68 26
87	26 47 78 80
88	17 19 34 99
89	23 88 64 44
90	73 20 46 38
91	35 62 47 85
92	91 11 71 55
93	87 20 75 19
94	18 39 72 15
95	70 11 42 50
96	73 32 91 39
97	4 16 50 32
98	79 34 38 61
99	61 82 74 18
100	30 26 88 89
101	5 74 46 64
102	52 62 77 19
103	79 24 35 96
104	10 97 75 89
105	97 51 42 92
106	84 54 73 48
107	50 21 91 10
108	23 60 68 67
109	23 93 73 27
110	44 46 20 87
111	10 80 9 70
112	47 87 43 77
113	32 80 33 52
114	8 77 100 67
115	23 14 10 44
116	1 72 30 96
117	27 92 31 48
118	50 28 18 48
119	47 39 33 72
120	59 7 99 21
121	53 33 24 67
122	71 29 96 97
123	80 58 16 20
124	10 64 47 16
125	94 5 99 72
126	12 68 96 71
127	64 57 9 3
128	31 28 14 57
129	92 44 13 97
130	94 10 100 71
131	89 18 61 4
132	42 96 3 48
133	17 8 65 15
134	93 60 90 26
135	59 78 1 49
136	45 32 36 50
137	78 71 5 16
138	4 85 2 79
139	48 97 79 51
140	33 27 65 86
141	53 15 79 82
142	1 77 47 23
143	6 64 16 57
144	36 19 31 53
145	44 63 55 39
146	96 51 71 26
147	77 98 83 18
148	54 84 81 79
149	44 8 25 27
150	33 30 31 5
151	82 42 2 43
152	61 71 56 14
153	94 30 91 55
154	23 47 86 65
155	19 20 3 72
156	58 34 83 97
157	84 43 30 88
158	33 13 17 51
159	40 9 88 93
160	72 57 71 96
161	84 69 51 2
162	48 75 65 72
163	45 73 42 50
164	30 18 42 11
165	12 71 43 96
166	81 27 39 4
167	12 50 89 3
168	92 43 40 73
169	91 64 59 92
170	99 5 85 3
171	81 39 97 40
172	73 54 59 79
173	68 98 12 84
174	54 21 72 51
175	93 66 79 42
176	15 51 45 30
177	35 6 55 74
178	20 69 17 100
179	75 18 19 38
180	76 39 85 12
181	11 65 73 82
182	86 31 82 48
183	54 81 34 2
184	34 24 12 40
185	61 33 21 76
186	1 62 69 2
187	7 27 55 90
188	93 31 8 75
189	99 16 100 78
190	2 62 31 66
191	36 16 25 89
192	13 43 99 46
193	70 74 13 89
194	46 8 1 77
195	84 86 71 32
196	91 57 82 9
197	85 99 95 23
198	53 17 44 99
199	24 50 51 12
200	22 30 54 34
201	54 64 10 35
202	14 100 23 49
203	80 99 59 60
204	94 48 56 8
205	33 18 75 9
206	17 9 45 56
207	100 95 99 67
208	47 28 48 53
209	24 30 98 69
210	31 10 84 12
211	70 2 50 59
212	20 64 95 91
213	7 50 74 84
214	18 49 31 2
215	8 40 24 56
216	16 84 75 45
217	42 23 67 48
218	88 56 48 72
219	23 12 95 38
220	37 18 51 62
221	63 84 57 34
222	98 5 26 69
223	39 35 59 25
224	97 53 82 2
225	41 2 46 59
226	67 52 89 84
227	24 76 69 18
228	98 54 42 25
229	14 72 46 13
230	61 79 66 58
231	68 74 35 64
232	29 65 79 86
233	65 89 43 57
234	39 46 100 99
235	89 53 30 12
236	46 81 60 71
237	35 84 17 89
238	50 41 40 79
239	56 48 23 96
240	66 23 46 14
241	72 83 96 26
242	4 9 21 97
243	93 7 11 17
244	33 45 58 20
245	29 56 92 91
246	7 86 39 35
247	59 62 85 93
248	39 60 12 61
249	43 86 3 99
250	34 37 5 23
251	50 45 1 54
252	1 27 57 8
253	63 34 41 93
254	14 72 4 20
255	18 80 11 15
256	16 94 24 65
257	72 27 39 57
258	65 83 98 22
259	25 99 61 80
260	60 52 69 78
261	57 58 21 14
262	32 36 23 94
263	43 23 96 17
264	37 72 41 22
265	67 89 53 8
266	2 27 58 57
267	67 41 22 5
268	12 33 9 22
269	42 64 71 39
270	2 8 79 81
271	19 63 24 52
272	96 52 19 68
273	84 59 61 95
274	97 17 14 65
275	64 30 48 19
276	83 82 73 8
277	24 29 51 17
278	55 80 76 5
279	41 20 71 23
280	32 43 44 50
281	98 33 9 77
282	46 74 29 84
283	16 68 46 86
284	54 86 80 99
285	26 41 90 55
286	76 57 10 26
287	84 96 78 48
288	57 32 53 7
289	78 64 63 46
290	89 8 35 9
291	77 24 70 84
292	39 4 50 13
293	55 47 95 50
294	87 45 27 24
295	75 1 53 73
296	52 67 25 11
297	18 24 96 38
298	90 80 22 9
299	79 75 16 62
300	40 55 61 56
301	32 56 23 88
302	22 21 90 3
303	23 34 99 86
304	32 63 28 69
305	13 92 23 90
306	33 40 48 9
307	29 59 56 82
308	38 2 34 95
309	75 26 95 9
310	51 18 58 19
311	87 80 63 12
312	71 27 35 33
313	73 44 92 81
314	41 42 83 54
315	13 55 79 22
316	44 82 71 16
317	35 99 49 23
318	65 10 44 84
319	50 27 23 88
320	5 78 52 53
321	56 81 17 25
322	60 58 54 8
323	94 26 21 40
324	99 58 66 35
325	12 46 51 74
326	95 64 34 6
327	99 68 6 61
328	9 62 39 71
329	94 82 22 88
330	86 7 45 52
331	74 88 18 2
332	99 26 67 13
333	42 63 53 61
334	87 85 73 23
335	78 8 57 91
336	68 6 74 30
337	14 5 47 97
338	27 62 78 58
339	49 81 6 74
340	96 3 52 63
341	77 44 36 41
342	52 99 70 10
343	25 46 40 97
344	64 79 10 38
345	68 86 91 24
346	53 58 7 41
347	76 49 98 47
348	62 14 84 18
349	57 95 65 48
350	12 87 2 65
351	23 85 79 44
352	57 91 5 10
353	12 68 2 55
354	75 92 61 68
355	73 76 46 10
356	90 3 77 33
357	86 51 98 49
358	48 34 97 14
359	85 94 57 76
360	22 28 41 64
361	77 89 66 72
362	94 89 100 6
363	73 86 87 30
364	18 41 14 100
365	93 96 54 11
366	21 11 82 42
367	27 81 65 70
368	67 51 49 30
369	43 33 80 38
370	27 40 42 38
371	38 91 82 94
372	57 28 67 95
373	19 44 10 17
374	33 68 82 38
375	100 53 44 75
376	7 97 78 42
377	93 25 67 13
378	74 56 85 24
379	41 53 76 72
380	15 32 1 70
381	24 79 61 96
382	9 20 88 61
383	68 44 55 74
384	61 95 24 82
385	84 68 51 56
386	60 44 91 31
387	20 23 36 55
388	38 15 78 91
389	70 18 49 10
390	37 67 56 92
391	23 90 60 79
392	7 88 84 78
393	80 71 84 100
394	62 81 89 75
395	51 35 14 31
396	63 36 92 81
397	74 75 93 30
398	94 63 5 8
399	94 13 98 72
400	56 66 7 38
401	4 87 8 12
402	10 34 13 5
403	79 28 25 13
404	74 8 33 27
405	28 42 98 57
406	80 60 40 83
407	66 10 51 84
408	80 55 60 72
409	24 90 87 56
410	20 14 39 36
411	78 7 90 35
412	30 14 47 12
413	98 90 18 82
414	41 81 97 53
415	66 28 70 22
416	62 84 30 2
417	48 3 97 24
418	74 8 12 61
419	7 59 81 79
420	79 25 96 26
421	60 33 74 64
422	28 8 18 17
423	36 56 62 79
424	29 89 42 37
425	66 80 83 10
426	95 90 67 56
427	54 31 5 38
428	58 29 63 89
429	90 80 49 60
430	23 7 10 53
431	11 4 2 13
432	20 30 50 76
433	36 44 7 86
434	71 24 18 82
435	37 12 15 23
436	65 96 22 4
437	47 68 77 57
438	10 26 32 35
439	32 86 50 100
440	7 96 15 19
441	36 44 82 28
442	80 22 100 55
443	90 28 30 48
444	73 52 80 3
445	1 71 23 80
446	21 88 64 96
447	16 12 76 46
448	82 26 79 16
449	76 79 40 73
450	35 65 81 15
451	78 14 64 47
452	8 28 66 61
453	79 3 27 61
454	52 14 5 54
455	79 37 17 47
456	23 54 100 70
457	60 56 76 72
458	99 85 62 78
459	53 89 30 32
460	21 45 27 62
461	56 6 68 42
462	93 47 89 55
463	23 31 57 75
464	100 19 17 12
465	54 35 92 26
466	92 23 73 94
467	1 77 84 95
468	73 54 29 51
469	73 40 91 23
470	64 59 16 43
471	78 8 89 93
472	95 22 23 28
473	64 21 73 62
474	46 51 64 34
475	63 58 87 51
476	23 41 42 6
477	39 45 19 55
478	81 41 34 89
479	24 6 69 45
480	72 37 53 14
481	8 15 32 64
482	81 47 83 9
483	4 51 79 98
484	77 94 37 12
485	88 87 57 47
486	39 97 29 94
487	81 48 16 86
488	64 74 89 49
489	36 54 100 20
490	5 91 27 12
491	39 75 18 99
492	93 67 66 34
493	59 77 90 14
494	73 75 22 14
495	69 30 81 5
496	8 40 2 16
497	88 8 91 69
498	22 59 41 68
499	98 7 49 47
500	98 60 48 49
501	1 79 92 59
502	67 84 54 91
503	37 28 48 13
504	34 2 11 23
505	61 18 32 2
506	53 8 29 35
507	82 83 48 34
508	3 83 24 87
509	47 32 28 22
510	80 81 39 46
511	33 29 92 44
512	62 97 64 35
513	20 25 13 87
514	71 20 4 51
515	18 17 61 6
516	14 75 78 59
517	94 43 71 68
518	64 68 18 45
519	94 15 23 90
520	74 33 94 24
521	19 26 38 71
522	43 79 76 87
523	46 32 19 64
524	98 32 16 4
525	97 11 65 27
526	64 4 27 11
527	85 50 29 67
528	20 53 59 17
529	9 71 7 86
530	75 63 15 6
531	49 88 65 19
532	5 1 14 54
533	50 33 14 51
534	32 78 75 37
535	82 24 51 26
536	39 23 100 66
537	60 62 48 10
538	98 40 99 22
539	15 42 29 75
540	77 99 75 18
541	15 83 56 35
542	15 74 18 91
543	6 66 60 11
544	66 39 26 2
545	20 35 74 69
546	75 43 87 58
547	28 56 63 77
548	54 64 50 27
549	81 4 67 75
550	70 100 81 45
551	8 21 59 11
552	47 38 46 14
553	70 97 92 94
554	94 87 80 76
555	35 56 96 95
556	63 35 96 55
557	70 67 45 72
558	90 98 23 2
559	64 91 9 74
560	96 21 72 65
561	44 10 84 22
562	46 27 56 59
563	70 25 73 83
564	71 27 6 36
565	70 75 5 15
566	88 100 76 31
567	66 81 31 53
568	44 61 26 40
569	64 62 82 23
570	97 88 63 40
571	47 94 27 82
572	77 24 81 53
573	64 99 2 60
574	43 21 64 66
575	41 4 81 68
576	4 14 5 79
577	67 21 47 5
578	11 59 61 85
579	59 35 78 65
580	71 35 6 1
581	34 94 14 95
582	66 100 36 74
583	90 63 66 99
584	14 56 5 65
585	70 19 73 30
586	41 10 76 9
587	80 48 95 72
588	37 33 86 14
589	78 54 84 23
590	95 85 60 18
591	33 84 30 69
592	69 70 100 50
593	55 30 46 66
594	93 87 100 2
595	56 25 66 1
596	17 70 31 85
597	32 5 95 79
598	97 39 86 58
599	63 51 92 20
600	48 81 72 54
601	34 90 37 18
602	38 91 11 99
603	74 70 100 21
604	4 11 84 86
605	9 69 43 11
606	51 97 64 43
607	38 53 20 97
608	98 56 13 46
609	53 74 94 61
610	16 39 73 59
611	14 63 97 11
612	41 89 21 79
613	34 35 60 98
614	90 66 96 25
615	48 96 35 86
616	54 44 49 93
617	18 2 88 43
618	66 36 26 77
619	85 31 5 18
620	40 54 48 79
621	92 26 20 39
622	88 57 83 20
623	73 76 100 33
624	28 18 15 63
625	22 27 16 13
626	87 85 37 34
627	95 41 94 12
628	64 90 13 55
629	4 66 52 45
630	48 56 17 62
631	86 65 60 64
632	100 96 33 58
633	44 51 75 6
634	94 67 18 14
635	56 30 1 84
636	51 20 14 21
637	86 25 57 26
638	64 70 31 42
639	38 74 42 96
640	38 30 35 24
641	69 58 9 33
642	75 51 39 63
643	2 8 32 44
644	15 81 9 16
645	16 54 9 41
646	60 48 7 62
647	85 20 69 58
648	52 76 78 99
649	52 66 96 84
650	22 12 68 77
651	74 3 25 81
652	97 31 27 36
653	15 29 14 37
654	49 2 9 47
655	49 38 22 95
656	52 84 45 18
657	7 10 57 98
658	28 92 6 54
659	35 18 59 1
660	48 46 20 55
661	59 40 87 75
662	87 77 23 63
663	25 22 88 58
664	13 83 63 72
665	84 21 78 37
666	11 37 97 80
667	86 50 8 59
668	27 66 9 85
669	22 86 44 53
670	11 68 97 44
671	9 62 93 100
672	51 17 75 23
673	18 71 89 43
674	90 58 97 83
675	93 86 37 75
676	40 18 83 5
677	7 68 37 61
678	76 39 40 7
679	69 22 39 48
680	36 97 10 66
681	58 30 23 54
682	26 60 34 57
683	85 6 89 22
684	92 21 99 100
685	86 16 38 41
686	51 55 11 38
687	47 38 70 48
688	77 73 71 79
689	19 93 63 74
690	47 76 70 18
691	21 94 32 29
692	6 76 36 45
693	55 17 9 34
694	71 23 87 39
695	50 77 43 27
696	90 47 20 80
697	43 15 54 51
698	21 41 38 10
699	32 18 37 51
700	30 26 40 89
701	96 25 53 65
702	7 63 65 61
703	76 37 73 1
704	26 88 41 5
705	96 61 49 17
706	31 79 95 28
707	19 15 77 3
708	72 18 57 21
709	26 84 75 24
710	18 86 62 24
711	63 9 82 68
712	50 49 43 18
713	3 68 94 74
714	21 73 36 29
715	15 17 61 52
716	75 18 8 52
717	80 69 45 73
718	22 91 84 52
719	92 36 53 56
720	36 42 11 92
721	88 75 39 31
722	18 26 37 57
723	53 24 50 51
724	2 89 20 71
725	79 81 61 65
726	67 44 16 12
727	80 82 95 98
728	78 63 96 93
729	46 24 96 53
730	19 45 78 34
731	69 5 34 99
732	51 37 23 95
733	69 26 78 11
734	75 71 32 54
735	42 92 4 65
736	7 41 46 70
737	26 97 30 44
738	64 15 51 2
739	63 86 72 15
740	48 64 29 94
741	75 37 39 93
742	3 56 78 53
743	20 77 62 53
744	83 88 47 41
745	27 17 63 88
746	71 64 46 12
747	52 34 90 32
748	15 20 43 6
749	72 61 46 92
750	75 52 62 89
751	80 62 89 53
752	67 75 23 20
753	62 21 27 52
754	72 55 44 57
755	80 11 54 71
756	33 38 26 90
757	52 16 67 90
758	76 87 32 91
759	29 78 65 83
760	46 74 85 76
761	49 85 21 93
762	67 75 16 71
763	78 48 3 6
764	97 35 60 61
765	28 49 70 76
766	68 24 1 90
767	76 72 23 20
768	85 13 45 6
769	81 32 91 55
770	56 69 91 98
771	67 40 38 23
772	58 10 80 76
773	92 90 38 55
774	98 29 65 63
775	22 15 26 30
776	90 45 20 4
777	55 46 50 17
778	61 42 88 33
779	81 50 70 18
780	100 22 44 13
781	85 34 15 4
782	23 73 60 29
783	27 66 90 92
784	2 1 96 16
785	87 95 57 14
786	76 12 13 15
787	92 100 30 26
788	61 85 97 69
789	77 28 29 15
790	100 3 8 39
791	2 99 69 83
792	84 40 77 38
793	6 91 34 64
794	58 29 87 86
795	7 42 79 26
796	42 26 22 48
797	51 65 89 29
798	73 21 96 40
799	81 56 65 49
800	39 21 59 44
801	64 22 100 59
802	75 61 51 85
803	44 71 86 54
804	100 33 19 83
805	40 79 90 32
806	85 66 79 4
807	32 52 83 34
808	61 84 94 86
809	25 52 83 46
810	58 55 6 90
811	63 75 21 100
812	89 57 49 95
813	7 24 22 36
814	88 21 40 91
815	49 34 70 66
816	67 62 54 52
817	11 25 77 17
818	84 30 45 58
819	43 91 66 80
820	48 18 95 71
821	88 34 6 71
822	36 91 89 5
823	47 43 14 45
824	68 47 29 91
825	19 11 76 75
826	1 30 24 98
827	60 59 38 76
828	80 75 2 45
829	92 31 52 86
830	43 52 82 92
831	86 40 32 72
832	55 32 10 46
833	68 40 50 13
834	52 85 14 11
835	3 72 22 73
836	99 42 2 88
837	65 14 74 57
838	75 18 53 4
839	58 38 24 26
840	78 65 43 100
841	39 10 80 20
842	47 40 81 29
843	18 31 37 45
844	7 2 70 41
845	76 22 1 33
846	40 59 38 21
847	83 41 28 7
848	41 73 55 36
849	38 50 24 19
850	86 11 98 24
851	99 64 92 37
852	32 16 2 95
853	50 11 13 48
854	25 77 93 41
855	67 89 96 25
856	87 22 49 98
857	97 12 79 70
858	16 78 80 51
859	64 51 60 36
860	54 47 98 97
861	97 83 91 77
862	85 34 5 30
863	77 83 18 34
864	91 50 71 59
865	72 54 86 13
866	72 94 14 95
867	16 96 54 20
868	41 22 31 16
869	88 69 15 35
870	83 49 51 95
871	69 39 34 72
872	51 87 45 22
873	83 42 50 39
874	96 57 77 67
875	51 53 10 82
876	96 66 81 67
877	48 43 63 33
878	44 11 80 96
879	48 77 35 7
880	51 89 93 46
881	45 93 61 83
882	33 93 2 16
883	10 7 2 12
884	6 11 65 3
885	21 6 71 59
886	12 50 43 85
887	86 29 23 57
888	51 42 66 45
889	72 76 2 96
890	9 68 52 91
891	56 12 92 52
892	4 67 18 60
893	45 34 3 4
894	83 53 33 80
895	89 42 23 90
896	51 53 88 20
897	93 19 3 59
898	52 56 29 67
899	1 64 59 77
900	86 31 85 68
901	93 90 92 41
902	13 90 99 15
903	31 82 10 74
904	30 83 12 77
905	49 83 32 78
906	41 19 68 49
907	35 26 12 45
908	78 40 47 85
909	68 3 64 23
910	80 77 34 4
911	90 19 38 36
912	90 46 98 21
913	23 18 90 50
914	76 11 12 61
915	96 91 59 12
916	1 72 18 62
917	60 25 35 36
918	93 95 50 30
919	74 50 8 91
920	44 6 5 63
921	86 6 95 57
922	70 7 54 67
923	37 88 7 82
924	88 39 93 96
925	41 3 30 54
926	58 2 54 24
927	74 27 5 39
928	3 17 58 14
929	25 15 64 86
930	9 91 72 36
931	67 60 83 82
932	34 55 48 51
933	49 36 69 81
934	48 1 54 38
935	20 98 46 18
936	12 77 72 13
937	23 66 10 42
938	96 37 5 34
939	58 9 29 56
940	54 1 29 60
941	85 36 22 83
942	71 69 67 61
943	85 15 62 31
944	48 36 60 56
945	13 42 47 5
946	51 99 9 68
947	69 33 67 86
948	33 46 16 4
949	2 9 25 28
950	19 79 52 26
951	93 83 20 63
952	39 82 90 91
953	14 70 13 43
954	85 75 2 12
955	88 1 96 83
956	28 4 71 36
957	60 40 35 27
958	4 44 15 18
959	44 28 57 20
960	23 4 67 9
961	54 44 70 37
962	4 35 27 62
963	71 18 26 95
964	22 44 8 4
965	39 40 91 37
966	92 25 85 69
967	85 40 57 84
968	45 33 1 74
969	77 31 48 35
970	66 80 27 51
971	75 35 46 34
972	53 11 87 13
973	38 1 49 27
974	73 40 54 35
975	26 93 7 72
976	70 59 50 28
977	96 78 37 3
978	47 40 35 62
979	64 56 35 63
980	36 96 9 8
981	54 89 82 92
982	61 34 79 74
983	72 64 45 41
984	51 70 21 31
985	20 63 65 2
986	95 6 67 76
987	36 5 1 84
988	6 18 19 25
989	63 60 37 32
990	43 80 93 56
991	10 2 62 46
992	33 43 39 36
993	21 94 76 71
994	87 23 93 65
995	91 40 53 73
996	93 60 29 18
997	83 76 33 72
998	8 68 17 53
999	77 19 18 6
1000	68 49 21 73
1001	8 63 81 39
1002	29 25 89 96
1003	59 42 83 6
1004	20 30 51 39
1005	75 30 78 95
1006	8 34 66 19
1007	23 97 54 66
1008	29 55 91 16
1009	80 91 31 56
1010	17 14 50 45
1011	58 4 35 68
1012	33 17 3 51
1013	90 99 83 16
1014	5 29 48 24
1015	62 66 87 76
1016	57 71 56 38
1017	97 65 96 20
1018	81 46 35 39
1019	5 89 38 59
1020	99 1 79 29
1021	57 98 51 27
1022	11 43 77 62
1023	9 75 45 27
1024	26 97 62 92
1025	90 39 98 42
1026	86 90 37 50
1027	80 66 62 91
1028	27 3 86 23
1029	85 81 77 96
1030	15 44 71 83
1031	6 85 59 86
1032	2 65 62 5
1033	79 26 16 87
1034	33 25 5 83
1035	61 47 35 99
1036	30 40 54 45
1037	51 32 88 74
1038	61 63 60 4
1039	34 28 36 94
1040	52 62 70 22
1041	57 85 44 37
1042	90 20 81 87
1043	90 91 35 84
1044	34 92 73 2
1045	40 2 21 19
1046	26 13 4 52
1047	30 47 50 52
1048	1 30 62 28
1049	48 34 37 27
1050	47 63 8 59
1051	50 56 2 55
1052	17 27 64 72
1053	84 82 94 34
1054	78 36 98 57
1055	69 40 57 82
1056	25 48 93 31
1057	12 9 44 30
1058	68 20 3 47
1059	50 84 86 66
1060	23 31 26 13
1061	50 57 97 61
1062	54 81 14 40
1063	28 49 53 73
1064	22 93 70 46
1065	59 35 89 37
1066	33 21 62 81
1067	93 36 71 44
1068	60 74 76 92
1069	53 32 11 73
1070	9 3 10 22
1071	88 23 71 81
1072	100 7 2 68
1073	26 29 68 56
1074	93 48 11 83
1075	4 69 71 89
1076	24 45 35 83
1077	92 88 2 86
1078	53 26 16 98
1079	15 11 28 73
1080	38 54 14 29
1081	10 75 35 93
1082	30 22 45 54
1083	67 85 92 37
1084	78 1 20 95
1085	13 40 16 94
1086	46 48 61 91
1087	62 49 37 6
1088	56 15 49 53
1089	97 3 70 2
1090	58 2 24 81
1091	51 5 44 33
1092	99 77 63 68
1093	98 53 48 20
1094	76 35 82 36
1095	48 67 43 51
1096	59 24 12 86
1097	49 16 51 99
1098	1 47 72 92
1099	94 23 6 44
1100	21 86 95 76
1101	93 67 90 19
1102	62 23 53 92
1103	42 88 54 31
1104	55 98 18 44
1105	6 72 98 36
1106	67 85 89 59
1107	38 51 22 2
1108	65 44 49 41
1109	49 95 4 13
1110	83 11 54 31
1111	23 49 90 36
1112	39 91 26 45
1113	8 36 2 13
1114	48 38 95 78
1115	32 77 2 23
1116	51 17 63 86
1117	26 77 37 34
1118	53 48 84 5
1119	48 13 42 14
1120	41 61 47 66
1121	11 10 41 91
1122	89 80 79 50
1123	98 92 54 15
1124	90 32 19 65
1125	44 46 59 63
1126	31 26 70 99
1127	71 20 83 77
1128	25 19 54 22
1129	94 78 50 93
1130	22 8 25 14
1131	13 94 98 2
1132	11 53 27 56
1133	91 54 11 50
1134	13 34 96 66
1135	6 5 93 97
1136	33 9 3 55
1137	81 50 38 72
1138	11 1 6 39
1139	100 4 89 46
1140	86 7 37 39
1141	5 88 80 12
1142	4 12 22 5
1143	2 86 89 84
1144	10 96 55 23
1145	97 63 44 72
1146	11 52 70 49
1147	18 51 66 44
1148	1 89 29 79
1149	1 59 32 43
1150	77 45 20 40
1151	21 72 82 27
1152	10 75 68 87
1153	9 48 64 46
1154	56 19 32 26
1155	37 72 2 67
1156	20 84 10 35
1157	1 72 70 45
1158	24 16 69 71
1159	62 84 6 70
1160	18 57 16 88
1161	99 13 21 26
1162	76 97 80 75
1163	75 9 77 14
1164	49 9 12 13
1165	39 19 82 16
1166	16 67 4 33
1167	84 10 63 1
1168	89 16 26 21
1169	41 34 50 42
1170	48 83 49 67
1171	84 23 49 34
1172	22 95 20 23
1173	7 80 41 86
1174	58 68 46 83
1175	24 87 85 83
1176	46 76 65 71
1177	70 9 77 41
1178	54 10 1 44
1179	85 62 66 43
1180	19 40 8 10
1181	50 71 69 58
1182	27 54 79 64
1183	1 16 18 22
1184	20 76 81 28
1185	75 99 31 28
1186	8 61 73 46
1187	67 29 84 79
1188	79 65 23 47
1189	38 17 80 99
1190	54 67 73 41
1191	22 87 29 98
1192	93 2 30 87
1193	63 16 64 76
1194	6 31 37 33
1195	22 18 44 78
1196	53 78 11 27
1197	99 88 43 14
1198	82 57 81 39
1199	84 36 14 83
1200	83 33 49 89
1201	59 76 50 56
1202	18 61 9 100
1203	93 8 61 71
1204	44 23 59 43
1205	37 30 4 100
1206	15 47 95 43
1207	100 64 75 23
1208	26 9 61 64
1209	69 35 74 90
1210	78 87 74 86
1211	85 43 11 17
1212	56 35 18 16
1213	31 43 78 48
1214	94 20 56 100
1215	11 35 38 2
1216	92 85 95 81
1217	83 57 36 75
1218	1 23 91 92
1219	14 43 84 17
1220	66 98 53 90
1221	57 32 43 75
1222	97 22 62 85
1223	67 47 41 66
1224	37 84 31 51
1225	2 96 47 74
1226	95 37 15 53
1227	28 64 35 2
1228	45 3 18 84
1229	3 8 5 10
1230	35 2 49 10
1231	98 80 58 7
1232	86 58 92 65
1233	35 87 3 88
1234	66 90 7 65
1235	10 76 5 74
1236	74 49 34 16
1237	28 40 44 66
1238	2 14 46 3
1239	6 30 60 93
1240	52 53 61 82
1241	73 71 8 10
1242	100 64 89 52
1243	77 63 19 49
1244	87 37 16 17
1245	96 76 32 36
1246	42 11 70 38
1247	65 56 51 9
1248	58 98 39 45
1249	69 43 91 30
1250	5 91 38 57
1251	60 76 28 64
1252	10 5 95 70
1253	57 9 41 15
1254	38 28 80 100
1255	35 58 84 33
1256	52 86 15 63
1257	92 50 81 98
1258	10 93 67 9
1259	11 53 70 55
1260	9 70 4 35
1261	39 10 38 22
1262	78 84 47 60
1263	33 39 27 25
1264	57 97 8 92
1265	3 80 77 7
1266	75 73 36 99
1267	5 39 94 57
1268	10 39 43 8
1269	73 95 100 53
1270	61 72 73 74
1271	19 7 12 60
1272	23 9 31 82
1273	9 6 72 34
1274	44 2 49 33
1275	70 74 1 84
1276	42 36 100 57
1277	29 50 6 21
1278	78 67 22 95
1279	42 58 22 61
1280	14 51 28 16
1281	36 19 79 94
1282	12 72 81 4
1283	10 87 45 35
1284	33 96 62 90
1285	99 94 66 42
1286	19 26 11 21
1287	96 90 78 86
1288	90 52 24 82
1289	17 15 61 47
1290	43 90 27 61
1291	48 54 67 42
1292	71 81 12 74
1293	98 9 97 68
1294	2 5 30 39
1295	11 51 15 35
1296	22 58 85 84
1297	84 73 96 12
1298	48 65 99 33
1299	34 10 8 40
1300	10 19 4 74
1301	41 18 45 20
1302	46 73 75 26
1303	73 83 74 30
1304	24 3 70 22
1305	60 42 45 1
1306	51 27 92 53
1307	48 29 27 45
1308	57 87 72 26
1309	24 9 87 34
1310	54 57 96 97
1311	86 19 30 22
1312	89 74 29 72
1313	31 33 46 55
1314	11 71 22 76
1315	15 54 100 51
1316	89 25 78 29
1317	41 17 26 76
1318	76 58 75 27
1319	77 30 80 33
1320	35 24 52 94
1321	75 61 17 69
1322	75 65 30 33
1323	49 40 48 19
1324	63 92 5 9
1325	68 14 50 48
1326	89 50 43 77
1327	58 91 52 30
1328	63 39 5 36
1329	1 58 2 27
1330	10 45 34 12
1331	17 82 15 92
1332	17 92 1 53
1333	24 73 5 49
1334	66 9 2 30
1335	81 8 60 24
1336	66 67 47 79
1337	45 95 54 89
1338	58 87 27 69
1339	96 75 26 69
1340	46 66 82 60
1341	96 27 26 19
1342	54 42 64 89
1343	22 77 27 11
1344	100 2 87 86
1345	40 98 81 83
1346	85 84 60 24
1347	78 4 89 15
1348	28 85 89 86
1349	16 31 22 76
1350	27 24 22 67
1351	81 67 30 97
1352	84 56 97 15
1353	94 2 31 23
1354	22 21 82 19
1355	15 79 29 3
1356	9 25 28 49
1357	34 3 7 68
1358	29 39 86 97
1359	61 84 25 85
1360	9 79 63 89
1361	41 67 14 16
1362	44 63 49 47
1363	73 41 97 47
1364	64 36 44 97
1365	64 52 74 12
1366	20 3 10 15
1367	39 97 2 92
1368	12 41 60 57
1369	53 98 11 82
1370	32 79 84 54
1371	99 45 83 17
1372	66 27 44 42
1373	29 30 88 28
1374	40 87 68 43
1375	29 38 61 74
1376	71 88 45 53
1377	33 41 81 90
1378	48 29 1 51
1379	46 89 96 92
1380	18 21 57 40
1381	43 62 20 4
1382	64 31 77 96
1383	92 40 51 21
1384	1 17 37 35
1385	20 27 75 54
1386	10 31 72 23
1387	76 60 49 11
1388	22 64 53 82
1389	96 28 79 99
1390	23 34 30 98
1391	69 22 98 21
1392	19 53 46 50
1393	16 72 74 69
1394	21 98 82 95
1395	13 54 12 69
1396	88 19 21 8
1397	55 33 42 91
1398	100 24 78 83
1399	100 52 93 84
1400	88 91 55 53
1401	66 91 51 88
1402	45 71 89 62
1403	48 71 63 79
1404	5 97 66 93
1405	47 29 88 36
1406	2 28 17 61
1407	70 33 86 66
1408	79 47 90 53
1409	92 73 38 28
1410	79 27 83 18
1411	26 77 54 66
1412	19 46 16 10
1413	94 93 87 41
1414	83 96 39 9
1415	58 16 92 50
1416	31 94 27 32
1417	15 72 67 96
1418	79 39 50 27
1419	90 39 79 97
1420	63 57 46 36
1421	24 26 15 78
1422	84 41 42 25
1423	31 58 20 26
1424	35 16 71 61
1425	37 78 17 75
1426	58 65 82 4
1427	54 62 79 93
1428	15 51 63 92
1429	77 42 47 46
1430	28 94 1 3
1431	11 31 53 3
1432	75 91 37 6
1433	100 71 6 46
1434	23 33 75 61
1435	85 2 94 65
1436	25 35 3 52
1437	26 53 9 73
1438	12 98 22 50
1439	79 98 82 66
1440	36 71 86 31
1441	38 6 64 43
1442	17 55 65 62
1443	14 35 55 60
1444	45 100 58 81
1445	94 50 6 71
1446	11 96 27 95
1447	28 78 54 83
1448	87 13 89 68
1449	70 89 94 17
1450	47 71 62 94
1451	32 62 79 14
1452	14 25 29 98
1453	85 64 54 99
1454	83 89 5 84
1455	94 98 64 81
1456	58 99 19 76
1457	58 80 65 76
1458	37 45 53 74
1459	61 2 28 97
1460	47 27 8 2
1461	79 56 66 63
1462	25 71 46 27
1463	97 65 22 4
1464	51 83 88 20
1465	44 27 22 74
1466	45 10 19 62
1467	59 80 73 70
1468	18 90 61 41
1469	41 56 26 20
1470	3 20 48 95
1471	3 14 89 27
1472	84 87 37 7
1473	55 61 81 50
1474	31 99 77 44
1475	75 86 90 22
1476	20 48 58 27
1477	74 68 60 1
1478	47 31 44 85
1479	100 94 17 31
1480	71 97 72 37
1481	86 62 38 63
1482	29 22 25 83
1483	54 65 30 74
1484	26 62 61 46
1485	26 6 96 44
1486	64 19 96 55
1487	26 76 39 49
1488	20 36 42 79
1489	71 89 63 15
1490	65 32 100 39
1491	27 74 20 49
1492	45 28 36 70
1493	80 45 58 65
1494	67 14 78 62
1495	19 91 16 33
1496	21 6 71 42
1497	33 65 47 95
1498	58 50 86 33
1499	49 45 23 66
1500	70 65 61 76
1501	94 67 26 35
1502	88 72 19 18
1503	29 62 10 54
1504	65 92 97 76
1505	39 27 85 57
1506	66 14 5 59
1507	87 60 30 23
1508	75 87 13 72
1509	87 70 43 19
1510	56 35 52 38
1511	87 84 9 32
1512	25 75 32 6
1513	40 71 23 73
1514	8 17 40 19
1515	93 85 34 21
1516	11 19 6 35
1517	18 25 7 93
1518	95 18 7 6
1519	78 64 19 80
1520	11 86 69 35
1521	49 29 13 38
1522	67 28 2 31
1523	19 43 78 49
1524	9 14 11 31
1525	47 7 1 67
1526	20 70 44 35
1527	93 87 1 4
1528	36 2 94 27
1529	63 45 100 98
1530	33 89 80 93
1531	2 75 82 35
1532	79 41 58 37
1533	7 99 58 80
1534	33 91 51 86
1535	61 69 79 30
1536	68 76 1 10
1537	44 96 8 16
1538	30 61 54 32
1539	91 32 80 72
1540	73 18 7 72
1541	77 74 92 30
1542	67 87 1 39
1543	100 90 2 31
1544	3 90 22 81
1545	63 52 3 79
1546	45 34 51 5
1547	20 64 36 81
1548	27 10 76 83
1549	37 80 94 82
1550	75 81 72 32
1551	63 40 45 93
1552	67 72 59 44
1553	47 90 52 96
1554	45 94 35 39
1555	1 82 10 6
1556	5 7 24 63
1557	12 30 13 59
1558	97 69 77 31
1559	69 45 6 33
1560	44 98 95 49
1561	74 54 14 11
1562	27 46 58 7
1563	91 41 93 28
1564	40 21 8 93
1565	62 87 24 13
1566	90 48 66 1
1567	49 19 94 35
1568	71 26 9 81
1569	28 56 19 98
1570	100 34 41 13
1571	1 10 33 75
1572	84 40 1 91
1573	80 23 11 37
1574	51 5 100 18
1575	69 7 77 92
1576	8 83 80 56
1577	95 86 57 73
1578	93 9 21 33
1579	47 12 91 52
1580	69 93 36 25
1581	28 55 46 24
1582	67 31 58 61
1583	7 27 44 5
1584	15 20 24 76
1585	81 32 98 37
1586	76 8 48 69
1587	91 93 94 77
1588	47 76 18 2
1589	1 66 98 85
1590	19 35 22 93
1591	86 36 12 66
1592	24 78 10 100
1593	40 72 63 60
1594	59 72 21 86
1595	76 20 16 85
1596	53 85 46 73
1597	18 66 79 72
1598	16 43 96 8
1599	19 30 35 55
1600	61 14 71 9
1601	52 20 17 19
1602	54 76 28 13
1603	19 98 42 11
1604	69 35 39 25
1605	31 61 85 94
1606	39 33 73 77
1607	65 77 27 69
1608	46 19 10 52
1609	12 91 63 47
1610	58 5 67 92
1611	62 64 1 42
1612	35 16 49 7
1613	34 65 96 87
1614	47 48 34 41
1615	17 63 55 66
1616	47 56 35 96
1617	18 30 94 42
1618	17 35 69 20
1619	8 18 6 100
1620	25 89 73 58
1621	82 72 57 33
1622	22 41 24 35
1623	95 60 48 89
1624	23 71 44 89
1625	8 81 83 39
1626	89 92 20 7
1627	42 73 19 3
1628	33 69 39 56
1629	92 4 25 45
1630	25 83 40 81
1631	93 57 62 32
1632	27 81 38 70
1633	27 57 80 73
1634	77 90 47 87
1635	71 20 72 26
1636	66 49 55 35
1637	47 45 66 5
1638	31 42 29 77
1639	50 100 41 21
1640	86 16 69 82
1641	98 12 43 91
1642	11 87 10 79
1643	59 31 90 8
1644	70 26 94 65
1645	23 54 35 19
1646	25 40 13 74
1647	62 79 5 31
1648	3 78 87 49
1649	73 63 97 95
1650	83 60 72 30
1651	28 66 12 57
1652	94 79 89 93
1653	64 35 16 21
1654	72 91 59 26
1655	22 34 38 2
1656	96 4 13 98
1657	65 98 90 21
1658	89 25 40 90
1659	26 35 84 4
1660	74 12 56 70
1661	79 76 97 92
1662	95 57 94 80
1663	93 40 3 1
1664	28 16 59 77
1665	64 21 86 55
1666	74 4 52 2
1667	19 66 40 49
1668	13 47 50 99
1669	5 34 99 89
1670	3 56 88 10
1671	97 2 93 68
1672	29 79 90 38
1673	50 98 8 34
1674	53 92 76 31
1675	68 98 78 1
1676	25 54 22 88
1677	76 93 6 61
1678	69 53 51 9
1679	72 12 87 2
1680	35 41 5 11
1681	33 9 20 31
1682	28 86 50 7
1683	60 49 18 42
1684	27 83 52 60
1685	2 40 77 31
1686	21 49 31 83
1687	46 99 58 26
1688	53 95 18 78
1689	83 68 89 56
1690	10 27 73 71
1691	67 41 49 91
1692	84 30 95 63
1693	6 98 22 58
1694	96 53 65 26
1695	48 8 19 87
1696	16 62 56 73
1697	24 30 50 87
1698	51 24 35 77
1699	59 4 38 79
1700	12 39 22 85
1701	93 26 34 55
1702	63 88 40 57
1703	54 78 89 46
1704	59 16 14 17
1705	49 97 80 98
1706	32 40 11 51
1707	43 45 46 33
1708	78 66 62 94
1709	3 12 72 16
1710	6 88 5 27
1711	71 87 95 93
1712	95 30 88 63
1713	88 58 2 42
1714	9 53 36 79
1715	45 89 6 31
1716	20 12 25 61
1717	21 38 56 10
1718	14 9 30 48
1719	17 40 64 36
1720	36 22 40 66
1721	4 82 85 90
1722	67 16 59 27
1723	39 36 93 52
1724	40 98 100 12
1725	93 56 97 6
1726	42 65 52 69
1727	75 1 15 99
1728	65 60 56 26
1729	58 87 63 73
1730	98 72 45 95
1731	30 31 57 6
1732	99 57 67 25
1733	89 17 36 1
1734	20 29 65 80
1735	23 11 57 56
1736	21 79 43 28
1737	78 38 46 3
1738	71 67 80 65
1739	25 77 65 32
1740	70 38 63 78
1741	18 52 22 54
1742	35 13 69 17
1743	55 41 19 54
1744	25 26 1 45
1745	77 64 15 52
1746	54 99 64 75
1747	59 17 12 61
1748	22 3 72 9
1749	2 94 60 42
1750	12 8 55 19
1751	99 22 10 89
1752	79 34 70 47
1753	1 90 28 45
1754	84 46 74 49
1755	15 61 68 73
1756	29 22 96 86
1757	50 49 63 9
1758	52 63 53 2
1759	17 69 62 58
1760	88 61 3 58
1761	68 22 38 41
1762	46 79 59 41
1763	57 10 27 58
1764	86 4 46 72
1765	29 49 3 25
1766	57 89 9 38
1767	75 63 12 87
1768	69 51 50 2
1769	3 89 36 11
1770	69 43 1 5
1771	44 99 98 63
1772	93 51 35 79
1773	72 33 58 42
1774	18 20 10 44
1775	70 8 22 72
1776	74 65 86 45
1777	70 22 78 60
1778	88 45 38 14
1779	100 61 20 50
1780	59 24 32 17
1781	44 99 74 17
1782	80 17 22 42
1783	58 99 85 94
1784	43 1 89 53
1785	37 61 40 74
1786	28 45 31 18
1787	10 73 80 34
1788	30 66 78 31
1789	33 13 36 58
1790	49 8 68 26
1791	6 76 23 96
1792	9 74 15 22
1793	33 27 43 98
1794	42 76 86 31
1795	93 17 95 57
1796	20 86 32 17
1797	32 46 86 99
1798	72 1 60 19
1799	70 61 71 83
1800	80 85 84 2
1801	9 85 76 10
1802	61 29 48 26
1803	87 100 14 24
1804	15 43 74 86
1805	36 26 87 58
1806	1 12 79 17
1807	28 18 68 94
1808	46 13 63 73
1809	34 43 54 76
1810	43 59 5 22
1811	77 39 92 65
1812	32 59 34 50
1813	76 45 79 32
1814	4 63 85 28
1815	15 70 51 59
1816	45 37 87 21
1817	89 86 49 83
1818	56 26 59 62
1819	7 76 66 23
1820	13 22 51 40
1821	45 87 88 60
1822	98 77 92 18
1823	30 41 67 17
1824	4 18 100 38
1825	19 27 1 54
1826	49 50 99 90
1827	3 11 13 63
1828	25 92 33 77
1829	67 36 30 59
1830	77 14 59 75
1831	74 96 87 37
1832	31 83 81 64
1833	83 93 6 37
1834	60 31 5 43
1835	97 56 90 100
1836	45 73 14 25
1837	87 16 26 72
1838	48 63 47 83
1839	14 12 96 32
1840	36 11 20 88
1841	96 90 17 8
1842	45 17 54 91
1843	34 5 86 51
1844	84 89 73 3
1845	67 13 86 29
1846	75 59 77 14
1847	11 98 45 19
1848	29 16 7 34
1849	54 74 65 47
1850	15 70 69 56
1851	54 64 96 95
1852	40 59 87 54
1853	58 94 31 32
1854	74 11 34 56
1855	59 60 75 65
1856	73 74 94 49
1857	90 95 25 36
1858	71 49 88 47
1859	54 93 83 29
1860	16 33 61 54
1861	58 64 46 25
1862	80 68 79 96
1863	48 85 99 54
1864	93 70 60 80
1865	38 28 12 74
1866	2 3 85 98
1867	54 7 11 30
1868	3 44 93 98
1869	85 86 95 43
1870	39 31 100 82
1871	7 11 9 98
1872	52 62 6 60
1873	34 52 35 33
1874	81 65 7 85
1875	30 40 71 22
1876	55 57 51 12
1877	73 9 31 69
1878	50 17 67 74
1879	82 95 99 70
1880	100 92 97 90
1881	3 32 46 100
1882	49 25 34 7
1883	37 67 78 73
1884	52 73 86 91
1885	76 41 18 82
1886	71 55 49 95
1887	66 73 40 24
1888	19 67 45 61
1889	78 67 12 49
1890	27 35 66 40
1891	46 65 5 24
1892	96 91 55 26
1893	4 73 23 29
1894	40 76 57 44
1895	51 92 10 74
1896	59 43 76 61
1897	74 84 25 88
1898	89 86 32 31
1899	21 53 58 88
1900	53 42 84 38
1901	20 52 53 77
1902	24 43 96 8
1903	4 15 9 57
1904	17 78 100 67
1905	55 47 68 88
1906	76 37 22 87
1907	50 62 41 6
1908	20 96 38 19
1909	69 75 82 71
1910	58 29 71 43
1911	35 18 63 5
1912	31 29 89 67
1913	69 84 21 48
1914	42 32 25 28
1915	54 71 69 80
1916	10 71 94 83
1917	33 84 97 82
1918	17 48 96 80
1919	18 55 76 80
1920	47 22 75 57
1921	18 39 17 15
1922	46 26 23 65
1923	91 53 97 14
1924	46 31 2 63
1925	100 4 88 83
1926	19 29 1 22
1927	27 44 8 1
1928	91 54 72 29
1929	27 73 16 39
1930	32 96 8 56
1931	2 99 55 21
1932	47 61 53 5
1933	84 89 88 51
1934	82 89 94 48
1935	6 9 45 36
1936	12 80 92 74
1937	50 32 27 14
1938	66 35 38 36
1939	55 11 63 22
1940	40 59 16 71
1941	63 51 79 62
1942	11 56 99 44
1943	40 11 21 89
1944	60 13 64 39
1945	68 84 10 15
1946	41 8 99 19
1947	30 27 85 5
1948	34 85 36 49
1949	76 94 93 91
1950	22 37 1 60
1951	75 1 59 48
1952	3 7 52 60
1953	67 100 22 19
1954	48 65 44 53
1955	57 39 89 52
1956	35 31 2 59
1957	26 10 81 28
1958	82 76 87 98
1959	31 61 51 91
1960	11 62 45 29
1961	66 73 33 64
1962	20 11 89 2
1963	14 91 12 38
1964	81 50 26 30
1965	72 99 76 52
1966	34 13 58 70
1967	81 41 24 67
1968	80 29 7 73
1969	8 56 88 23
1970	33 6 98 63
1971	10 4 78 23
1972	41 8 14 46
1973	6 93 23 24
1974	16 31 13 78
1975	7 45 40 48
1976	16 67 68 92
1977	47 26 54 3
1978	21 2 79 34
1979	84 90 32 67
1980	97 19 8 82
1981	34 31 11 85
1982	43 52 67 99
1983	32 8 81 37
1984	76 32 72 26
1985	100 66 56 38
1986	52 28 21 24
1987	63 17 97 76
1988	96 33 15 67
1989	96 28 49 10
1990	61 53 14 35
1991	33 88 94 69
1992	12 50 31 26
1993	47 84 88 65
1994	59 64 1 4
1995	23 53 2 100
1996	17 42 83 32
1997	56 73 55 46
1998	55 65 4 44
1999	9 93 33 81
2000	1 8 78 79
2001	5 80 19 86
2002	62 98 14 64
2003	43 2 98 61
2004	87 24 84 46
2005	24 53 10 64
2006	17 22 1 39
2007	51 26 23 60
2008	27 17 46 70
2009	22 27 4 14
2010	38 43 50 36
2011	26 52 47 31
2012	39 1 60 41
2013	55 11 42 8
2014	35 82 10 70
2015	5 77 60 63
2016	9 83 81 80
2017	41 3 55 54
2018	70 54 5 77
2019	45 84 93 33
2020	52 37 89 17
2021	9 17 14 46
2022	27 75 54 28
2023	50 26 78 97
2024	22 18 16 51
2025	63 2 64 82
2026	46 89 75 59
2027	63 46 87 86
2028	86 15 13 36
2029	1 3 14 15
2030	13 96 24 58
2031	3 67 92 60
2032	32 4 9 7
2033	12 92 40 97
2034	21 67 48 50
2035	74 17 85 43
2036	9 85 97 40
2037	57 34 71 45
2038	23 25 84 28
2039	40 49 51 75
2040	67 14 21 94
2041	42 63 36 61
2042	79 34 6 36
2043	82 95 56 19
2044	93 59 41 86
2045	7 11 95 83
2046	32 9 72 10
2047	20 2 85 38
2048	16 62 30 11
2049	86 61 71 29
2050	69 90 91 13
2051	49 6 20 28
2052	28 89 44 51
2053	30 5 14 37
2054	43 66 16 17
2055	79 34 23 32
2056	56 65 43 45
2057	62 22 65 83
2058	13 80 61 14
2059	32 70 18 41
2060	92 61 79 26
2061	72 8 87 62
2062	53 54 82 15
2063	73 67 18 27
2064	22 45 77 17
2065	49 47 64 12
2066	86 34 31 89
2067	9 44 35 94
2068	29 6 85 38
2069	85 95 12 33
2070	54 87 51 46
2071	97 94 81 10
2072	75 26 1 23
2073	16 100 77 42
2074	2 78 89 60
2075	96 13 79 10
2076	47 26 52 10
2077	35 6 81 76
2078	70 23 53 46
2079	38 60 96 55
2080	76 11 34 97
2081	80 41 88 13
2082	48 9 42 21
2083	86 87 55 72
2084	99 4 40 17
2085	78 4 21 39
2086	12 9 26 33
2087	67 18 73 86
2088	33 92 77 21
2089	24 27 19 43
2090	27 65 41 57
2091	73 29 27 36
2092	97 76 4 11
2093	48 70 59 38
2094	35 60 44 97
2095	29 97 4 43
2096	11 9 38 88
2097	23 98 51 86
2098	62 48 58 82
2099	85 14 77 72
2100	26 45 35 86
2101	87 88 49 44
2102	56 40 71 34
2103	19 88 54 70
2104	23 57 33 14
2105	85 52 61 62
2106	33 44 38 78
2107	68 86 67 44
2108	93 28 3 66
2109	90 40 98 2
2110	17 9 43 88
2111	73 45 67 83
2112	6 63 74 96
2113	72 35 85 77
2114	100 78 6 19
2115	95 21 36 7
2116	64 70 31 81
2117	23 15 77 73
2118	56 57 95 65
2119	20 21 100 96
2120	83 55 91 96
2121	94 16 80 33
2122	83 5 55 11
2123	86 31 30 48
2124	48 23 66 87
2125	44 24 8 50
2126	45 35 44 41
2127	69 11 34 10
2128	20 47 60 8
2129	27 65 10 86
2130	4 95 7 2
2131	5 34 11 57
2132	11 24 62 37
2133	10 8 95 22
2134	48 18 15 56
2135	29 34 46 22
2136	37 92 24 43
2137	99 97 39 56
2138	39 83 69 59
2139	43 80 51 27
2140	78 13 38 15
2141	86 30 33 27
2142	43 100 55 60
2143	33 8 15 44
2144	74 87 32 65
2145	33 78 35 92
2146	21 44 47 60
2147	19 91 3 38
2148	83 17 28 7
2149	40 23 96 14
2150	29 77 84 87
2151	2 94 61 66
2152	60 96 74 77
2153	2 7 31 96
2154	84 65 79 99
2155	61 17 38 90
2156	58 82 20 94
2157	81 44 41 91
2158	55 65 87 73
2159	82 30 89 44
2160	58 43 78 55
2161	3 98 18 68
2162	7 30 64 88
2163	82 38 51 97
2164	24 15 96 57
2165	85 100 55 50
2166	67 4 73 22
2167	47 95 21 17
2168	16 51 74 78
2169	56 89 39 40
2170	53 75 44 59
2171	25 75 15 24
2172	52 66 75 91
2173	14 76 56 77
2174	31 8 10 75
2175	7 94 21 8
2176	57 81 17 41
2177	83 68 89 84
2178	99 78 59 49
2179	10 27 58 86
2180	66 31 65 99
2181	54 75 93 4
2182	25 61 95 35
2183	5 93 24 98
2184	56 93 48 65
2185	29 5 66 41
2186	77 69 88 67
2187	87 80 72 12
2188	28 76 2 11
2189	34 65 42 12
2190	35 42 97 74
2191	33 4 14 74
2192	64 31 12 95
2193	68 22 81 36
2194	77 37 89 66
2195	41 31 95 4
2196	55 45 81 57
2197	67 69 60 34
2198	95 13 12 15
2199	82 29 52 78
2200	91 12 65 56
2201	90 71 8 41
2202	93 95 13 89
2203	20 8 13 87
2204	52 86 95 76
2205	69 26 50 95
2206	22 79 51 23
2207	66 53 14 7
2208	28 46 7 97
2209	35 92 91 97
2210	79 39 89 31
2211	14 82 66 36
2212	56 40 54 48
2213	30 24 73 17
2214	11 36 48 10
2215	86 26 27 43
2216	58 24 7 93
2217	54 10 85 6
2218	18 79 45 29
2219	83 51 50 53
2220	78 68 34 82
2221	8 7 71 32
2222	18 36 76 27
2223	21 28 12 88
2224	20 96 66 68
2225	74 66 15 10
2226	16 38 59 51
2227	67 74 75 12
2228	8 35 2 39
2229	68 19 8 24
2230	70 71 76 49
2231	70 25 45 82
2232	81 38 77 13
2233	49 57 3 40
2234	53 22 46 85
2235	17 67 53 12
2236	42 70 51 21
2237	14 100 78 74
2238	28 26 85 15
2239	80 32 51 19
2240	70 67 38 77
2241	18 36 86 55
2242	66 68 67 40
2243	16 46 18 36
2244	40 26 21 96
2245	12 49 96 36
2246	24 66 52 38
2247	24 76 69 15
2248	29 34 93 13
2249	83 53 76 30
2250	15 84 10 77
2251	14 57 52 27
2252	13 36 68 55
2253	49 50 31 57
2254	92 62 76 95
2255	57 98 93 29
2256	13 44 25 33
2257	78 7 50 13
2258	69 79 6 58
2259	36 8 51 87
2260	52 39 41 9
2261	85 28 70 86
2262	87 10 56 81
2263	37 9 3 78
2264	82 13 42 8
2265	6 92 24 89
2266	59 94 73 26
2267	23 18 25 62
2268	13 96 14 37
2269	7 69 27 75
2270	46 45 31 85
2271	26 93 34 57
2272	32 34 51 58
2273	39 25 63 29
2274	50 63 18 92
2275	37 40 88 97
2276	80 16 58 3
2277	14 64 44 48
2278	21 1 93 24
2279	33 19 28 45
2280	90 42 20 70
2281	44 17 41 78
2282	91 82 38 9
2283	81 28 53 39
2284	32 12 9 23
2285	21 59 45 46
2286	10 15 5 98
2287	94 35 68 33
2288	51 60 28 100
2289	6 81 41 25
2290	53 45 39 33
2291	92 91 60 78
2292	7 50 18 19
2293	64 87 52 55
2294	67 51 57 22
2295	21 93 9 70
2296	46 55 26 17
2297	53 57 81 38
2298	95 22 85 82
2299	13 51 69 96
2300	49 40 14 60
2301	31 62 5 98
2302	100 63 14 32
2303	5 53 6 40
2304	7 78 82 53
2305	10 66 82 64
2306	83 70 75 63
2307	5 54 14 12
2308	74 59 83 24
2309	45 100 77 31
2310	54 42 99 56
2311	5 29 94 47
2312	55 23 70 74
2313	71 92 68 85
2314	79 81 46 97
2315	64 20 88 58
2316	54 91 60 79
2317	43 56 17 98
2318	78 90 31 17
2319	80 89 30 25
2320	91 37 2 97
2321	9 33 42 63
2322	47 16 2 69
2323	98 79 17 76
2324	34 98 68 75
2325	52 5 69 96
2326	88 8 93 40
2327	92 89 65 1
2328	29 70 7 24
2329	21 55 60 91
2330	100 3 98 5
2331	66 33 34 8
2332	68 93 42 54
2333	54 30 75 52
2334	1 61 8 45
2335	53 24 98 38
2336	27 32 55 40
2337	20 74 93 43
2338	5 64 22 85
2339	92 89 99 16
2340	51 26 2 45
2341	34 54 2 23
2342	75 65 36 13
2343	8 25 23 5
2344	2 45 36 21
2345	37 84 57 75
2346	27 52 57 6
2347	30 44 66 72
2348	61 90 43 76
2349	29 25 26 23
2350	64 38 90 53
2351	30 63 91 5
2352	73 17 19 59
2353	96 17 11 4
2354	52 28 11 65
2355	50 31 91 28
2356	67 72 29 21
2357	83 59 99 50
2358	83 2 22 13
2359	66 24 15 1
2360	88 81 47 42
2361	93 72 68 85
2362	65 14 33 16
2363	100 29 9 15
2364	39 1 52 30
2365	22 76 72 45
2366	55 5 40 93
2367	78 93 89 99
2368	88 62 28 47
2369	46 80 75 72
2370	18 78 82 42
2371	99 30 47 21
2372	24 33 7 97
2373	36 86 98 51
2374	70 84 95 100
2375	48 98 54 33
2376	47 1 46 94
2377	59 26 13 83
2378	49 5 100 11
2379	2 84 14 98
2380	21 40 18 6
2381	88 87 86 9
2382	17 49 92 2
2383	71 73 79 4
2384	49 11 73 6
2385	43 17 62 38
2386	90 92 21 42
2387	99 83 29 43
2388	20 32 86 21
2389	17 95 42 40
2390	41 13 73 33
2391	12 81 87 22
2392	53 88 10 30
2393	67 11 86 6
2394	32 33 96 56
2395	82 35 14 16
2396	46 84 92 55
2397	84 93 59 80
2398	67 36 31 87
2399	56 46 95 4
2400	83 56 17 67
2401	56 79 83 27
2402	71 32 48 34
2403	48 74 34 27
2404	68 98 10 72
2405	99 16 89 92
2406	40 16 86 70
2407	19 56 1 70
2408	4 68 77 67
2409	15 36 52 43
2410	10 94 45 65
2411	71 63 4 58
2412	6 67 90 80
2413	98 44 71 31
2414	47 3 98 41
2415	48 72 82 2
2416	36 35 46 26
2417	13 6 32 96
2418	56 54 5 99
2419	6 23 35 61
2420	2 77 42 53
2421	98 43 42 94
2422	52 51 44 99
2423	91 2 45 42
2424	23 47 49 81
2425	52 54 45 57
2426	84 9 68 65
2427	52 87 1 3
2428	86 43 1 9
2429	93 9 99 90
2430	23 80 49 92
2431	81 58 60 62
2432	37 18 80 40
2433	64 46 39 32
2434	65 23 40 48
2435	49 88 87 59
2436	17 20 84 56
2437	16 21 46 32
2438	85 96 71 81
2439	60 9 35 22
2440	25 74 77 62
2441	52 92 43 60
2442	98 54 30 25
2443	54 26 27 23
2444	4 26 13 2
2445	18 58 77 74
2446	13 90 17 46
2447	58 29 75 53
2448	6 76 67 5
2449	73 42 13 72
2450	23 4 60 36
2451	25 72 42 22
2452	27 66 18 38
2453	31 55 27 47
2454	45 84 63 92
2455	17 42 58 50
2456	4 55 36 56
2457	78 21 76 64
2458	30 48 51 32
2459	74 65 55 81
2460	68 99 37 35
2461	79 65 46 24
2462	99 37 78 100
2463	74 12 65 98
2464	4 81 72 31
2465	68 98 99 87
2466	36 84 12 13
2467	53 6 93 1
2468	57 89 58 20
2469	46 50 37 64
2470	33 57 31 49
2471	57 35 54 21
2472	81 27 16 74
2473	29 70 73 69
2474	77 37 98 70
2475	72 32 8 34
2476	15 4 64 49
2477	86 71 56 90
2478	98 56 90 14
2479	48 16 100 91
2480	8 73 32 30
2481	82 44 37 46
2482	83 97 98 87
2483	75 29 46 40
2484	56 39 82 5
2485	66 22 76 97
2486	87 52 43 64
2487	18 62 55 26
2488	32 39 41 61
2489	60 61 44 14
2490	48 2 81 87
2491	34 48 75 80
2492	100 72 76 18
2493	40 50 83 20
2494	16 61 95 100
2495	16 53 8 35
2496	61 48 81 53
2497	13 95 4 71
2498	54 1 86 71
2499	47 9 28 37
2500	77 51 38 72
2501	40 27 48 43
2502	50 49 21 96
2503	45 73 90 28
2504	52 65 88 40
2505	50 23 41 19
2506	72 13 96 73
2507	50 84 25 77
2508	92 18 63 43
2509	42 16 17 38
2510	100 20 95 70
2511	70 59 31 73
2512	62 43 98 87
2513	33 84 93 88
2514	13 37 6 88
2515	32 92 28 79
2516	26 53 36 72
2517	10 90 45 29
2518	8 10 81 27
2519	66 73 60 38
2520	54 34 10 69
2521	60 1 14 71
2522	28 89 31 47
2523	29 27 46 75
2524	58 50 36 70
2525	69 1 41 65
2526	63 70 66 41
2527	22 91 5 53
2528	79 59 84 45
2529	59 83 97 91
2530	99 46 1 67
2531	93 3 48 74
2532	7 28 21 24
2533	79 73 71 15
2534	50 58 90 62
2535	41 69 54 20
2536	98 13 24 63
2537	48 55 19 30
2538	96 12 88 82
2539	3 21 56 29
2540	25 68 31 3
2541	48 17 78 8
2542	28 38 19 17
2543	64 81 91 98
2544	29 39 1 42
2545	58 56 70 21
2546	18 55 71 79
2547	38 94 91 39
2548	82 85 24 90
2549	18 11 8 10
2550	41 86 70 100
2551	33 93 86 92
2552	57 19 66 26
2553	22 64 48 82
2554	22 68 83 95
2555	18 91 36 80
2556	23 34 43 13
2557	22 1 66 86
2558	45 11 48 61
2559	26 62 54 52
2560	54 46 69 31
2561	28 50 99 29
2562	12 58 32 46
2563	79 91 19 81
2564	58 74 60 88
2565	96 65 80 36
2566	62 83 95 79
2567	78 99 49 58
2568	68 92 53 80
2569	28 31 40 50
2570	87 38 91 10
2571	79 26 2 46
2572	40 5 84 96
2573	81 97 39 69
2574	44 33 59 88
2575	24 91 61 38
2576	38 81 35 36
2577	7 33 94 21
2578	4 17 100 60
2579	36 64 84 34
2580	63 4 42 73
2581	5 43 99 46
2582	79 70 41 40
2583	78 69 14 62
2584	79 14 59 56
2585	85 70 41 94
2586	68 31 87 42
2587	79 84 85 8
2588	7 22 23 26
2589	63 100 52 69
2590	8 38 31 88
2591	59 42 68 62
2592	59 28 68 94
2593	35 30 62 75
2594	33 38 68 19
2595	14 30 28 83
2596	50 93 67 10
2597	93 59 46 42
2598	66 2 21 85
2599	52 32 100 42
2600	12 21 18 10
2601	6 27 60 40
2602	1 60 92 84
2603	79 90 12 84
2604	87 58 98 32
2605	54 17 27 6
2606	51 14 89 74
2607	86 53 90 37
2608	82 26 49 35
2609	89 60 19 46
2610	71 26 80 89
2611	70 49 42 51
2612	12 35 66 46
2613	85 48 29 73
2614	78 1 22 8
2615	1 97 36 57
2616	49 6 70 32
2617	49 77 97 41
2618	98 54 63 65
2619	51 48 17 95
2620	43 68 75 82
2621	97 18 5 77
2622	58 78 79 44
2623	33 41 43 25
2624	13 33 87 63
2625	80 65 23 91
2626	1 19 66 25
2627	52 96 19 91
2628	10 93 71 78
2629	99 63 70 53
2630	48 34 79 62
2631	14 66 50 11
2632	60 5 40 43
2633	79 20 57 95
2634	82 88 81 77
2635	95 26 56 20
2636	32 61 17 71
2637	25 14 12 86
2638	79 32 67 51
2639	29 64 33 53
2640	67 2 23 55
2641	57 100 21 68
2642	6 92 65 62
2643	88 87 38 95
2644	70 84 7 31
2645	47 56 86 75
2646	30 37 55 99
2647	33 59 77 39
2648	4 3 20 38
2649	17 97 96 29
2650	68 79 15 88
2651	2 87 49 92
2652	64 38 96 28
2653	35 45 85 40
2654	68 22 19 17
2655	47 21 13 19
2656	35 43 8 47
2657	61 67 71 14
2658	30 18 73 63
2659	67 47 23 98
2660	21 65 96 80
2661	65 94 61 85
2662	36 25 77 80
2663	88 97 43 84
2664	38 69 18 4
2665	54 40 36 56
2666	33 71 72 92
2667	56 86 94 95
2668	47 9 100 56
2669	47 46 39 91
2670	34 4 12 49
2671	20 24 8 36
2672	4 42 28 46
2673	52 79 96 8
2674	10 47 52 11
2675	3 15 98 26
2676	10 1 86 64
2677	17 72 100 50
2678	12 15 19 54
2679	98 90 78 79
2680	24 96 39 80
2681	95 72 85 35
2682	95 68 93 65
2683	31 22 52 82
2684	92 66 78 33
2685	96 75 17 81
2686	67 14 24 8
2687	12 42 94 100
2688	91 34 67 37
2689	45 5 49 87
2690	10 1 91 37
2691	51 42 3 37
2692	58 64 18 59
2693	79 85 20 83
2694	53 57 74 44
2695	66 70 34 43
2696	54 74 26 32
2697	9 59 89 23
2698	60 24 2 43
2699	86 35 76 56
2700	84 12 34 2
2701	7 50 78 36
2702	74 35 86 43
2703	8 77 48 34
2704	62 2 6 50
2705	78 82 86 46
2706	23 57 17 18
2707	83 79 86 68
2708	74 65 83 61
2709	4 3 84 93
2710	38 91 44 81
2711	18 14 46 67
2712	62 40 59 6
2713	64 67 7 41
2714	40 8 54 35
2715	21 63 58 52
2716	36 70 12 63
2717	67 77 9 54
2718	91 53 23 56
2719	43 55 90 17
2720	1 34 58 16
2721	63 87 36 56
2722	29 62 100 8
2723	78 98 13 32
2724	30 37 31 79
2725	14 21 36 25
2726	23 51 55 33
2727	23 20 79 91
2728	37 78 96 45
2729	24 56 16 86
2730	12 87 3 30
2731	25 24 54 43
2732	41 78 53 59
2733	85 69 11 93
2734	28 59 67 40
2735	56 26 59 60
2736	93 27 82 67
2737	75 62 25 16
2738	6 83 71 94
2739	88 52 20 7
2740	37 68 50 90
2741	11 99 63 88
2742	39 25 48 77
2743	71 82 27 45
2744	16 60 69 5
2745	57 24 56 58
2746	23 40 48 27
2747	90 49 74 39
2748	62 75 68 21
2749	50 54 66 7
2750	23 96 79 25
2751	8 63 83 84
2752	32 79 82 11
2753	26 43 40 57
2754	40 33 83 9
2755	93 82 78 45
2756	98 4 25 34
2757	96 68 71 90
2758	91 87 17 7
2759	52 30 14 66
2760	70 51 80 68
2761	85 5 72 61
2762	78 54 49 89
2763	54 72 66 34
2764	13 33 37 93
2765	92 14 56 90
2766	50 84 25 55
2767	34 63 22 42
2768	88 42 54 96
2769	16 55 21 75
2770	73 33 7 11
2771	72 30 55 14
2772	56 61 72 62
2773	49 64 67 9
2774	31 52 49 45
2775	13 83 28 66
2776	79 35 56 73
2777	95 25 6 11
2778	97 82 22 23
2779	80 11 25 91
2780	18 79 78 11
2781	10 22 99 82
2782	68 9 66 92
2783	94 37 100 11
2784	19 52 22 12
2785	39 76 74 94
2786	51 71 54 82
2787	3 70 78 13
2788	44 52 81 72
2789	50 65 92 51
2790	16 95 83 11
2791	63 1 8 35
2792	65 84 42 18
2793	5 51 53 60
2794	77 86 11 91
2795	15 13 36 84
2796	79 80 99 78
2797	23 27 31 42
2798	17 10 55 81
2799	28 34 70 88
2800	37 64 66 73
2801	6 66 13 23
2802	66 2 87 56
2803	25 8 68 19
2804	63 99 38 50
2805	50 67 34 12
2806	85 80 99 72
2807	91 32 38 86
2808	79 39 82 86
2809	98 26 14 66
2810	45 53 70 17
2811	84 98 86 83
2812	39 45 8 58
2813	12 30 6 76
2814	51 91 18 72
2815	58 51 76 31
2816	24 73 89 83
2817	11 98 15 71
2818	89 51 84 67
2819	9 43 6 49
2820	15 35 79 23
2821	54 67 51 45
2822	69 67 10 70
2823	80 78 17 48
2824	78 5 15 99
2825	30 69 86 15
2826	39 84 74 53
2827	57 17 13 34
2828	18 53 78 47
2829	18 9 53 76
2830	98 62 53 17
2831	37 13 29 56
2832	49 89 83 73
2833	82 56 9 39
2834	24 61 67 55
2835	78 33 69 31
2836	65 40 31 23
2837	84 38 20 51
2838	81 90 40 46
2839	81 10 30 41
2840	68 10 29 63
2841	73 77 92 20
2842	23 93 81 49
2843	40 100 50 79
2844	82 93 7 24
2845	17 29 61 46
2846	86 85 19 14
2847	2 54 85 30
2848	46 88 76 8
2849	98 40 52 97
2850	24 83 58 53
2851	77 98 81 10
2852	49 97 13 2
2853	44 25 29 87
2854	11 26 43 14
2855	67 91 82 18
2856	63 53 72 96
2857	70 4 9 94
2858	36 26 73 65
2859	83 15 3 75
2860	84 92 83 23
2861	74 38 21 29
2862	58 75 68 4
2863	89 23 66 71
2864	31 94 64 12
2865	80 84 73 43
2866	92 64 28 5
2867	71 11 17 21
2868	80 22 7 5
2869	16 28 76 73
2870	56 57 42 67
2871	69 8 67 79
2872	22 69 60 28
2873	13 44 39 15
2874	12 19 33 61
2875	63 85 31 87
2876	10 59 31 43
2877	54 49 38 32
2878	64 55 10 46
2879	70 77 85 28
2880	15 9 79 43
2881	26 84 88 11
2882	98 66 38 70
2883	96 25 48 67
2884	56 98 80 17
2885	37 76 17 44
2886	48 83 82 23
2887	74 86 43 36
2888	31 73 47 46
2889	20 8 73 31
2890	15 66 60 89
2891	42 94 70 60
2892	49 7 4 50
2893	30 84 68 89
2894	10 16 45 81
2895	82 4 62 57
2896	98 58 89 44
2897	33 59 56 21
2898	79 23 31 19
2899	21 67 82 63
2900	93 36 89 69
2901	12 41 60 30
2902	1 78 96 58
2903	75 67 73 55
2904	75 77 9 35
2905	73 19 62 12
2906	28 51 84 59
2907	46 71 82 94
2908	64 73 24 70
2909	68 25 23 77
2910	76 44 7 52
2911	1 73 87 29
2912	4 11 90 6
2913	1 69 41 43
2914	96 67 13 56
2915	98 83 3 89
2916	8 2 1 35
2917	64 52 54 37
2918	3 66 53 37
2919	64 57 78 63
2920	32 74 10 85
2921	19 81 68 70
2922	89 29 63 90
2923	76 78 1 49
2924	4 19 54 69
2925	100 98 71 36
2926	53 6 100 42
2927	13 15 26 67
2928	85 10 96 49
2929	27 40 67 99
2930	94 68 32 21
2931	20 98 85 12
2932	84 98 18 54
2933	14 44 27 34
2934	97 87 82 34
2935	13 47 21 29
2936	17 44 98 54
2937	54 42 36 12
2938	50 25 79 80
2939	14 59 54 32
2940	68 87 32 30
2941	7 2 76 84
2942	82 17 58 69
2943	84 67 74 37
2944	5 67 25 64
2945	63 22 38 27
2946	87 16 99 54
2947	7 1 47 20
2948	57 87 10 67
2949	98 15 13 54
2950	31 87 50 25
2951	64 90 66 54
2952	21 96 7 88
2953	15 13 53 84
2954	91 85 78 92
2955	28 76 77 80
2956	99 34 11 73
2957	24 57 97 10
2958	40 55 1 53
2959	91 1 100 37
2960	69 71 81 98
2961	63 29 73 24
2962	19 54 65 52
2963	8 1 47 57
2964	59 96 95 98
2965	63 34 49 99
2966	72 79 58 82
2967	40 76 2 85
2968	63 100 77 98
2969	85 62 46 42
2970	96 91 36 63
2971	55 58 71 20
2972	52 40 44 36
2973	68 81 15 12
2974	71 15 8 16
2975	32 53 97 6
2976	62 90 1 65
2977	97 64 9 89
2978	84 100 64 83
2979	97 58 54 93
2980	72 1 90 33
2981	16 67 1 21
2982	90 29 92 7
2983	100 74 89 23
2984	86 92 46 50
2985	4 48 29 98
2986	74 48 93 55
2987	44 19 94 82
2988	38 93 48 83
2989	88 86 54 92
2990	5 37 97 83
2991	48 1 18 54
2992	48 96 89 40
2993	57 91 88 98
2994	35 83 96 65
2995	22 33 34 71
2996	86 46 65 55
2997	13 53 75 54
2998	66 90 21 68
2999	97 21 70 10
3000	87 21 84 63
