Students	3000
1	84 68 81 77
2	24 70 72 11
3	68 71 44 33
4	23 27 94 29
5	69 10 60 54
6	50 12 26 88
7	12 85 38 55
8	94 58 84 73
9	68 94 53 79
10	34 66 67 99
11	21 61 42 89
12	31 48 93 14
13	15 58 4 28
14	87 70 37 20
15	16 79 10 66
16	86 65 56 87
17	23 56 78 52
18	83 89 61 29
19	7 6 36 59
20	80 11 57 34
21	95 2 19 78
22	49 28 12 56
23	24 64 13 79
24	85 26 49 81
25	22 39 17 65
26	72 90 13 98
27	8 22 40 55
28	8 70 68 91
29	92 7 70 96
30	48 96 46 64
31	76 77 41 11
32	59 42 81 79
33	85 20 89 24
34	89 55 61 18
35	20 1 54 27
36	11 16 9 51
37	8 79 1 88
38	40 80 25 72
39	34 6 43 97
40	28 79 33 17
41	44 53 17 88
42	94 58 16 3
43	1 100 57 40
44	41 17 19 65
45	84 41 3 7
46	44 84 48 12
47	49 41 82 28
48	89 70 34 67
49	99 84 11 86
50	70 93 67 59
51	57 52 59 55
52	73 82 52 56
53	62 61 44 70
54	4 56 18 10
55	52 18 76 67
56	34 74 93 41
57	99 76 13 8
58	5 78 59 13
59	78 99 43 82
60	95 14 15 46
61	7 45 46 57
62	69 17 72 15
63	38 44 69 47
64	2 10 11 41
65	12 22 86 28
66	4 6 85 80
67	91 45 99 60
68	47 99 98 63
69	19 69 100 49
70	99 30 46 45
71	17 86 7 75
72	50 93 22 96
73	47 10 20 98
74	77 49 41 36
75	85 96 53 97
76	3 85 43 66
77	61 59 53 4
78	86 2 15 9
79	20 33 69 37
80	96 19 93 27
81	34 83 8 11
82	77 86 55 1
83	21 83 43 28
84	72 32 54 37
85	84 56 34 76
86	1 2 57 10
87	3 57 32 42
88	17 67 40 19
89	89 73 69 35
90	82 71 67 92
91	15 89 11 37
92	2 78 62 38
93	61 27 50 96
94	22 18 96 9
95	80 22 31 76
96	1 9 38 83
97	55 57 8 41
98	84 31 57 83
99	88 63 53 12
100	16 59 61 87
101	15 7 91 54
102	23 14 89 12
103	55 15 96 29
104	58 84 56 37
105	62 79 31 6
106	18 76 17 80
107	38 96 69 12
108	55 46 15 90
109	93 25 88 81
110	65 40 13 77
111	19 27 67 39
112	79 80 15 45
113	81 59 53 76
114	65 13 11 56
115	12 51 28 64
116	44 30 15 35
117	28 79 77 67
118	10 14 44 62
119	32 46 1 56
120	13 26 20 62
121	68 64 81 7
122	45 100 39 31
123	67 76 1 80
124	74 23 90 98
125	79 51 22 72
126	89 75 3 87
127	47 77 16 1
128	31 96 9 37
129	63 99 42 53
130	17 33 14 55
131	63 60 72 5
132	32 13 33 46
133	84 83 88 49
134	78 96 93 97
135	45 36 39 92
136	16 11 98 63
137	77 27 34 74
138	43 11 26 7
139	76 40 82 96
140	63 35 9 70
141	12 15 74 24
142	66 81 76 30
143	77 21 62 68
144	17 91 16 77
145	39 79 29 8
146	76 8 19 29
147	99 59 95 57
148	100 92 45 46
149	15 38 69 50
150	48 18 59 17
151	76 35 59 75
152	24 29 62 75
153	95 61 78 83
154	92 85 50 89
155	27 100 65 71
156	79 71 25 28
157	9 32 43 13
158	71 25 10 59
159	32 5 9 53
160	46 88 61 4
161	41 85 31 74
162	13 25 28 44
163	23 69 70 74
164	55 94 43 51
165	49 22 16 37
166	95 24 100 70
167	27 23 69 45
168	6 25 36 3
169	95 25 4 17
170	74 70 27 41
171	53 33 20 42
172	31 93 41 8
173	68 26 64 90
174	16 26 53 100
175	99 1 19 29
176	60 98 79 15
177	94 78 21 35
178	77 56 75 52
179	6 58 16 73
180	59 71 25 63
181	44 50 45 72
182	90 89 70 6
183	66 48 60 4
184	87 30 100 14
185	99 93 28 53
186	67 88 48 13
187	9 55 46 1
188	45 97 85 48
189	1 17 32 38
190	81 94 29 22
191	92 16 19 97
192	71 57 62 7
193	50 52 68 12
194	49 20 79 25
195	78 79 33 3
196	70 79 28 81
197	42 47 20 61
198	42 34 78 91
199	69 17 6 32
200	20 47 68 96
201	86 69 45 27
202	52 47 16 14
203	12 80 52 79
204	100 57 43 22
205	22 59 96 13
206	88 94 84 92
207	99 60 100 21
208	88 34 3 19
209	50 47 79 31
210	68 63 54 18
211	84 71 83 47
212	61 56 96 60
213	12 96 87 25
214	54 95 82 10
215	81 34 1 49
216	12 92 39 58
217	77 40 55 93
218	21 42 71 77
219	34 81 51 76
220	63 56 34 82
221	1 95 37 91
222	84 71 18 41
223	9 77 66 10
224	67 34 39 86
225	33 48 73 3
226	90 100 92 26
227	12 34 30 81
228	36 40 49 70
229	55 40 74 67
230	82 97 59 45
231	54 24 95 58
232	35 92 99 8
233	77 28 35 85
234	49 82 28 57
235	75 29 73 86
236	85 9 43 25
237	49 55 72 76
238	87 19 79 44
239	81 13 95 66
240	46 34 73 99
241	70 28 12 15
242	10 73 80 96
243	17 25 2 26
244	40 18 81 50
245	35 24 38 70
246	50 9 58 27
247	20 8 30 88
248	24 79 15 50
249	69 23 47 55
250	82 22 84 100
251	45 13 33 59
252	32 70 46 27
253	35 16 52 45
254	2 95 47 90
255	14 53 29 3
256	6 73 94 60
257	4 35 91 38
258	35 33 63 89
259	69 80 57 60
260	90 35 79 70
261	36 99 95 31
262	72 89 53 66
263	69 90 68 50
264	52 27 16 57
265	74 23 61 45
266	72 78 88 55
267	96 44 83 23
268	10 24 27 2
269	61 84 64 19
270	80 40 1 90
271	61 75 32 38
272	98 87 41 78
273	29 27 32 13
274	33 63 89 99
275	70 44 16 20
276	67 51 15 22
277	15 49 23 17
278	7 52 49 100
279	77 83 94 84
280	91 1 65 85
281	43 59 37 72
282	49 61 60 29
283	37 22 46 90
284	93 65 88 97
285	8 11 19 97
286	83 77 23 69
287	16 52 51 86
288	50 39 20 41
289	41 53 23 87
290	7 1 80 9
291	28 53 46 66
292	16 19 80 10
293	71 75 49 27
294	80 25 69 76
295	15 98 13 41
296	78 79 12 21
297	90 39 51 74
298	40 58 44 9
299	6 35 65 20
300	86 26 43 59
301	83 82 33 95
302	86 59 67 54
303	99 45 82 35
304	18 19 51 48
305	62 95 63 21
306	69 86 3 47
307	56 47 24 3
308	53 43 56 37
309	91 22 89 39
310	12 20 69 63
311	28 10 26 64
312	74 19 65 78
313	9 72 63 42
314	64 58 7 28
315	72 60 42 46
316	84 16 83 68
317	84 75 20 21
318	77 72 19 70
319	29 66 100 93
320	4 15 58 63
321	53 95 23 18
322	89 76 3 28
323	42 46 60 40
324	1 19 50 16
325	62 82 71 65
326	67 96 38 53
327	61 7 98 34
328	90 60 70 63
329	82 74 83 49
330	47 13 87 96
331	99 29 57 82
332	12 87 43 98
333	89 58 59 1
334	97 2 13 85
335	48 45 17 14
336	15 62 20 47
337	30 3 50 69
338	37 71 47 32
339	44 49 63 36
340	40 38 63 78
341	11 96 18 7
342	59 88 39 75
343	6 53 100 22
344	80 61 88 37
345	78 67 21 86
346	7 70 68 47
347	74 53 8 80
348	83 20 61 26
349	25 84 72 2
350	1 100 87 49
351	8 3 62 9
352	93 45 95 4
353	60 5 67 51
354	51 33 73 86
355	62 87 22 82
356	77 80 24 44
357	9 41 8 70
358	4 63 5 92
359	91 73 57 85
360	5 82 76 64
361	54 72 37 50
362	69 30 3 21
363	38 80 31 63
364	98 63 49 7
365	88 36 89 70
366	80 100 17 20
367	26 91 76 17
368	87 61 33 85
369	100 81 50 7
370	87 2 59 96
371	90 97 31 75
372	81 28 86 36
373	18 80 73 21
374	38 62 4 53
375	96 60 46 78
376	55 22 68 53
377	76 79 54 90
378	32 17 27 35
379	38 73 3 31
380	39 52 31 59
381	33 8 11 55
382	65 23 15 78
383	39 94 69 82
384	89 46 91 2
385	12 44 89 57
386	61 88 11 51
387	25 70 1 40
388	12 9 38 79
389	17 29 13 16
390	34 74 84 18
391	50 88 94 56
392	27 75 8 77
393	95 24 97 65
394	100 3 42 66
395	39 80 13 44
396	77 84 16 49
397	51 46 48 50
398	80 60 90 3
399	52 97 87 75
400	66 11 95 57
401	87 49 91 59
402	96 44 61 19
403	19 14 84 61
404	100 97 62 98
405	63 98 69 46
406	18 19 77 93
407	26 73 76 7
408	3 16 14 93
409	58 44 85 66
410	89 97 3 7
411	54 34 32 29
412	76 47 86 60
413	64 68 50 12
414	75 68 58 52
415	53 29 40 67
416	92 1 54 10
417	21 97 18 46
418	47 42 90 12
419	76 57 83 100
420	81 17 10 28
421	31 40 21 51
422	56 52 10 91
423	51 36 79 19
424	32 100 16 5
425	60 79 38 100
426	59 22 4 21
427	17 97 9 67
428	84 22 1 55
429	53 77 63 28
430	69 49 34 68
431	4 16 12 32
432	70 30 18 54
433	37 73 45 12
434	15 86 17 67
435	72 65 37 51
436	85 63 81 79
437	98 9 41 40
438	9 40 39 75
439	70 56 5 8
440	95 89 45 31
441	70 66 22 98
442	21 70 92 4
443	30 19 43 38
444	73 27 31 100
445	30 7 85 50
446	84 39 26 62
447	40 61 9 46
448	61 58 89 4
449	70 75 90 10
450	45 37 39 71
451	15 57 86 27
452	66 89 75 41
453	80 26 97 70
454	67 23 58 85
455	91 63 58 6
456	11 45 89 23
457	6 84 25 66
458	44 61 14 94
459	94 43 83 91
460	43 92 88 64
461	13 45 91 8
462	15 31 52 32
463	39 29 7 100
464	29 73 2 51
465	46 34 2 38
466	85 70 11 99
467	26 18 58 39
468	44 24 96 95
469	91 62 73 83
470	6 69 50 87
471	52 73 60 25
472	16 32 86 93
473	41 45 81 85
474	30 6 74 8
475	5 20 38 56
476	54 39 62 85
477	27 66 56 77
478	34 31 23 14
479	92 44 53 94
480	1 25 14 32
481	41 40 13 58
482	26 54 4 55
483	92 77 69 50
484	26 82 11 78
485	28 85 32 99
486	98 24 1 87
487	10 65 6 93
488	77 20 15 80
489	62 9 32 17
490	40 41 4 60
491	82 71 53 20
492	4 90 7 22
493	3 98 68 54
494	8 31 52 62
495	38 61 35 82
496	54 91 35 47
497	81 21 22 53
498	3 5 47 46
499	67 60 6 36
500	87 13 85 46
501	15 48 38 84
502	93 11 72 18
503	18 6 25 67
504	31 34 21 16
505	91 7 68 59
506	98 87 19 71
507	41 37 24 49
508	8 58 56 65
509	66 73 44 52
510	23 37 98 64
511	24 36 97 83
512	47 65 68 18
513	91 21 3 78
514	54 45 27 73
515	11 13 30 12
516	41 77 72 93
517	21 93 1 6
518	56 99 21 45
519	38 88 42 96
520	1 10 57 99
521	22 99 95 26
522	16 38 23 45
523	3 40 36 44
524	29 44 80 82
525	10 87 95 11
526	21 5 83 89
527	21 6 65 66
528	66 20 89 45
529	15 64 44 13
530	22 29 47 8
531	72 65 75 97
532	46 8 54 42
533	19 89 59 62
534	84 35 44 36
535	65 80 50 86
536	12 14 88 56
537	75 19 4 39
538	44 34 64 81
539	79 96 21 80
540	84 12 10 91
541	94 80 33 72
542	19 100 85 65
543	52 29 16 72
544	75 40 63 39
545	12 41 69 11
546	40 24 59 34
547	13 61 29 93
548	77 43 18 12
549	65 10 21 82
550	41 25 88 36
551	70 11 78 87
552	23 47 75 35
553	70 92 21 84
554	75 82 86 87
555	93 84 86 65
556	14 87 99 12
557	55 38 44 75
558	62 6 31 32
559	37 96 64 13
560	4 61 71 2
561	56 15 32 33
562	89 90 42 60
563	53 89 43 9
564	39 65 58 100
565	69 8 60 36
566	91 58 23 38
567	25 84 2 92
568	98 88 44 23
569	51 98 34 91
570	88 46 99 42
571	63 36 5 96
572	54 56 46 74
573	59 35 80 41
574	44 74 2 93
575	4 49 20 5
576	6 34 98 67
577	50 21 8 26
578	71 80 100 89
579	82 85 50 18
580	34 19 100 36
581	60 32 93 75
582	66 64 30 18
583	66 27 83 29
584	4 37 51 92
585	62 14 58 4
586	30 31 16 4
587	29 92 66 97
588	99 35 60 54
589	32 84 68 74
590	29 91 90 13
591	63 82 3 74
592	14 87 29 65
593	59 3 36 97
594	58 16 9 41
595	30 14 73 63
596	50 83 28 70
597	35 28 57 3
598	60 87 61 80
599	4 40 28 6
600	62 37 88 53
601	65 22 78 16
602	35 81 17 31
603	27 95 83 35
604	89 39 30 34
605	42 82 74 77
606	57 41 93 36
607	39 8 60 5
608	80 42 82 53
609	20 27 34 36
610	100 53 79 57
611	78 57 72 27
612	16 68 55 15
613	75 96 32 34
614	89 55 14 69
615	87 25 69 96
616	25 95 81 34
617	63 15 58 52
618	99 77 70 85
619	21 49 24 88
620	98 66 2 83
621	34 57 68 15
622	23 5 33 53
623	63 46 69 100
624	97 98 44 32
625	28 49 84 59
626	45 24 11 28
627	77 7 80 42
628	99 89 72 25
629	75 68 4 91
630	11 34 76 23
631	32 84 62 72
632	50 53 4 60
633	75 18 87 14
634	64 26 82 59
635	37 19 2 4
636	61 41 82 100
637	56 85 99 33
638	53 20 36 35
639	61 9 80 92
640	61 19 92 8
641	42 49 88 68
642	47 16 69 50
643	92 16 18 36
644	4 50 3 41
645	66 35 4 95
646	53 65 36 6
647	100 47 81 18
648	75 100 4 41
649	12 98 69 48
650	23 99 52 96
651	77 85 71 54
652	59 100 45 75
653	8 94 72 5
654	4 42 43 7
655	58 31 90 5
656	52 23 63 61
657	1 28 33 75
658	4 35 16 45
659	90 4 33 36
660	87 49 23 37
661	95 60 2 93
662	10 55 34 3
663	45 46 28 65
664	16 64 78 87
665	69 97 37 75
666	34 23 45 91
667	60 44 84 72
668	43 87 11 6
669	46 75 98 89
670	55 7 75 71
671	55 27 65 43
672	43 78 38 86
673	40 18 5 89
674	9 44 37 70
675	43 82 37 87
676	1 90 96 27
677	65 86 16 8
678	52 40 88 57
679	41 99 27 22
680	10 66 35 99
681	61 42 30 17
682	96 5 67 24
683	40 23 97 63
684	19 27 30 47
685	61 97 85 41
686	60 67 5 11
687	91 48 63 74
688	38 84 12 65
689	23 92 65 34
690	59 54 1 90
691	40 67 6 38
692	42 4 15 6
693	79 48 75 20
694	31 71 73 67
695	21 48 45 33
696	88 20 74 63
697	13 58 90 44
698	90 100 40 57
699	93 74 71 92
700	40 93 23 17
701	68 92 56 87
702	36 97 79 40
703	62 96 64 5
704	46 52 68 48
705	29 5 52 62
706	93 72 12 47
707	63 38 86 28
708	66 53 82 67
709	67 28 21 52
710	83 40 81 60
711	39 89 4 77
712	32 29 28 39
713	53 98 23 51
714	85 14 69 20
715	22 48 65 61
716	78 92 57 45
717	29 52 95 41
718	4 8 35 27
719	23 46 82 85
720	22 63 51 3
721	7 56 96 82
722	12 86 18 45
723	68 55 76 72
724	29 18 96 5
725	39 14 71 61
726	34 57 94 32
727	69 94 37 56
728	91 81 9 5
729	47 97 48 55
730	83 65 39 23
731	21 38 91 79
732	10 54 20 24
733	51 64 45 77
734	47 31 20 62
735	65 43 88 55
736	34 93 79 4
737	39 100 53 30
738	71 98 67 45
739	64 34 97 38
740	8 67 52 62
741	46 40 67 43
742	96 42 3 71
743	57 72 75 67
744	59 4 6 57
745	5 84 20 53
746	88 30 14 69
747	3 55 59 4
748	73 88 84 62
749	44 5 15 62
750	4 58 43 70
751	34 33 15 65
752	61 64 44 58
753	45 30 31 66
754	77 49 100 38
755	64 6 92 90
756	4 38 71 40
757	10 49 54 85
758	66 14 90 80
759	100 66 59 17
760	72 6 35 11
761	1 30 35 51
762	13 15 25 29
763	13 91 95 87
764	3 24 48 29
765	50 31 53 75
766	7 80 89 21
767	60 96 78 61
768	57 35 41 40
769	48 57 91 61
770	55 94 71 22
771	77 80 39 88
772	35 50 98 82
773	82 79 61 27
774	75 27 36 33
775	45 12 61 41
776	70 86 90 14
777	50 58 26 31
778	5 82 65 50
779	30 81 78 6
780	92 73 35 78
781	27 9 13 14
782	37 34 80 55
783	1 17 98 54
784	77 68 93 66
785	63 25 71 75
786	76 47 68 45
787	5 87 10 75
788	38 89 32 45
789	27 55 94 75
790	72 21 14 7
791	25 91 20 27
792	54 49 94 10
793	70 91 83 3
794	48 41 61 64
795	67 60 20 87
796	87 22 72 71
797	51 1 5 75
798	10 9 96 77
799	32 10 25 27
800	24 29 41 80
801	66 23 21 58
802	20 91 74 16
803	48 89 3 29
804	20 15 45 43
805	52 97 13 83
806	1 89 80 24
807	23 13 88 4
808	43 68 96 28
809	54 13 7 45
810	24 17 48 2
811	100 1 69 72
812	88 99 97 58
813	78 92 86 73
814	45 64 28 36
815	25 50 68 33
816	18 11 53 91
817	60 77 33 42
818	46 49 10 76
819	2 61 78 55
820	90 3 20 63
821	31 12 73 5
822	72 82 35 23
823	6 3 87 43
824	25 71 77 57
825	59 90 99 79
826	55 32 63 3
827	77 9 27 26
828	10 22 60 2
829	3 97 64 89
830	99 53 28 25
831	41 54 65 42
832	12 2 94 72
833	57 37 48 55
834	64 70 84 55
835	67 100 29 22
836	76 35 84 34
837	4 17 3 87
838	29 26 72 5
839	51 89 43 35
840	90 64 23 58
841	45 55 92 61
842	64 7 40 22
843	26 35 85 76
844	60 12 31 87
845	65 14 47 79
846	70 60 61 50
847	86 94 70 34
848	45 86 8 60
849	31 2 63 30
850	5 18 15 74
851	32 97 71 69
852	3 46 70 93
853	81 6 38 19
854	16 85 61 11
855	75 67 64 55
856	35 69 41 11
857	31 67 27 37
858	46 36 10 84
859	5 29 72 75
860	21 35 36 50
861	43 66 81 60
862	91 64 100 42
863	42 62 53 36
864	68 54 28 27
865	30 84 90 59
866	18 17 23 1
867	39 13 80 19
868	26 72 90 13
869	14 66 31 22
870	98 79 53 76
871	68 97 2 100
872	89 38 23 12
873	37 11 79 4
874	10 32 37 100
875	73 87 92 33
876	85 87 23 38
877	91 11 59 12
878	14 75 87 44
879	26 67 23 96
880	5 41 72 91
881	83 28 42 20
882	43 22 39 49
883	30 57 40 38
884	17 68 13 43
885	69 91 25 77
886	47 48 59 65
887	25 16 92 10
888	61 9 19 62
889	66 25 96 5
890	6 2 1 35
891	52 7 15 8
892	6 27 85 90
893	54 25 31 93
894	15 43 45 76
895	1 49 35 13
896	86 90 82 65
897	27 33 75 56
898	84 39 2 76
899	61 99 53 3
900	94 56 3 86
901	82 16 21 28
902	23 35 37 45
903	39 2 28 74
904	61 2 85 16
905	23 40 5 94
906	47 32 61 95
907	49 86 62 60
908	52 85 89 12
909	16 48 65 13
910	3 30 83 61
911	90 100 21 54
912	95 38 19 48
913	87 78 45 6
914	90 100 42 47
915	14 15 4 46
916	73 81 61 39
917	93 48 57 51
918	74 43 45 100
919	8 30 83 66
920	86 41 61 79
921	56 4 51 99
922	38 9 62 63
923	27 25 76 85
924	19 71 6 13
925	3 47 82 21
926	6 55 23 62
927	63 80 42 57
928	84 62 9 56
929	94 54 77 48
930	32 43 20 91
931	72 93 48 26
932	90 22 84 83
933	12 79 41 69
934	17 23 78 35
935	69 4 92 24
936	2 9 1 94
937	83 89 46 36
938	51 87 78 67
939	7 70 98 57
940	76 44 95 79
941	74 64 37 41
942	4 12 59 43
943	33 31 91 100
944	7 55 74 32
945	63 78 77 38
946	22 35 76 3
947	35 14 70 83
948	68 50 43 58
949	10 100 31 47
950	93 22 66 62
951	55 97 5 32
952	93 59 40 87
953	55 83 59 92
954	8 68 11 23
955	16 34 11 71
956	40 93 47 54
957	25 36 62 29
958	15 69 12 97
959	71 62 20 40
960	46 42 21 95
961	40 81 93 77
962	39 45 10 40
963	47 35 32 22
964	51 42 66 89
965	71 87 39 76
966	74 26 23 78
967	82 84 55 75
968	51 71 44 97
969	90 76 31 71
970	86 26 16 63
971	3 19 77 52
972	55 56 57 46
973	4 50 12 15
974	47 65 96 100
975	27 92 1 55
976	98 73 84 9
977	32 73 83 34
978	51 9 38 16
979	54 49 76 42
980	12 46 65 6
981	17 16 1 90
982	74 81 40 73
983	20 41 12 3
984	58 49 31 59
985	87 68 49 27
986	89 10 64 73
987	44 84 33 25
988	33 29 10 77
989	26 51 15 13
990	55 85 53 72
991	25 3 66 91
992	10 15 99 45
993	54 6 2 15
994	2 6 62 87
995	56 72 100 99
996	98 69 95 79
997	21 97 37 70
998	28 58 80 8
999	95 29 56 41
1000	51 65 72 96
1001	26 100 35 69
1002	25 52 86 27
1003	7 8 60 13
1004	58 16 72 96
1005	32 71 1 52
1006	4 13 70 50
1007	55 40 12 9
1008	97 71 32 64
1009	25 99 69 3
1010	13 8 55 20
1011	7 90 45 39
1012	58 68 45 51
1013	6 25 83 62
1014	64 66 10 72
1015	48 25 11 20
1016	52 96 34 21
1017	46 39 99 31
1018	33 80 77 12
1019	50 54 39 30
1020	75 43 97 69
1021	3 75 57 31
1022	47 39 68 81
1023	17 44 85 73
1024	4 11 6 98
1025	2 9 85 80
1026	56 47 27 39
1027	69 70 76 31
1028	25 90 96 67
1029	26 77 96 60
1030	19 79 3 33
1031	16 51 19 2
1032	24 31 64 43
1033	55 73 20 31
1034	42 36 96 13
1035	97 69 41 73
1036	88 100 94 74
1037	51 5 89 55
1038	69 34 100 14
1039	79 71 99 2
1040	47 87 67 66
1041	13 60 40 4
1042	60 41 87 15
1043	69 85 64 97
1044	4 88 8 7
1045	8 1 37 53
1046	1 63 32 16
1047	44 53 67 24
1048	32 91 31 1
1049	14 47 32 12
1050	74 2 48 3
1051	19 12 20 95
1052	92 96 25 49
1053	21 76 25 47
1054	2 11 71 63
1055	92 61 30 39
1056	68 71 91 79
1057	8 95 89 32
1058	18 14 70 16
1059	12 28 88 72
1060	81 34 3 44
1061	100 35 22 47
1062	95 17 6 61
1063	61 89 81 79
1064	47 69 27 40
1065	52 94 66 57
1066	38 99 92 76
1067	83 69 21 53
1068	80 40 6 11
1069	96 76 36 19
1070	79 64 2 74
1071	41 19 42 51
1072	70 15 83 69
1073	19 86 91 54
1074	16 8 42 27
1075	41 1 87 43
1076	76 35 55 21
1077	4 17 41 73
1078	1 61 21 37
1079	97 9 82 59
1080	12 13 8 86
1081	93 77 67 100
1082	22 27 3 83
1083	32 55 53 86
1084	41 1 40 31
1085	37 48 96 99
1086	21 55 48 25
1087	94 7 55 19
1088	33 90 26 39
1089	50 82 17 19
1090	90 41 51 27
1091	34 14 48 88
1092	72 79 50 97
1093	45 47 51 30
1094	35 96 8 64
1095	10 19 67 53
1096	19 58 81 70
1097	61 9 81 25
1098	40 62 71 52
1099	37 78 20 53
1100	54 81 77 6
1101	62 26 88 46
1102	70 100 81 80
1103	59 37 84 31
1104	100 61 34 88
1105	49 65 67 16
1106	28 73 17 43
1107	29 14 65 63
1108	7 18 38 34
1109	53 20 59 60
1110	86 9 16 12
1111	81 49 70 39
1112	60 31 72 17
1113	42 67 48 43
1114	4 37 77 58
1115	68 84 99 76
1116	86 76 35 84
1117	60 34 69 66
1118	68 56 14 42
1119	50 6 76 72
1120	10 83 96 43
1121	86 57 84 52
1122	81 92 9 59
1123	22 67 79 29
1124	97 24 91 81
1125	91 96 78 47
1126	99 53 91 1
1127	90 60 14 83
1128	100 39 11 68
1129	92 87 88 28
1130	25 73 23 77
1131	3 2 74 75
1132	88 68 56 16
1133	3 22 4 78
1134	27 15 76 60
1135	35 94 62 87
1136	95 42 91 50
1137	95 56 27 69
1138	5 94 70 71
1139	73 94 67 52
1140	3 68 57 60
1141	31 27 61 16
1142	83 17 50 34
1143	21 7 63 81
1144	37 13 55 24
1145	81 46 63 99
1146	68 43 95 40
1147	72 49 39 28
1148	69 87 1 50
1149	78 82 47 29
1150	23 42 99 77
1151	42 83 48 90
1152	3 32 88 99
1153	41 23 90 66
1154	2 92 41 67
1155	16 90 81 12
1156	75 1 78 91
1157	31 42 17 71
1158	15 72 2 96
1159	54 35 47 36
1160	43 54 3 12
1161	10 79 36 15
1162	44 38 72 43
1163	90 7 31 87
1164	42 59 39 82
1165	54 97 6 15
1166	77 39 4 1
1167	12 61 51 56
1168	79 80 10 48
1169	23 94 75 6
1170	65 22 88 44
1171	14 97 71 50
1172	76 96 25 14
1173	75 68 42 89
1174	17 15 84 99
1175	48 7 1 98
1176	82 66 28 97
1177	72 23 9 67
1178	99 11 18 31
1179	64 48 57 12
1180	31 88 89 83
1181	16 19 43 97
1182	13 83 53 80
1183	23 83 99 69
1184	23 78 30 67
1185	83 17 15 2
1186	41 58 86 67
1187	90 57 3 59
1188	2 6 18 86
1189	82 64 18 72
1190	26 72 35 15
1191	47 18 99 1
1192	32 92 31 70
1193	12 20 55 51
1194	47 83 13 43
1195	56 50 66 12
1196	21 51 88 42
1197	59 84 10 47
1198	22 72 6 63
1199	2 84 3 75
1200	91 57 58 77
1201	56 12 42 9
1202	77 96 76 48
1203	76 27 25 29
1204	56 75 43 87
1205	29 52 85 50
1206	59 11 24 43
1207	4 18 37 15
1208	8 4 34 92
1209	48 75 26 50
1210	61 99 30 42
1211	26 55 34 61
1212	79 4 2 60
1213	95 9 13 88
1214	1 38 67 50
1215	27 48 40 25
1216	89 57 36 23
1217	42 33 67 46
1218	18 41 9 62
1219	22 19 61 49
1220	35 4 15 58
1221	15 83 97 46
1222	65 93 5 37
1223	37 26 89 45
1224	81 23 72 31
1225	56 72 57 91
1226	10 73 22 44
1227	51 77 80 79
1228	80 74 50 100
1229	63 91 84 8
1230	78 41 10 66
1231	55 4 45 46
1232	44 42 37 24
1233	17 33 92 47
1234	61 44 86 3
1235	84 36 89 92
1236	31 73 82 56
1237	85 74 18 52
1238	18 63 68 21
1239	27 38 26 91
1240	10 18 51 39
1241	81 26 59 19
1242	60 54 94 53
1243	3 21 9 74
1244	1 78 28 56
1245	66 64 40 30
1246	12 36 1 47
1247	33 18 11 3
1248	63 28 7 98
1249	35 22 52 94
1250	76 33 89 57
1251	51 39 31 12
1252	82 70 43 90
1253	18 29 39 79
1254	40 76 58 2
1255	63 27 53 47
1256	8 16 57 41
1257	40 9 65 20
1258	13 38 75 49
1259	39 16 99 79
1260	87 1 69 78
1261	66 31 30 68
1262	46 26 11 56
1263	55 68 70 58
1264	39 70 13 85
1265	22 80 84 55
1266	33 36 46 47
1267	3 50 14 43
1268	2 62 34 67
1269	42 57 18 40
1270	76 47 97 81
1271	8 50 84 37
1272	68 25 52 16
1273	65 7 86 67
1274	16 64 27 63
1275	25 72 45 66
1276	73 88 5 48
1277	98 36 60 57
1278	87 41 35 46
1279	45 34 29 96
1280	68 34 95 72
1281	62 60 94 81
1282	48 50 79 23
1283	27 86 81 63
1284	38 68 49 58
1285	34 46 55 21
1286	33 51 44 41
1287	35 31 100 2
1288	32 54 56 82
1289	94 29 88 31
1290	97 50 49 41
1291	75 78 29 9
1292	50 47 12 99
1293	12 60 41 29
1294	26 35 83 10
1295	28 26 21 8
1296	84 9 6 8
1297	16 21 7 66
1298	42 72 51 5
1299	68 14 17 74
1300	69 27 10 24
1301	99 12 24 88
1302	92 99 44 51
1303	15 98 100 11
1304	63 62 19 33
1305	79 18 47 65
1306	73 9 49 55
1307	90 56 31 100
1308	58 83 96 34
1309	7 2 60 11
1310	40 29 68 26
1311	68 24 96 37
1312	12 82 86 48
1313	68 48 73 12
1314	56 25 32 42
1315	52 35 49 2
1316	10 49 70 35
1317	20 52 83 14
1318	61 39 100 8
1319	99 67 22 36
1320	94 30 56 26
1321	27 24 34 90
1322	65 5 67 69
1323	88 36 77 8
1324	33 93 40 13
1325	70 12 85 88
1326	31 24 49 57
1327	42 97 27 33
1328	28 78 74 65
1329	76 19 6 43
1330	55 62 41 99
1331	4 70 2 19
1332	66 2 75 50
1333	11 79 65 52
1334	19 85 88 89
1335	23 86 59 66
1336	56 59 89 3
1337	27 47 85 9
1338	41 47 92 81
1339	15 95 49 21
1340	8 81 94 58
1341	85 12 15 59
1342	45 80 67 47
1343	76 98 29 80
1344	28 83 68 16
1345	37 5 34 55
1346	45 76 17 36
1347	3 53 21 35
1348	28 40 91 51
1349	73 76 29 95
1350	72 57 36 61
1351	89 8 12 16
1352	46 31 62 45
1353	10 90 47 89
1354	25 98 91 88
1355	77 70 55 59
1356	71 84 34 70
1357	53 97 26 89
1358	74 36 16 41
1359	44 95 71 16
1360	73 37 80 81
1361	97 1 9 26
1362	69 90 65 60
1363	27 77 37 2
1364	2 88 10 48
1365	81 54 51 10
1366	40 39 10 59
1367	92 28 22 8
1368	71 55 11 20
1369	51 100 53 26
1370	57 10 15 65
1371	86 66 95 6
1372	54 38 29 44
1373	98 35 34 16
1374	44 53 79 33
1375	84 21 89 66
1376	57 23 96 95
1377	32 60 47 71
1378	30 94 56 28
1379	95 82 52 6
1380	99 1 39 71
1381	42 24 76 81
1382	59 100 1 9
1383	3 64 19 61
1384	22 70 91 52
1385	38 70 54 11
1386	13 18 89 73
1387	44 48 87 23
1388	90 63 22 50
1389	98 40 4 21
1390	18 43 13 32
1391	51 40 68 9
1392	74 22 51 70
1393	49 100 99 24
1394	23 34 49 39
1395	17 39 55 33
1396	16 82 88 73
1397	58 87 70 60
1398	90 98 61 81
1399	57 14 47 17
1400	18 71 48 96
1401	25 38 23 99
1402	72 98 78 43
1403	80 49 14 19
1404	15 9 47 53
1405	60 64 24 13
1406	18 65 35 91
1407	73 9 33 52
1408	83 43 47 63
1409	57 69 83 58
1410	96 68 71 2
1411	83 87 93 88
1412	15 58 14 52
1413	25 14 50 75
1414	3 40 9 90
1415	35 44 58 32
1416	25 81 92 91
1417	52 5 73 65
1418	2 45 54 6
1419	21 75 7 83
1420	4 54 98 82
1421	17 32 39 73
1422	20 59 85 32
1423	56 32 38 41
1424	13 48 98 18
1425	52 51 86 81
1426	24 83 100 72
1427	38 4 51 6
1428	81 52 58 92
1429	80 30 46 72
1430	21 14 20 100
1431	66 11 83 56
1432	78 46 99 28
1433	75 63 64 77
1434	47 77 37 92
1435	88 47 87 42
1436	59 85 50 14
1437	22 89 88 33
1438	23 2 10 71
1439	93 27 78 40
1440	77 60 11 90
1441	27 87 59 19
1442	5 24 52 54
1443	77 60 70 90
1444	67 35 55 81
1445	87 19 90 23
1446	57 62 79 85
1447	32 22 7 24
1448	3 99 96 88
1449	64 28 42 55
1450	59 14 43 25
1451	83 4 74 25
1452	24 33 72 90
1453	87 29 37 64
1454	95 59 42 93
1455	70 20 55 87
1456	37 43 55 4
1457	27 65 50 63
1458	84 71 87 42
1459	8 7 50 51
1460	55 94 21 19
1461	11 87 89 98
1462	97 74 37 38
1463	68 88 48 22
1464	21 44 87 66
1465	2 36 92 41
1466	74 55 40 59
1467	99 70 19 20
1468	61 66 90 24
1469	38 78 3 63
1470	38 46 23 65
1471	17 75 31 41
1472	94 65 31 55
1473	74 90 23 4
1474	55 69 26 87
1475	82 87 38 44
1476	13 16 26 67
1477	5 44 42 46
1478	63 13 64 96
1479	36 96 75 40
1480	28 20 54 52
1481	4 88 19 23
1482	34 73 1 88
1483	29 5 8 91
1484	10 34 73 86
1485	20 6 25 33
1486	36 87 26 97
1487	70 41 81 27
1488	55 5 40 92
1489	70 21 41 28
1490	26 37 62 40
1491	64 2 43 87
1492	10 52 98 22
1493	73 70 7 96
1494	98 60 55 34
1495	25 70 45 42
1496	72 81 44 59
1497	78 36 39 35
1498	58 51 68 40
1499	48 28 38 100
1500	12 93 21 65
1501	54 48 80 95
1502	41 50 30 36
1503	21 3 96 80
1504	63 54 39 68
1505	68 67 73 59
1506	1 59 79 31
1507	70 11 42 8
1508	41 72 64 43
1509	6 34 68 75
1510	85 38 48 26
1511	78 29 100 59
1512	31 78 47 28
1513	40 73 38 12
1514	83 49 90 78
1515	18 11 47 30
1516	6 28 65 18
1517	12 99 82 14
1518	3 63 56 31
1519	90 88 76 91
1520	48 78 69 2
1521	17 56 72 14
1522	15 89 5 78
1523	5 29 64 68
1524	93 8 54 27
1525	19 73 63 47
1526	84 52 68 80
1527	56 45 76 72
1528	23 60 35 62
1529	63 29 26 9
1530	77 10 45 33
1531	76 19 26 81
1532	16 78 64 19
1533	42 8 79 44
1534	6 68 45 3
1535	80 73 53 68
1536	24 33 81 82
1537	86 92 89 10
1538	68 28 43 26
1539	32 22 70 43
1540	74 82 8 38
1541	87 11 86 12
1542	37 23 33 99
1543	12 54 19 43
1544	45 48 7 27
1545	23 85 94 32
1546	4 46 58 59
1547	42 1 75 50
1548	32 87 72 41
1549	95 71 76 99
1550	25 31 57 71
1551	65 9 93 79
1552	74 93 77 22
1553	52 95 25 48
1554	39 72 7 19
1555	90 97 63 87
1556	41 4 98 55
1557	38 30 62 81
1558	20 12 47 76
1559	42 47 45 13
1560	10 25 32 87
1561	57 61 20 87
1562	50 68 37 77
1563	55 20 99 83
1564	69 55 82 28
1565	17 98 61 64
1566	60 67 12 78
1567	6 8 95 26
1568	47 58 78 26
1569	10 57 83 32
1570	98 67 33 48
1571	47 26 80 6
1572	56 77 79 37
1573	94 99 28 95
1574	8 34 16 40
1575	2 100 37 45
1576	14 65 78 62
1577	70 17 73 46
1578	50 30 12 91
1579	45 30 94 55
1580	17 82 32 7
1581	68 55 43 25
1582	53 3 100 98
1583	42 34 88 74
1584	37 42 41 78
1585	44 67 51 63
1586	56 66 53 96
1587	60 79 67 45
1588	65 62 79 96
1589	99 67 97 78
1590	94 19 92 71
1591	71 11 61 3
1592	7 57 50 73
1593	92 49 69 24
1594	58 65 60 29
1595	52 4 57 74
1596	43 60 3 49
1597	40 24 32 46
1598	91 37 57 6
1599	54 55 75 74
1600	37 62 34 53
1601	64 59 7 47
1602	97 88 64 81
1603	48 23 53 90
1604	48 33 12 17
1605	14 45 18 47
1606	85 30 9 55
1607	1 79 25 64
1608	57 75 16 31
1609	10 36 90 59
1610	10 58 30 25
1611	58 54 13 11
1612	16 29 44 52
1613	30 62 52 76
1614	100 94 76 78
1615	81 95 22 44
1616	88 22 64 18
1617	49 13 71 69
1618	80 67 76 37
1619	65 3 91 81
1620	19 45 89 91
1621	27 60 2 48
1622	74 61 41 12
1623	18 100 23 31
1624	38 66 34 94
1625	88 55 74 34
1626	41 20 66 73
1627	77 62 2 36
1628	42 53 81 76
1629	22 75 70 44
1630	47 68 13 97
1631	5 96 55 37
1632	23 22 25 65
1633	48 34 73 6
1634	1 82 61 40
1635	39 68 2 11
1636	36 100 70 92
1637	6 55 21 40
1638	95 54 24 14
1639	35 7 1 5
1640	51 60 24 82
1641	86 5 62 3
1642	48 30 59 90
1643	30 48 99 35
1644	3 55 98 1
1645	6 24 7 51
1646	6 16 57 36
1647	21 93 98 74
1648	56 80 31 40
1649	75 6 25 58
1650	23 14 95 15
1651	88 37 26 97
1652	82 55 52 66
1653	38 44 87 19
1654	47 51 94 62
1655	59 38 76 10
1656	56 93 47 13
1657	1 52 18 10
1658	35 14 26 82
1659	66 86 96 48
1660	40 66 17 97
1661	73 34 90 8
1662	97 33 9 11
1663	51 22 25 16
1664	87 16 13 53
1665	34 61 11 3
1666	30 6 87 42
1667	99 41 24 79
1668	37 33 31 95
1669	19 62 9 20
1670	2 42 49 33
1671	14 71 88 37
1672	95 87 21 14
1673	59 3 78 98
1674	67 11 14 45
1675	70 40 29 26
1676	18 31 27 38
1677	17 20 4 33
1678	100 63 74 55
1679	39 92 80 10
1680	24 80 84 33
1681	22 79 17 67
1682	14 8 40 25
1683	56 43 14 38
1684	7 93 70 3
1685	36 70 65 12
1686	83 96 58 73
1687	24 80 90 43
1688	49 72 82 62
1689	16 78 14 94
1690	10 77 83 98
1691	64 46 62 20
1692	34 51 46 13
1693	14 83 49 50
1694	81 33 15 76
1695	90 3 24 63
1696	24 29 66 10
1697	40 49 96 64
1698	17 77 24 9
1699	100 96 24 41
1700	79 61 33 40
1701	8 70 40 96
1702	42 85 95 44
1703	23 93 91 35
1704	6 91 26 21
1705	7 38 77 1
1706	94 41 70 100
1707	78 73 64 98
1708	50 61 72 19
1709	62 29 9 27
1710	23 1 7 20
1711	53 61 3 5
1712	58 86 80 93
1713	33 93 56 18
1714	25 1 88 35
1715	62 74 87 65
1716	51 31 21 75
1717	27 8 26 48
1718	97 58 52 22
1719	84 80 59 20
1720	99 26 13 72
1721	23 75 15 90
1722	33 92 10 11
1723	33 82 1 49
1724	97 50 13 72
1725	56 77 90 93
1726	85 18 57 14
1727	36 99 72 28
1728	60 93 72 9
1729	56 73 71 89
1730	6 19 52 59
1731	99 86 61 16
1732	89 54 98 32
1733	26 99 98 62
1734	54 90 18 62
1735	79 27 36 73
1736	81 54 30 95
1737	92 68 40 28
1738	18 81 55 13
1739	69 2 20 70
1740	61 19 96 4
1741	71 65 97 55
1742	38 66 75 56
1743	5 88 14 35
1744	61 72 39 3
1745	18 27 79 52
1746	71 1 58 27
1747	17 37 79 15
1748	12 10 68 50
1749	67 22 82 34
1750	56 97 4 78
1751	27 63 29 6
1752	86 31 54 58
1753	89 17 56 47
1754	9 22 23 30
1755	25 91 67 28
1756	64 91 4 29
1757	12 72 8 36
1758	75 80 39 28
1759	74 14 51 3
1760	45 42 100 69
1761	44 92 28 81
1762	75 43 50 31
1763	12 61 72 1
1764	88 83 68 59
1765	20 63 71 37
1766	28 57 26 92
1767	30 93 34 57
1768	49 56 89 85
1769	42 8 84 81
1770	6 98 26 36
1771	7 96 2 8
1772	42 26 17 100
1773	55 94 93 95
1774	61 74 12 90
1775	3 95 98 88
1776	24 1 39 7
1777	11 96 41 12
1778	81 32 4 23
1779	62 82 34 51
1780	52 1 62 75
1781	22 81 89 12
1782	50 89 78 11
1783	67 52 35 50
1784	65 11 42 30
1785	70 73 33 16
1786	47 38 88 86
1787	21 16 20 3
1788	63 31 24 28
1789	94 83 42 34
1790	94 78 18 37
1791	54 91 93 4
1792	29 3 81 19
1793	62 40 11 19
1794	19 78 37 96
1795	37 86 28 91
1796	56 28 45 64
1797	100 33 59 19
1798	36 33 12 96
1799	5 56 12 54
1800	17 99 3 87
1801	35 15 63 29
1802	72 100 50 31
1803	14 59 61 39
1804	93 57 20 94
1805	94 44 5 91
1806	12 91 8 44
1807	16 4 59 97
1808	62 93 61 100
1809	27 39 23 17
1810	77 82 40 33
1811	95 2 7 56
1812	30 87 59 39
1813	76 72 8 32
1814	78 52 53 64
1815	81 32 31 27
1816	41 82 68 37
1817	30 12 35 10
1818	82 49 88 15
1819	32 13 21 78
1820	75 79 25 46
1821	47 73 22 56
1822	28 43 83 93
1823	100 85 68 97
1824	13 29 35 15
1825	27 54 29 7
1826	87 97 79 39
1827	91 49 24 2
1828	56 14 76 51
1829	41 2 64 100
1830	65 30 13 77
1831	52 43 62 89
1832	58 2 90 56
1833	39 49 43 11
1834	6 72 38 7
1835	70 18 34 77
1836	36 2 79 12
1837	27 17 87 25
1838	12 19 3 78
1839	67 83 63 38
1840	62 92 54 7
1841	66 41 21 92
1842	58 98 39 74
1843	40 58 74 9
1844	19 88 62 87
1845	75 83 91 86
1846	30 75 61 19
1847	91 48 19 8
1848	99 63 97 21
1849	35 26 46 14
1850	30 89 57 49
1851	60 55 37 38
1852	61 88 58 31
1853	27 7 76 48
1854	55 89 19 42
1855	90 44 17 42
1856	63 96 76 67
1857	87 54 55 12
1858	37 15 4 49
1859	29 93 17 78
1860	90 96 98 53
1861	11 19 67 21
1862	33 85 75 59
1863	77 42 99 20
1864	58 22 55 38
1865	50 53 52 41
1866	60 25 94 18
1867	66 77 47 53
1868	25 59 53 37
1869	9 97 60 49
1870	45 72 54 18
1871	20 27 56 16
1872	76 74 2 86
1873	38 85 20 1
1874	19 9 61 20
1875	53 85 83 67
1876	35 89 5 97
1877	31 97 94 89
1878	31 87 56 81
1879	87 59 51 61
1880	2 30 5 79
1881	72 64 87 39
1882	38 67 54 65
1883	93 3 15 1
1884	52 54 39 53
1885	73 55 28 96
1886	99 28 62 92
1887	49 89 82 37
1888	64 37 67 85
1889	83 24 59 26
1890	2 1 29 80
1891	46 59 81 36
1892	44 76 80 100
1893	47 43 60 72
1894	86 6 33 53
1895	87 79 11 84
1896	93 44 36 3
1897	8 61 37 56
1898	49 25 33 26
1899	75 67 81 68
1900	7 67 25 97
1901	39 11 92 40
1902	41 58 92 22
1903	61 7 2 85
1904	10 91 70 69
1905	73 19 61 39
1906	28 11 60 34
1907	24 8 70 95
1908	45 47 7 36
1909	71 67 33 61
1910	99 36 11 5
1911	65 47 61 89
1912	22 78 79 53
1913	71 30 8 38
1914	9 46 7 18
1915	13 81 19 87
1916	30 67 80 82
1917	10 22 70 54
1918	26 4 21 2
1919	17 19 74 38
1920	89 83 80 51
1921	73 95 65 14
1922	16 84 86 8
1923	17 52 64 55
1924	10 93 16 84
1925	44 89 38 10
1926	20 96 68 73
1927	86 2 39 53
1928	90 42 79 94
1929	47 60 95 49
1930	1 35 37 83
1931	19 32 41 25
1932	93 36 96 19
1933	17 41 76 89
1934	40 18 27 82
1935	14 88 100 2
1936	21 89 16 1
1937	71 34 60 57
1938	69 40 92 35
1939	66 8 60 81
1940	9 26 23 70
1941	49 59 69 17
1942	80 17 85 29
1943	62 84 7 10
1944	13 77 95 29
1945	70 34 50 74
1946	38 58 29 53
1947	24 64 94 34
1948	1 94 81 53
1949	18 2 45 15
1950	10 63 27 97
1951	11 3 48 100
1952	79 30 18 63
1953	57 49 96 52
1954	31 69 5 60
1955	22 55 90 61
1956	51 77 18 79
1957	74 54 13 30
1958	55 40 21 28
1959	17 29 8 32
1960	83 85 34 63
1961	35 78 19 66
1962	9 26 6 60
1963	56 17 57 51
1964	74 95 65 69
1965	3 24 4 89
1966	29 22 68 89
1967	2 61 72 55
1968	43 24 65 47
1969	57 42 28 90
1970	38 16 90 23
1971	41 12 16 59
1972	87 11 66 75
1973	81 60 70 9
1974	99 93 76 8
1975	32 7 2 12
1976	75 6 24 17
1977	50 49 17 11
1978	54 51 39 83
1979	71 69 57 78
1980	46 49 25 12
1981	76 31 35 24
1982	29 42 41 88
1983	28 80 55 77
1984	92 35 37 88
1985	41 5 38 58
1986	22 87 74 69
1987	36 23 35 94
1988	74 32 5 31
1989	46 56 12 99
1990	70 26 59 20
1991	26 97 73 9
1992	6 80 26 10
1993	37 3 12 36
1994	58 70 38 87
1995	66 75 91 18
1996	28 36 24 49
1997	47 38 32 93
1998	53 81 18 17
1999	29 7 10 1
2000	64 8 49 34
2001	16 47 10 69
2002	7 18 74 77
2003	42 37 92 39
2004	60 51 46 93
2005	78 86 99 36
2006	38 43 69 45
2007	25 84 73 63
2008	32 21 19 4
2009	56 2 20 25
2010	55 80 78 68
2011	20 65 96 79
2012	13 45 44 64
2013	61 57 76 9
2014	37 34 82 8
2015	64 98 37 9
2016	22 53 94 5
2017	58 43 80 13
2018	58 36 30 68
2019	63 77 45 93
2020	87 40 6 61
2021	91 36 45 88
2022	38 14 12 58
2023	14 41 49 42
2024	16 21 10 91
2025	98 48 1 69
2026	62 87 50 48
2027	42 68 27 40
2028	28 67 17 42
2029	63 25 34 92
2030	68 44 35 25
2031	3 46 79 87
2032	6 90 78 8
2033	75 43 93 24
2034	39 51 4 68
2035	33 52 95 100
2036	44 57 47 79
2037	92 63 38 26
2038	64 58 39 80
2039	3 47 86 95
2040	58 41 26 1
2041	5 49 40 47
2042	21 59 91 96
2043	33 23 67 46
2044	74 1 18 27
2045	1 6 94 72
2046	4 53 86 85
2047	59 92 7 35
2048	33 38 75 76
2049	72 81 51 56
2050	7 96 70 4
2051	56 27 53 31
2052	88 12 95 69
2053	100 52 74 50
2054	3 72 39 12
2055	53 89 63 1
2056	47 86 84 53
2057	15 42 53 89
2058	61 49 91 12
2059	57 81 33 45
2060	35 31 60 8
2061	34 29 79 9
2062	26 54 95 13
2063	51 73 99 33
2064	32 91 98 68
2065	6 54 99 91
2066	73 88 41 59
2067	4 88 86 9
2068	7 42 49 77
2069	57 25 93 43
2070	11 82 100 87
2071	17 71 12 92
2072	45 74 70 42
2073	85 1 12 62
2074	89 88 11 5
2075	62 76 38 20
2076	67 16 42 10
2077	63 56 44 50
2078	43 6 56 99
2079	48 22 21 73
2080	3 90 18 51
2081	93 8 21 6
2082	7 27 79 78
2083	57 29 43 54
2084	20 61 58 62
2085	63 26 98 100
2086	81 59 49 47
2087	96 62 27 38
2088	19 47 57 22
2089	73 23 51 7
2090	92 16 66 46
2091	18 62 15 89
2092	53 46 65 94
2093	74 35 92 20
2094	20 35 60 32
2095	31 66 26 83
2096	2 88 22 66
2097	59 96 19 78
2098	22 3 36 2
2099	87 76 21 75
2100	19 41 44 21
2101	4 6 8 84
2102	31 85 33 70
2103	12 97 19 45
2104	74 43 19 72
2105	50 80 15 75
2106	8 27 67 85
2107	96 84 66 49
2108	33 8 90 97
2109	4 17 26 97
2110	12 73 34 40
2111	91 87 19 30
2112	23 83 20 90
2113	92 32 45 7
2114	36 93 45 3
2115	11 35 33 77
2116	34 13 68 97
2117	17 23 2 26
2118	1 28 88 64
2119	14 98 18 55
2120	94 40 10 45
2121	41 61 48 2
2122	16 8 98 40
2123	97 12 87 90
2124	84 3 8 48
2125	86 44 59 12
2126	89 54 65 96
2127	91 49 10 5
2128	25 57 91 94
2129	89 40 20 1
2130	59 13 31 18
2131	19 99 29 57
2132	57 26 29 71
2133	5 22 96 13
2134	83 8 50 87
2135	11 87 98 31
2136	37 73 55 52
2137	15 18 48 7
2138	83 52 40 71
2139	24 84 79 36
2140	3 12 60 70
2141	90 44 64 6
2142	7 66 42 72
2143	4 78 92 90
2144	71 95 77 69
2145	26 79 55 23
2146	29 97 87 57
2147	13 29 32 90
2148	5 58 30 59
2149	45 11 58 18
2150	20 39 27 15
2151	33 50 59 82
2152	72 2 64 70
2153	70 58 10 75
2154	31 37 99 1
2155	48 85 54 6
2156	23 42 27 34
2157	69 31 65 23
2158	63 49 94 59
2159	39 8 75 69
2160	4 56 31 65
2161	39 60 15 28
2162	55 32 37 92
2163	22 69 35 31
2164	90 64 25 14
2165	58 6 97 38
2166	54 87 71 36
2167	68 89 47 5
2168	6 14 28 77
2169	99 95 29 11
2170	34 82 89 12
2171	44 92 12 25
2172	99 14 67 93
2173	32 2 16 39
2174	39 50 64 7
2175	89 79 70 71
2176	5 12 64 28
2177	92 8 95 35
2178	99 49 57 55
2179	22 69 12 53
2180	34 76 33 25
2181	26 29 68 55
2182	63 12 56 26
2183	77 88 69 10
2184	61 44 60 13
2185	54 83 43 73
2186	39 27 22 67
2187	5 81 51 55
2188	45 78 24 16
2189	93 97 14 21
2190	52 27 32 74
2191	37 26 44 54
2192	56 46 99 51
2193	85 77 72 42
2194	41 33 5 6
2195	61 11 90 57
2196	51 86 91 29
2197	15 86 12 40
2198	32 94 29 64
2199	32 22 55 37
2200	2 89 88 75
2201	82 40 27 81
2202	96 17 3 51
2203	70 50 66 28
2204	33 23 34 95
2205	46 1 47 83
2206	3 96 64 33
2207	3 75 23 85
2208	81 10 47 4
2209	87 20 66 51
2210	26 52 76 91
2211	9 83 85 74
2212	29 95 96 16
2213	52 57 39 18
2214	25 53 11 69
2215	88 77 2 81
2216	69 19 58 90
2217	23 29 35 80
2218	58 54 69 66
2219	32 57 15 68
2220	60 25 53 85
2221	35 46 28 9
2222	3 50 21 69
2223	24 59 88 23
2224	63 2 35 38
2225	57 8 41 79
2226	5 43 38 73
2227	86 38 72 43
2228	74 27 38 31
2229	78 17 79 70
2230	54 65 30 94
2231	22 6 54 94
2232	6 31 39 22
2233	42 72 30 25
2234	67 54 38 10
2235	92 76 68 16
2236	79 62 52 21
2237	33 54 36 80
2238	45 3 60 22
2239	9 51 55 57
2240	48 60 11 16
2241	86 25 20 97
2242	66 12 51 65
2243	41 30 68 90
2244	100 7 89 19
2245	35 18 46 58
2246	16 54 4 76
2247	65 45 39 95
2248	62 41 22 5
2249	69 60 11 34
2250	71 82 57 13
2251	6 61 55 72
2252	30 37 60 10
2253	30 48 93 20
2254	99 24 50 12
2255	67 47 99 83
2256	28 13 53 92
2257	96 22 46 11
2258	24 51 55 75
2259	10 55 6 26
2260	7 66 49 57
2261	93 78 83 52
2262	52 38 56 18
2263	39 88 63 68
2264	38 61 46 88
2265	29 1 3 58
2266	37 59 26 89
2267	28 38 6 85
2268	10 46 51 33
2269	26 45 71 78
2270	36 54 100 32
2271	61 6 15 35
2272	23 86 49 70
2273	55 79 52 69
2274	79 68 78 42
2275	19 41 21 36
2276	46 48 28 74
2277	66 26 10 67
2278	69 75 97 27
2279	60 100 96 6
2280	73 17 21 66
2281	45 25 78 57
2282	8 84 95 21
2283	43 78 7 66
2284	53 30 58 4
2285	27 94 12 44
2286	27 3 16 82
2287	87 12 94 72
2288	29 31 49 69
2289	18 60 40 89
2290	54 15 57 98
2291	44 50 20 66
2292	51 67 73 35
2293	78 20 56 8
2294	70 17 30 41
2295	55 9 91 56
2296	91 35 17 7
2297	5 98 47 70
2298	12 63 89 41
2299	92 27 31 83
2300	80 96 53 10
2301	3 37 22 41
2302	57 5 26 77
2303	63 70 20 30
2304	37 53 33 61
2305	56 20 84 82
2306	95 7 61 15
2307	34 95 14 75
2308	85 99 3 79
2309	34 38 61 93
2310	85 13 82 12
2311	92 11 6 75
2312	62 4 92 56
2313	71 45 53 8
2314	25 38 92 90
2315	17 85 59 8
2316	41 38 50 34
2317	88 63 81 31
2318	69 86 40 99
2319	93 19 51 98
2320	51 31 49 9
2321	55 40 92 79
2322	79 51 34 85
2323	50 13 65 97
2324	30 66 28 53
2325	35 87 22 90
2326	71 89 19 15
2327	12 64 70 80
2328	16 20 82 43
2329	3 72 54 70
2330	43 28 54 51
2331	13 26 56 9
2332	86 12 72 31
2333	33 81 29 52
2334	86 54 8 30
2335	54 2 89 51
2336	55 58 3 87
2337	27 12 85 28
2338	23 70 55 52
2339	50 64 65 69
2340	39 85 4 46
2341	66 92 77 17
2342	69 20 53 28
2343	80 4 18 39
2344	7 100 68 21
2345	66 62 82 95
2346	38 40 13 51
2347	94 1 28 79
2348	89 29 37 33
2349	6 91 2 70
2350	72 37 39 99
2351	50 46 4 95
2352	95 34 8 97
2353	72 78 1 19
2354	65 56 7 92
2355	35 65 56 72
2356	99 63 58 72
2357	41 18 66 7
2358	25 39 45 60
2359	20 82 43 18
2360	37 94 64 52
2361	94 74 28 71
2362	49 36 96 58
2363	76 2 99 51
2364	27 11 56 13
2365	53 95 98 24
2366	21 50 70 19
2367	42 10 92 43
2368	71 56 88 93
2369	2 1 6 58
2370	16 76 44 24
2371	2 47 44 33
2372	63 46 43 20
2373	99 48 19 90
2374	48 2 61 1
2375	37 2 14 19
2376	34 16 84 90
2377	12 13 51 62
2378	74 97 3 46
2379	76 75 98 1
2380	71 2 63 88
2381	42 79 68 5
2382	36 76 24 33
2383	7 10 11 41
2384	80 90 94 69
2385	98 67 66 13
2386	32 56 67 12
2387	25 60 46 43
2388	29 74 90 19
2389	59 38 31 73
2390	59 12 85 97
2391	32 70 65 51
2392	46 11 23 69
2393	17 23 35 60
2394	11 65 18 62
2395	46 82 29 88
2396	92 88 1 24
2397	65 82 98 54
2398	76 98 10 74
2399	23 37 54 4
2400	57 68 78 73
2401	46 64 48 99
2402	51 39 74 67
2403	74 26 76 31
2404	57 14 13 83
2405	30 90 47 19
2406	45 9 27 58
2407	73 12 85 64
2408	27 77 87 44
2409	9 15 13 26
2410	26 89 69 61
2411	9 31 60 89
2412	19 89 84 54
2413	85 64 47 60
2414	99 52 61 16
2415	86 89 40 47
2416	27 67 64 66
2417	58 91 14 50
2418	25 12 27 92
2419	82 13 93 71
2420	59 29 62 61
2421	90 81 79 39
2422	87 75 23 21
2423	61 70 22 39
2424	57 62 87 64
2425	82 31 21 74
2426	25 81 37 75
2427	24 30 78 64
2428	87 64 82 39
2429	39 96 56 58
2430	84 92 24 32
2431	78 65 86 37
2432	32 6 79 12
2433	53 58 11 28
2434	1 97 76 19
2435	82 61 32 87
2436	30 79 61 96
2437	5 94 51 46
2438	45 8 96 17
2439	89 13 90 95
2440	19 38 95 24
2441	13 73 33 63
2442	96 1 23 25
2443	51 33 99 36
2444	30 84 79 39
2445	77 68 40 28
2446	63 8 37 33
2447	22 53 47 88
2448	25 31 81 44
2449	70 45 47 80
2450	97 2 22 9
2451	41 64 97 94
2452	96 73 50 86
2453	61 81 30 51
2454	7 38 37 60
2455	62 65 41 70
2456	77 11 40 21
2457	66 80 90 71
2458	19 44 39 1
2459	57 71 55 28
2460	70 28 89 60
2461	28 8 15 62
2462	46 42 89 27
2463	17 18 93 30
2464	5 93 82 97
2465	14 3 93 54
2466	48 19 95 14
2467	30 40 95 81
2468	20 14 71 68
2469	51 58 6 70
2470	4 99 23 35
2471	43 26 74 41
2472	100 9 73 2
2473	33 58 34 83
2474	35 15 89 57
2475	43 28 96 51
2476	23 54 4 87
2477	85 36 87 44
2478	7 86 38 15
2479	16 36 33 21
2480	10 76 67 71
2481	33 73 76 22
2482	93 42 97 80
2483	72 21 25 62
2484	17 74 25 47
2485	95 55 46 90
2486	81 67 4 15
2487	96 14 92 6
2488	21 86 13 48
2489	72 95 97 11
2490	67 4 77 39
2491	29 69 87 21
2492	49 24 47 96
2493	67 97 94 63
2494	60 56 45 91
2495	57 43 100 69
2496	78 35 27 2
2497	55 31 89 38
2498	3 26 71 44
2499	47 74 73 26
2500	38 64 77 7
2501	60 47 49 14
2502	22 70 48 29
2503	10 9 96 33
2504	65 60 6 99
2505	94 81 85 68
2506	81 33 60 26
2507	80 37 60 49
2508	46 13 93 97
2509	42 94 85 49
2510	57 81 26 49
2511	46 31 82 51
2512	48 49 32 34
2513	41 32 73 85
2514	49 34 14 67
2515	66 99 77 12
2516	94 1 32 25
2517	77 73 63 9
2518	52 64 15 31
2519	57 100 19 37
2520	42 23 68 88
2521	41 36 26 40
2522	52 70 65 25
2523	52 43 67 61
2524	68 21 70 64
2525	69 80 9 97
2526	47 39 68 33
2527	55 81 91 96
2528	23 93 32 35
2529	56 78 95 80
2530	83 23 46 97
2531	74 24 46 96
2532	44 61 92 48
2533	27 53 75 93
2534	21 44 25 47
2535	61 40 16 18
2536	23 2 78 81
2537	26 50 58 25
2538	79 63 62 47
2539	3 79 20 57
2540	35 44 17 73
2541	83 27 49 4
2542	6 4 59 65
2543	3 51 21 44
2544	28 16 11 40
2545	60 83 82 46
2546	90 82 41 34
2547	36 21 85 81
2548	24 23 46 57
2549	4 21 9 70
2550	37 80 95 91
2551	61 18 47 92
2552	11 81 94 55
2553	29 1 47 68
2554	95 42 38 1
2555	70 16 43 40
2556	38 29 35 90
2557	40 5 90 2
2558	41 78 39 3
2559	1 50 96 86
2560	97 66 12 8
2561	73 15 94 37
2562	27 73 39 55
2563	43 66 50 48
2564	33 9 100 5
2565	60 29 14 61
2566	22 75 94 91
2567	98 75 14 70
2568	79 93 64 6
2569	34 23 22 71
2570	99 39 21 72
2571	84 45 39 54
2572	39 65 54 68
2573	28 70 60 84
2574	54 7 97 36
2575	24 40 32 36
2576	4 11 61 53
2577	99 84 98 45
2578	77 17 58 50
2579	72 18 55 54
2580	6 26 2 41
2581	88 70 68 29
2582	38 92 83 72
2583	18 54 68 2
2584	74 84 27 98
2585	31 16 20 69
2586	60 27 35 83
2587	19 79 84 56
2588	7 14 8 42
2589	65 46 36 37
2590	2 54 28 51
2591	21 14 71 65
2592	37 26 16 46
2593	13 91 29 1
2594	28 46 83 12
2595	31 29 39 19
2596	64 62 82 45
2597	19 66 5 25
2598	72 33 10 81
2599	49 67 93 25
2600	33 10 89 77
2601	63 24 3 78
2602	72 7 47 28
2603	59 73 25 66
2604	36 82 67 75
2605	84 58 32 28
2606	58 98 24 13
2607	90 63 26 77
2608	52 94 90 39
2609	27 41 89 72
2610	13 45 78 100
2611	89 28 56 97
2612	41 46 58 61
2613	62 72 23 100
2614	82 35 80 15
2615	7 65 67 28
2616	70 96 24 77
2617	57 9 13 15
2618	38 7 18 23
2619	54 20 43 16
2620	5 16 30 55
2621	97 10 81 82
2622	39 30 28 42
2623	68 82 16 48
2624	95 83 63 20
2625	83 11 60 64
2626	33 7 82 27
2627	13 67 46 34
2628	48 41 36 80
2629	74 16 70 54
2630	99 74 77 80
2631	91 80 93 4
2632	60 30 72 19
2633	15 74 88 49
2634	24 83 74 75
2635	31 39 11 52
2636	50 84 20 57
2637	95 63 19 85
2638	58 98 84 4
2639	14 99 49 3
2640	21 27 64 93
2641	34 20 88 48
2642	96 31 6 86
2643	5 31 29 83
2644	41 27 77 87
2645	53 71 19 38
2646	80 8 56 85
2647	43 7 40 12
2648	11 90 41 49
2649	23 65 72 29
2650	20 46 54 41
2651	89 22 77 67
2652	80 99 34 26
2653	70 5 54 73
2654	77 58 34 6
2655	23 56 95 73
2656	1 29 62 23
2657	81 33 20 25
2658	53 42 22 26
2659	71 41 80 16
2660	58 93 78 95
2661	53 16 29 2
2662	88 11 87 37
2663	74 92 37 96
2664	6 14 84 70
2665	31 39 84 56
2666	70 43 45 20
2667	56 83 2 98
2668	100 2 60 27
2669	42 100 44 86
2670	14 63 45 9
2671	58 12 1 53
2672	65 55 29 91
2673	37 75 19 74
2674	80 30 54 81
2675	97 93 36 89
2676	78 34 56 64
2677	21 54 45 91
2678	75 46 88 48
2679	63 44 55 61
2680	54 75 2 36
2681	53 44 21 46
2682	18 4 50 40
2683	100 55 71 51
2684	54 71 26 82
2685	84 4 48 14
2686	5 27 73 67
2687	19 50 32 71
2688	13 4 89 31
2689	7 56 30 1
2690	19 57 81 94
2691	72 86 75 64
2692	28 35 72 27
2693	45 59 62 1
2694	32 99 30 81
2695	78 27 59 93
2696	60 45 94 58
2697	35 46 14 78
2698	64 71 27 35
2699	64 61 58 53
2700	68 4 35 73
2701	46 76 37 83
2702	37 9 53 41
2703	83 67 75 31
2704	75 16 18 100
2705	6 46 9 96
2706	31 36 60 88
2707	45 7 26 38
2708	83 94 30 62
2709	43 26 50 17
2710	89 37 18 49
2711	67 85 68 63
2712	36 44 71 60
2713	97 79 54 63
2714	25 36 12 46
2715	14 24 33 41
2716	92 9 96 88
2717	94 50 18 15
2718	89 83 36 67
2719	91 75 69 86
2720	44 42 99 82
2721	22 53 85 26
2722	33 87 74 66
2723	6 14 100 81
2724	99 44 71 76
2725	28 55 37 73
2726	79 31 45 41
2727	17 93 28 97
2728	41 42 54 57
2729	42 61 54 56
2730	76 34 58 23
2731	87 26 21 1
2732	25 53 60 84
2733	99 50 74 19
2734	35 66 40 79
2735	96 95 85 75
2736	56 97 18 51
2737	5 88 92 11
2738	13 59 74 29
2739	39 5 45 56
2740	64 65 87 15
2741	22 70 39 65
2742	36 39 61 11
2743	21 33 93 43
2744	38 55 2 85
2745	74 53 100 6
2746	47 100 31 7
2747	42 8 32 33
2748	47 100 32 95
2749	68 8 46 66
2750	19 11 46 84
2751	69 25 56 46
2752	49 31 80 36
2753	72 89 28 95
2754	12 11 77 68
2755	80 77 93 12
2756	17 5 99 82
2757	20 50 65 93
2758	39 4 33 69
2759	20 48 98 77
2760	25 43 2 94
2761	25 51 86 2
2762	71 55 51 84
2763	71 73 46 45
2764	56 70 8 24
2765	93 20 86 53
2766	25 1 94 75
2767	82 94 15 70
2768	64 53 99 76
2769	13 2 96 30
2770	30 14 86 92
2771	11 97 4 75
2772	38 3 1 4
2773	88 6 11 15
2774	29 74 14 21
2775	24 12 100 37
2776	91 6 86 63
2777	2 84 10 72
2778	12 25 5 34
2779	13 81 100 48
2780	84 72 51 63
2781	76 87 48 42
2782	6 64 48 44
2783	80 10 62 1
2784	41 34 64 63
2785	37 54 20 34
2786	21 11 54 45
2787	78 14 54 58
2788	36 2 27 15
2789	72 97 24 25
2790	98 32 31 43
2791	84 59 35 14
2792	53 54 63 10
2793	76 88 93 41
2794	65 60 30 13
2795	95 78 32 85
2796	18 69 64 26
2797	80 84 59 92
2798	38 76 23 8
2799	19 72 71 18
2800	39 71 8 14
2801	13 99 7 63
2802	24 93 31 70
2803	29 61 26 32
2804	78 97 12 80
2805	81 14 16 12
2806	20 5 53 41
2807	43 89 58 47
2808	60 3 12 97
2809	89 16 68 66
2810	33 51 61 68
2811	33 40 31 2
2812	74 16 29 47
2813	87 86 89 11
2814	40 86 49 21
2815	92 74 81 29
2816	91 89 4 48
2817	1 48 44 13
2818	61 2 47 19
2819	16 8 85 60
2820	79 85 97 24
2821	65 71 76 42
2822	51 89 33 8
2823	91 98 15 87
2824	94 45 23 86
2825	23 48 72 88
2826	14 35 92 97
2827	6 100 80 57
2828	97 75 63 14
2829	58 98 93 26
2830	77 99 8 19
2831	36 95 75 34
2832	89 53 74 98
2833	79 97 46 91
2834	4 84 6 63
2835	94 37 46 52
2836	85 67 99 76
2837	87 49 52 45
2838	21 79 27 19
2839	75 77 66 24
2840	38 17 55 87
2841	100 23 20 4
2842	14 83 37 91
2843	77 23 81 63
2844	69 22 51 17
2845	51 58 56 99
2846	40 41 65 92
2847	33 51 42 46
2848	46 91 4 29
2849	80 63 24 44
2850	38 92 18 8
2851	56 43 69 68
2852	48 23 87 84
2853	63 58 48 75
2854	16 29 61 13
2855	43 78 90 39
2856	14 43 57 10
2857	21 98 83 58
2858	38 73 22 44
2859	3 56 88 49
2860	12 79 71 81
2861	95 48 55 14
2862	60 39 18 48
2863	94 53 19 86
2864	30 34 37 82
2865	6 46 24 2
2866	37 69 73 70
2867	18 22 76 63
2868	68 96 77 70
2869	63 53 68 62
2870	6 63 22 13
2871	77 81 91 63
2872	9 54 2 45
2873	29 68 93 18
2874	4 21 84 73
2875	47 17 100 7
2876	17 37 84 56
2877	58 16 27 91
2878	81 4 10 14
2879	16 19 61 100
2880	66 58 13 42
2881	34 69 35 83
2882	51 59 90 69
2883	91 70 65 55
2884	69 4 11 83
2885	73 24 46 18
2886	72 16 12 60
2887	5 36 79 87
2888	39 97 81 8
2889	56 55 93 21
2890	43 69 51 6
2891	5 90 49 28
2892	32 75 15 38
2893	90 59 11 35
2894	85 71 39 45
2895	76 88 50 21
2896	99 13 57 89
2897	25 13 41 24
2898	78 73 54 3
2899	35 3 66 63
2900	46 13 34 27
2901	73 53 19 99
2902	35 5 83 89
2903	24 96 42 47
2904	68 48 98 31
2905	16 76 65 3
2906	63 12 53 26
2907	60 70 83 48
2908	43 28 19 23
2909	33 25 83 58
2910	65 97 30 56
2911	54 40 83 66
2912	33 11 6 93
2913	1 96 48 52
2914	56 27 32 76
2915	89 7 8 25
2916	11 59 51 86
2917	42 69 49 14
2918	24 14 20 88
2919	12 24 70 81
2920	93 38 30 73
2921	24 79 92 19
2922	44 73 35 80
2923	96 71 99 84
2924	4 91 98 33
2925	47 94 8 16
2926	13 16 65 72
2927	48 93 88 34
2928	15 28 72 85
2929	57 34 21 17
2930	26 19 40 24
2931	45 67 18 75
2932	65 16 76 33
2933	45 22 80 57
2934	65 4 55 19
2935	67 52 51 88
2936	41 61 91 35
2937	5 61 87 36
2938	78 90 5 49
2939	98 58 16 35
2940	85 97 88 38
2941	36 56 14 44
2942	100 90 83 64
2943	86 12 21 66
2944	14 81 13 89
2945	64 98 97 63
2946	89 6 69 91
2947	59 72 56 98
2948	93 99 21 14
2949	17 11 51 29
2950	96 27 70 97
2951	87 97 99 55
2952	37 44 6 28
2953	92 11 71 62
2954	24 25 63 44
2955	39 60 63 73
2956	53 89 72 9
2957	75 56 47 78
2958	6 33 40 69
2959	43 51 88 34
2960	42 83 40 11
2961	55 27 56 49
2962	87 23 53 25
2963	66 88 77 72
2964	65 36 86 1
2965	3 100 26 10
2966	54 68 89 70
2967	48 68 29 61
2968	98 84 95 36
2969	22 29 16 23
2970	21 96 43 38
2971	54 36 77 2
2972	14 69 75 10
2973	40 66 61 79
2974	75 40 48 53
2975	48 83 80 69
2976	64 67 66 33
2977	4 60 35 97
2978	73 68 1 91
2979	91 78 56 24
2980	79 56 21 12
2981	50 74 91 47
2982	7 64 77 43
2983	8 32 77 16
2984	47 2 57 88
2985	68 100 83 38
2986	74 98 72 25
2987	81 36 89 80
2988	13 59 31 66
2989	16 96 25 45
2990	33 65 2 72
2991	100 80 78 47
2992	18 39 65 15
2993	70 18 84 27
2994	79 1 33 84
2995	55 78 47 12
2996	57 92 63 95
2997	36 4 38 79
2998	1 22 63 99
2999	70 93 48 59
3000	17 9 69 79
