Course	Room	Teacher	Time	Students
1	7	7	1	13 23 37 49 141 150 174 299 302 332 397 398 482 486 502 509 580 623 674 792 803 865 925 966 993 1006 1091 1117 1182 1187 1259 1276 1343 1368 1389 1414 1427 1467 1570 1592 1625 1633 1655 1662 1703 1717 1732 1738 1805 1827 1836 1876 1913 1937 1945 1971 2184 2191 2203 2287 2305 2324 2366 2391 2429 2436 2535 2541 2559 2626 2651 2691 2793 2796 2804 2881 2908 2917 2935 2960 2977 2997 
2	14	16	3	15 17 37 62 79 153 170 208 219 327 437 445 447 469 523 554 555 587 655 662 710 728 790 794 799 836 853 855 923 963 1015 1017 1055 1090 1095 1110 1134 1160 1169 1217 1334 1349 1350 1390 1395 1419 1447 1502 1531 1558 1572 1573 1608 1611 1625 1638 1689 1698 1798 1814 1856 1891 1895 1912 1946 1955 1964 1976 1986 2015 2043 2129 2136 2140 2169 2195 2242 2270 2277 2295 2307 2328 2359 2376 2379 2388 2396 2438 2442 2478 2486 2509 2514 2541 2570 2645 2675 2733 2747 2780 2804 2842 2894 2929 2952 
3	14	15	5	41 44 102 103 125 134 169 195 255 279 311 331 348 349 373 414 429 470 510 525 560 584 650 677 687 693 759 807 837 851 911 954 1032 1062 1066 1072 1075 1105 1109 1166 1201 1205 1220 1242 1294 1354 1365 1377 1393 1412 1416 1434 1437 1448 1467 1506 1509 1531 1626 1636 1657 1744 1780 1794 1844 1869 1877 1931 1938 1981 2005 2015 2020 2030 2092 2112 2125 2187 2207 2219 2249 2316 2319 2352 2410 2475 2482 2500 2525 2618 2645 2654 2656 2714 2731 2734 2735 2797 2812 2828 2832 2834 2902 2939 2963 
4	14	18	6	18 29 30 52 117 133 163 189 199 211 217 237 276 314 363 471 477 481 530 540 542 586 622 696 780 791 797 859 886 892 906 958 985 997 1001 1018 1076 1078 1189 1216 1247 1266 1292 1304 1311 1316 1325 1327 1388 1410 1427 1436 1460 1510 1527 1535 1569 1663 1668 1685 1698 1706 1752 1754 1798 1800 1856 1879 1914 1919 1974 1984 2016 2045 2092 2117 2132 2143 2174 2324 2326 2333 2338 2362 2412 2420 2459 2534 2535 2539 2556 2617 2628 2653 2655 2674 2695 2701 2732 2815 2878 2908 2914 2924 2978 
5	14	18	7	14 40 52 70 72 111 112 137 170 174 182 209 254 277 339 347 357 394 418 452 462 478 540 567 589 651 655 679 697 704 733 734 744 800 813 921 937 964 975 981 984 989 1034 1037 1041 1044 1068 1073 1098 1183 1185 1202 1243 1287 1328 1342 1398 1403 1502 1530 1554 1564 1583 1591 1616 1710 1715 1731 1738 1794 1858 1859 1870 1911 1913 1918 1937 1971 1990 2005 2033 2065 2117 2149 2181 2190 2254 2297 2325 2371 2453 2466 2500 2515 2526 2565 2585 2614 2642 2648 2703 2715 2739 2767 2820 2831 2839 2902 2949 2986 
6	8	34	2	25 67 218 251 266 356 380 409 446 457 498 507 515 527 554 567 575 582 698 705 715 735 756 761 777 878 880 924 929 964 1040 1061 1103 1114 1183 1200 1324 1355 1405 1436 1472 1476 1477 1501 1524 1584 1690 1716 1733 1768 1820 1821 1850 1888 1898 1904 1972 1978 1980 2034 2106 2111 2131 2162 2181 2197 2213 2266 2295 2327 2365 2389 2404 2413 2466 2469 2477 2530 2549 2552 2587 2634 2663 2732 2777 2788 2793 2819 2822 2840 2858 2902 2919 2990 2992 
7	14	3	8	2 24 124 145 177 301 324 347 390 412 576 587 589 591 613 626 660 690 695 702 760 769 781 819 879 962 986 999 1035 1091 1124 1207 1221 1235 1282 1289 1394 1448 1453 1474 1517 1561 1615 1617 1629 1667 1724 1736 1800 1809 1880 1898 1928 1936 2028 2042 2069 2071 2086 2099 2115 2139 2189 2217 2249 2257 2322 2351 2363 2398 2456 2483 2497 2561 2628 2631 2658 2660 2687 2700 2736 2750 2849 2852 2863 2869 2886 2894 2904 
8	8	46	3	18 20 52 94 104 146 155 162 175 205 270 323 337 338 345 393 418 436 438 440 458 464 465 485 505 534 549 581 597 602 624 625 660 691 714 721 775 808 810 907 925 937 941 957 999 1011 1060 1081 1083 1104 1106 1126 1135 1140 1174 1206 1219 1229 1287 1321 1374 1387 1394 1397 1442 1451 1458 1469 1474 1509 1566 1599 1685 1708 1714 1759 1851 1887 1907 1908 1943 1972 1979 1993 2039 2064 2100 2125 2131 2132 2168 2201 2222 2236 2249 2335 2374 2446 2466 2487 2535 2538 2600 2610 2689 2751 2752 2809 2896 2920 2945 2958 2961 2971 
9	8	43	4	113 125 166 175 219 221 225 240 267 354 357 383 416 425 442 474 486 632 648 657 677 729 776 784 807 823 897 953 976 994 1016 1018 1092 1100 1117 1121 1144 1178 1194 1221 1225 1265 1275 1294 1424 1465 1479 1481 1482 1554 1573 1578 1626 1628 1669 1705 1715 1777 1797 1808 1828 1887 1905 1968 1978 1990 2018 2047 2058 2084 2092 2115 2118 2120 2141 2207 2238 2260 2365 2451 2505 2522 2536 2548 2554 2580 2594 2606 2621 2637 2647 2657 2681 2685 2718 2725 2728 2731 2763 2779 2785 2795 2825 2832 2834 2871 2894 2908 2912 2922 2926 2984 2985 2992 2994 
10	17	28	5	49 110 182 264 270 287 333 368 386 413 428 439 460 515 531 577 592 635 653 660 665 668 702 738 788 790 812 823 830 858 859 869 874 887 895 929 948 958 985 1029 1069 1084 1136 1158 1173 1197 1226 1259 1265 1345 1368 1373 1380 1413 1452 1463 1491 1525 1534 1536 1593 1611 1642 1686 1699 1722 1746 1762 1781 1858 1884 1885 1909 1920 1922 1939 1946 1999 2002 2183 2194 2213 2238 2263 2276 2280 2284 2298 2330 2338 2348 2422 2451 2464 2504 2516 2528 2555 2564 2611 2720 2723 2742 2836 2923 2933 2943 2944 2948 2967 2977 2989 2998 
11	8	35	1	7 62 123 156 180 183 207 238 242 243 263 322 360 377 430 551 589 699 809 822 887 917 947 951 961 996 1017 1030 1031 1060 1085 1116 1139 1141 1162 1213 1230 1232 1236 1255 1347 1354 1383 1386 1393 1419 1475 1482 1492 1501 1577 1601 1613 1616 1643 1667 1671 1681 1739 1830 1867 1875 1908 1939 1941 1968 1970 1975 1982 2012 2041 2051 2097 2102 2112 2125 2126 2163 2189 2204 2232 2248 2256 2295 2320 2321 2399 2409 2473 2500 2504 2511 2519 2564 2595 2641 2659 2698 2706 2737 2770 2810 2820 2825 2834 2860 2863 2873 2897 2930 2964 2969 2980 2982 2999 
12	17	17	6	20 40 72 93 98 100 130 165 206 255 292 297 299 318 324 356 381 425 494 587 591 598 609 648 687 716 782 794 864 871 898 916 936 946 957 976 983 1016 1081 1165 1188 1201 1219 1255 1284 1330 1378 1401 1404 1438 1468 1479 1498 1601 1622 1634 1649 1657 1665 1702 1770 1796 1802 1830 1889 1952 1966 1970 1986 1999 2032 2053 2063 2100 2102 2148 2187 2223 2238 2274 2327 2331 2345 2391 2402 2428 2433 2455 2471 2478 2501 2517 2519 2530 2595 2627 2646 2660 2692 2697 2715 2718 2777 2780 2782 2831 2872 2886 2895 2907 2954 2971 
13	17	25	3	11 25 26 56 143 161 163 211 215 217 241 260 284 308 320 353 368 394 404 456 492 508 511 516 522 541 604 618 619 627 663 760 788 795 831 841 884 895 928 954 971 1023 1054 1084 1087 1117 1146 1147 1167 1188 1203 1210 1231 1242 1252 1284 1342 1396 1449 1457 1487 1505 1616 1680 1691 1709 1749 1763 1796 1829 1830 1842 1859 1932 1942 1957 1992 1997 2018 2065 2068 2070 2175 2183 2212 2218 2221 2261 2309 2330 2348 2437 2481 2582 2589 2646 2680 2683 2696 2700 2703 2710 2711 2717 2760 2770 2800 2935 2944 
14	8	46	6	22 69 81 86 131 137 216 236 256 262 287 306 327 329 351 367 379 398 434 466 505 519 533 537 563 617 663 685 692 704 753 757 760 778 793 803 811 821 825 828 840 854 857 860 866 879 941 960 991 1005 1037 1056 1075 1125 1136 1211 1229 1252 1262 1270 1286 1306 1307 1383 1433 1480 1496 1523 1574 1598 1647 1695 1696 1734 1763 1790 1794 1838 1840 1916 1988 2007 2052 2057 2073 2079 2096 2131 2149 2153 2157 2164 2165 2180 2183 2217 2240 2302 2309 2363 2406 2443 2444 2465 2485 2571 2585 2596 2604 2608 2619 2652 2659 2676 2691 2758 2794 2845 2846 2860 2871 2915 2916 2999 
15	14	15	1	12 116 187 236 258 268 275 283 285 349 410 488 505 540 546 556 593 602 625 651 690 717 755 946 956 978 1026 1057 1074 1080 1093 1178 1203 1265 1302 1335 1455 1508 1524 1612 1622 1692 1702 1709 1712 1765 1831 1869 1910 1920 1926 1963 1998 2005 2008 2021 2023 2027 2089 2136 2147 2165 2239 2280 2330 2377 2378 2387 2430 2442 2457 2460 2463 2543 2586 2710 2739 2758 2760 2786 2797 2807 2888 2903 2915 2925 2931 2948 2955 2998 
16	17	47	7	46 54 69 130 223 231 298 301 326 390 406 416 450 488 504 509 528 543 544 545 570 584 627 688 690 719 722 728 731 773 779 801 802 850 868 871 877 879 946 987 1010 1069 1096 1153 1168 1181 1233 1235 1246 1261 1263 1268 1296 1434 1440 1497 1504 1524 1546 1549 1580 1600 1623 1648 1699 1780 1781 1836 1854 1897 1948 2001 2011 2028 2055 2059 2091 2101 2109 2112 2141 2209 2271 2315 2328 2344 2434 2472 2474 2477 2537 2569 2587 2644 2669 2688 2720 2744 2774 2778 2792 2807 2838 2855 2892 2896 2899 2904 2937 2955 2974 2975 
17	4	20	7	8 37 49 53 129 227 238 259 270 310 311 345 355 367 368 378 470 500 525 548 564 595 737 765 789 838 854 860 902 903 928 952 954 1021 1033 1070 1077 1125 1133 1148 1170 1211 1240 1264 1334 1341 1385 1397 1408 1423 1428 1463 1469 1471 1484 1485 1659 1673 1677 1689 1760 1770 1789 1815 1832 1901 1950 2032 2037 2044 2074 2119 2138 2155 2159 2237 2240 2244 2253 2270 2288 2337 2356 2391 2426 2436 2440 2449 2457 2460 2529 2546 2554 2564 2602 2606 2619 2649 2654 2707 2747 2764 2794 2818 2826 2842 2905 2932 2936 2952 2966 2980 
18	17	32	8	97 147 157 159 161 204 224 240 339 355 357 375 528 547 553 578 680 694 720 739 740 763 770 784 794 810 828 831 845 871 892 956 994 1022 1074 1195 1247 1266 1285 1295 1324 1329 1333 1386 1406 1407 1419 1510 1577 1582 1595 1658 1728 1734 1737 1738 1801 1841 1918 1923 1946 2017 2039 2043 2052 2107 2109 2171 2172 2204 2291 2331 2367 2368 2384 2391 2407 2427 2435 2437 2470 2472 2495 2507 2514 2533 2549 2576 2593 2646 2730 2780 2851 2877 2900 2913 2921 2939 2962 2986 2991 
19	4	30	8	6 28 59 63 70 118 139 176 216 239 251 274 286 340 350 353 354 363 454 496 506 527 532 544 565 594 621 640 643 647 766 783 815 824 836 837 884 901 919 943 944 971 980 984 998 1052 1101 1102 1128 1147 1150 1161 1243 1249 1255 1277 1299 1402 1491 1519 1550 1563 1565 1567 1621 1652 1685 1702 1742 1752 1753 1766 1773 1807 1855 1903 1905 1917 2002 2027 2063 2093 2144 2147 2151 2167 2227 2258 2457 2582 2601 2602 2613 2664 2670 2684 2712 2715 2716 2763 2825 2828 2830 2835 2875 2878 2937 2938 2956 2995 
20	4	27	3	2 22 48 78 156 227 228 264 289 303 314 331 346 370 371 416 457 474 482 510 518 524 536 566 574 607 628 643 645 696 820 835 838 889 908 920 948 953 962 982 998 1018 1053 1071 1115 1189 1202 1228 1310 1317 1330 1343 1373 1409 1459 1463 1466 1478 1489 1516 1656 1661 1671 1678 1727 1745 1746 1766 1819 1822 1863 1878 1881 1893 1919 1969 1995 2012 2021 2024 2083 2148 2252 2294 2299 2339 2372 2420 2427 2477 2515 2543 2635 2706 2722 2792 2810 2872 2949 2957 
21	16	42	6	5 17 48 103 132 136 148 160 185 192 238 240 275 332 350 407 414 427 430 449 472 478 508 523 579 588 697 719 725 726 758 783 804 853 861 883 909 963 972 977 1040 1042 1046 1052 1100 1112 1131 1221 1245 1310 1322 1338 1348 1349 1454 1463 1512 1537 1585 1613 1626 1628 1664 1673 1705 1741 1748 1753 1773 1806 1837 1902 1925 2013 2022 2121 2139 2169 2176 2196 2243 2249 2291 2298 2317 2318 2387 2462 2463 2488 2551 2559 2575 2600 2603 2631 2708 2788 2807 2925 2946 2983 
22	16	27	7	117 119 127 154 173 184 222 226 232 263 295 359 437 467 485 499 533 559 597 619 637 644 828 907 934 950 963 1047 1054 1082 1139 1196 1248 1291 1292 1309 1320 1358 1364 1378 1422 1429 1432 1515 1579 1582 1605 1627 1641 1705 1721 1740 1749 1762 1766 1793 1795 1843 1864 1958 1989 2012 2043 2046 2076 2150 2151 2199 2223 2330 2346 2373 2393 2405 2415 2424 2452 2473 2613 2638 2639 2701 2711 2752 2795 2799 2816 2909 2910 2946 2963 
23	9	50	7	87 163 214 230 261 266 269 324 330 356 451 479 493 505 514 539 572 586 609 740 748 750 812 839 877 886 894 949 969 973 974 995 1015 1052 1072 1119 1140 1150 1154 1224 1228 1279 1303 1332 1367 1393 1409 1439 1441 1454 1520 1532 1550 1568 1598 1601 1606 1608 1636 1647 1683 1704 1718 1727 1796 1862 1892 1921 1935 1967 2030 2040 2048 2089 2113 2153 2167 2171 2178 2193 2293 2296 2299 2313 2359 2403 2409 2465 2531 2553 2591 2600 2662 2665 2713 2736 2755 2766 2782 2797 2835 2837 2849 2993 
24	4	32	1	70 167 214 215 217 220 229 247 253 272 273 279 305 380 401 416 437 443 448 462 477 490 492 497 515 526 539 558 585 661 672 692 695 727 745 748 767 789 796 816 832 847 880 897 921 930 964 1107 1126 1155 1157 1199 1244 1247 1256 1274 1285 1321 1327 1336 1360 1416 1474 1518 1546 1598 1779 1792 1799 1862 1873 1951 1990 2050 2088 2170 2222 2226 2263 2264 2301 2318 2341 2383 2422 2510 2515 2585 2670 2680 2688 2689 2718 2719 2754 2766 2787 2801 2842 2845 2851 2891 2898 2933 2952 2959 2962 2978 2987 
25	4	9	2	127 129 145 234 250 252 272 296 387 400 412 422 536 600 697 716 749 780 783 821 858 863 895 900 914 927 935 943 992 1012 1030 1118 1156 1172 1184 1209 1262 1264 1280 1286 1305 1336 1341 1349 1358 1386 1422 1435 1445 1492 1499 1529 1539 1603 1700 1701 1705 1728 1743 1779 1808 1843 1865 1877 1885 1949 1999 2003 2081 2144 2158 2199 2242 2255 2294 2304 2329 2340 2348 2350 2352 2406 2417 2464 2502 2509 2573 2627 2648 2682 2717 2721 2766 2773 2859 2941 2994 2999 
26	16	14	1	5 24 48 83 115 139 147 160 172 190 193 196 202 255 295 317 340 345 369 422 438 501 503 510 562 571 601 610 615 633 646 673 739 742 770 856 860 867 888 945 1002 1027 1042 1051 1059 1096 1122 1134 1163 1183 1190 1227 1241 1243 1268 1289 1385 1405 1442 1443 1494 1498 1499 1529 1550 1591 1624 1699 1719 1747 1788 1795 1815 1823 1906 1952 1958 1969 2016 2093 2094 2105 2118 2145 2155 2208 2258 2332 2449 2516 2529 2584 2602 2642 2658 2671 2682 2734 2802 2843 2922 2992 
27	9	13	1	79 96 145 157 191 231 244 330 352 424 433 444 453 487 608 644 649 689 708 730 735 736 751 884 891 892 894 920 948 1024 1071 1079 1086 1130 1156 1164 1165 1168 1186 1233 1251 1254 1260 1355 1356 1390 1396 1399 1412 1421 1461 1485 1533 1534 1563 1569 1600 1606 1650 1706 1718 1745 1781 1790 1832 1852 1916 1930 1958 2001 2059 2101 2173 2243 2265 2276 2290 2304 2311 2374 2403 2417 2456 2476 2482 2491 2492 2494 2527 2563 2577 2604 2620 2666 2680 2696 2728 2755 2776 2784 2835 2901 2965 
28	9	9	3	67 92 101 109 111 166 176 181 239 242 256 263 300 333 365 385 397 421 426 433 455 459 497 519 543 546 606 682 709 772 813 870 898 927 942 1009 1048 1065 1080 1144 1157 1170 1179 1212 1256 1309 1338 1359 1378 1392 1393 1490 1512 1523 1532 1576 1581 1592 1636 1720 1764 1778 1793 1803 1813 1865 1931 2034 2049 2081 2091 2103 2105 2123 2156 2231 2276 2285 2319 2363 2382 2405 2433 2450 2469 2511 2551 2590 2608 2621 2660 2691 2736 2753 2754 2790 2846 2886 2910 2943 2967 2985 
29	14	16	4	45 99 111 209 216 245 253 281 291 315 336 361 378 401 421 423 440 451 468 550 554 578 603 639 651 693 707 711 724 747 786 868 969 1037 1069 1112 1139 1149 1164 1220 1223 1277 1293 1323 1343 1371 1403 1440 1453 1462 1468 1647 1668 1728 1756 1821 1842 1846 1848 1870 2076 2129 2162 2273 2274 2334 2350 2354 2378 2401 2486 2514 2535 2540 2544 2552 2581 2582 2630 2635 2676 2707 2758 2789 2856 2906 2907 2960 2988 
30	16	8	8	12 14 39 60 74 82 96 107 164 205 217 248 265 288 325 343 352 388 389 461 529 568 612 641 646 678 679 688 712 790 833 841 848 894 1038 1044 1046 1071 1092 1109 1114 1139 1143 1197 1200 1212 1237 1273 1311 1345 1353 1359 1361 1377 1443 1487 1503 1516 1540 1551 1556 1620 1640 1643 1666 1684 1701 1715 1716 1822 1828 1848 1869 1915 1955 2003 2013 2044 2101 2105 2130 2143 2235 2320 2335 2350 2394 2397 2424 2486 2571 2590 2591 2638 2657 2697 2744 2748 2761 2799 2827 2850 2892 2898 2906 2917 2918 2954 2957 
31	4	30	6	41 94 112 135 150 194 258 266 281 283 288 344 370 442 485 488 495 556 583 629 639 671 680 708 722 763 781 790 807 816 827 831 908 949 950 1055 1059 1064 1159 1195 1199 1227 1230 1233 1326 1335 1353 1375 1456 1464 1465 1513 1528 1539 1583 1589 1590 1606 1682 1729 1747 1764 1834 1890 1892 1899 1947 1957 1961 1987 2020 2031 2037 2054 2095 2098 2134 2257 2265 2290 2413 2430 2475 2493 2508 2525 2533 2537 2538 2586 2625 2635 2657 2664 2690 2712 2721 2724 2737 2747 2784 2799 2808 2814 2817 2827 2861 2883 2951 
32	17	47	1	26 30 33 68 149 203 209 249 297 316 320 365 415 473 496 549 628 694 743 771 787 875 902 908 938 943 949 1018 1035 1039 1045 1055 1137 1172 1174 1215 1237 1239 1292 1296 1303 1348 1377 1417 1435 1447 1472 1478 1531 1536 1538 1556 1580 1588 1610 1664 1774 1821 1879 1903 1949 2120 2127 2202 2211 2215 2233 2245 2267 2289 2347 2389 2458 2484 2490 2496 2558 2573 2597 2601 2628 2632 2715 2720 2799 2815 2818 2862 2920 
33	4	20	4	35 76 80 91 136 139 170 178 211 215 224 232 233 237 243 261 274 285 301 305 420 461 532 561 617 646 647 659 679 709 740 741 753 775 805 810 841 940 964 1043 1050 1095 1098 1122 1132 1140 1180 1217 1305 1306 1350 1370 1430 1454 1515 1531 1583 1603 1638 1646 1651 1672 1677 1680 1684 1690 1708 1745 1746 1755 1768 1784 1826 1827 1843 1898 1918 1929 1942 1967 1969 1980 1997 2070 2103 2122 2150 2151 2158 2201 2215 2234 2239 2246 2262 2290 2375 2385 2407 2455 2464 2468 2475 2517 2539 2545 2571 2591 2593 2597 2602 2613 2616 2622 2624 2638 2650 2667 2738 2743 2788 2818 2857 2904 2929 2941 2983 2990 
34	4	25	5	32 45 50 67 132 188 212 241 290 307 313 390 392 453 464 495 521 580 623 645 701 706 714 758 794 846 847 861 878 906 1016 1037 1090 1127 1130 1135 1159 1190 1195 1270 1298 1301 1302 1307 1339 1362 1392 1408 1414 1480 1495 1572 1589 1617 1620 1629 1697 1698 1749 1760 1777 1791 1793 1879 1934 1942 1952 1954 1987 1994 2042 2055 2072 2122 2133 2161 2163 2192 2203 2223 2261 2268 2282 2347 2382 2398 2424 2425 2537 2542 2561 2637 2650 2671 2681 2727 2729 2754 2757 2785 2794 2796 2841 2877 2928 
35	3	13	3	24 114 152 179 229 267 271 274 277 335 377 448 528 530 545 548 656 679 685 688 719 758 759 803 805 824 852 893 909 935 955 961 968 996 1010 1031 1082 1092 1093 1109 1119 1120 1123 1128 1141 1156 1164 1181 1186 1211 1215 1288 1325 1326 1407 1425 1435 1446 1461 1467 1476 1497 1510 1590 1633 1657 1670 1681 1701 1733 1756 1795 1850 1854 1876 1922 1933 1975 1980 1991 2011 2073 2074 2127 2145 2149 2194 2215 2229 2254 2259 2288 2312 2342 2349 2394 2435 2489 2496 2505 2512 2537 2591 2604 2643 2649 2650 2686 2759 2775 2830 2891 2913 2983 2988 2997 
36	9	37	2	3 15 60 120 122 144 154 213 263 347 451 475 520 524 606 620 629 674 684 696 701 720 778 841 850 870 881 899 913 972 982 1048 1130 1220 1233 1334 1362 1374 1384 1388 1423 1424 1425 1437 1475 1551 1605 1619 1628 1650 1653 1678 1726 1730 1770 1790 1801 1807 1822 1842 1847 1883 1901 1925 1935 1951 1964 1969 1985 1986 2002 2006 2027 2057 2069 2084 2096 2097 2140 2161 2164 2173 2210 2292 2342 2419 2441 2530 2547 2592 2709 2724 2727 2739 2750 2759 2795 2811 2855 2907 2973 2975 
37	9	10	6	32 36 58 59 87 124 138 201 225 358 366 420 424 448 450 451 473 482 491 517 521 544 584 634 672 686 774 792 832 881 969 978 995 1072 1073 1083 1115 1206 1241 1312 1318 1360 1382 1416 1449 1525 1530 1540 1580 1581 1584 1642 1655 1677 1711 1713 1756 1783 1810 1812 1847 1872 1992 2036 2049 2170 2171 2208 2219 2233 2285 2296 2364 2392 2395 2439 2487 2502 2527 2542 2554 2599 2633 2640 2644 2669 2694 2735 2770 2778 2793 2796 2812 2816 2830 2836 2866 2947 2972 
38	3	24	5	1 36 107 136 145 162 231 237 271 276 296 304 305 319 338 346 365 391 458 469 536 543 551 553 590 596 642 658 696 723 793 809 810 829 856 883 889 928 937 996 1030 1043 1081 1108 1154 1187 1191 1230 1231 1234 1262 1308 1341 1349 1356 1372 1433 1464 1485 1527 1550 1552 1576 1587 1656 1667 1700 1730 1734 1841 1851 1889 1899 1941 1971 1978 2010 2029 2060 2070 2076 2100 2121 2123 2148 2152 2154 2191 2232 2247 2257 2266 2286 2320 2351 2372 2383 2396 2404 2416 2478 2490 2524 2541 2598 2599 2619 2623 2629 2643 2652 2659 2719 2739 2741 2762 2801 2856 2903 2912 2991 
39	3	2	7	4 21 43 93 105 125 128 195 204 316 404 419 438 441 446 459 506 547 555 599 616 665 720 757 769 785 848 855 881 893 913 926 956 968 970 971 1006 1016 1102 1127 1136 1295 1317 1406 1415 1457 1481 1510 1644 1656 1664 1675 1690 1709 1725 1735 1750 1774 1777 1811 1812 1828 1927 1930 1939 1955 1959 2026 2039 2049 2060 2073 2079 2095 2142 2188 2189 2262 2283 2303 2304 2305 2374 2399 2411 2447 2479 2508 2550 2577 2578 2620 2645 2691 2697 2706 2714 2721 2738 2741 2760 2773 2800 2844 2848 2871 2933 2959 2991 
40	11	45	5	6 27 29 46 92 101 113 126 143 150 178 179 186 198 204 210 228 257 306 317 325 403 417 455 472 534 554 618 622 632 647 656 717 746 772 774 802 818 819 913 934 950 968 1008 1027 1040 1044 1047 1067 1101 1104 1172 1182 1192 1193 1210 1236 1267 1355 1367 1389 1405 1483 1487 1507 1517 1519 1535 1559 1560 1565 1585 1661 1757 1768 1775 1902 1936 2075 2089 2140 2199 2202 2237 2295 2314 2367 2375 2380 2409 2426 2430 2467 2489 2493 2503 2579 2622 2704 2713 2765 2769 2817 2846 2887 2891 2892 2958 2990 3000 
41	3	45	6	39 82 83 123 141 144 157 164 261 293 354 386 387 403 423 429 443 446 475 476 520 548 607 619 654 658 667 777 863 912 926 1036 1058 1106 1137 1145 1198 1222 1257 1303 1354 1357 1370 1376 1385 1395 1403 1412 1418 1420 1457 1545 1548 1564 1596 1607 1637 1658 1659 1661 1674 1765 1767 1772 1792 1795 1822 1843 1857 1861 1871 1880 1881 1924 1928 1944 1973 2042 2043 2059 2085 2111 2129 2194 2232 2244 2275 2287 2378 2446 2470 2489 2497 2513 2521 2523 2536 2549 2563 2590 2622 2671 2704 2740 2767 2803 2832 2862 2875 2898 2921 2979 
42	8	34	7	32 34 85 106 140 201 207 233 244 260 364 373 393 422 447 469 487 522 577 582 587 610 687 698 771 772 834 840 897 922 990 1004 1007 1035 1055 1084 1114 1116 1128 1200 1249 1250 1331 1337 1346 1372 1421 1443 1444 1460 1468 1514 1566 1637 1640 1757 1775 1790 1816 1835 1942 1960 1961 1975 1982 2034 2061 2082 2127 2161 2164 2177 2218 2219 2225 2233 2248 2319 2342 2343 2347 2414 2428 2552 2572 2592 2593 2617 2623 2640 2801 2859 2908 2947 2950 2971 
43	3	6	4	18 104 112 122 155 159 171 189 193 332 334 337 377 389 398 463 480 498 501 513 517 568 590 594 598 601 629 630 686 713 717 745 806 836 882 914 943 981 1000 1029 1174 1182 1259 1282 1303 1313 1316 1362 1369 1374 1524 1540 1557 1558 1571 1588 1589 1620 1640 1652 1776 1782 1841 1890 1894 1915 1975 1989 2008 2046 2062 2069 2113 2116 2143 2144 2160 2191 2195 2210 2220 2245 2250 2255 2268 2287 2368 2370 2384 2414 2574 2607 2610 2655 2673 2695 2698 2699 2744 2749 2782 2790 2824 2953 
44	9	37	4	1 54 89 95 115 129 185 205 223 303 327 405 424 453 470 514 529 556 560 585 614 642 667 681 824 874 1002 1021 1025 1061 1191 1203 1256 1273 1278 1297 1300 1340 1361 1368 1380 1383 1396 1460 1469 1498 1500 1561 1569 1596 1602 1619 1627 1691 1703 1726 1772 1775 1780 1789 1814 1866 1911 1936 1955 1963 2006 2038 2041 2054 2078 2091 2147 2169 2187 2221 2227 2316 2317 2333 2341 2344 2361 2423 2448 2463 2471 2525 2560 2617 2659 2689 2692 2697 2698 2759 2764 2806 2847 2939 2974 2975 2978 
45	14	7	2	13 21 47 51 64 65 102 148 153 188 200 232 292 295 314 323 331 391 397 399 492 499 559 597 611 628 632 654 734 804 809 817 840 844 847 875 876 970 1000 1067 1110 1124 1170 1179 1246 1265 1288 1293 1307 1329 1383 1402 1439 1454 1467 1471 1484 1490 1505 1511 1582 1615 1618 1681 1735 1744 1748 1752 1813 1846 1848 1881 1894 1895 1923 1979 2016 2022 2088 2123 2124 2134 2149 2206 2208 2250 2261 2356 2357 2367 2458 2459 2460 2481 2484 2512 2533 2558 2600 2601 2612 2640 2675 2689 2690 2748 2755 2787 2791 2893 2896 2926 
46	11	39	4	12 38 157 165 176 200 294 333 411 417 418 464 520 539 546 563 575 608 635 641 661 715 738 816 842 865 912 924 932 939 955 967 1004 1023 1059 1106 1118 1153 1213 1237 1238 1261 1263 1318 1319 1320 1364 1404 1415 1448 1490 1512 1520 1534 1548 1575 1643 1727 1732 1740 1763 1767 1852 1867 1974 2014 2075 2085 2124 2136 2145 2153 2198 2217 2270 2279 2303 2353 2379 2387 2390 2402 2418 2426 2453 2462 2476 2479 2504 2550 2666 2684 2688 2740 2767 2769 2776 2800 2852 2864 2869 2882 2884 2890 2923 
47	16	42	3	55 63 64 89 97 98 120 121 158 159 223 233 244 273 294 342 358 359 374 391 430 435 453 472 480 481 502 579 591 603 612 622 630 670 698 746 764 814 832 881 892 906 916 932 936 945 1039 1097 1101 1129 1173 1196 1199 1254 1306 1307 1313 1348 1363 1391 1465 1495 1500 1506 1529 1557 1559 1561 1562 1563 1567 1615 1662 1669 1754 1769 1770 1808 1845 1853 1860 1921 2051 2107 2114 2146 2147 2159 2160 2170 2184 2278 2320 2366 2371 2375 2416 2421 2455 2475 2498 2502 2510 2574 2586 2617 2626 2636 2666 2678 2692 2707 2719 2731 2743 2813 2824 2845 2847 2860 2917 2924 2950 2969 
48	16	8	4	9 19 28 37 51 64 67 84 88 116 181 191 192 251 280 293 304 375 403 410 434 439 450 467 476 495 516 538 542 625 626 645 674 706 734 796 798 820 826 834 860 875 920 926 972 979 986 1003 1040 1058 1062 1131 1163 1185 1205 1227 1229 1264 1284 1324 1327 1342 1344 1359 1410 1427 1434 1470 1475 1491 1507 1551 1584 1592 1607 1676 1714 1747 1757 1778 1840 1844 1864 1874 1883 1900 1932 1938 1947 1970 2013 2023 2025 2026 2108 2166 2178 2231 2259 2263 2264 2296 2305 2328 2336 2349 2440 2497 2520 2584 2590 2651 2653 2658 2662 2708 2710 2723 2772 2792 2811 2815 2848 2872 2905 2927 2977 2995 
49	19	49	5	9 65 69 133 201 205 246 266 278 289 330 393 422 488 571 578 605 609 654 692 722 727 754 842 912 965 1024 1049 1051 1131 1211 1238 1249 1253 1254 1299 1312 1335 1353 1357 1381 1453 1474 1528 1549 1568 1635 1651 1675 1677 1704 1712 1732 1810 1811 1832 1850 1861 1919 1921 2077 2096 2103 2150 2193 2201 2210 2214 2240 2279 2300 2311 2321 2358 2362 2384 2401 2405 2449 2477 2507 2514 2536 2649 2662 2669 2690 2755 2772 2775 2786 2822 2835 2843 2861 2883 2889 2893 2932 2961 2970 2972 
50	11	11	1	41 74 94 130 140 195 222 341 342 381 419 458 479 508 512 513 517 520 631 650 685 721 732 780 825 955 968 972 992 1034 1065 1146 1148 1152 1235 1287 1346 1422 1450 1564 1617 1623 1730 1786 1794 1895 1917 1985 2028 2030 2034 2079 2082 2084 2090 2100 2108 2185 2216 2224 2259 2262 2297 2316 2384 2392 2395 2420 2466 2469 2474 2485 2506 2526 2554 2669 2679 2709 2725 2750 2768 2790 2792 2821 2875 2889 2950 
51	11	41	7	38 50 95 99 107 169 186 213 237 241 249 360 463 491 513 519 532 538 602 608 636 702 736 755 756 759 761 791 799 820 843 856 862 866 872 880 931 1012 1045 1163 1167 1209 1236 1271 1286 1294 1377 1384 1390 1453 1538 1545 1570 1574 1585 1594 1633 1652 1670 1688 1695 1713 1732 1761 1806 1821 1844 1873 1882 1885 1936 1979 1994 2052 2064 2105 2162 2203 2205 2239 2291 2317 2333 2340 2410 2425 2429 2441 2459 2576 2653 2693 2751 2754 2876 2953 2981 
52	19	29	7	3 11 33 42 47 60 68 80 86 139 175 180 192 198 206 221 229 262 292 294 350 372 402 432 444 466 490 501 529 531 575 581 641 718 725 742 787 805 819 851 861 865 889 904 923 976 977 1078 1113 1172 1178 1201 1206 1254 1259 1282 1285 1321 1322 1338 1343 1352 1392 1399 1470 1494 1571 1596 1676 1708 1734 1755 1756 1802 1809 1851 1902 1940 1945 1993 2018 2053 2056 2058 2072 2087 2124 2160 2182 2222 2301 2334 2355 2379 2394 2412 2423 2454 2532 2567 2583 2588 2660 2672 2675 2726 2734 2770 2772 2798 2805 2845 2935 2984 2990 
53	5	26	7	16 57 61 89 118 135 160 171 181 228 252 313 328 397 399 407 408 460 573 623 639 669 680 701 709 717 751 764 768 778 821 823 835 878 917 938 940 958 983 1003 1005 1038 1051 1057 1058 1087 1124 1177 1226 1376 1379 1381 1387 1388 1430 1446 1451 1477 1496 1573 1592 1593 1607 1612 1613 1686 1687 1693 1700 1720 1747 1907 1938 1977 1995 1998 2017 2019 2025 2068 2148 2186 2197 2202 2216 2221 2336 2339 2350 2353 2364 2370 2372 2406 2407 2487 2488 2534 2568 2573 2611 2622 2667 2732 2749 2777 2804 2810 2815 2824 2833 2944 2972 
54	5	4	5	4 88 109 158 170 183 185 209 216 275 282 329 374 379 406 432 443 446 481 486 487 489 507 523 572 602 657 678 689 709 713 735 745 811 838 843 867 873 945 951 997 1033 1035 1091 1152 1189 1204 1255 1347 1348 1350 1358 1363 1409 1441 1578 1590 1595 1648 1650 1665 1683 1714 1741 1833 1842 1862 1876 1886 1900 1911 1943 1966 2094 2165 2226 2229 2250 2281 2312 2323 2329 2335 2356 2365 2394 2442 2461 2552 2560 2570 2603 2605 2625 2631 2655 2670 2743 2783 2791 2814 2826 2840 2873 2921 2951 2956 
55	9	2	8	15 47 181 189 220 242 246 256 280 306 366 376 407 409 417 432 442 476 555 559 561 588 617 692 726 727 733 751 768 825 862 882 899 904 931 947 997 1019 1021 1029 1053 1077 1094 1097 1104 1213 1214 1216 1276 1298 1331 1371 1376 1382 1390 1411 1425 1440 1469 1481 1521 1539 1560 1578 1622 1623 1628 1645 1712 1714 1722 1725 1735 1802 1830 1839 1896 1901 1904 1908 1926 1935 1943 1953 1954 1961 2037 2040 2048 2073 2097 2098 2125 2146 2155 2192 2246 2256 2284 2343 2520 2569 2614 2624 2627 2634 2737 2742 2802 2857 2874 2964 2970 2976 
56	5	22	6	76 91 134 142 182 190 239 251 286 312 335 342 394 421 527 529 564 565 569 570 577 600 653 681 694 710 759 762 849 870 900 930 973 993 1019 1062 1063 1091 1094 1134 1135 1138 1143 1166 1192 1207 1231 1274 1278 1289 1324 1329 1336 1364 1373 1455 1477 1483 1559 1565 1575 1632 1672 1697 1719 1774 1789 1793 1817 1831 1853 1918 2083 2104 2116 2119 2123 2198 2205 2206 2236 2266 2284 2294 2301 2306 2308 2346 2357 2386 2405 2417 2479 2480 2490 2560 2645 2665 2709 2728 2742 2775 2783 2819 2838 2880 2911 2941 2948 2957 2961 
57	19	29	6	44 55 73 226 310 325 345 346 412 432 492 557 630 632 664 734 799 826 844 846 925 967 995 998 1002 1022 1061 1085 1116 1133 1154 1157 1173 1202 1273 1290 1398 1402 1452 1459 1484 1488 1507 1517 1520 1532 1544 1560 1582 1599 1604 1636 1692 1723 1755 1782 1807 1819 1841 1877 1883 1895 1906 1927 1978 1996 2032 2033 2048 2056 2066 2204 2209 2211 2230 2231 2241 2261 2283 2325 2371 2388 2397 2427 2456 2468 2473 2483 2594 2609 2623 2639 2661 2672 2700 2711 2713 2757 2761 2762 2779 2825 2833 2864 2876 2897 2936 2987 
58	19	48	2	29 35 70 99 108 132 151 300 361 425 456 460 511 565 663 684 708 723 741 786 793 806 826 885 886 887 1026 1047 1071 1083 1112 1122 1158 1177 1353 1359 1368 1372 1385 1392 1408 1426 1438 1452 1462 1480 1500 1521 1525 1624 1657 1670 1749 1764 1825 1855 1866 1875 1956 1970 1998 2017 2045 2166 2179 2282 2297 2306 2355 2362 2377 2420 2436 2451 2503 2534 2555 2594 2644 2647 2703 2704 2735 2744 2769 2816 2839 2913 2915 2933 2970 
59	19	4	3	99 185 203 210 221 236 243 249 343 381 399 408 415 428 486 504 506 544 557 631 642 690 699 703 705 722 743 752 753 802 822 952 990 992 1013 1063 1064 1078 1088 1166 1176 1200 1208 1222 1238 1240 1262 1267 1291 1292 1311 1341 1411 1431 1553 1574 1577 1607 1621 1622 1675 1687 1765 1776 1836 1838 1847 1857 1875 1909 1911 1916 1928 1934 1940 1973 2033 2038 2045 2058 2090 2241 2264 2280 2286 2310 2355 2377 2390 2410 2501 2528 2532 2542 2557 2575 2581 2633 2727 2729 2730 2737 2741 2756 2762 2768 2848 2859 2865 2888 2934 2989 2993 2994 
60	16	14	2	5 38 92 95 163 166 176 191 258 285 305 435 478 484 581 593 608 614 645 675 676 702 707 710 719 729 732 747 779 792 795 857 862 869 921 923 957 966 1010 1070 1106 1111 1181 1186 1217 1241 1258 1275 1290 1328 1375 1420 1444 1513 1528 1544 1548 1562 1578 1579 1612 1644 1649 1687 1702 1792 1810 1815 1887 1905 1926 1944 1962 2008 2074 2109 2138 2184 2203 2207 2256 2274 2312 2337 2349 2361 2397 2423 2559 2565 2580 2581 2637 2678 2707 2723 2725 2752 2753 2807 2820 2844 2864 2879 2931 2935 2937 3000 
61	8	28	8	73 84 88 121 123 133 162 193 279 292 294 316 349 362 371 428 444 462 500 516 535 579 581 611 615 631 659 668 672 705 743 748 750 762 839 873 923 987 991 993 1051 1067 1082 1107 1108 1121 1155 1194 1205 1225 1261 1317 1326 1362 1418 1421 1437 1508 1555 1594 1596 1629 1650 1651 1659 1669 1673 1683 1744 1805 1859 1863 1951 2012 2021 2064 2082 2087 2156 2191 2207 2228 2237 2274 2296 2300 2348 2413 2444 2481 2553 2564 2566 2605 2685 2695 2701 2709 2714 2747 2823 2833 2839 2846 2857 2867 2876 2942 2950 2981 
62	5	1	3	32 43 51 54 57 66 190 269 293 316 373 395 405 406 484 491 496 637 646 666 668 700 707 711 716 738 816 894 919 980 988 994 1000 1001 1004 1042 1050 1234 1314 1375 1475 1515 1517 1543 1593 1614 1639 1644 1666 1688 1719 1751 1839 1904 1938 1999 2016 2066 2102 2106 2164 2185 2192 2197 2214 2234 2247 2293 2314 2322 2347 2357 2445 2454 2462 2480 2573 2661 2682 2726 2771 2794 2849 2863 2868 2874 2881 2921 
63	11	6	6	9 28 35 46 57 61 168 177 180 197 222 230 253 284 296 338 339 361 371 375 376 440 514 541 595 616 624 747 754 839 868 915 927 953 984 1011 1110 1144 1169 1171 1236 1253 1280 1293 1308 1323 1344 1361 1366 1381 1400 1405 1423 1426 1439 1461 1490 1538 1542 1597 1603 1635 1639 1676 1693 1725 1786 1788 1823 1858 1897 1913 1953 1989 2014 2101 2154 2226 2229 2292 2370 2484 2562 2581 2606 2610 2677 2852 2903 2918 2919 2975 2976 2986 
64	19	44	8	19 40 61 77 93 105 127 143 152 178 194 197 208 235 245 250 277 284 290 369 374 398 433 441 457 498 501 509 519 604 683 744 765 791 814 843 866 876 890 957 961 1065 1146 1152 1166 1228 1251 1269 1274 1312 1319 1414 1423 1424 1473 1477 1486 1508 1523 1541 1543 1548 1552 1583 1610 1614 1619 1624 1653 1696 1709 1743 1751 1763 1778 1780 1784 1786 1806 1818 1832 1965 1967 1982 2005 2010 2055 2090 2095 2106 2166 2188 2267 2288 2319 2344 2362 2366 2387 2423 2449 2450 2464 2467 2510 2515 2527 2587 2650 2651 2654 2674 2694 2705 2706 2733 2743 2778 2821 2862 2864 2890 2905 2914 
65	3	11	8	45 114 187 254 273 319 380 450 455 472 489 497 543 637 648 653 665 699 706 708 724 730 732 747 754 778 797 863 916 918 920 982 985 988 1007 1010 1089 1132 1193 1256 1339 1426 1471 1494 1536 1549 1553 1597 1641 1662 1676 1689 1723 1729 1771 1812 1826 1852 1874 1883 1888 1890 1913 1948 1949 1980 1993 2004 2019 2024 2026 2103 2132 2198 2220 2224 2292 2313 2336 2415 2425 2491 2547 2555 2557 2570 2603 2612 2620 2625 2642 2653 2745 2752 2826 2841 2870 2895 2934 2953 2955 2996 
66	5	44	4	123 126 134 180 186 247 311 318 323 335 338 351 459 558 589 637 654 664 676 829 830 837 848 849 855 904 933 934 974 989 1022 1038 1076 1082 1086 1105 1170 1173 1189 1216 1250 1281 1290 1309 1315 1351 1379 1401 1431 1476 1493 1495 1590 1632 1637 1653 1665 1683 1694 1712 1716 1791 1833 1847 1865 1871 1876 1881 1886 1891 1892 1926 1937 1954 2010 2067 2130 2156 2172 2200 2224 2248 2271 2289 2337 2343 2448 2523 2555 2562 2765 2768 2781 2803 2821 2917 2931 2951 2958 
67	8	3	5	28 58 90 128 142 172 254 269 315 324 336 361 382 409 461 498 516 517 532 545 549 562 579 583 613 633 643 676 703 730 752 777 784 796 799 880 898 944 952 991 1006 1009 1023 1058 1118 1124 1171 1175 1212 1235 1244 1284 1291 1304 1310 1316 1331 1333 1342 1379 1459 1556 1567 1631 1634 1658 1664 1669 1718 1776 1784 1804 1809 1824 1846 1945 1976 1997 2038 2046 2053 2065 2084 2107 2139 2158 2205 2241 2264 2310 2324 2342 2355 2360 2421 2432 2435 2446 2460 2510 2553 2572 2575 2584 2651 2658 2682 2708 2717 2736 2784 2853 2907 2924 2952 2996 
68	9	10	5	7 40 78 81 119 148 159 167 171 191 238 288 328 344 350 357 366 388 423 475 558 617 671 691 757 773 888 910 916 1020 1046 1089 1121 1142 1149 1167 1232 1246 1257 1325 1384 1398 1415 1429 1526 1586 1606 1609 1614 1625 1717 1729 1742 1769 1799 1817 1831 1864 1898 1960 1998 2023 2115 2128 2141 2212 2220 2235 2254 2339 2412 2438 2441 2471 2479 2526 2566 2577 2592 2614 2646 2702 2733 2763 2780 2803 2820 2854 2911 2927 
69	15	33	4	20 87 93 107 110 118 151 154 195 218 265 290 314 322 353 387 393 402 409 433 454 483 566 582 586 638 762 765 812 815 827 847 888 890 909 947 970 975 991 1017 1053 1054 1060 1070 1183 1190 1193 1330 1331 1387 1400 1411 1432 1461 1514 1518 1526 1536 1568 1614 1630 1645 1648 1662 1700 1710 1711 1721 1722 1771 1823 1903 1921 1952 1988 2017 2040 2060 2086 2119 2132 2180 2193 2228 2247 2307 2313 2327 2383 2386 2397 2415 2434 2438 2457 2474 2487 2503 2506 2516 2615 2631 2632 2641 2644 2693 2702 2741 2774 2822 2837 2863 2887 2901 2913 2940 2973 
70	15	36	3	21 65 149 172 235 245 261 272 276 298 318 352 383 396 434 449 509 525 538 556 595 620 621 665 683 718 755 801 829 897 947 951 993 1130 1159 1168 1177 1184 1194 1214 1283 1352 1360 1380 1410 1570 1579 1610 1640 1679 1693 1696 1739 1758 1840 1855 1900 1950 1967 1984 1988 2008 2014 2035 2050 2061 2071 2086 2163 2179 2204 2226 2266 2272 2336 2360 2392 2403 2404 2412 2482 2524 2557 2572 2629 2665 2673 2677 2690 2705 2734 2757 2789 2827 2829 2851 2895 2897 2926 2940 2947 2966 
71	11	48	8	5 68 109 120 126 168 192 200 268 328 396 415 436 623 676 689 723 725 749 776 785 830 857 917 935 1001 1003 1020 1025 1034 1068 1099 1103 1117 1134 1156 1165 1175 1186 1196 1234 1242 1305 1336 1351 1401 1404 1412 1433 1478 1496 1501 1514 1518 1527 1588 1663 1671 1688 1706 1730 1769 1803 1815 1836 1837 1909 1920 1933 1989 2009 2089 2121 2211 2268 2273 2285 2321 2349 2385 2431 2494 2496 2506 2509 2525 2641 2676 2711 2727 2740 2760 2797 2865 2881 2889 2968 2980 
72	18	36	7	6 55 73 113 138 150 152 153 179 183 202 212 218 248 283 289 312 315 327 352 371 381 400 427 431 541 569 580 601 611 620 631 681 693 727 735 754 763 782 786 792 818 891 896 900 965 1009 1011 1025 1050 1064 1126 1260 1269 1276 1394 1417 1433 1482 1505 1527 1535 1547 1632 1655 1680 1684 1717 1741 1767 1805 1878 1906 1912 1914 1915 1925 1965 1985 2022 2042 2067 2088 2090 2111 2156 2175 2180 2273 2332 2354 2445 2482 2520 2548 2596 2599 2618 2699 2712 2742 2783 2868 2874 2877 2920 2930 2938 2964 2977 2982 2998 
73	11	41	2	23 41 62 81 169 173 177 183 212 226 227 283 286 348 421 429 443 444 445 497 521 547 590 695 713 724 768 789 908 958 959 963 974 990 1001 1011 1019 1045 1053 1066 1075 1090 1098 1115 1137 1138 1140 1193 1198 1202 1221 1267 1297 1347 1354 1357 1360 1407 1434 1450 1479 1483 1543 1557 1559 1589 1608 1654 1665 1667 1680 1741 1758 1765 1776 1849 1910 1976 2099 2104 2137 2157 2175 2185 2268 2269 2278 2281 2310 2313 2325 2360 2374 2398 2401 2495 2504 2506 2516 2542 2544 2556 2597 2625 2667 2686 2712 2785 2809 2828 2837 2872 2956 2963 2965 
74	16	50	5	43 55 63 75 85 114 121 127 161 252 256 262 312 320 376 378 380 407 410 426 441 445 466 474 518 522 559 601 604 610 624 641 652 682 712 739 766 780 785 813 826 905 907 936 975 983 1050 1073 1086 1162 1178 1209 1282 1287 1293 1315 1406 1440 1444 1456 1476 1479 1504 1547 1588 1597 1615 1637 1641 1668 1707 1735 1751 1753 1827 1863 1904 1917 1973 2011 2062 2078 2113 2129 2130 2137 2145 2222 2236 2256 2258 2271 2340 2353 2388 2400 2402 2453 2473 2486 2534 2548 2563 2569 2583 2616 2664 2685 2692 2722 2732 2738 2746 2773 2776 2793 2816 2849 2860 2885 2890 
75	17	17	4	11 39 48 77 90 92 105 121 144 149 184 201 234 306 341 396 413 414 545 547 580 633 643 763 770 801 821 844 853 911 942 965 990 1079 1085 1155 1187 1209 1219 1257 1258 1314 1332 1408 1413 1492 1503 1530 1532 1533 1574 1580 1660 1666 1723 1724 1759 1813 1816 1868 1896 1906 1920 1965 1984 1991 2039 2059 2126 2159 2267 2352 2372 2380 2393 2437 2461 2489 2498 2549 2556 2568 2583 2595 2596 2608 2623 2674 2700 2733 2751 2819 2878 2899 2900 2925 2961 2971 
76	3	24	1	35 46 72 77 124 137 199 221 259 276 287 353 358 384 511 522 524 531 603 659 678 705 829 931 979 1076 1127 1138 1175 1248 1258 1263 1297 1300 1371 1395 1400 1465 1511 1513 1528 1575 1587 1627 1642 1731 1748 1750 1759 1764 1782 1819 1851 1860 1884 1932 2002 2015 2067 2107 2133 2138 2151 2166 2190 2300 2306 2364 2381 2415 2470 2497 2540 2550 2567 2574 2607 2618 2624 2652 2657 2730 2769 2814 2832 2905 2940 2966 2981 2983 2985 2988 2993 
77	3	49	2	30 44 52 97 137 138 186 242 278 281 336 362 415 455 500 513 561 626 673 700 773 787 802 846 904 932 950 979 987 1013 1022 1056 1077 1128 1132 1141 1162 1167 1201 1272 1294 1302 1339 1346 1398 1404 1447 1455 1493 1514 1537 1554 1604 1611 1625 1695 1731 1754 1774 1785 1789 1798 1817 1818 1831 1845 1873 1933 1950 1966 1971 1987 2019 2036 2041 2052 2065 2087 2120 2154 2155 2182 2190 2225 2228 2240 2251 2272 2324 2332 2346 2369 2373 2400 2454 2455 2467 2518 2539 2548 2570 2585 2613 2616 2628 2674 2696 2699 2726 2767 2812 2911 2948 2969 
78	15	12	5	16 19 71 147 156 164 226 250 272 274 291 326 372 401 408 411 412 479 526 535 566 573 625 648 710 737 771 798 824 832 872 885 890 901 915 939 940 946 953 959 966 973 980 981 989 999 1000 1031 1034 1042 1079 1100 1115 1133 1161 1218 1263 1268 1365 1387 1462 1515 1558 1562 1563 1570 1571 1619 1678 1694 1707 1737 1801 1834 1837 1891 1905 1910 1927 1974 1986 1988 2035 2044 2068 2081 2173 2176 2197 2227 2243 2259 2308 2344 2366 2369 2370 2381 2433 2440 2465 2483 2498 2543 2545 2546 2568 2578 2582 2627 2768 2810 2850 2894 2904 2918 2925 2994 
79	1	19	5	23 73 82 193 196 243 323 419 483 512 550 563 564 576 600 606 681 767 779 814 848 864 875 1007 1052 1076 1095 1120 1215 1247 1298 1382 1533 1591 1638 1645 1728 1773 1792 1825 1854 1871 1872 1888 1893 1894 1930 1963 1983 1993 2031 2036 2061 2066 2067 2135 2157 2174 2251 2289 2341 2431 2485 2495 2567 2597 2612 2668 2716 2724 2753 2771 2798 2808 2813 2823 2831 2871 2909 2946 2979 
80	11	39	3	14 34 82 86 100 115 125 165 198 224 234 301 302 307 389 461 462 471 489 533 567 583 605 657 736 750 761 825 856 931 967 978 986 1026 1032 1056 1093 1118 1142 1148 1182 1308 1369 1420 1452 1482 1483 1503 1521 1553 1652 1711 1761 1849 1872 1962 1963 1987 1996 2003 2004 2020 2029 2047 2165 2187 2196 2271 2302 2305 2385 2413 2414 2424 2447 2518 2533 2595 2616 2764 2778 2805 2840 2841 2855 2873 2900 2960 2973 
81	15	21	6	38 71 74 89 120 161 203 246 257 282 319 431 438 465 490 511 536 594 662 670 703 731 746 752 767 776 786 845 858 917 918 929 933 942 954 955 962 965 987 996 1020 1028 1096 1141 1146 1147 1175 1180 1185 1218 1272 1291 1297 1379 1407 1419 1428 1451 1466 1502 1505 1506 1511 1586 1605 1701 1787 1791 1814 1845 1962 1968 2004 2027 2046 2075 2110 2122 2140 2245 2248 2255 2267 2270 2351 2376 2380 2448 2494 2499 2511 2522 2524 2565 2598 2630 2795 2801 2826 2829 2842 2867 2901 2931 2938 
82	15	19	1	11 14 18 76 84 85 118 166 210 225 362 386 465 481 485 542 552 592 599 647 658 737 766 800 842 850 910 980 1066 1089 1103 1125 1132 1144 1161 1180 1220 1275 1288 1299 1313 1315 1328 1388 1402 1420 1484 1486 1497 1504 1544 1565 1576 1586 1594 1631 1646 1658 1663 1784 1787 1804 1811 1816 1818 1838 1856 1886 1907 1994 2007 2045 2062 2085 2110 2124 2141 2150 2161 2172 2178 2206 2231 2242 2253 2255 2282 2302 2323 2376 2408 2411 2499 2512 2528 2539 2633 2638 2643 2703 2708 2716 2746 2748 2775 2783 2823 2856 2861 2869 2874 2923 2926 2936 2938 2942 2949 
83	17	35	2	10 16 34 49 61 71 72 83 98 103 104 131 135 171 197 202 275 277 343 370 374 384 406 414 454 495 512 531 548 574 578 615 621 638 640 652 658 711 712 733 775 781 782 854 891 902 942 960 1014 1028 1063 1116 1150 1157 1171 1197 1207 1208 1226 1234 1238 1242 1351 1391 1432 1458 1506 1530 1569 1575 1586 1609 1616 1631 1761 1786 1791 1804 1826 1827 1862 1912 1916 1931 1965 2000 2021 2024 2031 2035 2049 2064 2080 2115 2133 2136 2177 2239 2299 2311 2323 2359 2395 2399 2418 2432 2492 2505 2507 2517 2540 2566 2575 2584 2605 2608 2630 2639 2676 2684 2756 2765 2853 2862 2885 2888 2924 2928 2940 2945 2987 
84	15	1	7	26 102 114 147 265 280 317 319 534 551 603 614 652 661 711 762 814 845 849 852 899 901 915 978 1027 1149 1151 1165 1169 1198 1214 1252 1283 1301 1339 1340 1356 1413 1436 1458 1466 1488 1489 1492 1521 1533 1544 1556 1609 1621 1635 1638 1697 1711 1745 1772 1819 1829 1868 1877 1887 1889 1896 1899 1924 1951 1981 2009 2047 2066 2094 2108 2114 2163 2179 2252 2265 2322 2326 2338 2418 2458 2483 2491 2493 2509 2523 2547 2580 2607 2615 2634 2636 2683 2722 2761 2776 2784 2809 2852 2875 2878 2879 2880 2882 2891 2906 2929 2979 3000 
85	5	12	1	101 158 178 188 197 219 240 260 298 405 452 480 553 560 561 586 609 611 627 656 668 698 715 716 728 741 749 761 797 818 918 924 926 944 981 1020 1043 1073 1119 1267 1269 1278 1430 1489 1496 1516 1540 1541 1555 1639 1666 1672 1708 1743 1769 1801 1813 1954 1956 1981 2003 2011 2092 2142 2174 2175 2237 2292 2303 2310 2356 2368 2369 2379 2382 2396 2431 2488 2609 2684 2686 2705 2724 2812 2854 2880 2912 2958 2984 
86	1	43	8	21 22 42 62 106 131 151 196 255 431 503 551 558 592 649 772 809 822 850 869 902 922 1032 1080 1126 1176 1181 1185 1248 1258 1268 1279 1314 1318 1322 1367 1370 1380 1435 1442 1446 1455 1464 1499 1633 1648 1703 1760 1816 1930 1985 1997 2009 2036 2083 2113 2134 2178 2186 2208 2234 2260 2345 2353 2390 2493 2521 2544 2563 2565 2568 2611 2630 2639 2702 2772 2866 2897 2945 2969 2984 2997 2999 
87	5	40	8	9 13 27 56 108 212 258 287 291 296 297 304 321 322 337 359 360 365 413 467 468 475 479 499 526 537 573 596 600 630 669 677 686 701 714 721 755 795 804 817 846 864 874 910 914 924 939 1008 1017 1033 1041 1061 1087 1113 1133 1145 1151 1169 1218 1290 1310 1323 1413 1436 1488 1493 1500 1547 1600 1613 1634 1646 1679 1697 1721 1750 1758 1797 1835 1838 1870 1907 2085 2114 2162 2176 2180 2308 2315 2332 2377 2380 2401 2414 2419 2445 2468 2513 2526 2529 2538 2546 2583 2615 2640 2668 2678 2679 2683 2746 2756 2789 2805 2843 2858 2899 2903 2922 2959 2962 2965 
88	15	38	8	80 85 91 110 119 136 207 214 230 334 342 386 435 480 504 508 574 595 634 691 775 798 827 851 854 896 905 1006 1013 1014 1023 1066 1105 1110 1187 1208 1219 1223 1304 1306 1340 1365 1389 1456 1459 1470 1537 1542 1545 1564 1602 1603 1649 1654 1655 1672 1783 1833 1834 1849 1866 1922 1962 1976 1983 1995 2056 2062 2110 2168 2179 2200 2229 2230 2269 2309 2318 2326 2346 2358 2393 2408 2446 2462 2492 2532 2579 2607 2619 2636 2648 2710 2781 2786 2806 2824 2829 2910 2912 2916 2949 2960 2973 
89	15	21	2	1 24 39 56 58 109 155 167 207 280 303 326 340 344 369 389 410 413 428 568 572 613 616 634 664 728 765 766 805 933 1009 1084 1087 1104 1136 1142 1149 1190 1251 1289 1311 1315 1318 1333 1350 1366 1378 1414 1442 1478 1495 1504 1534 1555 1566 1594 1641 1671 1682 1755 1777 1802 1834 1835 1852 1853 1870 1882 1934 1947 2051 2188 2236 2260 2277 2279 2351 2383 2402 2433 2439 2499 2519 2604 2677 2688 2719 2758 2761 2796 2813 2882 2923 2981 2982 
90	18	23	4	26 29 97 106 117 167 187 194 199 213 228 236 249 259 268 302 308 313 330 388 431 456 469 562 616 619 644 652 682 684 691 695 746 800 808 838 858 873 887 915 928 938 945 1081 1101 1113 1204 1239 1243 1253 1266 1270 1272 1276 1301 1328 1333 1335 1345 1376 1397 1429 1486 1572 1581 1604 1631 1649 1673 1674 1825 1835 1839 1857 1957 1972 1977 1996 2077 2082 2099 2104 2128 2146 2152 2173 2184 2230 2275 2281 2531 2561 2588 2589 2668 2773 2798 2802 2838 2839 2858 2930 2967 
91	19	22	1	8 31 69 98 103 173 208 309 312 355 359 408 468 489 504 518 527 572 591 597 604 605 606 607 618 677 697 704 712 740 758 791 863 866 903 913 952 988 994 1004 1005 1047 1062 1083 1092 1099 1129 1158 1195 1224 1271 1272 1283 1301 1319 1330 1367 1372 1382 1391 1426 1428 1432 1493 1520 1522 1562 1654 1713 1733 1736 1753 1853 1882 1914 1927 2004 2006 2071 2076 2116 2146 2168 2193 2218 2219 2275 2286 2307 2314 2354 2358 2386 2416 2434 2447 2478 2521 2562 2594 2661 2729 2791 2809 2836 2847 2870 2879 2884 2899 2916 2934 2974 
92	18	40	6	10 12 27 54 96 146 172 184 229 232 247 248 250 307 328 337 343 395 399 400 401 405 456 467 483 484 550 568 571 574 575 585 635 666 682 700 715 817 834 852 872 893 905 907 1026 1068 1086 1108 1122 1123 1160 1179 1191 1194 1196 1288 1314 1417 1494 1519 1646 1660 1703 1738 1739 1804 1808 1867 1875 1910 1912 1923 1931 1941 2040 2078 2126 2135 2138 2177 2195 2251 2253 2322 2329 2334 2381 2419 2500 2507 2561 2572 2601 2605 2656 2844 2853 2870 2893 2927 2939 2944 2965 2982 2998 
93	18	38	2	100 206 222 235 271 311 313 321 335 341 346 354 360 364 394 482 490 494 503 555 560 594 636 714 718 725 736 800 801 803 808 837 861 877 922 988 1008 1107 1123 1218 1222 1244 1245 1394 1395 1415 1473 1485 1518 1538 1542 1546 1643 1725 1797 1814 1820 1872 1897 1902 1940 1948 1959 2038 2086 2128 2169 2221 2223 2245 2298 2303 2315 2345 2409 2422 2429 2579 2635 2656 2702 2722 2808 2817 2818 2836 2848 2866 2954 2995 
94	5	33	2	4 78 116 141 142 162 224 320 402 436 447 448 496 538 655 656 657 685 694 704 815 879 882 884 1024 1032 1097 1155 1188 1223 1224 1225 1239 1249 1260 1373 1417 1418 1441 1449 1509 1541 1600 1685 1729 1739 1778 1800 1809 1856 1860 1924 2013 2025 2048 2055 2063 2070 2093 2167 2186 2200 2235 2252 2291 2339 2376 2411 2444 2501 2513 2545 2569 2576 2626 2701 2718 2774 2790 2869 2881 2883 2892 2898 2901 2929 2934 2972 2988 
95	18	31	3	10 31 50 53 81 310 329 334 349 351 392 402 420 424 442 452 477 588 613 638 667 689 693 748 756 769 787 817 830 845 939 960 979 1014 1021 1041 1102 1131 1271 1281 1305 1322 1329 1332 1399 1438 1445 1450 1522 1542 1552 1704 1707 1724 1737 1785 1787 1810 1824 1884 1917 1924 1929 1935 1945 1949 1956 2000 2007 2054 2077 2078 2109 2118 2119 2190 2213 2225 2227 2308 2315 2365 2441 2443 2452 2470 2471 2519 2523 2559 2641 2672 2693 2763 2781 2782 2806 2909 2922 2930 2932 2968 2996 
96	12	23	2	2 59 74 75 101 110 113 168 174 179 223 241 308 309 367 379 385 392 417 473 493 552 553 557 570 588 596 598 618 635 649 650 662 666 743 764 788 831 835 855 883 889 911 925 936 940 941 948 986 1015 1036 1039 1078 1089 1096 1099 1145 1153 1231 1240 1248 1266 1281 1296 1300 1326 1431 1549 1587 1617 1635 1692 1767 1779 1782 1829 1859 1896 1929 1977 1992 2023 2079 2098 2110 2118 2121 2142 2152 2214 2230 2290 2301 2331 2334 2416 2447 2461 2465 2468 2480 2528 2560 2571 2578 2593 2603 2636 2664 2666 2687 2694 2720 2730 2800 2850 2868 2887 2942 2974 2989 
97	19	26	4	31 63 146 160 214 270 300 321 376 395 436 493 612 615 620 627 628 670 673 678 720 721 730 742 783 793 833 851 876 878 896 922 971 977 1036 1049 1056 1151 1154 1171 1192 1206 1240 1295 1317 1325 1352 1389 1438 1567 1587 1599 1602 1654 1717 1720 1736 1773 1785 1788 1820 1878 1889 2035 2098 2135 2137 2176 2192 2212 2265 2283 2284 2293 2298 2358 2436 2456 2458 2579 2598 2620 2626 2642 2665 2678 2745 2762 2777 2814 2817 2828 2829 2850 2876 2879 2911 2943 2954 2956 2987 2993 2996 
98	18	5	1	27 80 153 257 281 331 333 347 348 378 385 471 476 535 576 584 636 640 653 655 675 683 687 744 757 774 784 828 885 914 959 1012 1015 1044 1054 1077 1088 1100 1105 1111 1121 1143 1204 1210 1245 1337 1418 1618 1630 1644 1653 1659 1660 1682 1684 1694 1715 1746 1751 1775 1803 1824 1880 1894 1922 1944 1948 1960 1964 2014 2029 2209 2278 2337 2437 2438 2452 2495 2508 2536 2546 2553 2588 2662 2673 2681 2687 2751 2771 2822 2865 2883 2914 2918 2937 2943 2951 2953 
99	1	31	1	17 42 45 87 108 175 213 239 264 278 282 307 326 329 334 336 363 379 382 391 427 439 688 731 859 919 962 976 977 1038 1048 1049 1057 1094 1108 1214 1228 1309 1334 1340 1344 1363 1512 1558 1566 1675 1691 1760 1806 1839 1840 1850 1854 1871 1885 1983 2026 2072 2080 2144 2171 2217 2269 2293 2329 2361 2363 2432 2450 2467 2531 2621 2663 2668 2745 2885 2887 2928 2995 
100	18	5	8	8 36 57 66 79 90 116 122 140 169 199 203 289 309 364 368 384 404 419 420 430 449 463 474 477 494 502 530 539 562 593 599 675 773 808 818 834 867 893 929 975 1045 1090 1123 1129 1179 1192 1217 1232 1278 1397 1422 1462 1511 1601 1693 1694 1742 1781 1788 1884 1891 1973 1991 1996 2057 2072 2080 2091 2127 2199 2215 2216 2272 2395 2400 2480 2511 2540 2541 2551 2558 2588 2663 2728 2804 2854 2861 2927 2989 
