Course	Room	Teacher	Time	Students
1	8	21	6	61 78 108 115 145 154 187 248 282 333 356 363 403 409 419 428 499 529 562 623 671 694 708 721 743 834 849 866 889 924 936 946 948 960 971 973 994 1192 1296 1346 1385 1413 1419 1444 1477 1577 1590 1616 1623 1637 1655 1661 1723 1784 1803 1862 1905 1920 2057 2070 2086 2113 2139 2174 2187 2202 2211 2230 2235 2263 2272 2305 2318 2325 2329 2346 2348 2384 2424 2465 2472 2476 2530 2545 2551 2559 2570 2571 2585 2596 2650 2681 2713 2767 2807 2814 2850 2864 2865 2911 2913 2942 2966 2967 2982 2986 
2	5	11	1	52 62 75 133 227 315 335 421 425 434 480 502 514 545 601 618 657 722 740 744 752 761 786 825 892 927 955 974 991 994 1011 1013 1094 1106 1140 1160 1198 1242 1256 1322 1325 1359 1370 1383 1401 1434 1479 1485 1495 1549 1586 1622 1640 1736 1746 1752 1796 1840 1863 1891 1959 1980 1987 2011 2055 2073 2095 2163 2210 2241 2270 2321 2341 2346 2400 2418 2421 2431 2498 2508 2540 2564 2709 2731 2751 2782 2820 2862 2917 2958 2981 3000 
3	5	22	3	35 77 124 125 157 166 169 188 191 210 218 237 281 312 329 344 345 402 438 502 587 605 637 649 669 683 732 739 763 799 803 830 875 884 890 918 929 956 959 1051 1076 1105 1122 1171 1220 1243 1255 1267 1275 1299 1300 1318 1349 1374 1427 1455 1525 1546 1582 1633 1636 1684 1689 1705 1750 1764 1800 1801 1812 1821 1859 1862 1878 1891 1900 1925 1960 1962 1974 1994 1999 2006 2023 2154 2174 2180 2192 2212 2342 2382 2432 2466 2542 2648 2660 2683 2684 2688 2745 2904 2922 2944 2949 2996 2997 2998 
4	5	14	4	4 23 51 55 67 74 86 99 108 146 189 279 307 349 352 381 429 449 485 510 543 565 592 595 650 675 712 717 727 788 810 818 843 946 957 972 994 1016 1048 1060 1071 1072 1077 1085 1194 1229 1252 1257 1259 1300 1307 1317 1443 1473 1479 1488 1576 1613 1620 1624 1715 1731 1766 1804 1839 1877 1878 1902 1928 1931 1970 1985 2008 2010 2043 2064 2121 2186 2188 2312 2317 2321 2325 2363 2390 2417 2438 2461 2553 2560 2627 2660 2697 2739 2761 2773 2798 2800 2835 2841 2884 2899 2910 2918 2924 2928 2991 
5	5	7	6	10 57 59 66 69 74 90 124 158 191 235 271 296 305 324 351 371 376 378 382 384 397 442 444 507 511 513 518 523 524 534 550 558 578 584 612 643 644 698 722 753 777 869 873 880 913 975 1026 1119 1132 1156 1165 1215 1371 1388 1442 1447 1452 1467 1478 1491 1502 1503 1525 1556 1630 1664 1676 1706 1740 1770 1788 1798 1816 1834 1846 1889 1900 1908 1927 1947 1982 1993 2011 2015 2027 2062 2065 2103 2114 2150 2172 2212 2308 2316 2328 2361 2377 2439 2452 2454 2467 2474 2482 2493 2501 2510 2537 2633 2637 2638 2652 2685 2739 2773 2795 2802 2804 2819 2835 2854 2897 2901 2903 2983 
6	5	31	8	15 28 64 212 218 233 251 280 285 299 329 346 349 435 442 638 659 710 711 737 764 773 790 800 835 888 889 894 907 1175 1186 1206 1235 1251 1341 1359 1396 1442 1459 1494 1496 1517 1523 1527 1532 1536 1555 1601 1602 1621 1627 1630 1643 1656 1657 1658 1668 1678 1690 1698 1723 1730 1740 1747 1809 1848 1869 1870 1941 1946 1958 1995 2012 2021 2092 2099 2112 2148 2152 2169 2216 2238 2265 2266 2268 2303 2323 2357 2393 2419 2472 2494 2508 2510 2519 2531 2599 2603 2663 2699 2742 2743 2779 2781 2784 2804 2812 2822 2845 2867 2887 2898 2926 2946 2952 2998 
7	6	1	4	98 105 127 153 162 175 178 223 285 313 323 350 361 364 388 457 458 539 545 677 778 811 819 871 959 992 1039 1097 1114 1122 1142 1157 1172 1198 1228 1234 1356 1361 1376 1383 1399 1413 1415 1464 1499 1518 1535 1537 1546 1581 1595 1606 1658 1673 1743 1761 1802 1881 1899 1986 2000 2015 2047 2099 2118 2237 2242 2263 2273 2314 2367 2404 2413 2480 2492 2499 2510 2539 2592 2649 2672 2776 2777 2802 2807 2808 2858 2865 2866 2885 2913 2989 
8	1	38	7	2 4 57 65 93 105 174 225 243 272 336 345 370 372 412 417 489 547 560 578 612 673 700 744 745 765 801 814 830 924 938 1034 1035 1045 1062 1074 1129 1160 1170 1186 1200 1213 1218 1243 1268 1276 1326 1398 1416 1418 1568 1592 1601 1602 1616 1628 1633 1644 1691 1725 1776 1804 1807 1837 1838 1868 1923 1932 2092 2167 2179 2206 2319 2346 2383 2436 2443 2475 2486 2499 2516 2532 2535 2557 2588 2589 2638 2666 2667 2675 2693 2696 2708 2709 2718 2762 2775 2864 2885 2895 2900 2903 2916 2921 2948 2965 2973 
9	1	38	6	1 17 34 43 47 75 102 114 128 144 148 162 195 238 253 331 348 370 388 392 404 410 447 487 505 516 541 552 561 565 567 599 664 678 679 682 717 782 810 820 825 839 865 899 909 928 991 1003 1057 1070 1087 1150 1153 1187 1231 1342 1364 1382 1392 1418 1422 1458 1552 1611 1618 1638 1657 1665 1690 1694 1735 1748 1785 1802 1804 1850 1916 1925 1930 1964 1995 2001 2017 2019 2036 2081 2093 2100 2178 2204 2223 2232 2304 2362 2372 2376 2386 2425 2426 2455 2456 2484 2505 2525 2538 2552 2581 2597 2609 2658 2684 2691 2709 2737 2781 2820 2862 2874 2934 2988 
10	1	35	1	5 26 46 78 103 120 135 146 183 221 263 278 288 305 339 374 402 438 469 539 627 668 705 710 748 763 780 789 795 819 835 839 851 864 948 956 970 999 1024 1036 1146 1161 1222 1273 1284 1297 1304 1313 1329 1360 1362 1410 1504 1536 1578 1608 1617 1641 1691 1693 1835 1861 1880 1918 1921 1926 1973 1979 2049 2114 2131 2151 2194 2208 2254 2269 2291 2303 2339 2350 2399 2435 2472 2496 2503 2573 2575 2585 2588 2594 2597 2606 2617 2620 2637 2646 2785 2830 2834 2872 2915 2998 
11	13	33	1	51 55 79 134 141 142 143 150 170 189 193 199 245 271 296 307 310 316 323 380 414 426 439 487 492 535 546 579 587 684 687 714 735 759 785 808 842 843 881 919 962 981 1018 1033 1062 1081 1096 1097 1098 1165 1179 1195 1202 1289 1346 1354 1388 1397 1430 1451 1484 1505 1509 1518 1634 1635 1658 1681 1697 1720 1755 1767 1771 1772 1792 1806 1828 1865 1874 1882 1884 1897 1903 1911 1957 2016 2022 2057 2059 2085 2093 2101 2112 2159 2191 2195 2216 2235 2244 2249 2253 2261 2337 2353 2370 2411 2482 2494 2516 2535 2600 2621 2622 2647 2659 2691 2705 2744 2755 2766 2790 2813 2824 2836 2880 2884 2888 
12	1	47	5	23 31 43 89 99 100 198 223 225 325 349 371 382 419 424 445 470 478 488 537 559 573 619 625 721 724 768 776 786 820 848 859 878 915 1001 1099 1177 1215 1223 1229 1230 1272 1298 1313 1349 1367 1386 1409 1509 1539 1551 1567 1618 1665 1683 1695 1698 1700 1743 1763 1781 1790 1838 1903 1935 1939 1965 1969 2010 2038 2048 2072 2094 2122 2145 2176 2246 2266 2297 2375 2438 2443 2470 2483 2507 2512 2538 2542 2550 2573 2594 2626 2667 2684 2743 2780 2783 2786 2791 2819 2851 2882 2895 2931 2950 2980 
13	13	39	5	15 16 74 109 121 128 150 151 163 176 189 212 239 265 311 316 321 366 391 420 513 555 583 613 627 634 642 676 702 720 726 729 754 761 773 860 921 973 1010 1056 1095 1111 1128 1181 1290 1323 1325 1337 1360 1369 1422 1459 1472 1496 1506 1555 1556 1566 1578 1594 1637 1710 1714 1742 1755 1780 1802 1854 1857 1892 1920 1940 1942 1946 2111 2146 2160 2182 2224 2247 2311 2312 2339 2373 2392 2430 2490 2530 2590 2614 2618 2628 2650 2661 2678 2681 2698 2714 2787 2789 2802 2935 2965 2968 
14	19	5	2	10 13 51 65 71 85 100 161 205 217 258 270 295 305 344 353 374 378 394 398 412 458 471 498 540 542 554 565 566 579 595 602 611 625 632 643 660 691 692 714 742 875 878 894 919 947 979 988 993 1020 1022 1039 1113 1121 1180 1223 1271 1279 1281 1299 1332 1355 1357 1372 1384 1389 1450 1451 1531 1552 1577 1582 1638 1644 1658 1662 1718 1726 1732 1760 1803 1844 1850 1854 1893 1906 1912 1953 1957 1994 1995 2019 2053 2096 2108 2143 2168 2171 2208 2223 2227 2239 2246 2270 2278 2289 2324 2368 2378 2420 2456 2461 2491 2519 2537 2624 2631 2683 2732 2745 2747 2762 2777 2862 2916 2937 2974 2984 2994 
15	6	35	8	2 20 31 44 68 72 102 145 178 263 267 287 358 449 460 493 500 512 609 657 666 675 691 712 731 735 767 791 805 844 898 916 951 1008 1090 1130 1164 1180 1184 1224 1248 1259 1288 1330 1458 1534 1541 1579 1606 1628 1629 1648 1800 1841 1853 1879 1927 1928 1955 1968 2054 2079 2113 2124 2138 2187 2189 2220 2252 2355 2381 2431 2457 2476 2485 2569 2582 2586 2608 2666 2703 2778 2794 2827 2835 2995 
16	11	30	2	64 135 143 203 224 226 229 257 291 404 492 502 531 571 588 590 594 652 672 682 953 967 1010 1015 1060 1108 1110 1124 1143 1187 1208 1221 1227 1231 1265 1266 1287 1291 1320 1341 1350 1351 1352 1393 1501 1538 1571 1589 1598 1613 1713 1714 1717 1719 1735 1746 1750 1759 1765 1766 1775 1778 1792 1901 1965 2010 2027 2038 2097 2142 2157 2171 2173 2194 2211 2287 2307 2380 2441 2462 2534 2535 2548 2568 2571 2592 2595 2613 2641 2659 2663 2700 2703 2759 2776 2785 2794 2849 2858 2883 2977 2997 
17	13	23	4	69 93 131 135 166 174 192 204 206 240 328 354 369 407 415 425 513 519 548 584 669 684 732 790 802 877 905 912 941 977 1063 1126 1128 1138 1149 1368 1436 1444 1511 1565 1574 1618 1679 1681 1738 1750 1757 1775 1787 1801 1847 1884 1890 1897 1910 1924 1925 1988 2022 2147 2164 2175 2200 2204 2228 2259 2289 2301 2309 2313 2347 2349 2375 2392 2407 2430 2436 2484 2515 2556 2595 2610 2611 2621 2664 2679 2707 2714 2733 2752 2784 2799 2801 2821 2882 2887 2914 2964 2990 2994 
18	19	12	5	32 124 185 206 209 279 281 323 332 379 406 454 464 515 533 582 603 604 617 635 673 731 744 770 783 784 831 865 927 946 968 981 997 1008 1032 1051 1054 1105 1129 1134 1250 1281 1297 1305 1314 1429 1437 1454 1584 1587 1634 1643 1647 1652 1671 1703 1773 1774 1841 1867 1887 1950 2028 2043 2060 2075 2079 2167 2201 2209 2216 2258 2281 2284 2361 2377 2387 2388 2402 2467 2534 2541 2548 2596 2603 2613 2653 2680 2713 2736 2750 2778 2793 2827 2869 2905 2906 2964 2972 2984 
19	13	43	7	8 23 60 85 119 128 213 214 247 339 350 577 638 644 662 670 698 753 754 772 777 781 822 839 846 869 891 895 922 986 1000 1004 1049 1054 1099 1135 1173 1234 1242 1270 1293 1311 1355 1366 1392 1420 1429 1443 1449 1462 1475 1493 1512 1516 1518 1551 1608 1677 1707 1714 1760 1777 1825 1857 1861 1866 1910 1915 1940 1970 1973 2016 2047 2048 2054 2077 2131 2134 2150 2169 2175 2226 2252 2276 2342 2447 2496 2533 2608 2621 2639 2653 2656 2694 2697 2711 2724 2742 2745 2804 2806 2809 2848 2889 2909 2918 2933 2983 2986 2988 2998 3000 
20	11	48	5	7 20 24 55 94 205 211 226 238 247 261 314 410 416 427 446 447 486 508 534 553 567 580 585 586 590 647 719 738 815 829 858 863 875 881 896 926 934 998 1030 1102 1114 1144 1148 1168 1193 1196 1202 1206 1207 1220 1233 1270 1273 1278 1295 1334 1339 1391 1414 1423 1446 1448 1493 1537 1590 1595 1611 1660 1663 1699 1704 1747 1756 1757 1795 1801 1846 1896 1924 1925 1951 1998 2019 2030 2044 2107 2117 2123 2166 2172 2193 2254 2256 2323 2340 2344 2366 2394 2403 2437 2453 2484 2493 2584 2639 2642 2687 2860 2880 2886 2901 2903 2910 2912 2930 2932 2955 2966 2969 
21	19	46	7	18 19 96 114 133 191 228 250 260 277 373 380 385 390 407 420 460 471 484 511 527 561 564 566 594 596 622 667 724 733 738 747 752 787 824 930 968 1012 1029 1059 1060 1069 1106 1137 1141 1185 1241 1264 1285 1345 1349 1351 1377 1409 1466 1540 1563 1564 1574 1603 1617 1622 1650 1740 1752 1788 1826 1839 1863 1880 1896 1934 1949 2006 2020 2028 2071 2095 2127 2173 2192 2285 2298 2301 2335 2358 2366 2420 2423 2444 2451 2453 2466 2551 2554 2580 2590 2628 2658 2676 2677 2735 2766 2771 2808 2823 2854 2915 2917 2960 2968 2982 
22	19	25	8	10 21 25 114 156 167 210 224 333 337 386 414 419 426 439 441 443 534 538 570 632 635 636 640 656 660 677 766 778 815 869 927 933 950 966 978 1007 1031 1034 1097 1122 1153 1169 1174 1189 1204 1211 1234 1249 1267 1275 1289 1310 1331 1337 1356 1416 1424 1444 1462 1463 1483 1489 1493 1518 1542 1565 1653 1692 1758 1770 1797 1827 1868 1959 1961 1962 1986 1993 2022 2033 2049 2133 2144 2157 2186 2196 2288 2334 2409 2420 2471 2484 2573 2610 2752 2826 2932 2988 
23	13	30	8	17 37 41 47 57 60 69 111 122 161 237 260 296 297 328 405 416 496 501 606 611 713 758 771 796 798 802 833 864 868 902 903 936 957 1001 1051 1085 1092 1102 1161 1183 1197 1245 1253 1272 1335 1339 1378 1413 1471 1500 1567 1569 1577 1688 1702 1719 1749 1816 1867 1939 1978 1980 1988 2035 2045 2061 2068 2174 2264 2299 2330 2332 2356 2360 2375 2410 2568 2574 2593 2605 2609 2622 2640 2641 2701 2702 2707 2712 2730 2782 2843 2879 2903 2919 2920 2939 2944 2962 2977 2982 3000 
24	11	8	7	18 35 44 47 126 209 244 264 267 271 319 326 340 362 401 413 415 422 435 493 508 528 548 563 633 652 658 691 696 720 756 775 806 812 863 864 920 950 983 1014 1061 1078 1086 1091 1153 1168 1203 1216 1282 1364 1372 1381 1401 1411 1439 1514 1544 1546 1557 1613 1672 1684 1687 1703 1737 1856 1876 1906 1914 1926 1996 2002 2051 2079 2129 2222 2231 2274 2303 2329 2352 2367 2389 2395 2415 2442 2495 2504 2518 2547 2578 2591 2610 2627 2698 2704 2720 2779 2791 2793 2810 2841 2859 2923 
25	13	39	3	5 9 44 89 110 127 147 155 198 208 215 242 268 299 303 310 369 379 401 412 435 482 506 536 569 589 598 633 702 716 729 771 779 800 804 808 930 1011 1039 1052 1079 1086 1145 1146 1147 1149 1178 1205 1219 1229 1336 1337 1340 1369 1398 1439 1469 1515 1524 1531 1649 1657 1670 1743 1773 1774 1784 1850 1896 1909 1923 1975 1986 1997 1998 2000 2020 2032 2058 2082 2098 2124 2215 2236 2245 2260 2276 2291 2328 2361 2399 2402 2405 2503 2508 2509 2519 2525 2526 2541 2560 2583 2600 2618 2668 2682 2707 2764 2790 2794 2833 2843 2868 2870 2878 2975 2978 2992 
26	10	9	5	36 50 63 67 112 132 160 173 204 309 312 362 368 396 489 518 527 572 609 628 641 661 670 684 692 704 781 832 873 880 882 913 914 959 961 984 999 1037 1068 1091 1112 1121 1151 1171 1194 1210 1266 1327 1336 1380 1441 1470 1516 1549 1580 1586 1588 1620 1646 1651 1679 1715 1734 1748 1758 1765 1779 1928 1977 2007 2067 2071 2073 2080 2103 2115 2161 2210 2276 2285 2365 2396 2399 2418 2486 2497 2525 2585 2654 2672 2695 2696 2721 2729 2772 2801 2816 2870 2885 2890 2925 2933 2939 2945 
27	11	40	1	37 54 117 164 181 209 265 266 303 308 326 371 394 405 420 440 479 483 484 486 503 517 537 552 553 568 575 612 615 634 639 658 669 689 690 730 732 792 822 854 911 959 973 1049 1056 1109 1129 1139 1181 1239 1292 1340 1416 1424 1465 1511 1513 1515 1550 1630 1682 1694 1769 1811 1825 1826 1867 1871 1887 1894 1945 1991 2024 2031 2061 2092 2097 2126 2144 2164 2176 2178 2185 2295 2316 2369 2390 2401 2408 2416 2420 2427 2448 2450 2466 2468 2469 2477 2520 2567 2570 2593 2625 2628 2667 2723 2738 2754 2792 2808 2850 2878 2882 2894 2919 2941 2946 2975 2987 
28	11	25	4	26 102 103 237 304 419 442 452 479 495 552 577 583 593 602 693 701 722 766 781 804 806 835 918 944 949 952 976 1035 1057 1069 1080 1113 1210 1246 1271 1283 1289 1297 1352 1385 1395 1454 1477 1487 1509 1569 1572 1594 1631 1657 1737 1742 1865 1866 1880 1979 2066 2090 2092 2134 2142 2206 2224 2247 2256 2324 2355 2412 2437 2447 2478 2487 2511 2564 2580 2584 2604 2620 2637 2638 2669 2670 2676 2691 2692 2711 2728 2863 2916 2957 2983 
29	10	10	7	28 37 95 200 235 282 306 323 367 403 406 430 431 476 521 544 552 562 580 632 645 680 690 710 714 751 817 820 825 832 866 942 969 971 982 1025 1067 1082 1089 1102 1110 1155 1166 1189 1240 1373 1384 1402 1464 1490 1519 1562 1579 1584 1589 1675 1683 1701 1717 1767 1782 1819 1843 1967 1978 2014 2015 2017 2075 2116 2120 2154 2159 2208 2215 2220 2264 2305 2311 2312 2322 2330 2387 2409 2413 2419 2434 2455 2474 2476 2529 2566 2614 2615 2620 2647 2705 2761 2798 2824 2949 2999 
30	1	31	3	56 106 128 259 266 290 356 377 392 404 407 423 443 459 478 495 663 694 749 834 845 898 926 928 941 942 961 985 1050 1061 1091 1094 1096 1103 1125 1165 1203 1298 1307 1324 1333 1373 1385 1407 1411 1415 1426 1457 1462 1471 1504 1512 1526 1560 1581 1629 1631 1637 1641 1659 1691 1702 1707 1756 1761 1787 1788 1824 1855 1898 1919 2029 2035 2040 2081 2111 2134 2141 2147 2153 2160 2190 2227 2229 2230 2258 2270 2283 2293 2316 2341 2385 2388 2480 2492 2496 2507 2517 2579 2596 2634 2642 2665 2754 2781 2860 2875 2877 2911 2928 2976 
31	15	15	4	10 90 111 114 210 216 232 238 252 263 264 284 289 301 318 333 341 346 438 445 467 483 496 512 531 540 544 616 708 747 750 775 831 884 920 1013 1014 1015 1024 1046 1050 1078 1119 1160 1176 1201 1207 1215 1226 1315 1329 1340 1425 1430 1440 1442 1476 1506 1520 1523 1602 1604 1611 1646 1695 1773 1814 1818 1941 1943 1958 1974 1998 2033 2039 2042 2122 2152 2260 2278 2351 2368 2408 2451 2530 2537 2586 2612 2699 2756 2760 2783 2811 2831 2840 2872 2890 2955 2968 2986 
32	11	41	3	25 59 123 136 170 217 224 260 293 448 543 572 590 635 641 642 671 697 715 719 723 725 786 793 807 817 842 848 863 879 889 905 909 923 979 984 1036 1045 1047 1053 1055 1065 1074 1089 1093 1115 1182 1209 1248 1278 1284 1306 1308 1438 1460 1502 1520 1522 1534 1545 1549 1588 1591 1632 1653 1688 1708 1712 1720 1733 1772 1782 1786 1791 1840 1881 1959 2009 2013 2055 2078 2085 2119 2125 2162 2170 2201 2273 2274 2275 2308 2335 2376 2415 2502 2521 2572 2592 2617 2619 2664 2710 2759 2772 2793 
33	6	23	3	76 80 126 161 223 231 232 378 380 408 436 474 480 528 568 667 670 686 699 714 790 809 832 877 888 940 952 960 964 1027 1043 1071 1114 1151 1230 1353 1362 1389 1409 1447 1486 1491 1492 1494 1509 1532 1570 1677 1766 1798 1811 1831 1863 1879 1880 1911 1914 1940 1943 1987 2003 2114 2145 2176 2296 2303 2371 2384 2387 2406 2433 2443 2444 2481 2485 2506 2558 2656 2685 2729 2761 2871 2891 2933 2936 
34	15	40	2	6 58 87 154 192 239 251 281 297 298 320 331 395 449 478 489 501 525 614 616 662 669 693 726 759 764 773 801 805 859 872 914 973 1008 1024 1111 1115 1123 1192 1217 1218 1251 1286 1321 1322 1342 1395 1429 1449 1503 1547 1622 1670 1733 1799 1833 1836 1840 1868 1889 1911 1935 2025 2033 2044 2045 2080 2081 2107 2167 2182 2200 2219 2271 2280 2286 2318 2411 2430 2450 2486 2489 2495 2505 2546 2549 2574 2634 2674 2735 2739 2764 2805 2825 2866 2923 2958 2988 
35	10	10	4	41 58 61 150 154 167 207 208 233 262 270 287 300 306 320 376 386 390 399 402 411 423 453 469 515 567 570 619 642 647 692 704 733 737 770 808 836 844 899 901 922 932 978 979 989 1012 1052 1066 1092 1105 1115 1131 1161 1189 1239 1267 1313 1371 1492 1529 1534 1545 1554 1559 1578 1585 1655 1686 1713 1719 1769 1858 1900 1906 1909 1938 2076 2088 2091 2096 2101 2184 2205 2211 2236 2283 2293 2302 2304 2311 2322 2331 2336 2342 2386 2422 2429 2446 2468 2483 2504 2548 2549 2571 2645 2646 2651 2718 2723 2741 2774 2780 2787 2818 2856 2925 2987 3000 
36	15	18	5	13 80 83 88 192 253 278 292 317 328 359 383 393 421 469 477 495 514 517 535 579 610 611 636 682 687 706 732 792 851 876 887 957 1006 1029 1084 1098 1109 1159 1169 1192 1203 1204 1208 1252 1269 1280 1289 1292 1329 1344 1346 1404 1416 1433 1471 1478 1505 1531 1542 1547 1624 1677 1711 1826 1830 1839 1850 1912 1968 2058 2061 2102 2104 2158 2205 2234 2291 2324 2372 2378 2384 2441 2458 2464 2487 2489 2517 2520 2522 2531 2533 2558 2688 2707 2730 2795 2810 2811 2836 2838 2842 2896 2899 2920 2943 2947 2991 
37	10	4	8	40 54 73 125 152 174 193 229 273 279 313 317 321 341 351 390 429 456 461 468 514 523 539 542 608 702 718 768 818 837 847 855 858 885 915 962 997 1018 1139 1148 1200 1208 1276 1279 1302 1363 1389 1448 1505 1512 1529 1533 1547 1644 1671 1711 1736 1768 1775 1776 1780 1836 1859 1942 2066 2127 2149 2203 2236 2239 2249 2251 2277 2286 2368 2371 2447 2483 2524 2552 2592 2621 2628 2708 2768 2814 2861 
38	11	41	6	15 77 89 94 107 120 134 155 179 233 243 269 298 355 373 396 452 490 503 532 586 595 688 768 785 796 806 821 830 868 930 966 998 1014 1042 1046 1069 1074 1098 1118 1204 1207 1212 1255 1288 1332 1403 1405 1408 1431 1436 1437 1445 1456 1461 1473 1481 1545 1626 1651 1711 1739 1842 1892 1895 1902 1933 1936 1938 1961 1973 1975 1996 2009 2026 2030 2031 2094 2104 2109 2118 2149 2157 2203 2221 2243 2257 2273 2297 2333 2353 2364 2400 2440 2460 2503 2534 2557 2591 2605 2622 2635 2642 2644 2701 2727 2743 2748 2770 2856 2868 2883 2886 2965 
39	15	44	1	35 64 67 101 105 159 162 172 194 206 236 301 306 334 337 376 381 449 466 467 512 521 526 532 576 587 640 646 686 698 749 821 897 899 910 936 979 1000 1019 1027 1030 1046 1111 1120 1173 1180 1244 1274 1301 1338 1341 1387 1444 1463 1478 1497 1498 1508 1534 1552 1587 1591 1592 1598 1600 1625 1687 1700 1702 1706 1724 1741 1745 1787 1798 1813 1843 1876 1886 1888 1969 1974 1982 1994 2025 2041 2076 2102 2125 2274 2305 2307 2314 2329 2392 2471 2478 2489 2493 2602 2605 2616 2641 2682 2692 2719 2760 2773 2810 2839 2853 2877 2940 2965 2980 2993 
40	15	17	8	24 29 33 36 100 184 186 223 298 300 331 338 366 395 433 462 508 519 560 593 650 676 705 722 775 777 839 874 901 910 1017 1027 1033 1071 1076 1079 1087 1116 1142 1187 1191 1226 1243 1263 1346 1368 1387 1401 1405 1412 1418 1422 1428 1466 1501 1625 1659 1679 1683 1721 1737 1801 1847 1898 1910 1917 1921 1966 1971 1972 1976 1984 2006 2036 2100 2118 2140 2199 2214 2215 2386 2397 2412 2491 2518 2553 2558 2643 2646 2727 2738 2747 2748 2785 2788 2834 2874 2913 2927 2935 2978 
41	10	20	6	32 33 53 95 99 110 141 164 216 227 244 300 325 365 462 482 493 519 542 701 747 748 760 779 780 787 833 862 874 895 958 977 978 990 1067 1106 1140 1141 1152 1320 1369 1420 1479 1522 1533 1542 1546 1566 1576 1584 1586 1615 1667 1670 1688 1704 1724 1726 1819 1859 1909 1942 1950 1951 1956 2018 2022 2053 2063 2099 2156 2238 2250 2270 2289 2300 2339 2341 2343 2347 2365 2381 2398 2408 2414 2481 2511 2547 2554 2569 2603 2728 2772 2796 2797 2799 2851 2872 2891 2943 2946 2955 2981 2993 
42	16	6	4	11 13 38 152 242 244 260 387 394 416 424 454 465 468 477 547 549 563 591 620 629 659 681 697 728 738 757 762 824 882 887 951 961 970 999 1003 1081 1103 1133 1177 1191 1260 1279 1295 1303 1308 1350 1375 1400 1407 1433 1449 1508 1526 1548 1582 1595 1608 1619 1660 1665 1734 1752 1816 1831 1832 1834 1848 1913 1981 2059 2061 2089 2187 2222 2248 2262 2323 2345 2362 2394 2414 2454 2565 2568 2579 2617 2618 2631 2650 2663 2681 2689 2734 2737 2782 2792 2812 2837 2844 2847 2892 2921 
43	13	1	2	8 41 103 155 157 169 187 208 249 275 288 330 332 343 360 361 379 422 426 432 447 485 499 500 508 607 634 648 667 780 781 793 795 836 895 904 917 958 962 1032 1033 1072 1093 1164 1165 1188 1236 1244 1295 1306 1312 1314 1318 1381 1394 1421 1475 1484 1489 1628 1635 1650 1666 1672 1727 1771 1779 1823 1830 1834 1853 1871 1964 1967 1981 1985 1990 2051 2052 2075 2232 2309 2326 2336 2346 2349 2382 2385 2423 2426 2429 2499 2533 2543 2558 2581 2606 2607 2675 2752 2753 2815 2822 2833 2842 2843 2856 2915 2917 2949 2960 
44	15	15	7	11 12 31 49 118 140 142 153 160 222 256 270 274 316 357 402 409 425 440 450 531 536 604 607 610 614 647 648 694 711 713 721 736 798 836 859 861 874 903 975 1009 1071 1132 1159 1169 1191 1209 1288 1304 1316 1343 1371 1422 1423 1436 1495 1560 1561 1575 1594 1627 1713 1732 1745 1753 1757 1785 1845 1872 1883 1891 1895 1907 1918 1937 1938 1939 1961 2040 2046 2065 2113 2123 2143 2199 2332 2340 2357 2360 2378 2418 2513 2527 2536 2548 2561 2565 2605 2625 2640 2651 2680 2685 2710 2747 2774 2780 2783 2830 2832 2877 2881 2892 2905 2926 2936 2997 
45	17	17	1	6 8 71 96 102 104 106 145 188 254 264 321 407 429 441 442 497 523 549 571 598 635 674 716 719 726 737 745 830 880 944 954 1042 1068 1070 1075 1088 1095 1132 1172 1236 1270 1310 1407 1429 1435 1500 1501 1507 1540 1574 1596 1645 1664 1686 1709 1740 1764 1766 1779 1832 1898 1908 1937 1960 1972 1989 2005 2094 2122 2135 2143 2160 2168 2179 2187 2204 2205 2228 2230 2250 2265 2277 2294 2296 2322 2356 2389 2394 2407 2413 2467 2475 2498 2529 2532 2549 2580 2582 2587 2645 2688 2694 2703 2711 2753 2776 2779 2803 2823 2846 2847 2856 2897 2905 2945 2974 2979 
46	17	29	8	59 80 86 103 132 136 191 202 230 257 281 286 309 388 411 427 437 451 474 481 515 622 674 700 761 807 822 940 953 961 982 986 1041 1103 1125 1137 1144 1199 1241 1344 1434 1468 1480 1537 1616 1646 1650 1699 1710 1727 1735 1762 1799 1818 1825 1860 1885 1924 1930 1945 1948 1956 1982 1996 2042 2083 2126 2141 2156 2165 2191 2195 2226 2237 2257 2304 2338 2374 2388 2406 2424 2426 2464 2654 2656 2661 2746 2792 2858 2863 2882 2893 2910 2937 
47	17	37	2	20 39 95 244 263 387 399 439 474 544 563 606 629 654 658 661 664 694 720 743 746 772 813 833 842 851 853 937 952 1047 1100 1145 1150 1183 1207 1242 1255 1263 1305 1347 1356 1369 1378 1415 1427 1448 1483 1493 1495 1508 1559 1575 1601 1602 1639 1685 1721 1741 1754 1763 1790 1955 1958 1988 2018 2032 2037 2084 2089 2091 2117 2136 2145 2170 2193 2254 2325 2330 2350 2366 2397 2425 2427 2459 2497 2515 2520 2539 2623 2649 2665 2681 2686 2704 2708 2719 2772 2792 2880 2953 2966 
48	1	22	2	24 40 53 86 101 110 133 146 156 174 221 236 245 248 267 301 314 338 405 414 484 556 573 605 619 637 659 678 706 749 752 765 809 826 834 847 848 913 918 940 946 986 987 1009 1013 1053 1061 1099 1120 1167 1184 1205 1233 1237 1302 1333 1343 1374 1377 1439 1441 1447 1477 1496 1510 1519 1600 1620 1629 1682 1711 1861 1873 1876 1884 1899 1916 2058 2077 2087 2088 2101 2151 2183 2205 2210 2224 2225 2234 2282 2358 2376 2414 2424 2447 2476 2478 2506 2541 2567 2594 2611 2666 2692 2717 2784 2886 2904 2909 2938 2941 2951 2967 2970 2971 
49	1	47	8	30 38 52 53 63 83 159 203 207 217 249 274 314 335 364 400 475 480 490 510 592 617 620 626 631 652 686 736 836 857 859 866 878 891 939 941 947 963 980 1026 1108 1192 1196 1212 1229 1232 1257 1258 1365 1366 1373 1406 1426 1451 1482 1543 1551 1568 1590 1619 1649 1670 1674 1694 1724 1808 1835 1874 1960 1977 2018 2051 2087 2131 2135 2281 2347 2367 2369 2385 2407 2417 2421 2423 2490 2502 2503 2598 2607 2625 2627 2631 2665 2673 2674 2756 2796 2799 2840 2907 2930 2933 2961 2963 2999 
50	6	32	7	62 79 90 91 92 129 147 167 177 246 251 262 280 310 327 329 359 374 398 436 446 456 465 475 509 524 533 593 615 725 728 816 841 850 886 898 913 918 943 1005 1015 1151 1162 1337 1358 1388 1391 1430 1473 1496 1507 1522 1565 1639 1694 1791 1827 1864 1882 1888 1894 1903 1963 1980 2008 2060 2106 2302 2338 2379 2480 2482 2616 2624 2662 2664 2703 2721 2767 2781 2790 2833 2849 2901 2912 2928 2934 2943 
51	5	14	5	45 95 123 127 135 268 280 335 346 358 369 392 404 453 463 471 473 494 511 556 574 594 622 649 681 717 733 739 771 788 800 819 846 910 1053 1082 1120 1131 1133 1163 1213 1224 1238 1253 1261 1262 1264 1327 1331 1345 1382 1388 1397 1412 1453 1489 1492 1524 1644 1668 1697 1775 1788 1789 1794 1815 1817 1837 1865 1882 1909 1956 2024 2045 2069 2130 2139 2204 2225 2243 2264 2292 2333 2350 2351 2360 2393 2416 2446 2491 2500 2640 2657 2676 2718 2722 2726 2742 2770 2771 2785 2808 2893 2981 2995 2997 2999 
52	17	42	7	120 143 215 219 273 278 286 317 433 506 543 588 603 640 664 750 788 800 835 878 900 933 951 976 991 1056 1058 1063 1084 1116 1121 1124 1127 1148 1150 1199 1201 1262 1278 1312 1323 1379 1572 1585 1591 1645 1654 1674 1729 1735 1749 1816 1820 1822 1844 1851 1885 1953 1962 1976 1986 1990 2012 2102 2144 2190 2219 2223 2247 2253 2256 2269 2288 2310 2334 2353 2370 2445 2460 2511 2523 2659 2670 2687 2689 2836 2873 2938 2940 2979 2991 2993 
53	17	44	5	1 33 81 82 117 177 259 275 448 491 498 525 666 730 741 757 772 812 823 861 922 923 924 925 931 969 1009 1028 1041 1042 1043 1065 1100 1119 1132 1152 1182 1217 1228 1245 1277 1296 1309 1328 1466 1488 1498 1514 1522 1613 1673 1689 1705 1707 1717 1731 1772 1808 1913 1971 1999 2018 2056 2090 2097 2098 2124 2140 2141 2142 2163 2179 2233 2283 2316 2325 2341 2348 2419 2428 2457 2527 2562 2587 2600 2616 2663 2683 2691 2715 2747 2754 2830 2904 2934 2959 2985 
54	5	7	7	24 25 74 112 137 161 168 171 182 198 257 312 325 400 452 494 522 616 619 641 651 759 803 813 860 908 958 974 995 997 1016 1020 1044 1093 1146 1156 1179 1248 1256 1291 1324 1382 1393 1465 1485 1486 1497 1532 1556 1610 1655 1708 1765 1797 1810 1815 1890 1893 1922 1924 1951 1966 1988 2032 2034 2035 2073 2078 2109 2161 2174 2198 2218 2227 2261 2277 2278 2339 2345 2380 2404 2416 2422 2439 2479 2488 2491 2524 2544 2555 2563 2585 2599 2630 2652 2740 2749 2828 2837 2844 2880 2919 
55	17	34	3	69 82 109 138 185 204 273 368 424 426 428 446 457 461 465 509 514 517 584 621 668 677 685 688 774 821 851 943 972 1030 1092 1154 1162 1174 1213 1236 1246 1334 1358 1370 1380 1410 1435 1468 1482 1488 1508 1513 1523 1538 1561 1565 1626 1640 1642 1685 1721 1742 1810 1818 1833 1860 1869 1917 1921 1933 1947 1961 1992 2074 2123 2133 2165 2217 2220 2221 2228 2231 2261 2286 2365 2396 2412 2419 2426 2427 2479 2543 2574 2608 2629 2670 2695 2702 2733 2734 2766 2786 2945 2953 2964 2973 2986 
56	19	43	3	8 29 62 65 70 112 139 192 219 313 335 337 341 350 450 541 542 575 593 666 727 747 776 801 828 845 870 887 916 938 1033 1067 1124 1134 1176 1216 1241 1245 1286 1321 1393 1399 1443 1445 1497 1539 1543 1559 1639 1703 1763 1783 1822 1918 1945 1954 1957 1967 2033 2050 2075 2080 2110 2140 2148 2309 2312 2319 2322 2378 2455 2463 2500 2516 2533 2551 2565 2581 2637 2639 2690 2800 2901 2959 2972 2979 
57	4	36	5	61 64 111 182 195 196 208 218 295 340 428 441 444 506 571 589 600 614 643 656 663 674 690 718 790 842 844 856 901 954 1047 1147 1172 1185 1190 1226 1283 1432 1435 1456 1530 1554 1581 1672 1680 1688 1708 1727 1744 1759 1793 1814 1847 1864 1871 1877 1922 1923 1930 1967 1972 1979 1994 2013 2037 2063 2128 2136 2150 2188 2197 2218 2244 2250 2294 2386 2390 2410 2439 2505 2586 2646 2647 2677 2704 2741 2768 2847 2883 2894 2913 
58	19	46	6	21 30 63 76 129 150 157 170 228 264 288 330 347 353 366 390 422 438 484 498 509 520 559 592 620 630 647 661 725 730 786 817 829 831 861 883 892 942 989 1005 1010 1020 1022 1025 1031 1064 1072 1092 1111 1113 1128 1163 1169 1174 1179 1190 1329 1353 1362 1373 1374 1377 1380 1469 1476 1511 1516 1569 1585 1600 1601 1762 1771 1774 1783 1808 1817 1836 1870 1875 1901 1929 1937 1987 2069 2087 2137 2141 2171 2197 2225 2268 2284 2293 2349 2363 2373 2389 2531 2539 2583 2588 2604 2610 2640 2662 2665 2688 2735 2754 2757 2765 2768 2866 2888 2921 2936 2947 2953 2954 2975 2989 
59	4	49	1	36 129 152 166 201 205 220 299 302 318 324 396 408 454 472 498 558 573 606 624 636 678 681 706 758 801 815 849 872 879 909 960 976 997 1001 1022 1060 1112 1116 1152 1176 1206 1212 1216 1220 1260 1263 1300 1324 1357 1363 1441 1453 1467 1561 1568 1584 1609 1632 1654 1663 1703 1770 1778 1915 1935 1936 2027 2046 2120 2123 2128 2136 2155 2177 2182 2209 2243 2252 2262 2263 2300 2315 2377 2562 2660 2674 2675 2689 2737 2750 2804 2812 2826 2837 2841 2868 2931 2977 
60	5	11	2	38 62 115 118 119 120 165 177 230 238 293 324 334 351 352 548 553 596 600 601 666 671 673 707 709 783 803 854 911 925 931 964 985 998 1017 1018 1026 1049 1075 1084 1091 1112 1141 1199 1215 1258 1270 1280 1340 1399 1404 1414 1417 1462 1507 1514 1539 1558 1580 1604 1607 1609 1636 1647 1648 1667 1757 1758 1804 1813 1851 1907 1934 1979 1997 2094 2137 2212 2217 2277 2300 2310 2334 2348 2422 2433 2435 2469 2482 2511 2536 2566 2573 2582 2599 2678 2709 2710 2734 2750 2755 2787 2819 2835 2846 2860 2929 2980 2991 2992 
61	16	37	5	11 71 79 107 134 179 180 194 231 232 255 266 302 341 344 360 397 430 431 437 479 481 482 487 528 546 547 588 601 662 683 691 734 758 765 791 813 890 893 929 971 983 993 1000 1002 1003 1017 1063 1140 1149 1166 1175 1180 1219 1234 1254 1258 1315 1350 1359 1370 1374 1383 1469 1512 1515 1560 1563 1579 1593 1610 1612 1661 1662 1675 1723 1768 1796 1822 1860 1919 1933 2001 2003 2009 2027 2032 2096 2100 2148 2153 2155 2173 2220 2221 2226 2242 2275 2302 2304 2327 2391 2401 2409 2411 2477 2496 2502 2514 2552 2560 2571 2638 2649 2652 2746 2766 2815 2844 2858 2859 2922 2974 
62	15	6	6	16 42 72 80 92 104 106 149 173 196 201 219 222 252 255 283 319 375 417 430 439 450 454 468 477 481 494 496 515 564 597 608 613 621 628 668 685 699 707 723 745 774 776 816 826 841 853 906 911 921 934 963 985 1009 1038 1073 1088 1115 1135 1144 1197 1206 1218 1247 1264 1277 1292 1311 1348 1363 1378 1400 1438 1453 1474 1480 1562 1587 1588 1592 1593 1659 1663 1674 1681 1717 1753 1769 1805 1806 1812 1814 1820 1830 1848 1851 1863 1918 1969 2037 2040 2112 2144 2154 2163 2169 2179 2182 2207 2213 2228 2258 2298 2309 2320 2323 2336 2385 2391 2396 2411 2428 2436 2445 2449 2450 2495 2502 2523 2562 2626 2700 2823 2852 2855 2870 2899 2920 2952 
63	11	8	8	19 22 45 88 144 171 196 289 315 368 392 417 440 463 488 492 549 563 566 568 569 586 590 604 639 646 654 697 748 754 772 794 826 828 829 908 935 968 1021 1059 1066 1073 1075 1077 1129 1162 1178 1217 1225 1240 1269 1309 1327 1338 1379 1384 1399 1408 1423 1432 1476 1510 1585 1587 1605 1680 1687 1706 1709 1722 1731 1761 1791 1893 1905 1916 1937 1983 1985 2034 2067 2071 2132 2219 2231 2234 2296 2500 2501 2557 2566 2570 2611 2636 2643 2647 2659 2668 2714 2732 2736 2745 2769 2806 2816 2828 2957 2959 2970 2979 2993 
64	17	29	6	12 113 117 152 168 188 197 247 254 272 276 295 311 339 415 459 465 466 475 583 603 622 626 681 703 728 773 812 843 852 886 893 914 983 993 1043 1077 1085 1089 1173 1210 1211 1221 1276 1285 1395 1555 1697 1749 1793 1881 1888 1957 2014 2047 2055 2060 2073 2074 2106 2153 2175 2189 2191 2199 2201 2226 2253 2274 2291 2315 2319 2344 2359 2374 2380 2403 2407 2415 2471 2490 2514 2532 2576 2613 2627 2643 2667 2692 2693 2695 2729 2731 2733 2749 2809 2824 2825 2877 2932 2940 2960 
65	10	9	2	26 34 66 117 126 142 163 170 185 190 262 273 333 381 393 418 466 483 517 584 609 650 653 676 695 699 715 760 831 858 915 943 974 992 1044 1073 1076 1081 1088 1098 1105 1128 1135 1148 1168 1178 1194 1274 1328 1344 1365 1380 1386 1455 1486 1502 1556 1574 1576 1599 1654 1668 1693 1725 1730 1781 1796 1797 1852 1857 1869 1874 1886 1973 1991 1992 2009 2039 2042 2085 2134 2176 2245 2279 2345 2389 2391 2452 2498 2532 2540 2545 2609 2630 2698 2715 2722 2797 2857 2892 2898 
66	16	50	2	50 63 68 92 122 168 197 241 247 290 316 328 339 348 354 357 363 365 372 386 417 441 504 589 674 731 739 755 846 856 861 867 929 954 990 1025 1066 1095 1109 1117 1161 1269 1304 1317 1353 1360 1371 1376 1392 1443 1470 1497 1527 1579 1583 1612 1660 1700 1728 1767 1828 1829 1837 1845 1904 1921 1926 1956 1968 1989 2004 2005 2050 2093 2103 2138 2149 2221 2231 2255 2320 2335 2356 2383 2400 2404 2428 2438 2448 2449 2483 2526 2528 2556 2598 2635 2655 2661 2761 2771 2817 2832 2855 2878 2879 2893 2900 2905 2914 2924 2928 2930 2934 
67	16	26	7	9 14 22 78 82 108 127 158 207 239 276 348 355 363 365 391 429 455 501 510 525 529 573 579 592 646 655 656 677 734 771 792 795 810 811 818 926 965 978 1019 1046 1101 1136 1143 1157 1167 1183 1210 1219 1227 1246 1294 1315 1348 1354 1385 1406 1433 1492 1521 1656 1667 1669 1706 1710 1746 1750 1774 1818 1824 1842 1902 1984 1992 2062 2117 2119 2121 2124 2207 2239 2279 2281 2306 2307 2328 2347 2374 2382 2427 2462 2463 2602 2635 2669 2755 2860 2861 2908 2935 
68	4	19	7	3 50 53 70 115 116 121 123 132 183 185 187 195 204 221 234 294 342 346 358 366 388 467 480 505 555 574 585 591 639 695 707 708 712 716 729 763 776 849 877 881 888 897 904 1039 1040 1158 1205 1247 1257 1258 1259 1273 1284 1298 1303 1306 1357 1361 1406 1432 1437 1441 1446 1459 1467 1528 1543 1558 1569 1607 1611 1619 1652 1682 1709 1751 1758 1781 1795 1871 1877 1878 1947 2010 2011 2025 2091 2137 2156 2178 2186 2188 2213 2217 2267 2268 2295 2300 2315 2371 2381 2421 2441 2505 2526 2546 2579 2601 2727 2757 2778 2871 2894 2927 2939 2945 2951 2996 
69	8	27	5	2 48 49 60 137 202 227 236 283 285 294 297 301 432 455 459 557 578 630 693 760 805 855 871 904 919 947 966 1011 1074 1083 1126 1145 1188 1236 1249 1330 1357 1366 1434 1461 1468 1474 1475 1482 1521 1570 1615 1635 1682 1701 1726 1767 1777 1798 1853 1858 1873 1889 1895 1907 1931 1948 1954 1963 2052 2055 2183 2196 2230 2259 2262 2318 2343 2374 2434 2436 2459 2461 2465 2658 2716 2719 2725 2759 2784 2803 2823 2863 2871 2876 2884 2926 2961 2978 2996 
70	4	27	4	54 107 130 147 179 182 225 234 239 277 278 290 332 382 418 433 456 474 491 613 735 742 782 789 805 816 817 858 860 876 883 890 934 980 1037 1159 1200 1235 1240 1244 1302 1364 1378 1394 1448 1485 1538 1648 1659 1671 1685 1702 1712 1732 1768 1783 1784 1800 1854 1862 1875 1949 1964 2023 2031 2040 2087 2129 2155 2165 2203 2233 2295 2328 2337 2383 2472 2509 2519 2521 2529 2567 2655 2744 2795 2814 2855 2936 2943 
71	19	48	4	7 19 39 87 89 106 116 139 169 173 190 213 214 224 241 256 371 395 401 409 428 432 451 461 486 523 562 564 569 606 624 625 640 715 734 746 756 820 850 880 893 898 927 930 940 1011 1018 1034 1068 1090 1094 1101 1127 1183 1247 1265 1274 1311 1328 1331 1351 1456 1461 1504 1517 1540 1651 1700 1701 1778 1857 1923 2006 2017 2051 2084 2093 2156 2181 2202 2232 2333 2405 2450 2457 2507 2526 2528 2602 2632 2657 2693 2702 2730 2736 2778 2829 2834 2848 2870 2888 2896 2940 2947 2950 2969 
72	15	32	3	2 86 105 148 176 180 230 274 294 327 343 357 432 476 492 535 545 574 585 596 604 614 682 705 711 775 792 813 838 867 945 989 1023 1072 1078 1082 1116 1121 1156 1158 1166 1173 1196 1214 1223 1262 1265 1272 1295 1319 1323 1342 1368 1372 1417 1431 1450 1458 1479 1562 1572 1645 1655 1661 1805 1813 1819 1823 1825 1832 1872 1949 1977 1983 2052 2063 2065 2068 2089 2135 2139 2157 2158 2193 2288 2290 2338 2344 2345 2459 2524 2562 2567 2576 2588 2595 2606 2714 2716 2730 2753 2757 2820 2845 2917 2929 2948 2962 2982 
73	6	19	6	41 73 116 137 165 194 229 245 291 352 387 445 555 577 582 589 633 649 700 713 804 838 894 904 931 944 967 1006 1044 1062 1104 1107 1109 1120 1147 1188 1195 1256 1266 1312 1341 1391 1421 1455 1510 1517 1571 1621 1645 1692 1789 1849 1907 1954 1955 2021 2034 2035 2058 2170 2177 2229 2248 2282 2283 2321 2395 2477 2513 2623 2624 2636 2670 2697 2705 2771 2798 2815 2863 2906 2961 2980 2985 2990 
74	16	16	6	31 138 175 199 215 257 265 326 395 405 536 551 553 618 653 665 675 704 712 740 761 793 798 807 854 955 981 1052 1065 1126 1137 1172 1176 1198 1226 1275 1336 1361 1387 1390 1460 1499 1548 1561 1639 1641 1648 1666 1708 1721 1725 1835 1885 1896 1898 1931 1944 1946 1970 1971 1981 2038 2078 2091 2105 2107 2132 2186 2196 2224 2237 2241 2246 2280 2294 2326 2337 2340 2350 2354 2397 2402 2442 2528 2555 2561 2563 2619 2631 2645 2649 2673 2678 2682 2686 2715 2720 2721 2740 2744 2821 2853 2902 2904 2935 2964 2977 
75	8	28	3	16 58 66 92 206 234 250 298 383 434 451 463 489 504 522 530 558 586 616 623 629 660 673 709 754 802 886 902 931 935 962 995 998 1005 1037 1064 1080 1101 1130 1134 1139 1142 1202 1233 1303 1335 1381 1392 1485 1489 1583 1600 1610 1615 1619 1620 1622 1625 1634 1713 1718 1731 1732 1744 1753 1771 1834 1839 1875 1897 2070 2152 2213 2251 2265 2379 2440 2471 2520 2538 2612 2630 2645 2686 2741 2746 2760 2769 2797 2801 2818 2853 2861 2897 2902 2942 2951 2969 
76	16	34	8	1 27 96 123 130 139 140 165 246 254 306 319 393 398 421 447 453 529 532 540 577 599 601 615 634 662 665 708 769 770 787 797 827 879 883 923 975 1035 1048 1117 1152 1209 1242 1250 1271 1299 1319 1322 1333 1402 1484 1491 1503 1511 1521 1571 1578 1615 1755 1777 1811 1843 1845 1890 1913 1926 1934 1944 1997 2030 2119 2153 2160 2161 2167 2192 2200 2254 2271 2290 2308 2311 2343 2396 2403 2444 2454 2537 2563 2583 2587 2598 2601 2685 2696 2725 2750 2773 2807 2833 2912 2922 2923 2925 2931 2954 2987 
77	10	4	1	14 45 113 136 149 211 217 246 267 280 287 304 362 382 458 459 554 597 692 766 788 802 907 938 949 963 964 967 984 996 1016 1032 1073 1083 1100 1108 1127 1141 1145 1174 1190 1211 1219 1225 1237 1308 1318 1320 1326 1332 1389 1417 1437 1447 1543 1558 1570 1576 1589 1599 1623 1628 1710 1715 1760 1765 1851 1883 1905 1914 1955 2017 2104 2180 2184 2206 2214 2233 2279 2342 2358 2417 2501 2517 2527 2564 2569 2578 2636 2648 2672 2684 2749 2763 2768 2805 2816 2817 2827 2851 2865 2898 2989 
78	17	18	4	3 42 77 112 171 186 231 284 291 305 413 431 472 481 488 528 581 627 683 696 759 857 879 907 965 991 995 1059 1125 1130 1181 1212 1221 1310 1323 1354 1379 1402 1411 1420 1431 1452 1491 1498 1555 1588 1592 1596 1643 1678 1725 1759 1762 1852 1855 1861 1879 1883 1886 1895 1935 1952 1962 1966 1972 1990 2007 2012 2013 2077 2079 2111 2131 2177 2199 2201 2229 2235 2240 2257 2261 2305 2409 2428 2463 2540 2554 2590 2671 2674 2705 2708 2716 2788 2809 2867 2902 2907 2920 2953 2976 
79	16	36	3	17 30 34 42 45 99 354 375 399 422 456 494 497 581 651 687 698 758 866 873 874 910 912 939 950 990 1070 1087 1160 1189 1197 1239 1264 1279 1339 1350 1365 1421 1440 1464 1598 1605 1606 1627 1638 1668 1722 1755 1785 1866 1903 1928 1966 1991 2001 2067 2103 2222 2238 2244 2246 2263 2284 2285 2292 2297 2369 2383 2392 2403 2474 2518 2599 2601 2641 2700 2722 2724 2744 2752 2779 2811 2825 2841 2851 2852 2939 2954 2961 2966 2985 
80	4	13	6	14 39 48 65 84 97 142 214 258 268 290 322 360 377 464 470 497 500 533 537 538 645 657 684 719 756 827 832 844 846 908 929 933 941 1012 1030 1117 1138 1149 1164 1171 1201 1202 1233 1260 1298 1326 1428 1440 1487 1500 1519 1559 1564 1596 1632 1669 1730 1780 1795 1826 1884 1899 1919 1939 1948 1953 1965 1983 2007 2020 2077 2110 2115 2126 2133 2158 2162 2245 2247 2275 2302 2313 2314 2334 2394 2432 2451 2485 2494 2515 2522 2550 2556 2582 2589 2606 2696 2712 2717 2758 2818 2910 2924 2938 2958 2972 
81	4	16	2	16 91 97 130 148 151 183 200 210 219 225 318 336 384 391 424 521 550 576 585 727 769 791 794 810 811 827 843 873 935 945 950 960 1004 1019 1136 1137 1146 1154 1166 1175 1238 1241 1247 1296 1297 1301 1330 1339 1396 1446 1474 1528 1541 1570 1572 1573 1593 1625 1632 1634 1649 1676 1678 1687 1716 1748 1762 1780 1787 1806 1819 1835 1858 1917 1919 1932 1963 1974 2002 2026 2082 2083 2099 2147 2273 2315 2351 2373 2393 2398 2417 2553 2557 2596 2600 2619 2653 2669 2673 2737 2769 2852 2881 2896 2897 2969 
82	4	49	3	7 115 190 200 253 254 311 322 348 361 421 520 524 556 570 645 672 678 680 733 753 770 782 794 850 907 953 987 996 1015 1057 1107 1167 1184 1225 1232 1252 1263 1287 1301 1360 1383 1391 1397 1403 1490 1550 1553 1604 1696 1697 1716 1723 1803 1856 1867 1927 1938 1952 2100 2130 2142 2163 2166 2178 2243 2249 2278 2354 2359 2413 2421 2429 2431 2452 2470 2512 2555 2591 2593 2607 2673 2675 2706 2717 2796 2873 2883 2890 2932 
83	4	26	8	23 58 87 97 101 109 131 197 222 277 303 304 307 318 343 385 389 396 406 551 562 564 565 607 648 668 695 741 809 816 848 870 884 914 1050 1053 1089 1106 1113 1136 1143 1193 1214 1231 1237 1273 1282 1290 1294 1312 1334 1343 1345 1351 1355 1414 1420 1460 1498 1502 1573 1575 1599 1610 1618 1631 1712 1759 1789 1823 1833 1911 2005 2008 2028 2039 2048 2080 2081 2128 2159 2194 2198 2211 2250 2255 2267 2284 2313 2415 2438 2440 2453 2458 2465 2475 2506 2539 2561 2572 2576 2577 2614 2617 2644 2723 2751 2789 2818 2941 2951 
84	2	21	3	4 27 48 52 84 129 131 141 144 199 220 226 241 262 289 314 332 336 342 410 466 479 505 526 539 544 631 703 756 762 768 783 823 840 847 854 876 982 1021 1062 1144 1199 1259 1367 1376 1404 1425 1535 1652 1699 1719 1781 1790 1815 1841 1842 1846 1953 1990 2014 2056 2062 2105 2127 2136 2210 2234 2301 2441 2451 2569 2577 2613 2644 2718 2763 2787 2847 2879 2950 2952 2995 
85	8	45	4	46 88 101 122 136 158 175 275 282 329 398 400 406 437 490 507 526 557 580 610 643 655 658 680 707 716 723 785 840 845 853 891 987 1019 1044 1049 1117 1163 1170 1185 1195 1227 1254 1268 1304 1343 1405 1434 1459 1469 1472 1483 1495 1510 1515 1527 1536 1541 1552 1567 1621 1653 1691 1756 1790 1796 1799 1889 1894 1929 1971 1983 1999 2002 2038 2046 2054 2098 2108 2116 2151 2185 2195 2370 2380 2432 2452 2456 2489 2490 2572 2694 2698 2763 2770 2820 2873 2874 2949 
86	9	13	8	12 32 104 121 141 220 271 320 352 425 455 467 505 507 511 645 696 704 709 734 757 785 841 849 852 856 871 932 969 995 1014 1024 1058 1278 1293 1314 1316 1342 1361 1367 1430 1431 1435 1449 1487 1516 1524 1540 1553 1614 1638 1647 1651 1662 1669 1707 1726 1728 1753 1828 1864 1875 1881 1892 1901 1904 1915 1989 1991 2003 2056 2063 2086 2125 2137 2155 2209 2212 2258 2293 2391 2398 2429 2492 2517 2575 2658 2679 2719 2811 2869 2891 2908 2924 2956 2971 2976 2992 
87	8	50	1	49 50 147 149 163 168 261 272 283 364 372 385 401 431 470 504 530 578 600 653 665 680 718 727 755 778 783 798 823 828 856 862 867 868 896 980 989 992 1023 1037 1047 1114 1163 1214 1269 1276 1287 1290 1316 1404 1473 1523 1528 1580 1650 1673 1689 1692 1738 1747 1794 1820 1837 1849 1856 1910 1949 1964 1975 2004 2023 2036 2043 2047 2082 2090 2119 2162 2203 2268 2301 2313 2359 2363 2376 2446 2469 2626 2644 2655 2683 2701 2706 2788 2801 2826 2829 2838 2849 2855 2914 2963 2970 2983 
88	9	3	5	70 73 78 97 113 119 154 157 242 252 276 286 327 338 347 355 365 400 472 516 591 605 657 723 737 740 751 763 799 804 870 920 937 958 975 976 990 1026 1200 1232 1240 1251 1257 1285 1291 1300 1352 1419 1427 1457 1494 1571 1654 1676 1692 1693 1754 1776 1791 1797 1820 1827 1832 1844 1879 1897 1936 1958 1995 1997 2025 2095 2105 2118 2121 2152 2185 2194 2202 2206 2214 2296 2317 2326 2332 2352 2379 2412 2448 2547 2636 2660 2679 2690 2749 2774 2782 2821 2864 2967 2994 
89	2	24	5	21 40 77 90 131 181 193 245 270 287 293 308 373 377 384 389 409 413 423 608 621 637 664 685 766 767 782 833 850 877 980 985 1077 1086 1103 1123 1142 1154 1155 1187 1197 1222 1225 1235 1271 1318 1418 1426 1450 1476 1481 1520 1525 1544 1573 1582 1608 1617 1629 1649 1716 1720 1722 1729 1736 1741 1778 1782 1824 1828 1868 1872 1908 2068 2164 2181 2251 2290 2310 2364 2463 2468 2501 2504 2570 2583 2595 2612 2619 2624 2633 2648 2732 2755 2756 2758 2767 2796 2806 2850 2853 2857 2889 2909 2915 
90	1	33	4	20 22 119 126 143 176 177 180 183 200 220 276 342 373 463 476 497 502 530 638 644 689 721 725 741 744 752 764 765 794 809 862 865 1001 1041 1055 1067 1110 1123 1224 1253 1261 1280 1290 1362 1397 1408 1412 1424 1446 1453 1455 1458 1482 1533 1630 1642 1704 1729 1744 1809 1843 1916 1930 2026 2036 2110 2135 2140 2223 2285 2287 2290 2294 2326 2327 2340 2382 2418 2448 2473 2542 2615 2654 2677 2724 2729 2740 2791 2817 2869 2871 2894 2911 2930 2946 2962 2963 2999 
91	9	24	3	38 43 57 81 96 98 133 140 178 189 203 213 216 246 249 292 330 362 367 477 500 503 525 554 628 652 676 743 750 755 797 852 882 917 934 937 951 977 999 1038 1058 1108 1170 1181 1283 1294 1328 1375 1379 1390 1395 1465 1529 1617 1656 1674 1676 1680 1738 1807 1829 1887 1929 2004 2016 2045 2115 2146 2189 2191 2225 2240 2255 2259 2272 2289 2314 2362 2375 2435 2473 2494 2522 2531 2536 2544 2651 2661 2704 2711 2723 2762 2775 2817 2831 2840 2889 2900 2990 
92	19	12	1	4 47 56 72 87 125 144 226 259 313 397 413 435 443 522 529 550 561 611 628 648 663 696 715 751 774 797 837 853 875 906 908 1034 1057 1064 1065 1080 1104 1124 1153 1159 1175 1186 1245 1281 1293 1302 1307 1314 1317 1333 1344 1347 1352 1408 1450 1481 1488 1520 1533 1562 1575 1593 1607 1612 1624 1733 1749 1768 1812 1873 1893 1901 1941 1947 1965 1976 1978 1992 2015 2108 2129 2183 2196 2238 2240 2255 2264 2272 2280 2317 2318 2320 2351 2364 2367 2454 2481 2545 2577 2671 2677 2699 2702 2716 2722 2746 2789 2845 2875 2890 2929 2978 2984 
93	8	45	2	27 28 72 76 81 134 138 160 184 240 250 261 319 356 359 368 375 376 434 436 445 450 461 526 538 572 574 631 663 767 799 824 825 912 948 972 1002 1003 1040 1086 1139 1155 1256 1268 1275 1303 1334 1425 1452 1557 1563 1590 1596 1627 1642 1681 1777 1794 1807 1809 1870 1892 1933 1951 1987 2024 2066 2086 2106 2109 2218 2298 2299 2306 2332 2355 2357 2401 2410 2437 2439 2487 2509 2589 2625 2629 2657 2758 2795 2798 2827 2828 2837 2839 2854 2865 2876 2889 2926 2996 
94	16	42	1	137 182 202 215 218 240 268 284 291 353 360 482 499 513 516 560 581 582 605 621 630 632 641 654 671 672 688 701 779 803 829 838 857 885 925 932 957 977 1028 1038 1045 1055 1157 1164 1168 1177 1182 1185 1227 1230 1238 1261 1368 1396 1411 1413 1436 1457 1499 1535 1567 1603 1614 1626 1636 1652 1677 1690 1695 1712 1800 1821 1852 1853 1855 1870 1877 1920 1922 1996 2044 2064 2065 2066 2072 2074 2084 2106 2133 2146 2242 2271 2406 2430 2464 2480 2547 2633 2634 2712 2713 2728 2734 2765 2770 2814 2848 2876 2900 2973 2985 2995 
95	9	2	2	5 9 14 15 25 75 79 84 171 176 212 216 243 272 302 309 327 358 367 403 460 487 535 551 557 559 569 618 624 642 649 711 757 762 822 838 891 921 1055 1195 1235 1246 1319 1335 1409 1419 1513 1544 1549 1581 1623 1643 1664 1739 1751 1793 1814 1894 1927 1943 1977 2021 2029 2116 2165 2197 2207 2251 2253 2267 2327 2329 2379 2387 2467 2530 2561 2593 2597 2680 2727 2743 2790 2802 2803 2829 2867 2899 2927 2931 
96	13	5	6	18 46 56 118 122 153 172 180 212 266 277 279 292 312 315 357 361 364 414 416 418 437 448 473 501 591 609 617 625 695 697 710 742 764 769 778 888 938 939 972 988 1004 1021 1023 1029 1048 1051 1090 1094 1133 1151 1167 1193 1213 1265 1283 1286 1305 1309 1317 1325 1349 1358 1386 1398 1425 1465 1504 1526 1553 1568 1597 1605 1614 1647 1675 1684 1686 1786 1811 1815 1821 1822 1904 1968 2002 2008 2023 2029 2041 2042 2072 2076 2084 2164 2216 2227 2405 2453 2462 2486 2521 2543 2629 2632 2732 2738 2769 2774 2775 2822 2842 2861 2884 2956 2957 
97	10	20	3	6 37 83 94 108 111 121 146 205 248 275 347 370 415 460 462 469 473 488 519 580 595 603 653 655 690 741 784 796 855 869 885 900 903 936 944 1025 1054 1056 1090 1097 1104 1112 1131 1224 1228 1250 1254 1277 1280 1325 1347 1363 1394 1400 1452 1463 1472 1480 1503 1514 1530 1623 1704 1715 1739 1751 1770 1845 1885 1886 1936 1944 1950 1984 2041 2043 2059 2083 2129 2130 2143 2168 2198 2208 2266 2352 2372 2423 2434 2449 2488 2546 2550 2566 2578 2584 2590 2615 2623 2632 2633 2650 2666 2669 2725 2783 2800 2812 2834 2857 2869 2888 2907 2918 2956 2981 
98	8	28	8	26 84 93 94 98 164 166 235 322 345 350 381 383 418 448 464 524 530 546 598 679 808 812 814 865 906 945 948 949 984 1023 1038 1061 1069 1083 1096 1100 1107 1158 1188 1194 1244 1268 1372 1433 1439 1475 1478 1507 1535 1566 1594 1609 1675 1686 1695 1769 1849 1855 1902 1931 1970 2019 2024 2057 2064 2088 2117 2184 2331 2402 2433 2437 2461 2470 2479 2487 2497 2513 2543 2565 2626 2642 2657 2671 2715 2717 2721 2739 2765 2777 2831 2846 2906 2958 
99	9	2	4	17 28 29 35 68 85 156 163 172 209 236 255 269 343 355 370 389 408 443 518 534 541 572 575 576 617 626 646 651 736 755 791 799 807 814 837 917 924 965 988 1000 1007 1031 1118 1171 1230 1238 1249 1287 1299 1309 1322 1345 1348 1403 1428 1445 1451 1530 1550 1551 1558 1603 1616 1666 1667 1683 1696 1698 1764 1776 1785 1794 1810 1859 1860 1905 1912 2069 2120 2128 2166 2207 2357 2377 2381 2395 2406 2474 2512 2516 2523 2525 2575 2601 2635 2662 2668 2686 2748 2753 2775 2805 2830 2836 2839 2864 2922 2937 2984 
100	8	3	7	34 56 66 100 151 186 242 249 288 300 309 334 387 427 451 457 485 491 496 546 554 570 597 599 703 748 760 784 789 834 872 893 916 935 956 966 1006 1010 1022 1036 1079 1081 1118 1138 1251 1260 1321 1438 1454 1463 1474 1483 1548 1573 1586 1598 1606 1612 1631 1678 1685 1690 1696 1718 1728 1813 1831 1874 1908 1932 1941 1959 1975 1981 2030 2053 2057 2101 2125 2172 2287 2327 2372 2384 2581 2604 2622 2629 2687 2690 2700 2701 2748 2805 2813 2816 2838 2839 2842 2874 2887 2906 2944 
