Course	Room	Teacher	Time	Students
1	19	18	1	84 116 135 142 186 194 251 252 380 445 467 501 532 580 595 635 659 703 766 784 826 845 899 916 934 940 955 973 987 1020 1048 1084 1098 1148 1149 1157 1167 1178 1183 1218 1305 1329 1332 1378 1384 1430 1477 1525 1527 1536 1542 1555 1571 1572 1589 1663 1675 1733 1753 1770 1784 1798 1806 1825 1926 1927 1950 2000 2006 2012 2029 2278 2327 2334 2359 2364 2376 2407 2427 2428 2467 2498 2521 2525 2530 2544 2557 2602 2614 2615 2626 2676 2690 2720 2791 2902 2911 2913 2916 2923 2947 2958 2959 2963 2980 2981 2991 
2	19	35	3	138 151 161 183 186 190 211 214 225 266 270 308 350 416 431 496 504 505 544 558 573 594 617 643 654 724 784 791 828 836 844 852 882 883 889 926 949 954 985 991 1032 1045 1072 1077 1090 1107 1113 1115 1131 1143 1155 1192 1215 1225 1227 1230 1238 1274 1294 1329 1334 1344 1353 1406 1435 1459 1460 1522 1528 1531 1543 1588 1679 1685 1713 1749 1800 1866 1924 1931 1956 1962 1978 1995 2003 2025 2047 2074 2109 2130 2151 2153 2188 2228 2320 2322 2340 2341 2344 2358 2379 2382 2420 2423 2444 2571 2598 2640 2651 2698 2700 2704 2802 2847 2916 2941 2967 
3	12	27	5	30 57 69 79 127 132 155 167 249 302 340 356 417 444 453 508 651 707 713 742 763 790 835 884 893 897 909 925 928 977 1028 1058 1070 1089 1136 1228 1229 1238 1265 1304 1355 1357 1366 1431 1470 1471 1544 1545 1627 1648 1663 1670 1709 1737 1748 1760 1765 1769 1827 1844 1866 1868 1881 1952 1977 2017 2029 2031 2161 2233 2263 2330 2414 2427 2531 2539 2540 2648 2675 2691 2709 2730 2787 2859 2918 
4	19	2	7	22 30 34 53 55 97 138 166 242 254 292 401 431 483 514 524 526 549 576 604 629 735 776 781 806 838 892 893 948 956 958 960 962 1011 1046 1075 1109 1139 1142 1166 1260 1282 1300 1347 1381 1629 1656 1659 1666 1699 1721 1764 1814 1824 1893 1903 1925 1971 1994 2009 2032 2085 2092 2095 2130 2166 2181 2191 2353 2383 2399 2408 2411 2444 2450 2456 2464 2476 2497 2578 2580 2648 2664 2670 2672 2709 2756 2857 2862 2892 2895 2912 2924 2985 
5	1	4	3	3 101 125 150 170 222 250 278 320 337 352 398 402 427 490 495 532 565 576 577 584 597 619 676 704 731 822 862 920 938 945 987 1014 1019 1034 1091 1135 1141 1229 1235 1250 1252 1267 1324 1328 1404 1454 1506 1556 1574 1583 1610 1647 1669 1680 1710 1770 1810 1834 1843 1891 1911 1932 1947 2001 2015 2018 2053 2122 2131 2183 2185 2301 2303 2307 2311 2330 2338 2343 2351 2366 2378 2418 2448 2484 2572 2581 2632 2744 2761 2793 2824 2866 2944 2990 
6	19	49	4	18 49 61 143 177 326 327 336 339 461 476 479 515 543 564 580 658 683 692 748 763 768 793 821 884 885 920 921 986 988 999 1003 1031 1087 1099 1105 1135 1138 1159 1194 1239 1273 1277 1432 1445 1485 1496 1516 1555 1559 1619 1677 1693 1710 1715 1725 1731 1791 1833 1872 1907 1935 1970 1973 2042 2051 2068 2077 2112 2258 2265 2289 2303 2346 2384 2393 2412 2417 2419 2448 2467 2514 2601 2605 2616 2642 2704 2738 2801 2813 2819 2912 2926 2975 
7	12	35	4	7 48 120 187 213 243 246 288 330 376 392 400 411 419 430 433 440 499 529 646 657 677 702 736 795 813 844 847 879 922 923 975 1140 1173 1234 1265 1271 1357 1472 1518 1533 1540 1556 1575 1583 1612 1626 1682 1819 1848 1867 1871 1874 1952 1968 1975 2032 2045 2115 2130 2148 2153 2162 2175 2207 2208 2221 2257 2269 2292 2304 2328 2372 2532 2577 2588 2644 2701 2713 2739 2749 2758 2770 2844 2868 2892 2910 2941 2947 2952 2982 
8	1	1	7	66 114 133 149 194 204 215 252 270 276 322 335 398 404 418 422 452 471 481 496 497 506 551 643 667 716 790 919 964 998 1001 1006 1050 1113 1130 1180 1186 1203 1229 1241 1264 1268 1299 1335 1460 1514 1537 1576 1586 1598 1619 1625 1673 1695 1750 1775 1790 1841 1902 1927 1930 1969 1980 1983 2000 2013 2061 2125 2128 2133 2143 2201 2203 2221 2228 2229 2264 2326 2331 2343 2475 2480 2495 2518 2541 2549 2587 2590 2614 2656 2671 2673 2686 2703 2714 2722 2751 2791 2803 2812 2848 2871 2889 2916 2963 2974 
9	1	12	8	19 78 111 127 159 196 206 242 268 281 290 298 306 309 328 382 529 559 586 605 641 645 654 671 693 711 890 930 939 946 949 960 1023 1057 1070 1136 1153 1163 1164 1177 1208 1253 1258 1260 1272 1273 1293 1309 1324 1334 1356 1360 1437 1511 1524 1568 1578 1600 1678 1681 1714 1718 1748 1757 1766 1792 1801 1871 1877 1903 1935 1999 2016 2021 2032 2036 2046 2067 2082 2086 2096 2110 2260 2263 2282 2284 2295 2321 2363 2426 2429 2439 2499 2668 2697 2717 2754 2773 2782 2819 2857 2880 2904 2977 
10	1	19	4	85 104 107 111 124 130 201 210 286 318 342 344 352 355 373 389 402 407 425 438 537 561 586 680 698 832 841 883 903 937 991 1070 1081 1121 1144 1152 1156 1167 1178 1229 1230 1235 1241 1252 1258 1261 1268 1283 1299 1300 1330 1366 1386 1412 1466 1503 1536 1548 1555 1571 1592 1608 1642 1670 1690 1751 1763 1774 1787 1801 1916 1945 1957 1971 1989 2005 2014 2071 2075 2127 2129 2133 2174 2179 2214 2217 2225 2250 2262 2286 2305 2392 2404 2410 2517 2518 2520 2549 2596 2600 2628 2674 2676 2690 2781 2798 2822 2839 2840 2851 2876 2878 2894 2920 2928 2948 2957 2999 
11	3	16	1	9 16 36 56 62 80 92 164 181 243 255 296 365 366 431 504 525 543 551 578 602 604 605 611 666 670 686 720 755 817 825 834 850 853 878 884 914 972 1022 1069 1074 1079 1121 1132 1133 1138 1146 1196 1211 1215 1246 1259 1295 1314 1343 1369 1387 1431 1446 1516 1520 1524 1561 1573 1603 1642 1680 1706 1735 1769 1827 1840 1847 1854 1867 1871 1939 1942 1943 1960 1962 1981 2013 2045 2048 2080 2092 2096 2127 2131 2132 2188 2214 2353 2354 2378 2384 2393 2549 2558 2631 2674 2733 2741 2777 2779 2783 2794 2817 2854 2867 2912 2956 
12	1	49	1	65 69 126 165 167 173 180 184 199 210 219 235 248 268 311 325 350 353 401 412 418 435 447 464 484 490 627 650 726 786 857 883 886 891 915 936 1057 1096 1141 1142 1164 1271 1282 1292 1297 1330 1368 1395 1438 1557 1579 1591 1609 1641 1651 1660 1679 1700 1709 1716 1724 1747 1750 1839 1865 1876 1889 1936 1963 1992 2033 2069 2086 2187 2189 2198 2200 2223 2235 2245 2284 2307 2391 2463 2466 2538 2562 2600 2612 2637 2670 2678 2687 2700 2730 2784 2805 2813 2874 2901 2905 2931 2937 2973 
13	3	48	8	84 129 158 192 193 229 292 305 315 332 377 402 403 431 503 628 664 768 780 786 833 853 902 936 945 953 972 1046 1060 1085 1109 1113 1119 1131 1134 1161 1395 1448 1508 1521 1565 1570 1602 1646 1668 1742 1789 1808 1820 1827 1845 1944 1966 1974 2030 2050 2058 2081 2198 2202 2248 2252 2256 2264 2268 2299 2342 2358 2390 2417 2444 2446 2449 2466 2497 2506 2514 2536 2556 2624 2655 2764 2775 2795 2801 2827 2831 2852 2873 2927 2935 2949 2953 2997 
14	3	37	4	115 128 152 202 229 240 254 274 337 348 358 364 410 412 451 454 493 494 516 532 533 576 581 584 588 611 634 653 785 834 837 928 953 1010 1062 1119 1163 1197 1199 1219 1238 1280 1325 1361 1443 1451 1452 1471 1494 1506 1524 1561 1600 1704 1718 1830 1836 1839 1846 1923 1937 1963 1972 1990 2002 2009 2021 2029 2040 2053 2058 2099 2104 2173 2191 2207 2211 2237 2251 2268 2277 2307 2362 2379 2395 2478 2489 2521 2583 2584 2595 2631 2657 2686 2711 2725 2759 2765 2809 2846 2854 2933 2939 
15	8	10	3	2 8 33 43 44 94 133 141 176 255 380 388 435 440 450 481 519 530 539 541 542 565 624 644 653 697 707 715 738 739 748 781 786 789 869 902 929 943 958 1030 1079 1088 1123 1206 1226 1253 1289 1295 1315 1331 1347 1355 1366 1417 1421 1428 1584 1727 1745 1755 1804 1815 1850 1903 1921 1988 2028 2029 2062 2117 2140 2143 2164 2171 2198 2238 2247 2250 2286 2359 2363 2409 2476 2675 2678 2795 2817 2820 2825 2859 2873 2880 2890 2927 2949 2953 
16	1	38	5	1 11 23 41 46 97 123 124 137 143 189 191 216 256 283 299 316 447 448 470 487 496 610 625 644 645 685 757 784 852 858 867 868 882 948 1008 1013 1033 1078 1085 1097 1158 1160 1165 1166 1168 1183 1193 1236 1244 1280 1349 1393 1412 1415 1537 1598 1640 1696 1704 1837 1848 1860 1929 1940 1974 1976 2024 2048 2054 2073 2121 2168 2226 2243 2276 2322 2339 2362 2405 2406 2437 2472 2479 2494 2495 2509 2720 2729 2737 2744 2769 2790 2869 2894 2946 2974 2981 
17	3	11	5	88 133 158 178 198 206 243 274 277 321 373 455 464 515 528 596 630 672 693 705 715 745 777 817 998 1010 1012 1052 1116 1189 1219 1244 1289 1317 1321 1331 1332 1371 1384 1425 1442 1449 1479 1514 1601 1615 1618 1719 1733 1747 1759 1780 1781 1782 1795 1796 1806 1841 1842 1878 1904 1918 1921 1987 1996 2006 2008 2020 2021 2035 2064 2084 2110 2148 2155 2167 2176 2213 2235 2281 2296 2317 2318 2352 2353 2382 2385 2389 2400 2436 2446 2455 2541 2578 2605 2619 2636 2649 2654 2677 2685 2719 2798 2810 2823 2827 2845 2867 2936 2942 
18	8	43	8	75 81 85 94 99 118 131 147 179 205 214 220 227 255 297 310 331 348 364 389 413 422 434 491 505 515 518 540 542 590 601 617 619 624 656 659 673 676 690 699 708 710 712 716 722 820 838 843 863 892 913 916 958 963 988 996 999 1104 1147 1160 1183 1195 1202 1228 1301 1380 1468 1502 1517 1518 1540 1574 1588 1597 1617 1619 1683 1688 1741 1774 1786 1807 1822 1824 1885 1911 1919 1921 2024 2059 2063 2087 2134 2161 2218 2222 2241 2243 2267 2274 2292 2370 2380 2432 2445 2487 2492 2508 2546 2549 2555 2600 2621 2664 2692 2706 2711 2780 2792 2814 2828 2829 2855 2932 2991 
19	8	6	6	8 51 88 93 102 144 155 179 271 272 275 310 373 440 464 477 521 585 689 707 730 804 825 849 906 911 950 988 999 1045 1128 1154 1165 1180 1243 1271 1281 1286 1300 1311 1341 1354 1392 1396 1412 1456 1466 1486 1495 1502 1509 1514 1516 1519 1523 1569 1590 1599 1601 1603 1645 1667 1695 1743 1750 1825 1847 1888 1908 1926 1946 1953 1980 2001 2043 2089 2103 2114 2147 2229 2279 2292 2352 2407 2505 2537 2542 2563 2594 2626 2627 2654 2655 2678 2784 2803 2846 2874 2898 2905 2921 2924 2962 2987 
20	11	14	8	27 45 63 90 93 110 123 155 178 212 244 254 279 387 410 432 489 513 514 528 545 599 607 621 622 636 647 660 696 724 743 748 752 767 776 841 896 935 951 959 985 1004 1042 1058 1093 1127 1150 1156 1172 1184 1366 1381 1385 1423 1464 1470 1476 1488 1526 1547 1584 1595 1601 1618 1626 1635 1716 1734 1779 1796 1840 1901 1908 1962 2047 2051 2119 2128 2156 2203 2224 2280 2315 2337 2388 2436 2468 2493 2510 2535 2633 2648 2671 2693 2727 2739 2837 2841 2889 2931 2947 2971 
21	8	11	7	43 107 174 261 302 323 366 446 460 473 560 574 577 603 636 665 684 691 698 708 714 753 761 798 800 811 814 846 885 912 984 993 1000 1045 1066 1100 1151 1277 1286 1354 1380 1383 1391 1394 1396 1496 1515 1564 1578 1594 1653 1665 1686 1717 1736 1899 1913 1943 1978 1986 2034 2040 2082 2088 2115 2119 2146 2167 2175 2223 2236 2244 2278 2285 2295 2329 2344 2356 2380 2386 2388 2437 2457 2471 2502 2532 2539 2545 2577 2598 2600 2641 2655 2660 2715 2725 2748 2769 2861 2867 2897 2899 2930 2935 2952 2981 2998 2999 
22	11	21	3	18 75 77 200 258 264 267 268 298 302 315 329 360 415 436 442 472 498 509 538 561 625 650 655 663 669 679 683 718 775 780 796 801 813 835 845 856 868 941 964 1064 1070 1082 1107 1128 1130 1142 1172 1183 1191 1195 1261 1278 1279 1296 1304 1311 1343 1349 1350 1354 1388 1391 1438 1465 1475 1482 1544 1590 1622 1655 1676 1693 1700 1720 1748 1751 1756 1775 1777 1782 1820 1906 1920 1926 1939 1950 1953 2006 2009 2024 2057 2064 2133 2135 2206 2234 2294 2298 2365 2391 2439 2451 2485 2527 2553 2554 2557 2588 2614 2683 2767 2781 2868 2872 2945 2995 
23	19	4	5	4 38 71 89 108 109 115 142 154 202 217 219 239 240 250 262 263 279 301 303 305 319 351 387 391 430 435 445 456 463 466 472 476 504 519 536 569 589 662 681 694 732 782 887 895 913 937 960 994 1007 1060 1071 1099 1102 1111 1115 1144 1171 1172 1188 1204 1207 1218 1272 1353 1386 1390 1434 1499 1507 1513 1573 1624 1645 1735 1893 1922 1969 1971 1973 1995 2007 2038 2055 2072 2078 2097 2104 2117 2124 2149 2206 2267 2284 2312 2341 2343 2349 2419 2424 2430 2434 2443 2450 2505 2556 2588 2625 2697 2706 2726 2727 2746 2750 2778 2797 2801 2836 2842 2860 2863 2886 2898 2909 2983 
24	3	12	2	5 20 22 103 121 199 209 215 227 256 271 277 294 297 345 378 381 409 417 434 479 508 520 535 640 709 710 723 729 766 813 826 839 849 850 1076 1090 1096 1158 1175 1288 1304 1309 1320 1333 1335 1346 1350 1398 1421 1556 1584 1592 1622 1697 1698 1780 1803 1887 1891 1902 1967 1973 1986 2004 2005 2030 2089 2132 2136 2164 2171 2183 2213 2216 2229 2246 2247 2265 2278 2308 2335 2359 2372 2461 2532 2536 2548 2575 2671 2680 2686 2698 2729 2731 2745 2816 2834 2844 2850 2908 2957 
25	8	36	4	31 42 53 149 191 223 228 259 296 321 343 377 403 420 513 563 595 614 637 651 663 701 809 817 854 855 917 929 949 966 1002 1034 1056 1128 1130 1263 1316 1356 1359 1422 1436 1462 1482 1512 1517 1580 1604 1620 1629 1630 1646 1658 1676 1716 1732 1739 1744 1765 1828 1836 1857 1882 1897 1914 2038 2171 2182 2231 2256 2267 2273 2319 2343 2349 2440 2442 2451 2507 2540 2623 2626 2637 2662 2731 2737 2742 2750 2756 2766 2777 2779 2803 2853 2883 2909 2938 2944 2950 
26	11	32	1	22 64 87 100 134 146 222 285 286 323 332 438 465 521 544 568 618 621 637 682 700 704 709 722 733 737 775 787 796 839 907 963 975 1024 1046 1060 1073 1078 1112 1117 1126 1154 1161 1168 1208 1286 1308 1317 1341 1411 1421 1423 1437 1469 1484 1485 1487 1501 1568 1635 1654 1659 1687 1694 1701 1728 1744 1790 1802 1805 1818 1837 1892 1922 1957 1964 1977 1984 2007 2011 2023 2076 2100 2205 2215 2238 2244 2266 2271 2296 2340 2349 2377 2416 2443 2444 2487 2516 2552 2559 2588 2610 2635 2675 2696 2735 2753 2809 2858 2881 2927 
27	15	17	8	30 77 109 117 140 149 187 252 257 266 294 312 319 338 367 370 404 453 460 490 525 526 548 562 564 625 652 668 695 745 753 783 927 957 962 970 973 1021 1028 1049 1052 1132 1151 1182 1263 1290 1306 1307 1318 1329 1338 1343 1350 1372 1410 1418 1460 1462 1465 1471 1491 1505 1548 1562 1583 1607 1632 1633 1684 1690 1710 1722 1763 1793 1825 1890 1927 1929 1937 2008 2009 2022 2089 2090 2091 2129 2139 2179 2251 2269 2336 2346 2403 2443 2452 2453 2501 2523 2601 2605 2736 2743 2746 2797 2929 2933 2945 
28	8	32	5	21 28 62 70 118 128 208 304 360 372 403 405 415 422 441 443 452 503 509 547 624 658 706 765 789 847 949 956 959 976 1039 1048 1063 1079 1185 1227 1237 1254 1280 1348 1356 1373 1389 1406 1409 1430 1447 1459 1492 1569 1581 1651 1664 1682 1736 1753 1786 1807 1865 1914 1957 1986 1989 2022 2051 2052 2108 2188 2208 2223 2238 2279 2283 2288 2354 2368 2499 2503 2515 2522 2532 2542 2561 2569 2592 2595 2652 2672 2734 2775 2799 2866 2872 2906 2955 
29	11	31	2	4 14 28 122 232 245 282 307 424 428 506 511 527 539 653 691 714 740 759 774 782 794 797 824 842 887 898 939 996 1002 1008 1014 1020 1073 1148 1187 1191 1277 1307 1312 1316 1355 1358 1373 1375 1378 1405 1452 1482 1503 1521 1638 1672 1734 1756 1765 1802 1845 1848 1893 1910 1912 1926 1968 2049 2068 2091 2095 2135 2150 2185 2199 2218 2248 2255 2311 2328 2349 2356 2363 2387 2447 2473 2483 2517 2523 2539 2544 2561 2613 2639 2649 2722 2831 2840 2845 2861 2911 2922 2935 2961 2982 2985 
30	19	2	8	18 24 60 66 79 100 116 150 157 164 176 200 209 235 275 336 368 397 412 416 443 459 495 585 591 593 640 681 700 737 775 787 818 826 862 904 918 925 1005 1036 1047 1048 1082 1192 1205 1239 1249 1294 1303 1319 1322 1327 1373 1390 1483 1507 1535 1538 1541 1557 1599 1650 1692 1697 1712 1731 1788 1823 1829 1867 1875 1947 2048 2053 2159 2162 2213 2249 2319 2333 2347 2351 2364 2371 2392 2442 2458 2480 2537 2593 2595 2646 2658 2724 2730 2759 2771 2813 2825 2847 2893 2901 2940 
31	3	48	7	33 36 46 50 75 76 82 117 128 150 182 188 190 210 214 386 395 427 463 566 567 596 619 638 652 706 721 829 843 900 903 943 969 1056 1060 1103 1110 1126 1194 1213 1272 1313 1349 1353 1382 1386 1416 1423 1431 1474 1478 1479 1522 1524 1543 1558 1582 1605 1638 1643 1647 1674 1681 1685 1731 1786 1788 1794 1832 1834 1853 1870 1877 1912 1924 1956 1959 1974 1981 1992 2011 2066 2116 2123 2153 2174 2180 2192 2253 2270 2301 2309 2318 2355 2413 2453 2470 2511 2540 2560 2569 2586 2644 2683 2774 2797 2815 2835 2864 2875 2876 2888 2898 2950 
32	11	24	6	27 32 54 96 97 113 136 262 280 301 304 380 438 439 481 505 509 524 534 597 643 691 699 734 747 758 769 805 807 831 832 852 1037 1115 1124 1149 1245 1370 1416 1451 1490 1512 1538 1539 1550 1585 1706 1739 1780 1796 1797 1812 1813 1839 1853 1881 1898 1930 1937 1983 1984 2032 2046 2055 2059 2144 2221 2239 2272 2284 2302 2336 2388 2394 2402 2417 2458 2475 2480 2488 2515 2562 2599 2604 2636 2638 2696 2723 2752 2807 2920 2930 2939 2940 2975 
33	5	36	1	3 4 42 60 113 119 121 140 150 158 185 205 244 281 306 312 369 374 404 421 511 520 533 588 591 623 632 641 756 778 804 877 882 947 948 968 992 1012 1034 1066 1091 1136 1166 1194 1255 1263 1274 1284 1298 1313 1319 1377 1397 1434 1495 1497 1498 1530 1534 1559 1578 1606 1628 1681 1707 1773 1789 1793 1828 1860 1873 1917 1961 1970 1988 1991 1999 2019 2088 2104 2106 2121 2141 2143 2145 2191 2256 2279 2287 2290 2321 2331 2362 2372 2375 2390 2394 2470 2513 2551 2574 2577 2594 2623 2624 2647 2666 2684 2726 2754 2764 2770 2835 2897 2995 
34	1	1	2	8 54 76 77 88 98 156 184 221 250 253 303 308 358 402 474 478 492 504 507 581 601 613 626 682 730 731 747 781 793 807 815 862 893 932 938 971 982 1006 1039 1044 1049 1053 1134 1169 1171 1236 1273 1299 1330 1357 1390 1515 1546 1570 1613 1614 1655 1669 1673 1701 1752 1787 1809 1812 1843 1854 1873 1882 1948 1966 1978 1981 2037 2042 2055 2066 2080 2102 2127 2131 2189 2197 2220 2271 2272 2324 2331 2341 2402 2403 2475 2491 2556 2579 2630 2670 2688 2695 2700 2720 2756 2767 2799 2805 2827 2934 2956 2965 2995 
35	5	25	5	15 29 63 64 68 91 103 177 201 223 231 237 246 290 312 317 324 395 411 438 450 465 506 512 541 545 555 556 579 580 613 615 640 659 764 869 879 907 917 957 962 969 971 974 978 979 1011 1018 1035 1065 1076 1081 1156 1209 1212 1215 1230 1233 1255 1260 1283 1295 1320 1424 1436 1443 1510 1516 1520 1526 1531 1554 1567 1590 1599 1604 1612 1616 1622 1636 1653 1659 1680 1698 1742 1772 1873 1890 1911 1938 1956 1990 2014 2067 2077 2094 2100 2113 2126 2145 2182 2190 2209 2228 2287 2395 2416 2439 2460 2471 2576 2593 2608 2612 2653 2656 2699 2702 2714 2776 2791 2820 2904 2916 2994 
36	11	28	7	17 21 58 64 70 136 144 191 262 341 387 396 410 423 433 441 489 564 582 618 680 692 719 720 813 822 859 911 917 930 933 941 944 980 987 992 1039 1054 1067 1094 1105 1111 1199 1217 1245 1266 1276 1281 1328 1364 1405 1420 1440 1488 1492 1528 1547 1580 1591 1714 1719 1720 1723 1789 1805 1829 1840 1857 1935 1938 1948 2010 2028 2041 2042 2091 2193 2211 2214 2222 2241 2243 2245 2252 2259 2344 2373 2398 2409 2416 2466 2516 2524 2555 2576 2579 2615 2662 2665 2701 2716 2795 2858 2887 2900 2925 2937 2970 2972 
37	12	31	7	63 220 250 264 390 435 455 480 484 503 534 588 601 653 666 675 677 699 703 722 732 741 923 938 961 965 977 989 1026 1041 1049 1083 1087 1117 1140 1155 1205 1224 1226 1384 1425 1432 1458 1480 1549 1585 1785 1816 1833 1883 1906 1950 2020 2053 2132 2136 2194 2263 2268 2275 2320 2345 2432 2469 2474 2481 2499 2514 2607 2646 2688 2690 2691 2724 2728 2740 2764 2783 2800 2831 2885 2917 2918 2943 2959 2990 
38	11	30	4	16 45 90 98 179 219 297 308 344 369 371 374 388 427 521 602 607 639 640 655 685 698 756 773 827 849 911 934 973 1016 1019 1080 1107 1114 1137 1189 1215 1246 1250 1254 1375 1409 1441 1481 1510 1521 1632 1655 1672 1699 1717 1737 1740 1761 1766 1778 1865 1900 1908 1938 2010 2047 2079 2093 2096 2106 2140 2147 2155 2163 2226 2232 2240 2246 2282 2297 2335 2350 2385 2452 2509 2519 2542 2547 2570 2575 2576 2590 2594 2643 2648 2652 2664 2710 2807 2837 2861 2877 2882 2988 
39	15	46	2	19 25 70 94 96 119 166 171 180 223 234 246 248 257 269 292 410 477 486 491 510 536 544 598 610 621 642 678 679 694 741 790 800 841 871 873 927 952 965 1001 1004 1018 1025 1112 1138 1140 1165 1198 1248 1261 1263 1267 1268 1294 1328 1367 1414 1418 1419 1487 1490 1505 1542 1554 1604 1606 1625 1628 1700 1723 1870 1921 1929 1944 1955 2006 2012 2085 2137 2138 2169 2210 2228 2260 2273 2283 2290 2364 2433 2484 2488 2547 2573 2669 2742 2747 2785 2808 2812 2826 2833 
40	15	41	4	71 72 80 159 168 171 184 215 238 300 306 323 370 406 449 469 496 538 568 620 661 676 678 700 771 792 798 805 814 831 833 846 908 957 965 967 974 995 1036 1045 1055 1085 1150 1180 1237 1323 1345 1374 1380 1383 1513 1514 1564 1572 1593 1663 1667 1685 1706 1719 1720 1724 1785 1852 1875 1887 1890 1894 1940 1943 2033 2036 2039 2084 2102 2109 2149 2169 2212 2233 2242 2244 2275 2300 2326 2336 2366 2380 2389 2406 2432 2434 2483 2493 2501 2504 2569 2572 2582 2632 2653 2665 2712 2714 2734 2746 2753 2754 2836 2838 2843 2849 2929 2958 2967 2972 2992 
41	15	47	7	2 31 80 225 238 253 267 279 285 314 341 346 360 364 379 414 476 478 498 575 586 612 627 645 685 704 736 744 844 847 848 854 868 901 906 925 983 1120 1121 1169 1177 1190 1223 1253 1301 1317 1361 1363 1368 1377 1422 1469 1532 1563 1570 1614 1622 1639 1680 1691 1743 1761 1762 1823 1885 1907 1946 1967 1972 2012 2017 2044 2059 2126 2157 2176 2185 2195 2260 2281 2289 2390 2414 2488 2505 2525 2526 2535 2550 2582 2585 2617 2623 2713 2732 2839 2901 2913 
42	1	19	6	2 28 83 95 105 132 151 163 164 217 228 269 314 333 366 370 376 405 424 461 476 539 638 639 720 735 778 795 796 836 873 888 895 945 1003 1025 1103 1119 1169 1246 1276 1279 1291 1342 1397 1429 1488 1496 1611 1617 1627 1638 1713 1726 1773 1782 1794 1914 1996 2013 2041 2073 2082 2189 2190 2236 2264 2280 2310 2321 2360 2370 2389 2420 2421 2423 2449 2451 2455 2509 2544 2580 2586 2591 2672 2687 2691 2767 2768 2797 2891 2937 
43	20	9	2	112 151 157 165 168 192 233 249 263 280 369 470 517 522 546 574 605 606 673 697 712 748 819 823 830 840 877 886 953 990 992 1022 1095 1149 1211 1213 1219 1221 1249 1290 1326 1374 1381 1441 1509 1523 1598 1641 1707 1736 1770 1784 1793 1804 1810 1834 1896 1982 2003 2010 2035 2054 2056 2110 2139 2142 2160 2215 2317 2337 2348 2385 2409 2421 2428 2441 2486 2501 2508 2581 2620 2623 2632 2656 2702 2719 2753 2819 2854 2865 2876 2880 2887 2913 
44	19	18	2	45 49 110 115 129 145 149 198 313 316 318 351 373 375 383 386 433 441 561 568 633 643 669 670 726 737 780 803 878 920 958 959 964 1030 1041 1057 1067 1091 1099 1108 1125 1145 1147 1195 1204 1237 1274 1362 1364 1372 1465 1474 1478 1485 1526 1537 1552 1560 1583 1624 1771 1774 1781 1868 1894 1927 1942 1954 2052 2067 2094 2106 2107 2125 2126 2143 2146 2157 2159 2170 2256 2277 2281 2347 2413 2422 2481 2489 2574 2622 2694 2710 2788 2853 2873 2885 2896 2910 2933 2936 2972 2987 
45	20	20	3	4 34 35 136 163 206 216 244 294 330 460 477 479 550 557 692 717 730 768 776 818 823 843 872 881 888 893 907 968 983 1023 1036 1076 1112 1150 1157 1228 1248 1283 1301 1305 1330 1337 1371 1402 1444 1458 1466 1492 1493 1499 1529 1546 1551 1554 1559 1629 1637 1707 1715 1730 1744 1753 1778 1786 1813 1816 1821 1836 1842 1847 1888 1935 1960 1975 2019 2056 2100 2126 2196 2218 2231 2270 2279 2285 2290 2309 2334 2410 2454 2503 2517 2528 2558 2653 2689 2728 2755 2810 2812 2821 2894 
46	20	34	6	14 56 86 90 101 110 192 194 225 229 234 236 282 283 289 325 343 355 447 474 510 523 552 562 593 608 660 729 736 746 749 760 777 809 912 935 948 971 991 1018 1086 1125 1139 1153 1174 1176 1186 1238 1302 1313 1340 1379 1433 1462 1484 1562 1581 1608 1687 1703 1707 1737 1762 1764 1808 1861 1891 1922 1924 1972 1997 2008 2021 2026 2027 2070 2135 2208 2243 2270 2285 2296 2314 2369 2376 2396 2399 2416 2433 2437 2446 2461 2469 2481 2483 2523 2530 2560 2571 2581 2669 2705 2711 2838 2845 2848 2878 2888 2907 2969 2996 
47	20	7	4	3 10 14 25 26 54 87 91 112 119 142 154 208 293 347 437 455 462 482 485 509 552 571 577 654 687 690 696 744 823 824 842 860 945 978 1035 1047 1050 1058 1098 1120 1188 1206 1223 1225 1262 1289 1336 1363 1405 1408 1429 1450 1460 1478 1497 1525 1553 1579 1588 1614 1616 1634 1637 1668 1752 1849 1858 1905 1920 1932 1977 1993 2011 2065 2076 2128 2146 2167 2311 2322 2360 2368 2371 2376 2414 2424 2453 2499 2522 2645 2655 2656 2659 2668 2669 2828 2888 2935 2963 
48	5	43	3	17 48 56 58 76 117 132 139 162 182 204 208 217 218 239 275 287 306 349 358 417 443 487 500 503 507 537 587 600 615 620 630 646 660 687 740 763 820 877 879 932 934 944 969 1049 1056 1074 1086 1093 1095 1114 1118 1119 1153 1170 1213 1291 1298 1307 1323 1378 1403 1470 1476 1566 1586 1614 1623 1695 1718 1802 1838 1863 1913 1918 1934 1951 1954 2034 2082 2093 2098 2123 2124 2134 2184 2212 2214 2277 2375 2403 2415 2434 2458 2479 2490 2491 2496 2501 2531 2537 2541 2613 2619 2630 2703 2742 2746 2823 2883 2886 2985 2988 2991 2992 
49	4	40	6	61 135 202 214 317 339 347 357 368 389 429 488 499 531 616 654 655 705 712 761 765 799 815 856 870 905 933 973 1000 1063 1087 1088 1097 1108 1109 1111 1146 1164 1170 1200 1230 1236 1274 1323 1333 1356 1362 1487 1491 1499 1521 1560 1567 1612 1648 1686 1691 1705 1757 1765 1790 1817 1826 1856 1858 1882 1886 1889 1948 1989 2039 2051 2065 2101 2178 2230 2233 2245 2253 2300 2378 2382 2384 2424 2430 2435 2476 2502 2567 2608 2611 2616 2617 2651 2670 2689 2747 2762 2773 2774 2819 2832 2852 2877 2892 2923 2928 2965 
50	3	16	3	10 37 78 95 97 107 118 167 199 213 238 251 280 292 293 319 432 439 527 533 548 592 667 695 712 723 777 779 849 853 864 873 886 913 918 976 1010 1026 1047 1051 1059 1061 1122 1129 1133 1137 1169 1181 1201 1257 1277 1326 1392 1415 1418 1445 1473 1498 1639 1668 1673 1682 1697 1757 1768 1779 1812 1826 1878 1907 1937 1964 1992 2010 2023 2125 2165 2205 2219 2253 2257 2274 2292 2355 2357 2455 2469 2493 2502 2505 2507 2524 2534 2561 2569 2596 2631 2677 2701 2749 2766 2789 2804 2805 2843 2892 2938 2950 2984 
51	4	8	4	19 44 67 68 105 139 146 158 161 176 199 220 277 310 325 357 368 385 395 468 474 483 514 535 606 633 636 642 672 686 697 699 723 732 738 797 802 858 859 870 872 875 880 888 896 932 946 970 984 1004 1012 1021 1037 1091 1095 1097 1116 1147 1224 1247 1295 1306 1378 1401 1428 1464 1534 1546 1574 1678 1698 1768 1772 1815 1820 1843 1876 1895 1933 1959 2007 2024 2052 2070 2097 2139 2168 2206 2219 2236 2239 2259 2272 2288 2294 2299 2340 2373 2422 2458 2500 2606 2611 2619 2638 2691 2726 2760 2786 2789 2793 2814 2818 2821 2906 
52	13	44	3	31 42 47 72 82 102 113 226 260 271 272 296 340 342 454 629 648 649 656 716 747 750 753 757 807 809 816 829 830 834 891 898 950 1040 1046 1146 1240 1242 1256 1288 1320 1327 1365 1399 1436 1510 1545 1553 1579 1601 1608 1684 1723 1726 1741 1758 1872 1873 1884 1901 1952 1955 1965 1982 1986 2011 2020 2076 2105 2172 2199 2204 2246 2251 2260 2293 2325 2333 2346 2354 2364 2422 2425 2427 2441 2486 2504 2559 2589 2599 2627 2673 2674 2715 2739 2759 2774 2784 2788 2849 2910 2917 2962 2972 
53	13	29	6	6 20 23 48 52 85 121 141 198 208 224 235 265 295 320 346 375 379 414 430 459 480 506 528 572 607 609 669 701 723 742 743 751 838 875 894 896 972 995 998 1069 1078 1093 1102 1118 1132 1196 1226 1240 1259 1269 1369 1376 1388 1400 1408 1431 1437 1458 1596 1674 1688 1694 1714 1758 1784 1899 1900 1901 1923 1932 1954 1990 1995 2005 2062 2078 2170 2219 2234 2235 2249 2283 2290 2297 2303 2304 2335 2350 2392 2447 2467 2495 2496 2516 2527 2607 2629 2639 2694 2718 2732 2793 2810 2828 2829 2830 2850 2856 2926 2953 2958 2997 
54	13	33	2	27 36 37 106 148 172 174 183 200 201 228 251 284 314 322 365 427 454 456 465 468 489 502 532 548 589 600 616 620 645 658 681 734 755 860 865 867 922 925 926 934 940 961 974 981 1007 1036 1062 1080 1082 1110 1123 1128 1133 1178 1182 1190 1291 1310 1315 1342 1370 1385 1395 1427 1447 1453 1483 1538 1561 1602 1645 1676 1703 1741 1746 1825 1842 1849 1851 1852 1859 1860 1863 1867 1915 1928 1977 2018 2022 2062 2070 2181 2212 2217 2307 2310 2316 2332 2333 2375 2418 2425 2442 2443 2471 2498 2520 2535 2560 2605 2618 2665 2678 2696 2714 2749 2762 2763 2786 2821 2847 2877 2917 2924 2932 2937 2939 2946 2949 2951 2962 2979 2991 2997 
55	4	20	2	67 73 82 92 153 177 187 278 285 293 300 315 353 387 408 442 462 556 593 628 660 686 693 754 769 773 777 810 832 848 1051 1104 1136 1144 1259 1313 1397 1442 1443 1473 1486 1581 1599 1615 1636 1665 1743 1750 1876 1886 1892 1905 1919 1931 1939 1997 1998 2013 2017 2079 2083 2120 2122 2158 2165 2196 2241 2252 2293 2296 2312 2329 2336 2366 2396 2453 2456 2459 2537 2546 2640 2646 2726 2766 2769 2771 2798 2878 2903 2958 2971 2986 2996 
56	20	41	8	15 32 43 152 215 218 239 245 300 301 321 378 385 390 400 409 423 426 457 461 541 547 555 584 595 608 630 635 719 742 770 891 898 944 979 990 1009 1016 1051 1073 1088 1154 1212 1247 1352 1461 1469 1510 1569 1576 1616 1628 1660 1670 1689 1696 1717 1725 1728 1735 1818 1835 1850 1854 1942 1969 1985 1997 2043 2056 2102 2118 2137 2169 2173 2184 2200 2212 2262 2310 2317 2399 2400 2401 2407 2418 2456 2478 2484 2539 2545 2635 2645 2665 2667 2718 2721 2729 2735 2745 2765 2772 2776 2802 2833 2870 2884 
57	19	27	6	7 25 33 72 127 128 143 160 196 233 252 257 261 266 286 288 335 349 352 359 372 437 463 485 622 637 657 708 722 754 785 812 837 874 887 921 959 967 1016 1021 1041 1054 1061 1160 1198 1217 1221 1250 1253 1264 1267 1308 1310 1380 1420 1505 1577 1621 1633 1662 1702 1731 1732 1735 1763 1766 1876 1894 1903 1920 1955 2037 2090 2104 2118 2131 2164 2176 2196 2251 2255 2294 2346 2425 2468 2470 2471 2552 2615 2633 2641 2706 2745 2753 2827 2870 2895 2919 2948 2957 2963 2993 
58	5	28	4	52 70 123 156 230 244 261 266 322 324 338 346 428 546 598 641 647 674 681 772 794 810 818 839 926 928 939 1011 1090 1174 1181 1231 1232 1248 1255 1279 1296 1318 1327 1329 1338 1415 1423 1426 1456 1457 1476 1493 1498 1532 1562 1582 1610 1687 1713 1729 1759 1760 1783 1789 1805 1853 1861 1899 1910 1966 2030 2098 2156 2160 2216 2276 2315 2431 2445 2447 2455 2468 2524 2534 2545 2562 2564 2567 2604 2622 2692 2720 2745 2812 2815 2850 2862 2896 2902 2942 2971 2979 
59	13	8	8	7 16 62 120 135 169 172 203 211 223 225 247 273 307 419 470 493 498 501 551 578 579 610 661 800 801 827 846 864 885 897 899 976 1003 1019 1031 1050 1065 1096 1106 1125 1149 1201 1204 1467 1506 1552 1594 1643 1654 1664 1699 1704 1722 1747 1762 1780 1810 1812 1815 1830 1846 1852 1855 1896 1940 1951 1956 1994 2026 2044 2093 2138 2170 2226 2266 2285 2308 2352 2357 2377 2397 2435 2511 2528 2529 2574 2584 2591 2592 2597 2647 2712 2734 2876 2897 2906 2939 2964 
60	3	10	6	39 60 108 203 248 260 322 386 391 406 408 421 457 500 537 573 590 613 631 646 682 764 782 827 859 892 917 931 940 944 957 989 1038 1068 1239 1251 1305 1335 1368 1387 1443 1477 1507 1593 1623 1650 1683 1684 1728 1749 1777 1798 1821 1834 1855 1872 1944 1950 1952 2007 2012 2015 2031 2074 2079 2094 2128 2142 2146 2152 2288 2316 2329 2431 2439 2450 2489 2521 2564 2578 2601 2602 2609 2632 2698 2735 2744 2901 
61	4	45	7	1 12 39 98 99 152 185 230 248 273 300 333 354 381 382 384 453 505 515 568 578 609 702 705 715 725 749 764 778 788 802 808 881 914 942 982 1035 1038 1061 1086 1202 1208 1240 1270 1279 1289 1290 1321 1359 1375 1406 1424 1434 1459 1468 1473 1484 1535 1538 1600 1677 1716 1747 1755 1760 1779 1799 1802 1860 1888 1896 1932 1990 2003 2049 2060 2105 2151 2155 2182 2334 2348 2419 2489 2494 2496 2558 2575 2636 2657 2761 2772 2834 2845 2874 
62	2	50	2	1 12 91 102 186 190 220 247 299 328 338 348 394 416 423 458 460 473 512 537 569 630 646 671 710 750 751 753 816 916 943 962 978 991 1015 1024 1027 1032 1040 1048 1066 1087 1102 1159 1179 1222 1284 1402 1450 1451 1466 1481 1484 1494 1565 1611 1631 1647 1696 1708 1759 1818 1872 1907 1941 1960 2002 2048 2057 2061 2098 2105 2254 2267 2301 2431 2487 2512 2534 2559 2566 2583 2591 2593 2642 2704 2712 2737 2748 2772 2830 2895 2905 2969 2976 
63	13	15	4	1 13 37 62 145 221 253 271 289 304 311 333 340 396 398 475 530 547 556 570 583 599 624 662 664 689 711 728 739 745 774 811 877 951 979 985 989 1001 1038 1092 1125 1145 1193 1243 1256 1324 1328 1360 1362 1403 1420 1461 1489 1529 1545 1551 1609 1615 1649 1692 1702 1712 1757 1758 1767 1771 1808 1814 1827 1838 1911 1924 1939 1941 1987 2015 2025 2027 2041 2274 2306 2321 2351 2411 2454 2508 2526 2536 2580 2589 2618 2624 2629 2658 2715 2716 2721 2741 2751 2767 2791 2804 2856 2875 2899 2919 2922 2945 2961 2965 2968 2970 3000 
64	15	25	1	47 59 77 89 101 124 127 143 169 201 212 231 269 275 289 326 344 360 446 451 470 473 474 481 488 512 518 523 526 548 559 569 573 574 606 628 631 638 738 740 746 793 801 851 859 909 929 979 983 1052 1153 1193 1207 1227 1242 1251 1342 1364 1365 1382 1388 1441 1453 1455 1486 1519 1547 1611 1653 1665 1719 1745 1746 1851 1861 1944 1994 2002 2005 2025 2065 2116 2162 2192 2277 2293 2315 2338 2350 2433 2457 2469 2476 2486 2543 2553 2579 2639 2652 2692 2713 2773 2800 2864 2866 2878 2908 2917 2919 2944 2951 2977 2978 
65	5	21	7	51 54 81 140 154 162 181 232 233 256 258 274 318 349 367 436 450 525 531 579 584 631 701 702 735 759 774 797 799 837 840 884 985 1017 1032 1108 1124 1176 1188 1232 1234 1247 1298 1322 1426 1435 1442 1463 1483 1490 1497 1500 1504 1607 1613 1644 1657 1694 1726 1728 1734 1739 1776 1811 1849 1855 1874 1891 1922 1954 1993 1998 2056 2057 2090 2118 2129 2154 2158 2184 2189 2200 2342 2354 2362 2410 2426 2434 2459 2461 2463 2504 2565 2618 2642 2661 2682 2708 2789 2792 2836 2962 2976 2994 2996 
66	2	3	6	46 190 230 240 324 361 400 407 415 425 452 536 543 544 567 574 582 583 595 614 618 629 649 668 680 783 806 819 876 937 970 1006 1007 1015 1027 1120 1134 1147 1179 1220 1223 1234 1237 1285 1334 1336 1372 1401 1404 1407 1411 1439 1461 1506 1566 1589 1591 1597 1615 1636 1637 1651 1708 1720 1788 1819 1887 1890 1938 1961 1985 2054 2124 2151 2172 2180 2185 2194 2207 2211 2224 2225 2242 2246 2305 2331 2347 2359 2452 2485 2519 2526 2557 2598 2612 2631 2695 2749 2759 2763 2775 2782 2800 2801 2802 2809 2863 2882 2890 2918 2951 2998 
67	13	22	5	39 40 65 114 121 207 226 265 267 296 332 368 377 390 426 492 502 549 557 577 634 726 752 762 771 816 855 874 876 892 898 922 931 942 947 986 1083 1095 1101 1106 1155 1170 1187 1190 1223 1258 1278 1291 1336 1350 1351 1361 1417 1494 1501 1522 1525 1542 1552 1582 1610 1691 1722 1732 1738 1823 1829 1845 1883 1888 1889 1912 1953 1967 1979 1982 1988 2034 2040 2063 2087 2107 2111 2166 2186 2197 2227 2240 2242 2294 2356 2393 2398 2408 2412 2530 2596 2638 2640 2657 2659 2686 2711 2713 2717 2736 2773 2805 2818 2821 2822 2834 2855 2870 2871 2883 2899 2903 2914 2927 2929 2943 2944 2948 
68	4	7	3	29 59 86 108 126 173 231 283 327 336 345 353 354 374 383 385 437 461 518 575 670 677 711 713 766 824 833 890 900 906 909 946 998 1000 1011 1058 1072 1073 1092 1152 1174 1325 1357 1374 1448 1536 1675 1689 1761 1790 1807 1862 1905 1945 1976 2107 2161 2177 2193 2220 2224 2229 2242 2252 2287 2324 2332 2361 2404 2408 2426 2460 2465 2540 2568 2586 2591 2592 2594 2620 2641 2650 2654 2682 2707 2740 2748 2757 2760 2782 2803 2840 2862 2893 2909 2921 2930 2940 2973 2998 
69	12	13	6	74 78 178 186 209 222 227 479 495 497 545 592 605 641 647 679 717 731 733 770 788 791 869 871 942 947 1055 1075 1158 1181 1209 1249 1321 1338 1339 1391 1393 1395 1520 1535 1558 1559 1575 1580 1586 1604 1607 1618 1628 1640 1678 1742 1759 1768 1770 1850 1877 1909 1913 1915 1991 2050 2127 2138 2186 2197 2205 2247 2258 2269 2299 2322 2325 2473 2520 2525 2535 2573 2583 2589 2664 2733 2822 2825 2835 2871 2872 2913 2942 2960 
70	20	47	1	18 73 95 111 193 211 291 342 367 389 415 456 550 553 557 563 565 585 592 596 603 687 690 736 765 779 815 844 922 953 961 976 984 1040 1064 1089 1159 1177 1252 1260 1275 1304 1407 1449 1467 1492 1500 1509 1526 1632 1644 1740 1775 1777 1799 1815 1850 1864 1966 2008 2018 2059 2078 2093 2103 2230 2231 2236 2240 2261 2295 2312 2328 2374 2406 2473 2474 2510 2511 2524 2526 2545 2550 2585 2611 2616 2629 2644 2695 2716 2760 2787 2799 2810 2822 2857 2879 2882 2891 2921 2999 
71	15	24	3	22 67 92 122 130 137 146 152 160 165 195 236 269 279 312 316 328 393 434 445 514 517 521 529 564 580 673 694 734 746 755 762 803 821 885 942 956 963 993 1016 1067 1071 1075 1127 1158 1176 1203 1292 1314 1376 1424 1433 1440 1450 1462 1480 1489 1496 1513 1568 1600 1624 1635 1711 1738 1799 1858 1875 1886 1909 1910 1915 1916 1940 2037 2049 2102 2201 2221 2230 2313 2383 2402 2411 2413 2438 2477 2497 2498 2521 2546 2610 2628 2636 2657 2666 2738 2743 2786 2863 2867 2907 2925 2960 2971 2974 
72	2	39	4	38 94 116 125 155 160 162 174 218 241 257 264 361 379 399 408 457 480 557 560 587 600 708 749 754 767 835 865 866 871 889 916 930 936 983 997 1052 1151 1155 1157 1270 1282 1308 1312 1393 1417 1480 1502 1508 1539 1550 1552 1594 1597 1621 1635 1650 1654 1679 1709 1730 1748 1764 1773 1775 1798 1837 1928 1965 1984 2046 2061 2083 2113 2187 2347 2356 2361 2365 2369 2415 2449 2464 2475 2506 2516 2666 2677 2681 2761 2763 2771 2772 2788 2806 2966 2980 
73	2	15	3	71 90 96 106 109 168 172 181 276 295 313 334 355 363 444 449 466 468 469 473 494 563 585 610 623 688 703 714 782 798 848 974 995 1044 1063 1069 1186 1190 1241 1266 1269 1270 1297 1302 1303 1333 1363 1409 1437 1467 1540 1577 1596 1606 1620 1627 1633 1649 1690 1696 1729 1787 1808 1844 1856 1877 1883 1887 1893 1929 1961 1968 1997 2063 2087 2091 2111 2158 2166 2213 2266 2352 2384 2390 2449 2473 2480 2506 2511 2519 2533 2580 2658 2770 2776 2800 2816 2832 2841 2858 2865 2869 2888 2889 2903 2905 2908 2911 2956 2961 
74	9	5	3	45 69 79 99 177 193 282 325 331 339 378 397 404 418 421 488 520 545 559 582 603 609 639 651 689 760 837 903 919 927 982 1037 1068 1209 1210 1236 1275 1300 1312 1375 1393 1477 1483 1491 1541 1561 1646 1660 1666 1754 1776 1781 1785 1792 1831 1849 1854 1865 1895 1897 1936 2035 2112 2144 2152 2168 2191 2225 2227 2237 2308 2312 2337 2440 2445 2459 2463 2472 2564 2606 2694 2696 2702 2708 2747 2785 2826 2861 2887 2920 2943 2983 2986 
75	13	50	1	2 93 104 162 179 188 216 295 309 354 375 394 397 463 491 494 516 530 534 539 540 546 549 633 642 661 672 675 716 721 734 741 750 752 762 802 811 828 838 954 971 1005 1023 1081 1152 1162 1163 1185 1221 1266 1302 1318 1321 1322 1339 1385 1425 1432 1475 1508 1512 1531 1550 1727 1767 1830 1846 1855 1909 1920 1951 2022 2026 2039 2072 2170 2171 2172 2174 2181 2227 2269 2324 2333 2342 2345 2369 2447 2483 2491 2523 2593 2620 2645 2685 2737 2748 2769 2862 2903 2904 2997 
76	4	33	5	24 25 31 48 58 61 180 185 227 278 286 347 355 379 432 449 457 522 554 566 586 623 648 678 690 692 703 758 767 772 786 825 827 845 889 914 993 997 1015 1068 1094 1100 1162 1176 1184 1201 1235 1245 1251 1314 1318 1387 1456 1457 1487 1500 1504 1536 1548 1584 1586 1588 1595 1602 1661 1674 1677 1791 1794 1809 1813 1819 1885 1894 1896 1906 1919 1949 1958 1965 1984 2080 2092 2173 2204 2222 2230 2247 2249 2254 2348 2365 2448 2457 2485 2492 2785 2813 2815 2829 2848 2885 2910 2923 2941 2967 
77	5	14	2	40 55 114 142 147 194 281 291 341 356 361 437 467 484 493 540 547 572 618 650 662 688 695 707 743 789 792 817 854 861 863 874 879 899 904 910 936 969 999 1029 1092 1115 1117 1127 1150 1163 1177 1243 1265 1319 1343 1382 1411 1429 1474 1541 1558 1575 1587 1607 1634 1664 1685 1739 1745 1811 1822 1828 1830 1846 1901 2015 2064 2073 2088 2099 2113 2117 2152 2173 2186 2194 2232 2240 2250 2309 2408 2420 2440 2445 2474 2500 2507 2617 2621 2647 2662 2703 2717 2794 2841 2851 2879 2904 2909 2955 2968 
78	5	6	8	23 33 34 61 83 87 137 189 260 289 320 335 376 388 392 411 451 458 471 516 534 589 648 665 728 730 733 759 763 840 858 905 908 1054 1084 1114 1196 1210 1213 1262 1278 1316 1347 1398 1421 1425 1447 1494 1519 1523 1592 1648 1675 1703 1708 1737 1740 1777 1883 1889 1904 1971 2000 2023 2074 2085 2106 2114 2140 2145 2160 2168 2178 2199 2220 2237 2257 2281 2291 2304 2318 2367 2457 2462 2541 2567 2583 2614 2622 2628 2679 2684 2701 2705 2723 2728 2732 2755 2762 2787 2796 2823 2824 2835 2902 2919 2923 2954 
79	9	5	1	15 26 32 35 37 63 74 98 103 138 139 141 148 172 175 230 232 238 270 299 315 351 381 403 419 420 423 449 453 455 483 522 576 597 612 620 688 706 725 795 805 806 950 982 1033 1122 1182 1187 1188 1281 1336 1355 1360 1370 1389 1403 1408 1410 1418 1427 1439 1451 1461 1488 1532 1535 1545 1597 1647 1652 1661 1672 1699 1714 1736 1752 1762 1772 1813 1862 1941 1978 2042 2055 2060 2075 2154 2206 2210 2218 2258 2314 2316 2323 2383 2401 2461 2515 2528 2533 2546 2563 2571 2582 2584 2587 2603 2622 2630 2633 2638 2650 2673 2693 2724 2727 2750 2752 2776 2780 2796 2808 2820 2843 2871 2880 2898 2938 2966 
80	20	9	7	7 15 20 27 44 84 87 111 113 123 203 255 278 284 298 369 393 406 408 425 429 442 444 445 510 587 696 717 727 751 755 772 819 828 841 858 878 894 910 970 990 1009 1027 1141 1162 1173 1189 1231 1254 1265 1319 1457 1467 1493 1519 1539 1573 1633 1662 1705 1738 1782 1787 1800 1862 1864 1915 1918 1919 1936 1968 2001 2016 2058 2081 2121 2139 2239 2276 2319 2369 2397 2412 2430 2491 2568 2610 2625 2680 2760 2779 2796 2806 2823 2865 2868 2884 2938 2955 
81	2	45	8	41 57 72 148 166 171 183 236 270 313 339 394 396 414 450 478 482 487 510 549 550 567 572 575 600 644 651 725 769 779 799 842 933 1001 1018 1029 1062 1066 1071 1090 1137 1198 1216 1257 1282 1292 1335 1345 1351 1377 1444 1473 1544 1550 1585 1625 1630 1832 1874 1957 1964 1967 1983 2077 2116 2157 2176 2193 2196 2232 2283 2289 2297 2314 2360 2391 2424 2431 2459 2464 2472 2490 2496 2518 2543 2563 2573 2576 2634 2710 2788 2798 2838 2839 2842 2851 2894 2921 2960 2973 
82	4	44	1	40 41 99 151 182 196 224 307 316 329 371 384 434 441 448 507 535 571 711 727 830 875 903 923 952 981 1053 1055 1094 1151 1165 1198 1240 1272 1331 1340 1354 1394 1426 1549 1621 1640 1721 1870 1879 1885 1934 1958 1980 2014 2043 2062 2098 2156 2159 2163 2199 2211 2220 2264 2282 2298 2304 2305 2370 2395 2415 2481 2484 2548 2608 2634 2683 2705 2736 2743 2755 2778 2781 2786 2833 2844 2855 2895 2899 2907 2934 2942 2987 
83	8	38	1	13 53 75 147 156 241 258 276 314 406 425 482 508 541 622 664 676 744 759 791 807 809 847 861 863 870 873 881 894 904 905 931 941 951 997 1003 1030 1076 1110 1127 1170 1174 1175 1199 1200 1217 1303 1345 1371 1398 1414 1447 1454 1464 1482 1548 1576 1625 1630 1650 1684 1686 1689 1817 1832 1833 1838 1859 1916 1925 1996 2016 2057 2111 2120 2122 2138 2148 2177 2219 2249 2306 2308 2357 2358 2387 2400 2482 2493 2529 2554 2566 2595 2707 2708 2738 2751 2775 2790 2811 2816 2832 2850 2859 2860 2886 2915 2988 2990 2994 
84	15	30	6	35 43 57 106 148 157 161 173 195 210 213 216 221 226 237 273 287 291 318 348 385 392 393 416 467 502 561 589 591 604 635 656 665 709 718 792 808 818 987 1043 1053 1059 1143 1156 1159 1167 1171 1187 1199 1219 1224 1228 1255 1262 1275 1296 1297 1346 1352 1359 1422 1454 1472 1511 1572 1659 1692 1754 1800 1844 1897 1917 1933 1945 1979 1993 2004 2019 2038 2150 2154 2177 2250 2345 2374 2379 2397 2426 2436 2454 2466 2507 2513 2528 2572 2579 2587 2603 2644 2663 2700 2709 2751 2766 2792 2795 2811 2818 2826 2837 2860 2865 2881 2893 2906 2932 2941 2943 2978 3000 
85	11	46	5	17 59 76 83 138 170 197 247 334 359 378 458 527 578 590 619 626 647 668 683 760 761 768 781 788 802 806 834 862 886 900 908 941 943 954 966 967 1029 1031 1041 1175 1179 1211 1216 1222 1296 1346 1359 1435 1453 1478 1505 1515 1596 1605 1700 1721 1783 1800 1801 1814 1863 1869 1874 1947 1948 1981 2036 2047 2068 2069 2099 2105 2165 2217 2234 2261 2270 2298 2313 2338 2361 2438 2548 2585 2587 2598 2613 2661 2681 2693 2733 2761 2806 2846 2847 2875 2879 2920 2928 2969 
86	9	22	8	5 154 182 195 232 246 249 283 284 303 330 345 357 363 433 439 588 598 604 631 637 667 669 675 685 739 794 803 829 831 850 865 887 900 921 929 947 1026 1059 1077 1100 1116 1140 1143 1173 1232 1256 1311 1344 1348 1358 1407 1440 1475 1481 1498 1520 1534 1577 1591 1640 1665 1682 1764 1776 1794 1797 1804 1817 1843 1869 1884 1898 2001 2027 2028 2049 2066 2083 2097 2100 2107 2123 2141 2204 2215 2261 2373 2381 2393 2406 2428 2477 2498 2550 2551 2557 2607 2637 2676 2699 2702 2707 2794 2807 2808 2811 2846 2887 2984 2989 2996 
87	13	13	7	8 93 110 112 294 311 334 350 363 409 475 485 508 513 522 546 554 594 626 661 662 694 758 785 794 856 872 972 994 1015 1033 1042 1152 1175 1191 1192 1210 1233 1244 1283 1308 1309 1338 1344 1374 1413 1448 1472 1507 1508 1509 1511 1527 1542 1565 1634 1642 1648 1679 1697 1711 1729 1767 1803 1821 1831 1837 1852 1958 2004 2027 2070 2083 2101 2124 2144 2150 2187 2262 2293 2381 2391 2427 2435 2482 2486 2490 2512 2570 2604 2624 2643 2651 2689 2721 2730 2758 2802 2853 2911 2934 2940 2946 2948 3000 
88	9	3	2	13 32 52 89 100 159 218 301 319 329 331 382 392 446 485 497 531 566 570 617 622 663 704 721 744 745 778 814 821 836 869 896 923 924 955 1037 1071 1077 1103 1141 1160 1197 1233 1376 1396 1400 1401 1464 1502 1670 1702 1710 1713 1760 1778 1821 1840 1858 1897 1899 1925 1933 1969 1991 1993 2081 2096 2101 2103 2162 2223 2275 2315 2326 2360 2368 2381 2392 2435 2504 2513 2514 2538 2564 2590 2634 2643 2650 2663 2739 2741 2768 2848 2881 2952 2989 2993 
89	2	23	7	5 11 79 100 104 131 167 193 226 235 237 265 290 361 362 394 424 428 459 462 488 673 683 700 724 750 812 855 880 895 981 1002 1019 1065 1106 1122 1143 1148 1168 1200 1242 1312 1316 1326 1337 1342 1348 1360 1379 1402 1449 1454 1471 1489 1530 1620 1623 1624 1626 1652 1658 1689 1703 1715 1733 1766 1769 1784 1817 1844 1898 1933 1934 1955 1962 2026 2052 2074 2159 2169 2177 2202 2210 2265 2327 2339 2367 2468 2522 2606 2609 2697 2762 2816 2818 2832 2863 2890 2893 2896 2915 2922 2977 2983 2992 
90	2	39	1	51 55 58 66 86 134 187 298 302 305 356 391 409 411 413 426 429 443 493 519 558 583 601 614 674 696 747 757 773 776 783 810 895 901 902 911 912 913 1013 1025 1026 1042 1043 1101 1111 1124 1209 1220 1234 1287 1288 1290 1419 1468 1543 1544 1553 1566 1634 1643 1657 1658 1826 1835 1841 1857 1880 1979 2050 2109 2155 2201 2280 2318 2348 2386 2412 2429 2446 2477 2478 2503 2517 2534 2607 2679 2719 2740 2747 2757 2765 2838 2922 2976 2982 2998 
91	15	40	5	5 34 92 96 107 153 169 196 212 245 335 345 352 371 386 388 469 490 497 542 559 602 718 769 770 793 814 819 822 824 861 864 890 915 919 930 952 965 995 1008 1009 1027 1043 1086 1112 1121 1133 1249 1250 1327 1397 1400 1401 1432 1495 1534 1539 1563 1572 1579 1587 1609 1654 1884 1892 1923 1928 1959 1963 2050 2120 2147 2157 2172 2200 2282 2291 2316 2320 2329 2351 2355 2423 2527 2529 2543 2547 2555 2563 2570 2575 2625 2627 2669 2688 2690 2710 2718 2758 2779 2794 2807 2814 2954 2959 2970 2993 
92	9	42	6	10 19 47 49 50 117 129 168 169 245 305 313 354 390 396 465 466 501 511 553 599 621 658 684 719 773 787 829 830 851 891 966 981 1024 1044 1077 1083 1098 1123 1216 1218 1232 1257 1306 1324 1331 1332 1367 1383 1409 1415 1428 1504 1541 1610 1626 1629 1661 1811 1822 1828 1880 1895 1936 1976 2031 2033 2060 2088 2136 2145 2209 2254 2265 2274 2291 2313 2327 2339 2386 2405 2441 2508 2568 2642 2666 2684 2765 2789 2841 2866 2954 2982 2984 2989 
93	5	17	6	38 84 109 134 159 175 188 243 247 253 365 377 397 462 471 492 594 616 671 675 728 741 854 880 881 882 897 901 918 924 951 975 990 994 996 1056 1064 1067 1074 1081 1101 1129 1135 1192 1203 1258 1399 1404 1413 1427 1515 1517 1527 1530 1551 1563 1564 1578 1587 1631 1652 1663 1671 1677 1701 1711 1723 1725 1772 1795 1833 1859 1864 1868 1949 1973 1999 2044 2108 2181 2183 2184 2202 2216 2248 2271 2278 2295 2326 2332 2337 2361 2366 2367 2429 2531 2551 2596 2597 2628 2682 2736 2755 2764 2842 2844 2900 2979 2986 2988 
94	4	34	8	21 82 125 130 153 204 256 262 323 329 359 362 371 398 399 466 484 486 517 519 520 553 554 571 581 609 627 634 691 713 740 808 866 993 1039 1053 1099 1129 1214 1267 1281 1285 1320 1353 1413 1416 1430 1435 1445 1449 1450 1455 1479 1501 1528 1549 1554 1567 1587 1605 1644 1652 1662 1749 1783 1853 1856 1916 1934 1949 1991 2040 2071 2121 2151 2175 2287 2311 2376 2410 2421 2547 2577 2585 2661 2687 2738 2783 2785 2864 2891 2907 2930 2987 
95	8	37	2	68 69 197 207 212 219 273 309 326 349 372 384 426 472 555 587 590 597 627 655 706 727 732 785 812 820 852 866 870 918 921 963 986 1005 1084 1100 1109 1114 1172 1206 1216 1226 1252 1269 1278 1337 1394 1446 1470 1497 1518 1577 1623 1649 1662 1688 1692 1711 1712 1730 1795 1857 1869 1879 2043 2045 2069 2115 2118 2130 2133 2167 2182 2192 2195 2198 2202 2204 2205 2298 2374 2389 2399 2494 2497 2510 2554 2619 2633 2635 2667 2681 2682 2777 2790 2964 
96	18	23	8	6 29 40 64 73 103 122 126 132 146 160 165 241 263 272 287 340 365 381 420 436 440 446 556 560 614 615 632 639 649 701 705 729 784 798 855 867 874 876 878 889 915 924 938 955 977 980 1002 1017 1144 1225 1245 1284 1287 1297 1310 1339 1341 1379 1382 1389 1414 1417 1446 1485 1486 1537 1553 1598 1613 1656 1694 1756 1791 1831 1839 1841 1851 1862 1892 1902 1918 1930 1988 1989 2075 2079 2112 2120 2149 2152 2153 2164 2244 2245 2325 2353 2394 2438 2502 2538 2565 2572 2627 2649 2652 2660 2673 2680 2685 2750 2757 2768 2856 2883 2914 2928 2952 2970 2992 2994 
97	18	42	3	24 50 85 104 105 129 156 171 224 242 274 343 376 414 486 512 525 553 570 598 606 607 611 652 666 674 680 737 764 788 857 860 861 1007 1017 1024 1089 1145 1162 1222 1264 1293 1310 1351 1352 1358 1364 1367 1419 1463 1504 1558 1661 1671 1705 1725 1835 1880 1917 1923 1980 1987 2033 2036 2071 2080 2092 2094 2095 2137 2163 2190 2208 2209 2275 2314 2372 2482 2529 2573 2615 2617 2621 2649 2663 2778 2852 2934 2957 2975 2977 2979 2999 
98	20	29	5	9 13 44 49 53 80 147 173 209 222 228 258 281 357 399 413 483 499 500 524 538 558 608 657 727 774 826 850 856 860 912 935 1021 1025 1054 1093 1104 1105 1123 1131 1191 1220 1231 1248 1257 1293 1345 1369 1391 1394 1438 1439 1452 1455 1529 1560 1585 1589 1603 1641 1656 1657 1673 1675 1693 1705 1724 1730 1771 1793 1822 1847 1871 1970 2002 2003 2109 2183 2255 2286 2301 2323 2324 2335 2373 2375 2379 2404 2413 2421 2442 2463 2465 2474 2478 2482 2512 2536 2604 2618 2679 2723 2756 2809 2811 2817 2830 2849 2851 2882 2884 2896 2915 2925 2931 2932 2949 2960 2964 2968 2985 
99	9	26	7	6 10 28 88 120 125 170 189 192 197 198 207 234 249 259 303 317 324 327 332 342 458 491 538 540 573 583 602 648 731 791 836 851 902 946 1013 1020 1092 1097 1161 1185 1197 1285 1371 1389 1453 1456 1533 1668 1669 1687 1727 1732 1746 1751 1771 1781 1783 1797 1826 1863 1879 1931 1942 1965 1982 2084 2137 2178 2310 2357 2371 2387 2405 2418 2422 2429 2460 2462 2465 2530 2561 2567 2581 2629 2741 2781 2804 2824 2929 2956 2965 
100	9	26	4	11 24 41 65 73 114 178 189 207 234 362 375 393 439 442 456 464 489 536 550 566 582 592 594 603 623 632 671 684 780 787 790 801 804 840 1072 1139 1202 1205 1207 1214 1242 1269 1276 1315 1344 1398 1399 1433 1444 1479 1490 1543 1570 1639 1779 1803 1824 1835 1870 1880 1881 1904 1925 1953 1985 1995 2073 2114 2119 2142 2165 2302 2309 2330 2363 2374 2378 2462 2479 2492 2494 2510 2550 2578 2599 2641 2687 2722 2783 2925 2959 2978 2983 
