Course	Room	Teacher	Time	Students
1	18	16	1	36 49 73 76 93 142 177 206 219 228 262 274 277 311 341 344 396 415 487 490 497 498 519 545 547 552 554 656 668 681 713 743 782 844 846 933 941 957 981 1011 1059 1061 1132 1141 1167 1172 1199 1212 1325 1358 1379 1405 1443 1453 1505 1555 1586 1594 1609 1614 1624 1655 1695 1711 1733 1744 1761 1772 1806 1838 1852 1858 1900 1910 1923 1938 1960 2033 2056 2124 2141 2167 2184 2215 2263 2357 2358 2364 2415 2473 2493 2524 2540 2543 2547 2562 2567 2676 2725 2737 2760 2764 2816 2859 2898 2958 
2	7	31	3	22 25 37 42 50 93 104 134 186 191 266 296 323 324 417 440 486 508 566 567 596 603 690 717 721 730 766 801 824 851 865 899 918 926 968 1051 1054 1226 1232 1258 1305 1319 1320 1335 1347 1352 1362 1403 1406 1409 1442 1458 1560 1602 1633 1635 1644 1673 1688 1692 1718 1724 1728 1807 1811 1878 1908 1913 1922 1992 2025 2098 2169 2207 2227 2352 2365 2368 2386 2407 2409 2428 2460 2468 2506 2509 2514 2575 2579 2708 2711 2761 2792 2802 2816 2854 2855 2913 2940 2991 2993 
3	3	9	5	51 52 89 94 95 108 135 149 172 203 241 248 272 300 320 330 394 469 473 514 541 544 564 609 616 632 640 646 692 714 737 795 798 801 812 855 899 901 931 953 1011 1061 1077 1095 1099 1168 1196 1197 1313 1341 1346 1372 1375 1389 1438 1485 1489 1557 1560 1581 1601 1631 1642 1645 1657 1682 1720 1756 1776 1780 1819 1876 1880 1893 2035 2045 2070 2134 2186 2236 2238 2256 2296 2310 2354 2401 2402 2408 2457 2475 2492 2500 2554 2584 2638 2653 2654 2661 2726 2773 2810 2814 2825 2870 2890 2938 2946 2973 2994 3000 
4	7	21	7	29 45 46 71 114 155 199 244 250 260 302 325 331 340 349 452 589 667 674 732 763 809 829 839 878 887 936 946 1065 1136 1137 1156 1157 1161 1169 1187 1203 1261 1271 1275 1277 1280 1296 1340 1349 1370 1436 1460 1548 1603 1619 1628 1646 1670 1741 1743 1807 1817 1849 1872 1883 1953 2008 2128 2161 2230 2265 2364 2418 2422 2426 2439 2442 2445 2486 2515 2561 2569 2597 2614 2636 2639 2685 2736 2758 2761 2777 2784 2869 2884 2976 
5	7	21	8	76 110 114 132 151 205 265 274 281 295 310 330 337 412 417 461 467 521 552 558 587 639 655 679 685 742 761 766 821 884 917 925 926 950 1042 1046 1055 1083 1109 1129 1133 1165 1195 1214 1238 1249 1260 1320 1338 1339 1410 1427 1434 1440 1454 1588 1615 1619 1621 1678 1698 1703 1771 1778 1781 1787 1791 1794 1795 1829 1848 1877 1938 1944 1962 1979 2058 2092 2125 2157 2163 2195 2239 2257 2265 2274 2284 2297 2319 2344 2446 2470 2525 2555 2559 2584 2598 2730 2746 2765 2775 2785 2818 2827 2853 2864 2878 2891 2906 2922 2963 
6	18	8	8	5 11 52 59 63 84 160 189 225 264 273 280 293 317 331 341 362 367 371 401 413 453 491 493 498 505 541 575 596 611 615 626 654 663 674 695 699 729 765 837 859 964 972 1003 1117 1221 1236 1270 1291 1303 1333 1346 1404 1433 1469 1536 1558 1565 1567 1618 1653 1669 1724 1728 1775 1789 1793 1890 1999 2032 2065 2106 2112 2119 2136 2170 2190 2192 2245 2256 2260 2282 2293 2347 2391 2397 2416 2475 2503 2627 2631 2663 2675 2680 2721 2722 2731 2766 2807 2850 2876 2944 2945 2946 
7	3	3	1	19 34 61 65 90 105 140 213 215 237 238 251 266 267 282 285 350 383 423 437 522 594 602 605 665 732 740 851 860 861 910 914 917 988 1005 1018 1033 1069 1079 1090 1134 1157 1168 1200 1235 1268 1284 1292 1326 1341 1363 1426 1431 1439 1483 1486 1494 1509 1527 1554 1565 1570 1571 1643 1650 1666 1673 1685 1791 1794 1815 1905 1908 1954 1958 1961 1963 1997 2002 2051 2075 2076 2179 2187 2200 2209 2225 2237 2245 2290 2299 2380 2399 2429 2451 2463 2511 2551 2575 2619 2634 2645 2744 2755 2803 2827 2855 2881 2897 2906 2917 2987 
8	3	8	2	8 15 33 37 98 121 124 180 248 251 263 293 349 391 411 465 480 481 590 592 600 607 628 678 722 732 746 747 827 860 867 885 910 935 1003 1009 1015 1025 1042 1069 1109 1166 1171 1214 1230 1243 1251 1254 1310 1359 1360 1361 1376 1398 1441 1456 1490 1492 1508 1549 1591 1645 1653 1701 1744 1757 1769 1864 1878 1895 1904 1964 1987 2005 2028 2045 2053 2067 2069 2070 2183 2194 2214 2234 2294 2313 2326 2344 2357 2393 2456 2528 2531 2560 2649 2671 2716 2722 2754 2772 2788 2867 2893 2990 
9	3	5	4	12 80 160 194 206 254 256 302 328 334 377 424 430 454 475 594 604 624 645 702 709 735 738 739 745 761 767 779 835 869 885 903 914 1014 1025 1050 1108 1127 1150 1158 1176 1185 1228 1241 1293 1309 1339 1342 1377 1402 1432 1439 1469 1473 1489 1504 1520 1532 1553 1574 1586 1602 1607 1613 1686 1701 1703 1708 1749 1777 1801 1806 1810 1811 1840 1858 1862 1877 1881 1892 1895 1912 1914 1998 2017 2026 2075 2076 2080 2091 2140 2154 2185 2203 2211 2249 2274 2366 2372 2410 2416 2441 2474 2495 2499 2511 2555 2579 2628 2630 2719 2816 2819 2837 2857 2876 2900 2901 2926 2927 2938 2967 2980 2995 
10	18	39	6	30 76 84 96 117 122 133 146 198 217 245 278 279 287 327 349 364 376 396 436 460 489 508 549 551 564 585 683 730 733 749 825 841 864 867 869 877 918 922 924 942 969 1028 1052 1071 1072 1100 1126 1141 1202 1206 1242 1288 1296 1370 1394 1437 1483 1557 1566 1609 1659 1660 1717 1728 1755 1770 1805 1820 1826 1830 1856 1916 1922 1929 2050 2139 2166 2193 2238 2271 2278 2351 2392 2404 2416 2460 2476 2578 2621 2674 2745 2747 2789 2792 2829 2841 2891 2901 2919 2968 2987 3000 
11	18	50	2	16 23 35 82 86 88 128 192 201 264 331 339 403 414 477 553 566 572 578 664 685 690 759 760 777 806 831 847 863 876 889 895 899 925 961 1005 1087 1114 1125 1157 1232 1268 1283 1285 1288 1300 1345 1348 1358 1382 1418 1420 1465 1501 1563 1622 1702 1727 1751 1794 1842 1849 1898 2001 2019 2143 2146 2171 2176 2187 2215 2226 2437 2507 2510 2523 2532 2662 2689 2702 2723 2740 2779 2781 2789 2790 2828 2841 2886 2901 2930 2949 
12	7	18	1	5 10 25 131 132 174 297 316 321 377 404 413 467 484 521 555 585 592 599 640 678 719 850 887 937 961 967 1015 1023 1046 1065 1085 1105 1108 1159 1182 1189 1193 1205 1266 1337 1349 1367 1389 1430 1499 1501 1566 1593 1635 1668 1689 1707 1725 1726 1727 1737 1803 1804 1816 1821 1861 1863 1904 1933 1951 2001 2016 2027 2082 2148 2177 2193 2196 2264 2355 2359 2370 2396 2444 2446 2457 2490 2508 2512 2521 2585 2590 2710 2714 2765 2775 2782 2815 2825 2826 2854 2872 2879 2883 2903 2967 2970 
13	3	35	6	28 143 171 173 184 244 246 265 294 303 309 359 403 407 422 427 479 514 530 597 674 723 777 780 874 941 945 980 993 996 1007 1031 1045 1121 1140 1143 1145 1256 1277 1304 1322 1419 1446 1454 1488 1507 1562 1597 1641 1643 1647 1683 1684 1695 1715 1732 1789 1800 1802 1982 2014 2033 2042 2055 2057 2061 2079 2101 2155 2170 2191 2232 2241 2243 2245 2265 2295 2355 2377 2412 2446 2534 2536 2593 2611 2615 2636 2665 2706 2740 2764 2811 2915 2926 2927 2942 2943 2972 
14	9	27	4	11 32 56 57 99 144 149 170 273 287 292 309 361 371 395 443 470 490 513 544 618 620 634 678 717 763 926 948 949 955 980 1023 1101 1113 1125 1134 1140 1177 1257 1275 1300 1331 1334 1367 1380 1391 1396 1430 1440 1452 1501 1525 1590 1591 1637 1657 1662 1667 1685 1706 1721 1773 1818 1859 1867 1905 1932 1965 1987 1997 2068 2160 2180 2215 2318 2328 2374 2428 2518 2563 2585 2598 2606 2611 2643 2682 2685 2708 2711 2734 2795 2839 2848 2852 2853 2912 2920 2959 2965 2979 2985 2996 
15	9	43	3	63 94 98 112 116 235 268 385 445 458 494 587 617 625 639 647 652 707 778 823 844 863 883 889 904 912 930 990 995 1070 1090 1202 1211 1233 1266 1330 1384 1414 1432 1433 1441 1455 1461 1495 1574 1598 1606 1609 1625 1639 1672 1676 1699 1738 1770 1784 1803 1805 1933 1952 1968 1986 1999 2072 2129 2149 2246 2247 2333 2347 2370 2396 2438 2469 2546 2625 2632 2651 2657 2669 2680 2692 2718 2729 2759 2770 2810 2817 2839 2889 2946 2955 2971 2976 2997 
16	9	6	5	82 120 125 161 181 183 267 268 351 411 483 507 548 554 560 575 579 633 639 653 667 682 688 691 699 753 792 811 820 867 910 961 971 986 1073 1102 1127 1152 1181 1219 1270 1312 1357 1362 1384 1405 1406 1444 1464 1474 1524 1655 1710 1733 1773 1843 1852 1900 1905 1923 1934 1952 1972 1997 2024 2056 2073 2085 2121 2139 2142 2174 2189 2214 2261 2268 2270 2275 2312 2315 2319 2337 2355 2375 2394 2404 2405 2441 2445 2462 2481 2540 2571 2574 2577 2604 2620 2646 2706 2713 2720 2725 2728 2843 2851 2855 2951 2969 
17	18	39	3	64 110 171 193 213 237 275 329 336 392 394 439 443 459 467 469 493 507 530 536 558 598 608 650 660 704 745 752 770 798 857 887 890 902 907 908 920 949 986 1037 1075 1128 1188 1212 1234 1257 1308 1366 1381 1397 1408 1431 1498 1516 1531 1549 1558 1576 1595 1596 1597 1679 1812 1818 1824 1830 1856 1876 1930 1932 1942 1990 2002 2021 2056 2100 2115 2159 2165 2201 2231 2369 2413 2417 2431 2459 2467 2481 2536 2554 2583 2596 2621 2697 2807 2821 2833 2860 2876 2878 2886 2917 2973 2977 
18	3	6	7	30 42 73 78 83 103 106 144 152 156 173 199 218 237 243 246 291 308 312 338 346 355 426 512 616 642 692 694 729 783 853 923 942 1032 1036 1188 1202 1231 1235 1258 1265 1278 1311 1451 1492 1598 1684 1690 1789 1873 1877 1911 1915 1920 1995 2029 2040 2078 2162 2168 2230 2235 2278 2283 2292 2324 2339 2356 2400 2403 2466 2502 2525 2598 2650 2686 2750 2788 2801 2822 2852 2860 2892 2898 2921 2926 2937 2944 2951 
19	9	23	7	7 41 55 167 176 190 207 227 322 328 337 371 398 400 451 468 477 483 510 511 576 608 611 626 628 630 738 740 828 880 905 913 979 987 1020 1058 1111 1186 1213 1224 1254 1342 1350 1361 1382 1466 1473 1484 1507 1520 1571 1583 1614 1650 1661 1750 1763 1774 1786 1798 1799 1847 1869 1961 1962 1965 1977 2011 2014 2041 2044 2089 2092 2093 2104 2115 2118 2126 2131 2147 2222 2300 2316 2328 2337 2342 2343 2359 2369 2373 2432 2447 2510 2583 2724 2774 2775 2832 2837 2845 2974 2997 
20	9	13	1	57 82 113 198 235 255 265 286 303 358 374 393 414 418 508 561 569 611 651 658 659 663 712 715 753 772 797 900 902 934 949 992 994 1002 1014 1048 1080 1107 1148 1190 1223 1246 1250 1260 1276 1278 1297 1304 1352 1368 1394 1402 1410 1411 1423 1429 1456 1457 1480 1490 1511 1534 1535 1578 1579 1642 1658 1659 1675 1692 1729 1764 1781 1789 1825 1826 1830 1875 1955 1959 2004 2010 2012 2057 2110 2125 2151 2164 2267 2268 2288 2294 2313 2321 2371 2374 2387 2424 2464 2468 2519 2664 2668 2707 2718 2742 2916 2950 
21	9	26	6	4 14 61 110 136 180 192 214 232 320 324 441 511 516 518 547 568 569 583 665 748 791 794 844 871 895 919 1021 1034 1037 1128 1177 1196 1221 1224 1237 1283 1325 1339 1362 1433 1440 1525 1529 1559 1560 1628 1639 1682 1711 1737 1745 1746 1769 1779 1803 1821 1837 1885 1912 1956 1960 1973 1974 1985 2038 2048 2086 2113 2117 2132 2145 2220 2274 2279 2324 2379 2393 2395 2407 2479 2516 2668 2715 2730 2796 2812 2846 2851 2876 2877 2902 2918 2928 2950 2951 2953 
22	3	27	8	12 13 71 79 124 158 188 202 222 238 241 283 309 312 315 334 339 356 358 429 489 506 570 642 650 672 683 785 820 889 890 895 915 958 1024 1025 1040 1066 1114 1139 1181 1197 1240 1286 1297 1368 1378 1392 1474 1482 1484 1542 1570 1573 1579 1614 1725 1729 1753 1797 1813 1851 1872 1885 1913 1916 1939 2009 2123 2218 2276 2279 2291 2340 2360 2369 2410 2473 2483 2484 2496 2501 2514 2517 2543 2547 2552 2554 2590 2711 2761 2808 2831 2832 2834 2911 2920 2989 2994 
23	1	34	2	20 64 93 107 132 177 187 211 212 219 232 298 307 323 472 478 489 509 528 558 573 676 714 735 758 764 771 830 836 920 933 939 958 1012 1017 1088 1120 1124 1158 1193 1264 1320 1322 1369 1374 1381 1408 1415 1421 1432 1445 1455 1467 1496 1534 1669 1681 1683 1709 1718 1780 1836 1859 1863 1900 1941 1942 1982 1989 1994 2014 2035 2065 2072 2163 2173 2206 2243 2250 2305 2319 2364 2371 2374 2388 2401 2433 2454 2498 2534 2592 2607 2679 2687 2710 2733 2751 2753 2761 2838 2853 2907 2959 
24	1	14	6	26 101 121 182 206 277 345 358 419 421 520 588 610 617 694 703 720 731 736 762 818 827 857 883 887 893 920 944 965 997 1011 1038 1044 1055 1092 1097 1108 1198 1244 1280 1302 1314 1344 1450 1473 1480 1509 1543 1553 1616 1677 1685 1776 1783 1793 1827 1840 1868 1875 1897 1901 1903 1919 1925 1944 1983 1991 2051 2076 2103 2122 2125 2130 2157 2163 2174 2206 2213 2277 2362 2367 2382 2456 2477 2529 2600 2650 2654 2701 2719 2749 2772 2776 2783 2803 2833 2858 2862 2893 2959 2962 2985 
25	1	45	8	3 21 121 142 147 166 177 204 218 233 239 242 256 305 373 381 390 400 404 477 478 497 581 591 609 618 629 684 717 743 754 759 812 824 826 846 930 952 980 998 1020 1032 1058 1064 1070 1101 1147 1159 1176 1183 1184 1208 1216 1222 1231 1268 1272 1295 1306 1311 1359 1382 1401 1486 1506 1663 1673 1683 1704 1722 1742 1823 1865 1871 1874 1884 1941 1942 1967 1982 2030 2043 2074 2076 2153 2167 2184 2263 2270 2310 2399 2522 2525 2533 2544 2562 2571 2606 2642 2646 2682 2763 2783 2787 2798 2814 2923 2959 2987 2990 
26	1	34	1	50 86 106 123 150 162 197 216 270 271 292 380 411 476 489 491 494 588 609 655 657 666 777 842 858 872 897 966 970 979 996 1041 1060 1111 1122 1133 1262 1269 1287 1317 1365 1416 1419 1422 1427 1440 1467 1487 1497 1515 1537 1545 1549 1576 1587 1588 1610 1629 1632 1678 1680 1705 1747 1774 1775 1853 1871 1881 1888 1895 1940 1961 1975 1976 1984 2018 2037 2049 2088 2121 2135 2144 2242 2280 2295 2352 2406 2479 2504 2533 2552 2578 2591 2595 2615 2642 2643 2655 2665 2780 2791 2795 2841 2861 2885 2895 2910 2942 2945 2974 2977 2992 
27	18	50	5	3 261 275 294 353 421 436 449 486 495 503 533 550 584 678 722 725 746 786 898 950 964 982 994 1038 1088 1108 1116 1132 1149 1164 1220 1222 1253 1275 1281 1285 1295 1304 1321 1369 1411 1413 1450 1518 1520 1611 1623 1625 1637 1638 1663 1738 1746 1749 1771 1783 1814 1835 1846 1902 1918 1919 1973 1978 2006 2037 2044 2046 2065 2083 2084 2087 2114 2136 2172 2185 2262 2292 2330 2352 2358 2420 2425 2455 2471 2473 2506 2527 2578 2600 2678 2689 2696 2744 2758 2788 2791 2806 2857 2881 2898 2905 2992 
28	20	24	6	45 52 74 78 144 153 154 221 274 284 292 310 353 380 412 423 448 539 540 586 658 686 706 708 784 814 906 971 1020 1085 1161 1166 1185 1188 1258 1263 1284 1310 1313 1326 1329 1357 1424 1447 1461 1471 1551 1554 1556 1623 1652 1654 1687 1761 1762 1786 1863 1865 1882 1886 1898 1932 1939 2013 2023 2032 2058 2060 2062 2089 2091 2098 2105 2123 2124 2148 2182 2222 2251 2252 2453 2480 2488 2513 2561 2570 2572 2595 2610 2617 2627 2683 2724 2800 2861 2878 2888 2914 2917 2933 
29	20	20	8	33 39 40 44 169 187 220 268 298 326 357 380 392 442 512 528 530 594 676 705 720 769 787 796 816 848 888 904 911 995 1017 1037 1050 1051 1103 1123 1162 1180 1201 1251 1262 1263 1278 1361 1468 1479 1526 1537 1571 1584 1587 1654 1656 1664 1723 1732 1756 1769 1773 1776 1802 1809 1827 1864 1881 1893 1919 1969 1971 1998 2034 2126 2248 2255 2311 2370 2374 2430 2440 2441 2463 2588 2609 2633 2648 2651 2659 2666 2701 2757 2774 2782 2788 2796 2813 2869 2894 2914 2917 2930 2938 2947 2949 
30	9	43	2	4 67 77 119 167 221 276 284 288 291 328 340 342 402 419 452 523 544 548 562 585 595 703 724 763 773 784 796 809 815 828 835 837 882 892 929 978 993 1028 1053 1060 1099 1112 1133 1154 1234 1238 1241 1347 1368 1412 1416 1443 1487 1497 1527 1582 1631 1632 1680 1687 1704 1729 1735 1779 1805 1903 1906 1920 1936 1943 1948 1979 1981 2008 2022 2038 2093 2099 2105 2130 2134 2164 2186 2191 2210 2213 2239 2247 2300 2361 2375 2385 2485 2493 2520 2567 2580 2608 2614 2638 2672 2681 2690 2715 2731 2743 2750 2800 2805 2811 2834 2897 2911 2920 2941 2946 2947 2981 
31	20	11	3	11 100 109 126 128 143 289 295 311 363 364 365 399 406 499 517 519 521 529 540 568 641 661 675 696 722 731 751 855 859 931 948 1057 1068 1110 1141 1154 1171 1206 1243 1256 1277 1286 1298 1316 1324 1388 1415 1427 1453 1514 1530 1582 1583 1627 1650 1658 1709 1716 1717 1722 1729 1731 1749 1890 1897 1959 1972 1985 2015 2052 2060 2080 2084 2085 2096 2135 2186 2195 2218 2221 2294 2314 2320 2322 2329 2376 2432 2442 2510 2555 2568 2589 2595 2631 2644 2685 2719 2745 2785 2794 2849 2921 
32	1	14	4	36 46 64 88 301 320 322 336 356 451 471 501 509 515 533 575 593 603 630 636 752 804 806 897 909 928 947 962 1008 1013 1063 1075 1080 1097 1144 1152 1191 1193 1198 1201 1204 1211 1250 1279 1318 1325 1350 1413 1491 1496 1502 1543 1544 1570 1589 1597 1612 1634 1649 1659 1694 1702 1733 1772 1784 1787 1805 1832 1875 1937 1951 1955 2066 2085 2087 2089 2130 2148 2162 2199 2264 2267 2280 2324 2344 2380 2385 2423 2463 2466 2484 2491 2494 2500 2547 2558 2608 2609 2624 2664 2689 2692 2740 2840 2867 2872 2925 2943 2951 2983 
33	10	17	8	29 48 54 55 86 87 99 130 135 155 156 182 190 198 222 333 349 368 369 425 460 468 511 523 557 572 574 605 619 631 647 668 673 760 790 833 854 861 916 934 1009 1022 1056 1069 1099 1106 1113 1182 1199 1209 1318 1328 1358 1386 1388 1420 1435 1462 1466 1500 1594 1608 1613 1734 1738 1751 1765 1766 1814 1816 1914 1925 1935 1949 1956 2033 2094 2111 2133 2176 2194 2205 2206 2246 2272 2307 2308 2323 2357 2372 2405 2412 2457 2575 2580 2594 2653 2674 2695 2699 2705 2716 2772 2820 2836 2838 2847 2849 2862 2953 2954 2966 2969 
34	10	30	7	92 99 181 221 258 365 386 390 463 484 488 551 563 571 601 607 614 640 650 661 803 810 877 906 989 1004 1009 1015 1046 1057 1082 1089 1102 1129 1152 1172 1177 1204 1234 1262 1286 1314 1355 1377 1393 1428 1463 1465 1584 1634 1705 1711 1732 1744 1748 1754 1820 1829 1842 1844 1846 1909 1922 1945 1968 1980 1983 2001 2004 2016 2043 2142 2144 2148 2149 2209 2216 2217 2232 2259 2271 2280 2297 2311 2331 2349 2355 2363 2370 2389 2393 2481 2514 2537 2553 2605 2611 2641 2712 2793 2797 2815 2904 2924 2957 2985 
35	20	24	7	8 23 72 80 126 150 249 280 293 297 321 335 356 376 382 403 450 462 541 550 565 597 598 615 690 698 731 758 778 790 830 834 842 944 953 962 967 1005 1030 1039 1040 1067 1115 1121 1124 1184 1217 1229 1230 1305 1317 1348 1354 1376 1392 1397 1424 1450 1502 1503 1541 1546 1563 1587 1591 1596 1626 1630 1636 1678 1706 1718 1722 1739 1793 1814 1882 1910 1930 1940 1991 2033 2037 2047 2061 2062 2077 2114 2134 2145 2159 2165 2166 2179 2212 2234 2285 2309 2338 2352 2449 2550 2570 2578 2600 2698 2699 2703 2721 2730 2731 2752 2789 2814 2848 2859 2938 2978 2987 2990 
36	20	40	5	77 97 98 127 143 145 170 187 209 323 333 362 377 422 430 458 465 491 492 513 570 630 649 662 715 742 810 822 829 886 940 944 1006 1053 1069 1097 1200 1274 1296 1329 1331 1337 1347 1419 1430 1435 1457 1470 1481 1495 1526 1656 1677 1696 1698 1727 1761 1765 1844 1927 1991 2060 2143 2152 2158 2196 2211 2243 2252 2321 2323 2338 2418 2493 2552 2556 2559 2560 2582 2594 2644 2683 2702 2703 2712 2714 2735 2748 2779 2798 2844 2856 2865 2866 2877 2934 2939 
37	1	45	3	27 47 69 176 225 258 325 411 450 453 513 525 569 610 665 791 796 811 836 935 953 971 976 985 1010 1060 1097 1222 1227 1229 1294 1296 1331 1353 1364 1368 1377 1389 1392 1425 1459 1486 1492 1527 1540 1554 1555 1568 1615 1628 1691 1698 1708 1747 1748 1752 1763 1768 1829 1855 1868 1911 1914 1941 1974 2058 2113 2120 2138 2151 2229 2242 2249 2260 2268 2270 2297 2366 2380 2420 2430 2526 2537 2619 2653 2664 2686 2751 2766 2789 2831 2856 2868 2903 2918 2968 2984 2998 2999 
38	8	15	7	18 19 38 49 136 137 141 162 200 217 240 270 322 419 433 441 471 475 580 669 693 695 701 713 736 741 754 759 795 814 870 871 908 949 952 957 974 975 976 995 1080 1086 1160 1192 1273 1281 1291 1310 1346 1365 1398 1439 1487 1511 1693 1708 1715 1742 1751 1811 1826 1891 2064 2086 2113 2119 2140 2201 2205 2206 2346 2354 2381 2431 2457 2471 2494 2520 2543 2557 2624 2649 2691 2700 2709 2714 2732 2776 2831 2865 2874 2905 2960 2964 2966 
39	18	18	4	44 50 70 113 138 208 235 244 269 307 373 382 398 401 428 435 466 616 627 635 657 662 670 793 794 823 942 1021 1039 1077 1116 1133 1146 1173 1189 1227 1306 1321 1353 1462 1493 1555 1646 1658 1665 1675 1679 1705 1714 1718 1813 1824 1846 1878 1893 1894 1907 1925 1954 1969 1986 2016 2053 2054 2064 2074 2094 2164 2166 2171 2188 2189 2223 2248 2281 2334 2351 2383 2398 2402 2404 2458 2472 2517 2524 2548 2572 2584 2629 2639 2670 2675 2677 2751 2776 2854 2929 2954 2975 2976 
40	10	12	6	36 50 80 109 116 196 224 230 276 307 370 391 393 401 433 434 457 538 570 592 605 644 704 743 758 775 812 852 865 935 995 1032 1054 1059 1114 1119 1130 1214 1315 1324 1477 1512 1596 1656 1676 1681 1690 1707 1730 1747 1773 1792 1807 1819 1839 1860 1871 1880 1984 2011 2095 2150 2228 2247 2294 2309 2312 2360 2419 2495 2551 2560 2591 2623 2641 2647 2707 2762 2790 2807 2847 2871 2890 2916 2934 2974 2998 
41	8	38	6	2 47 53 70 77 157 163 280 302 312 357 385 438 496 504 625 634 637 655 657 675 679 715 719 740 753 808 813 856 859 888 929 966 970 989 991 1027 1056 1079 1081 1084 1135 1139 1190 1274 1336 1338 1342 1387 1395 1396 1416 1417 1438 1474 1494 1578 1604 1622 1655 1831 1841 1847 1850 1861 1924 1936 1948 1958 2022 2142 2154 2168 2226 2237 2284 2287 2292 2305 2338 2340 2386 2401 2422 2438 2503 2509 2520 2548 2614 2631 2638 2639 2660 2672 2741 2755 2931 2982 
42	10	30	3	34 58 92 156 161 250 277 304 314 359 375 397 403 428 433 434 441 468 477 520 559 561 562 576 599 606 643 672 710 714 725 726 729 740 772 797 828 840 849 861 866 875 878 891 924 927 955 958 1035 1048 1049 1073 1084 1094 1109 1173 1245 1259 1261 1271 1297 1340 1344 1370 1513 1553 1599 1603 1714 1743 1826 1842 1859 1862 1885 1965 2022 2031 2043 2087 2097 2141 2176 2205 2279 2339 2350 2353 2405 2406 2414 2436 2439 2450 2473 2478 2601 2615 2633 2638 2660 2667 2713 2748 2755 2767 2842 2843 2894 2905 2927 
43	8	25	3	14 15 21 46 72 85 91 118 127 148 184 224 231 255 260 272 294 332 362 401 410 425 431 438 447 554 565 713 758 788 793 795 810 815 833 834 848 868 873 877 881 916 938 973 1001 1012 1021 1023 1033 1043 1083 1091 1120 1143 1145 1146 1203 1267 1315 1317 1325 1336 1356 1375 1446 1506 1508 1515 1523 1551 1566 1629 1638 1649 1745 1751 1754 1809 1810 1831 1864 1902 1981 1984 1993 2082 2088 2104 2158 2163 2171 2200 2211 2255 2275 2282 2296 2315 2343 2348 2375 2435 2458 2500 2516 2533 2557 2571 2612 2617 2645 2666 2681 2700 2712 2737 2771 2774 2804 2881 2885 2956 
44	17	4	6	31 32 41 64 72 88 98 138 150 188 211 216 291 333 340 343 348 351 356 374 410 415 437 476 488 497 503 506 507 536 562 596 640 656 664 670 801 840 846 848 849 860 905 909 921 932 981 1004 1029 1035 1043 1110 1118 1137 1138 1153 1182 1209 1218 1223 1227 1252 1289 1356 1371 1373 1427 1544 1555 1584 1590 1671 1709 1765 1818 1824 1902 1904 1911 1934 1942 1957 2005 2010 2085 2129 2149 2160 2175 2183 2257 2259 2302 2306 2308 2342 2346 2415 2448 2451 2496 2511 2618 2656 2688 2773 2806 2819 2835 2838 
45	20	11	1	39 41 62 128 172 210 223 231 261 289 336 346 405 466 526 528 595 642 698 705 726 730 742 756 757 796 809 833 841 843 856 907 911 912 944 991 1031 1035 1036 1062 1143 1211 1218 1219 1236 1248 1257 1289 1300 1319 1333 1406 1460 1477 1544 1567 1577 1595 1605 1644 1669 1682 1720 1739 1741 1760 1767 1782 1787 1822 1835 1841 1848 1855 1896 1915 1926 1931 1950 1964 1987 2019 2030 2041 2048 2062 2068 2093 2094 2103 2122 2128 2158 2194 2240 2250 2312 2336 2350 2376 2400 2417 2472 2482 2528 2558 2570 2572 2605 2609 2647 2650 2652 2658 2687 2692 2700 2720 2721 2729 2750 2771 2781 2858 2914 2948 2956 2971 2993 
46	10	12	4	8 17 24 61 119 158 220 229 253 257 270 463 473 484 543 588 613 631 682 729 756 787 852 879 888 905 917 941 946 989 1056 1064 1067 1089 1103 1115 1163 1266 1292 1294 1324 1343 1358 1424 1456 1484 1512 1577 1627 1652 1663 1684 1687 1716 1760 1780 1804 1809 1817 1838 1861 1870 1898 1935 1939 1963 1974 1983 1985 1989 2005 2047 2151 2178 2204 2210 2220 2229 2233 2247 2251 2281 2301 2304 2356 2409 2434 2440 2447 2448 2492 2589 2601 2656 2668 2687 2733 2773 2784 2835 2878 2884 2905 2935 2957 2974 
47	8	1	4	1 30 38 84 95 108 118 136 192 238 243 246 278 306 326 346 351 370 372 389 426 446 458 549 569 643 652 669 683 696 744 798 940 958 990 991 1015 1070 1076 1098 1166 1171 1209 1231 1259 1264 1287 1317 1359 1384 1394 1405 1419 1437 1444 1503 1505 1506 1538 1563 1631 1661 1681 1711 1741 1950 1964 1966 1996 2022 2023 2102 2142 2181 2190 2217 2291 2292 2293 2326 2331 2363 2419 2512 2519 2541 2559 2569 2625 2658 2731 2732 2746 2782 2830 2841 2887 2897 2913 2989 
48	1	26	7	21 34 69 86 112 120 174 210 212 241 266 271 304 318 352 360 392 409 436 445 448 495 498 517 612 633 649 715 720 751 837 896 902 920 960 982 984 1053 1075 1139 1167 1173 1220 1239 1302 1306 1338 1354 1405 1429 1457 1526 1553 1656 1667 1671 1673 1692 1723 1746 1762 1836 1860 1862 1921 1946 1957 1966 2024 2096 2107 2173 2176 2183 2197 2318 2327 2362 2388 2424 2496 2501 2542 2545 2586 2630 2655 2707 2728 2759 2827 2882 2909 2923 2961 
49	17	41	2	55 65 66 69 73 95 120 133 134 140 148 171 341 381 387 388 395 422 426 435 512 554 613 624 626 631 637 638 643 671 701 721 782 794 812 817 834 841 862 894 904 905 998 1010 1040 1051 1061 1068 1074 1111 1132 1148 1168 1233 1263 1271 1323 1330 1333 1438 1471 1500 1512 1574 1593 1613 1628 1644 1647 1666 1675 1677 1728 1752 1766 1838 1876 1883 1889 2039 2111 2139 2160 2167 2188 2229 2301 2336 2381 2384 2484 2491 2529 2553 2563 2589 2617 2657 2741 2769 2802 2819 2895 2902 2928 2933 2958 
50	8	4	8	26 58 69 134 166 214 219 352 377 418 433 455 456 464 471 514 522 580 636 645 667 708 748 764 767 768 807 842 869 882 885 894 897 909 912 913 922 956 957 999 1008 1016 1049 1062 1095 1100 1104 1127 1131 1150 1185 1189 1224 1250 1252 1255 1279 1301 1310 1316 1321 1350 1411 1442 1530 1547 1589 1640 1665 1696 1701 1713 1774 1839 1845 1879 1924 1937 1950 1970 1975 2023 2031 2040 2046 2057 2078 2102 2131 2219 2228 2232 2235 2278 2283 2301 2325 2327 2334 2348 2373 2380 2411 2417 2438 2443 2490 2515 2535 2621 2629 2678 2691 2702 2821 2854 2883 2937 2965 2980 2999 
51	12	33	6	9 19 23 56 68 94 100 114 118 175 236 263 308 325 332 361 466 482 517 542 567 606 615 616 663 705 734 764 817 838 839 853 930 939 962 963 1019 1106 1117 1132 1151 1287 1292 1293 1303 1334 1351 1353 1366 1390 1409 1414 1444 1448 1500 1513 1522 1548 1561 1568 1576 1619 1624 1638 1666 1788 1808 1869 1872 1887 1940 1976 1979 2039 2066 2097 2137 2140 2167 2203 2250 2258 2272 2276 2277 2304 2356 2397 2403 2406 2411 2429 2461 2470 2474 2490 2528 2532 2629 2723 2756 2798 2823 2844 2898 2899 2948 2966 2971 2986 2990 
52	8	44	1	1 17 78 83 111 135 169 179 184 218 220 221 243 244 273 301 369 382 388 412 429 440 465 479 524 539 607 673 689 708 737 744 807 821 822 864 865 908 953 997 1029 1093 1102 1136 1153 1166 1171 1175 1194 1204 1217 1241 1271 1407 1458 1522 1530 1562 1572 1585 1599 1660 1676 1681 1691 1717 1783 1786 1790 1802 1836 1839 1845 1890 1899 1920 2139 2204 2216 2228 2234 2262 2275 2276 2303 2308 2329 2337 2360 2391 2460 2481 2501 2661 2674 2679 2699 2728 2734 2786 2797 2852 2864 2871 2892 2907 2918 2975 
53	7	31	4	34 43 85 131 145 152 169 176 182 203 234 263 272 303 308 497 552 572 581 584 660 730 754 792 816 868 985 1007 1011 1081 1096 1145 1161 1192 1232 1277 1282 1301 1330 1347 1362 1383 1412 1464 1481 1494 1531 1541 1564 1575 1580 1600 1601 1645 1697 1723 1724 1727 1753 1781 1785 1794 1797 1855 1880 1984 2018 2020 2025 2042 2044 2086 2107 2109 2152 2260 2283 2284 2314 2316 2346 2361 2433 2439 2546 2571 2619 2667 2673 2701 2793 2856 2988 
54	9	13	8	15 24 49 66 113 196 207 257 297 311 359 416 432 480 503 546 555 613 651 660 686 698 716 803 847 871 914 918 932 939 955 966 982 996 1039 1078 1086 1092 1196 1200 1233 1289 1322 1331 1335 1354 1369 1390 1475 1497 1552 1590 1630 1649 1659 1674 1697 1721 1782 1838 1844 1869 2110 2175 2178 2204 2268 2286 2305 2364 2378 2436 2451 2485 2489 2553 2581 2592 2596 2601 2613 2669 2676 2684 2708 2720 2737 2740 2762 2829 2861 2863 2900 2909 2927 2952 
55	7	9	6	16 62 145 174 215 225 228 297 392 397 428 454 470 515 525 590 604 620 646 687 696 725 735 742 745 747 850 938 1022 1042 1065 1067 1144 1174 1180 1213 1219 1239 1240 1291 1341 1372 1434 1453 1470 1519 1524 1528 1534 1605 1617 1635 1670 1735 1742 1752 1767 1772 1823 1828 1891 1962 1990 2047 2127 2177 2190 2192 2197 2328 2348 2394 2396 2399 2425 2452 2465 2485 2487 2499 2530 2556 2579 2588 2601 2620 2675 2684 2695 2722 2743 2767 2786 2821 2830 2881 2885 2894 2964 
56	17	2	8	2 8 65 90 104 115 139 143 148 172 186 199 210 229 249 262 289 291 319 348 355 408 452 458 473 481 540 584 586 612 638 669 702 762 773 831 891 983 1010 1031 1038 1044 1048 1075 1126 1153 1178 1187 1237 1314 1363 1383 1396 1423 1503 1509 1524 1551 1583 1617 1651 1666 1675 1688 1891 1894 1918 1927 1930 1936 2169 2182 2189 2208 2230 2277 2365 2398 2407 2421 2434 2479 2486 2495 2506 2549 2574 2587 2650 2657 2673 2748 2752 2760 2786 2888 2901 2939 2955 2982 2983 2988 2992 
57	17	32	1	3 81 102 114 159 160 168 204 209 230 234 242 252 290 299 317 327 381 408 430 451 464 468 502 514 571 579 621 637 641 683 685 702 716 747 818 915 954 971 1001 1013 1092 1113 1130 1135 1183 1221 1230 1249 1259 1293 1294 1391 1424 1442 1455 1459 1500 1504 1510 1519 1541 1546 1552 1569 1615 1616 1657 1674 1778 1828 1831 1846 1866 1928 1967 1996 2052 2136 2145 2155 2172 2197 2212 2259 2261 2304 2317 2344 2383 2445 2467 2488 2503 2526 2530 2532 2568 2573 2596 2597 2599 2612 2616 2648 2779 2866 2952 2964 
58	12	33	2	22 53 56 108 117 144 150 158 168 195 215 241 255 300 338 348 354 366 409 412 439 443 467 516 526 556 635 691 717 728 751 865 951 966 970 986 1018 1036 1084 1090 1169 1209 1314 1318 1367 1385 1426 1579 1598 1636 1648 1691 1754 1770 1807 1816 1820 1833 1852 1880 1886 1951 1956 1996 1998 2049 2068 2080 2083 2103 2104 2123 2137 2155 2157 2181 2200 2212 2231 2264 2273 2311 2353 2383 2460 2465 2483 2511 2539 2544 2646 2651 2652 2682 2695 2705 2721 2801 2813 2818 2822 2831 2840 2904 2912 2955 2961 2979 
59	7	16	2	45 80 191 222 259 334 397 398 406 432 469 473 494 502 510 513 527 565 574 672 684 768 810 884 891 930 968 976 1054 1083 1086 1131 1176 1194 1197 1205 1215 1270 1278 1365 1397 1444 1478 1481 1539 1565 1707 1719 1777 1817 1821 1822 1858 1874 1884 1892 1896 1992 2054 2061 2089 2126 2128 2202 2218 2265 2315 2343 2351 2358 2391 2421 2430 2431 2449 2466 2530 2556 2604 2632 2664 2667 2744 2746 2778 2799 2906 2908 2972 2993 2996 
60	3	35	3	12 62 87 90 129 159 226 234 236 256 259 278 302 389 461 465 491 539 541 545 581 613 622 634 649 654 700 711 716 774 781 816 835 839 867 870 879 937 1017 1044 1050 1053 1116 1155 1170 1196 1214 1231 1236 1247 1250 1349 1407 1418 1463 1465 1483 1636 1654 1662 1664 1668 1686 1734 1788 1825 1874 1903 1921 1981 1982 2006 2035 2153 2160 2209 2210 2226 2267 2271 2306 2335 2389 2392 2425 2452 2454 2482 2490 2518 2532 2593 2606 2607 2628 2637 2684 2706 2710 2727 2738 2754 2822 2825 2826 2836 2837 2859 2874 2896 2929 
61	12	47	3	3 9 48 59 84 102 111 149 170 254 264 303 310 339 367 393 405 442 472 532 563 645 648 718 800 804 817 831 846 909 975 978 996 997 998 1019 1028 1078 1140 1163 1179 1220 1282 1284 1285 1289 1292 1301 1302 1426 1451 1470 1476 1479 1485 1502 1533 1536 1567 1592 1602 1606 1612 1680 1682 1696 1702 1710 1772 1774 1776 1819 1873 1879 1931 1947 1970 1971 2034 2075 2108 2168 2309 2336 2472 2542 2572 2599 2603 2605 2608 2699 2768 2875 2935 2939 2949 2960 
62	2	37	6	6 40 73 137 207 247 248 257 264 304 318 323 354 363 387 389 409 432 485 501 575 602 614 645 697 716 718 914 916 960 999 1002 1041 1096 1142 1146 1148 1158 1193 1195 1200 1248 1251 1276 1312 1327 1369 1376 1407 1493 1527 1545 1546 1580 1607 1610 1646 1689 1710 1719 1744 1801 1836 1881 1966 2072 2090 2112 2186 2326 2333 2335 2353 2402 2424 2478 2569 2590 2637 2645 2679 2704 2727 2752 2791 2801 2810 2813 2826 2869 2882 2945 
63	10	15	2	83 101 104 125 136 162 197 239 301 312 405 428 484 538 560 580 597 621 647 686 741 752 775 779 824 853 984 1021 1038 1066 1105 1115 1119 1134 1225 1236 1272 1295 1308 1312 1337 1346 1366 1371 1393 1403 1470 1482 1485 1562 1575 1576 1626 1629 1726 1730 1792 1800 1815 1860 1865 1935 1937 1945 1967 2017 2025 2044 2062 2074 2082 2109 2112 2118 2211 2303 2337 2414 2443 2486 2489 2506 2515 2527 2586 2602 2631 2644 2665 2686 2694 2708 2745 2756 2816 2851 2856 2888 2900 2923 2926 2940 2988 2997 
64	10	40	1	4 15 45 85 94 202 208 283 329 332 335 455 505 509 516 532 535 573 591 608 664 674 691 722 778 804 830 832 835 873 875 891 892 903 931 943 974 980 983 1003 1050 1125 1147 1149 1169 1174 1208 1225 1229 1234 1286 1329 1330 1342 1348 1350 1436 1476 1528 1532 1557 1561 1574 1604 1623 1647 1648 1672 1713 1722 1873 1897 1929 1977 2050 2069 2138 2208 2249 2306 2327 2332 2384 2390 2413 2420 2440 2497 2522 2535 2593 2654 2671 2672 2694 2704 2736 2741 2747 2808 2830 2848 2925 2930 2936 2947 2989 2995 
65	20	17	2	13 75 79 155 185 207 247 286 445 457 461 475 504 570 641 666 736 748 781 791 793 851 1027 1029 1048 1056 1059 1079 1103 1104 1170 1175 1199 1240 1275 1439 1516 1550 1617 1671 1720 1788 1825 1913 1930 1938 1954 1955 1957 1958 1983 2000 2020 2023 2052 2055 2064 2115 2161 2162 2174 2185 2216 2261 2269 2367 2377 2382 2404 2423 2440 2462 2463 2467 2469 2505 2537 2552 2574 2576 2616 2634 2635 2661 2693 2752 2755 2824 2832 2843 2863 2879 2885 2889 2916 2975 
66	12	28	8	60 62 97 137 159 181 197 259 269 287 324 360 387 399 449 459 476 518 548 556 578 627 656 657 718 756 757 782 783 786 789 799 806 851 860 919 947 965 973 1023 1026 1121 1142 1161 1187 1191 1244 1315 1394 1397 1400 1447 1453 1531 1538 1540 1559 1569 1572 1601 1607 1620 1634 1658 1685 1695 1714 1740 1768 1792 1832 1852 1854 1886 1926 1929 1933 1980 2014 2021 2090 2140 2156 2168 2202 2227 2244 2252 2328 2345 2382 2400 2403 2413 2478 2597 2599 2610 2658 2662 2697 2751 2776 2860 2899 
67	17	32	3	17 26 82 83 215 218 220 253 273 350 415 416 496 504 523 527 542 621 636 644 651 673 680 727 741 762 786 787 803 892 1061 1074 1156 1162 1169 1184 1210 1224 1246 1309 1497 1537 1604 1620 1690 1695 1741 1764 1767 1790 1799 1808 1884 1927 1944 1977 1978 2017 2054 2067 2068 2081 2133 2179 2194 2208 2238 2273 2287 2289 2291 2298 2323 2330 2361 2383 2433 2456 2471 2508 2582 2610 2614 2639 2659 2702 2703 2746 2778 2786 2820 2824 2840 2892 2922 2930 2932 2933 2953 2979 2982 2995 
68	2	42	3	24 35 75 103 107 120 123 139 160 183 185 201 227 285 305 313 347 352 355 361 368 408 427 444 456 478 509 535 543 553 582 623 658 687 739 755 802 805 896 936 952 1058 1085 1100 1151 1165 1172 1181 1290 1383 1434 1450 1504 1570 1624 1647 1700 1753 1814 1834 1837 1860 1886 1918 1988 2051 2059 2077 2105 2107 2118 2191 2240 2241 2269 2286 2303 2379 2455 2464 2477 2499 2541 2567 2577 2626 2688 2690 2693 2715 2720 2732 2747 2819 2835 2845 2850 2908 2961 2963 
69	12	29	4	40 74 92 96 116 130 137 140 175 180 181 191 216 262 286 315 344 364 388 390 421 488 507 510 522 526 527 558 576 580 599 650 666 668 684 693 707 768 828 832 857 868 938 977 1022 1027 1028 1123 1255 1269 1274 1379 1487 1529 1554 1616 1620 1693 1737 1759 1835 1837 1867 1897 1917 1918 1959 1972 1988 2029 2045 2050 2055 2063 2138 2227 2246 2253 2299 2331 2429 2443 2459 2467 2483 2513 2557 2604 2634 2717 2756 2757 2778 2815 2939 2952 2956 2984 2994 
70	17	41	5	6 92 154 202 212 274 316 326 342 360 372 393 396 413 424 425 439 451 481 571 621 627 647 652 750 757 808 856 862 876 880 882 917 943 965 976 977 1013 1016 1026 1098 1100 1104 1120 1267 1300 1326 1327 1398 1399 1415 1477 1479 1488 1522 1533 1589 1591 1592 1597 1599 1626 1644 1660 1757 1779 1800 1827 1866 1870 1882 1884 1912 1941 1956 2021 2031 2069 2133 2248 2290 2306 2336 2378 2381 2407 2419 2421 2423 2431 2523 2561 2566 2622 2625 2709 2815 2849 2863 2895 2922 2956 
71	2	7	1	33 52 91 100 133 147 158 376 385 394 424 439 474 537 587 654 700 704 788 863 883 893 913 945 951 1004 1055 1082 1089 1091 1094 1095 1120 1121 1129 1140 1222 1237 1244 1265 1299 1375 1385 1395 1417 1428 1469 1521 1618 1641 1651 1693 1694 1712 1736 1832 1850 1887 1892 1921 1936 1952 2020 2032 2046 2058 2064 2079 2091 2096 2115 2189 2229 2298 2300 2301 2339 2356 2369 2388 2398 2433 2474 2531 2565 2598 2627 2675 2733 2743 2763 2768 2799 2851 2880 2911 2915 
72	2	19	4	10 65 67 125 142 153 156 163 166 193 219 261 275 345 354 367 404 499 511 516 535 537 555 598 609 612 622 638 639 648 658 750 772 815 855 882 889 893 922 923 924 925 954 956 968 993 1029 1059 1136 1155 1178 1242 1247 1260 1284 1303 1344 1387 1390 1392 1410 1467 1492 1548 1551 1621 1730 1732 1746 1763 1800 1849 1876 1889 1899 1962 1992 2015 2041 2088 2120 2141 2143 2153 2159 2224 2236 2243 2255 2282 2285 2325 2341 2371 2378 2384 2424 2427 2449 2545 2564 2581 2597 2623 2652 2800 2804 2820 2860 2861 2873 2892 2895 2949 2958 
73	10	38	5	12 18 27 55 71 117 124 155 164 185 200 236 245 280 284 311 318 364 366 368 416 431 441 459 463 487 493 567 578 595 610 770 776 819 857 922 1017 1022 1036 1086 1109 1112 1123 1144 1150 1151 1176 1194 1276 1302 1307 1355 1407 1409 1423 1429 1491 1498 1503 1508 1521 1537 1583 1605 1608 1664 1679 1687 1699 1706 1713 1747 1851 1855 1953 1971 1986 2000 2061 2077 2092 2117 2132 2165 2182 2199 2201 2207 2221 2295 2346 2367 2415 2429 2491 2539 2580 2642 2645 2652 2690 2845 2850 2891 2908 2912 2913 2915 2921 2941 
74	14	36	6	1 29 51 123 151 162 194 208 298 305 338 372 375 384 404 417 420 430 449 486 500 534 579 619 623 661 690 700 724 728 756 766 805 809 855 866 870 875 954 968 998 1010 1024 1030 1074 1089 1101 1113 1131 1199 1255 1261 1294 1308 1360 1365 1452 1490 1516 1521 1532 1533 1633 1640 1642 1834 1874 1894 1896 1968 2007 2009 2015 2049 2077 2099 2109 2111 2185 2212 2221 2222 2223 2254 2262 2285 2293 2296 2314 2319 2320 2418 2444 2471 2541 2549 2559 2580 2583 2584 2682 2725 2738 2757 2765 2777 2794 2809 2857 2866 2909 2921 2952 2965 2973 2978 2991 
75	8	1	5	31 37 142 147 153 171 195 204 238 239 290 295 298 314 343 363 376 444 453 500 545 582 611 708 739 747 799 807 847 869 874 907 960 1027 1047 1106 1107 1122 1147 1190 1207 1208 1288 1320 1323 1386 1421 1449 1471 1511 1544 1547 1643 1724 1739 1754 1762 1793 1803 1804 1806 1815 1822 1856 1857 1871 1883 1969 2012 2019 2057 2082 2088 2099 2122 2138 2145 2219 2279 2341 2345 2361 2362 2389 2411 2413 2439 2450 2470 2480 2524 2592 2636 2669 2694 2719 2742 2753 2805 2957 
76	2	36	5	32 67 81 87 105 109 140 224 227 285 287 374 375 402 527 542 566 593 617 651 705 709 766 768 774 785 821 849 908 937 942 973 1007 1034 1043 1093 1142 1195 1203 1223 1345 1404 1441 1454 1456 1505 1529 1539 1550 1593 1606 1610 1662 1674 1734 1750 1778 1786 1867 1877 1887 1901 1906 1907 1939 1940 2026 2040 2048 2074 2075 2090 2101 2112 2173 2233 2258 2288 2332 2333 2393 2395 2430 2432 2482 2531 2538 2546 2613 2629 2632 2670 2673 2686 2716 2736 2739 2768 2772 2801 2809 2822 2836 2837 2838 2867 2874 2920 2950 2975 
77	17	28	4	25 49 79 89 164 173 217 239 249 281 285 440 442 455 479 531 574 585 587 601 665 688 704 721 802 814 836 842 858 919 943 963 969 982 1003 1004 1012 1037 1071 1082 1251 1307 1326 1399 1433 1449 1472 1508 1518 1535 1536 1540 1611 1623 1699 1757 1847 1879 1952 1953 2034 2039 2059 2079 2117 2131 2135 2136 2150 2161 2177 2201 2214 2232 2241 2256 2289 2295 2354 2411 2436 2454 2488 2587 2615 2644 2713 2724 2726 2735 2747 2767 2770 2783 2798 2802 2805 2812 2955 
78	12	2	7	32 129 169 209 276 288 330 339 425 437 547 555 591 653 656 659 672 697 718 773 781 852 933 964 1016 1063 1077 1112 1145 1147 1207 1241 1270 1293 1308 1312 1351 1400 1468 1475 1480 1505 1547 1712 1796 1824 1947 2003 2013 2030 2055 2067 2099 2116 2215 2249 2293 2310 2377 2452 2504 2529 2539 2573 2622 2677 2683 2696 2727 2738 2739 2753 2780 2794 2875 2906 2915 2929 2942 2993 
79	14	19	2	6 39 48 97 115 127 138 146 159 178 190 194 205 242 271 296 299 314 319 344 365 436 456 495 506 520 525 557 589 603 630 661 689 707 726 737 757 769 774 787 788 803 820 872 873 880 901 947 977 1000 1002 1008 1026 1034 1045 1047 1062 1071 1123 1177 1181 1201 1207 1227 1228 1259 1280 1298 1316 1340 1373 1389 1430 1489 1504 1513 1569 1633 1684 1686 1699 1712 1760 1768 1778 1790 1791 1801 1835 1841 1850 1882 1907 1973 1978 2037 2073 2090 2182 2184 2190 2217 2251 2262 2317 2330 2428 2448 2453 2461 2502 2533 2538 2656 2688 2691 2701 2738 2787 2795 2842 2857 2899 
80	2	42	8	7 42 51 81 119 227 269 279 313 344 378 386 391 397 419 504 582 604 614 649 723 800 813 829 881 900 992 993 1072 1105 1138 1212 1253 1265 1281 1288 1313 1323 1406 1472 1498 1517 1550 1585 1672 1735 1763 1799 1883 1943 1948 1953 1963 2018 2036 2038 2066 2103 2118 2130 2162 2187 2199 2214 2253 2258 2259 2263 2287 2396 2409 2425 2442 2488 2498 2516 2539 2540 2565 2566 2576 2589 2611 2630 2640 2665 2726 2742 2749 2754 2770 2823 2828 2873 2887 2912 2916 2960 2978 2991 
81	17	44	7	13 22 74 110 131 165 214 225 248 255 267 299 336 345 373 482 500 534 543 566 617 689 734 746 755 760 779 785 792 794 807 818 819 823 876 879 881 885 921 940 947 959 1041 1066 1070 1081 1098 1117 1164 1182 1195 1211 1223 1244 1366 1367 1423 1447 1469 1476 1481 1514 1535 1557 1588 1611 1637 1640 1652 1664 1669 1674 1679 1745 1761 1764 1782 1888 1903 1950 2006 2026 2027 2028 2052 2071 2084 2132 2146 2156 2198 2213 2220 2224 2242 2244 2302 2305 2325 2350 2365 2408 2417 2453 2498 2527 2538 2618 2634 2678 2729 2765 2791 2812 2818 2825 2880 2883 2891 2931 2940 
82	14	10	7	77 90 96 122 149 172 202 226 247 282 313 342 362 394 519 523 532 553 581 583 623 635 685 927 992 1034 1045 1074 1092 1114 1126 1127 1163 1178 1198 1240 1255 1298 1299 1322 1335 1344 1395 1396 1408 1414 1417 1425 1455 1458 1467 1472 1663 1694 1703 1768 1823 1833 1848 1878 1949 1969 2053 2069 2101 2106 2133 2188 2195 2196 2200 2219 2225 2241 2264 2266 2298 2313 2391 2480 2487 2519 2581 2602 2604 2607 2608 2623 2635 2662 2680 2787 2811 2820 2847 2862 2866 
83	19	22	6	20 38 43 58 60 66 85 104 131 141 205 233 258 267 281 283 379 386 480 487 526 533 543 560 582 607 612 643 667 677 681 684 712 750 761 783 786 802 824 845 886 894 913 1063 1073 1098 1116 1155 1156 1165 1168 1183 1208 1215 1217 1265 1290 1335 1375 1399 1400 1421 1422 1451 1460 1486 1510 1523 1585 1648 1736 1740 1748 1759 1795 1812 1843 1928 1937 1943 1947 1999 2000 2003 2065 2119 2181 2188 2198 2207 2236 2269 2350 2359 2365 2368 2387 2437 2512 2515 2537 2554 2653 2659 2662 2766 2824 2852 2874 2995 
84	12	29	5	4 130 178 180 189 230 335 387 423 480 502 522 524 531 549 586 622 641 686 689 694 703 706 777 817 827 832 883 990 1024 1044 1052 1078 1087 1167 1180 1183 1186 1191 1246 1247 1287 1291 1305 1319 1378 1402 1416 1446 1496 1525 1573 1586 1595 1603 1635 1654 1678 1688 1700 1709 1716 1719 1829 1842 1885 1888 1987 1993 1995 2078 2204 2205 2240 2284 2313 2366 2377 2403 2426 2469 2489 2508 2517 2526 2544 2551 2564 2569 2586 2593 2698 2717 2760 2821 2848 2889 2910 2911 2923 2931 2964 2966 2980 
85	2	47	7	1 2 5 57 95 123 187 189 195 213 236 251 252 257 286 343 353 379 383 407 429 474 490 496 557 577 603 646 671 767 788 800 808 845 854 862 951 956 978 1033 1094 1096 1105 1107 1141 1143 1159 1179 1201 1210 1238 1256 1341 1364 1379 1409 1478 1482 1495 1539 1565 1604 1622 1653 1689 1700 1730 1757 1767 1777 1779 1783 1843 1851 1865 1902 1976 1990 1993 2002 2020 2049 2081 2110 2125 2152 2239 2240 2261 2267 2270 2282 2299 2390 2392 2415 2507 2524 2547 2558 2568 2582 2594 2599 2663 2697 2742 2757 2769 2778 2806 2808 2834 2867 2868 2935 2948 2950 
86	19	46	4	37 165 197 226 321 341 355 379 418 422 448 518 534 545 556 559 563 578 600 654 675 697 701 819 822 843 878 972 1019 1095 1119 1170 1174 1239 1245 1297 1327 1332 1345 1357 1363 1385 1403 1422 1438 1449 1460 1605 1608 1653 1750 1825 1901 1904 1924 1978 2019 2083 2105 2108 2121 2134 2266 2272 2290 2303 2349 2367 2397 2426 2444 2455 2489 2543 2549 2577 2594 2616 2635 2660 2723 2758 2769 2850 2869 2888 2890 2934 2937 2986 
87	14	48	5	17 48 115 327 337 340 347 379 398 429 472 528 536 573 592 679 695 727 752 767 904 938 948 959 967 984 988 1000 1030 1031 1041 1062 1064 1134 1158 1179 1226 1242 1340 1360 1387 1418 1420 1426 1437 1445 1448 1509 1548 1558 1568 1587 1640 1715 1766 1781 1854 1891 1917 2010 2093 2104 2147 2180 2217 2223 2224 2239 2286 2334 2341 2373 2436 2458 2499 2505 2573 2637 2640 2648 2666 2676 2762 2792 2818 2824 2833 2864 2873 2886 2932 2962 2967 2978 2989 
88	18	5	7	33 54 60 108 109 125 175 196 223 235 281 301 315 316 357 395 455 464 486 493 542 552 606 620 629 670 673 691 727 744 769 776 793 825 838 931 972 1118 1128 1274 1309 1328 1339 1387 1421 1432 1448 1461 1519 1524 1556 1561 1580 1585 1593 1609 1624 1625 1645 1657 1688 1698 1731 1766 1785 1827 1894 1917 1943 1974 1975 2009 2046 2059 2117 2141 2208 2257 2273 2296 2326 2353 2371 2376 2378 2409 2437 2461 2476 2497 2563 2610 2613 2619 2628 2668 2705 2734 2754 2773 2803 2842 2873 2919 2973 2981 
89	2	7	2	106 145 163 193 198 357 375 378 384 431 490 517 546 571 583 594 625 680 693 733 765 822 854 866 874 940 974 987 994 1007 1014 1046 1049 1101 1118 1130 1151 1221 1235 1253 1372 1380 1383 1468 1477 1493 1538 1546 1552 1564 1573 1706 1716 1795 1796 1798 1808 1857 1861 1879 1893 1909 1910 1911 1933 1946 1960 1975 2043 2087 2096 2108 2147 2170 2196 2198 2225 2238 2254 2308 2309 2322 2333 2359 2366 2372 2459 2477 2482 2503 2555 2562 2566 2588 2603 2612 2622 2655 2696 2709 2727 2734 2739 2759 2777 2796 2812 2924 2954 2983 
90	11	49	2	2 9 43 99 126 129 186 210 240 250 260 358 370 380 440 457 460 474 485 505 519 537 677 706 709 776 805 823 833 856 897 918 923 972 1039 1091 1126 1142 1190 1332 1343 1401 1413 1435 1464 1518 1533 1547 1567 1571 1621 1639 1736 1759 1804 1837 1870 1914 1926 1980 1997 2007 2013 2024 2029 2050 2114 2116 2122 2169 2316 2332 2387 2435 2458 2497 2548 2549 2590 2640 2663 2669 2677 2703 2706 2729 2770 2780 2785 2797 2803 2827 2839 2847 2858 2872 2875 2909 2918 2936 2998 3000 
91	20	20	4	27 63 100 105 107 129 151 174 183 186 223 252 268 294 317 319 350 400 434 460 492 496 529 564 628 632 642 646 687 731 733 753 775 780 789 799 820 826 847 848 854 862 864 874 886 890 952 983 1047 1051 1216 1246 1263 1328 1348 1355 1380 1382 1388 1431 1474 1488 1521 1622 1630 1692 1704 1726 1738 1857 1915 1929 1949 1990 2004 2012 2048 2095 2097 2100 2110 2128 2129 2137 2173 2228 2250 2321 2342 2475 2502 2521 2522 2534 2573 2583 2588 2602 2679 2690 2716 2737 2744 2764 2810 2813 2829 2877 2886 2889 2893 2902 2931 2936 2944 2968 2970 2991 
92	19	48	2	19 51 68 151 157 161 233 237 254 266 272 283 318 385 386 399 410 427 434 470 499 547 593 610 618 623 633 648 668 681 682 698 711 750 754 799 898 901 943 945 1122 1137 1156 1163 1185 1188 1206 1256 1258 1282 1388 1434 1479 1507 1517 1542 1599 1600 1641 1655 1660 1667 1670 1705 1731 1740 1748 1764 1784 1797 1813 1845 1934 1944 1988 2003 2027 2047 2066 2095 2132 2166 2192 2224 2302 2327 2340 2432 2450 2476 2504 2518 2564 2577 2591 2643 2654 2692 2711 2763 2768 2804 2882 2894 2896 2903 2910 2965 2976 
93	14	10	4	31 68 75 102 122 147 164 167 242 305 416 420 427 453 461 462 469 524 546 577 602 659 714 719 805 825 838 845 863 915 973 987 1102 1118 1160 1164 1172 1205 1210 1213 1217 1219 1226 1233 1254 1261 1337 1356 1393 1398 1448 1463 1466 1549 1556 1559 1560 1561 1581 1594 1603 1707 1735 1843 1923 1993 2001 2003 2007 2010 2031 2070 2071 2124 2144 2221 2258 2275 2317 2389 2390 2536 2550 2551 2618 2647 2659 2666 2694 2696 2745 2749 2763 2811 2823 2844 2865 2871 2880 2896 2904 2972 
94	7	3	5	36 63 128 213 232 249 276 296 338 348 350 369 406 485 501 506 530 532 574 577 644 681 712 728 765 772 783 797 826 843 844 875 896 912 921 927 979 985 999 1001 1068 1135 1157 1178 1202 1229 1230 1282 1283 1301 1311 1343 1352 1364 1374 1395 1410 1414 1436 1480 1579 1607 1661 1742 1743 1758 1785 1832 1895 1926 1964 1989 1999 2013 2036 2079 2081 2108 2146 2156 2183 2245 2311 2318 2329 2357 2363 2399 2442 2447 2487 2496 2512 2534 2581 2700 2756 2783 2808 2907 2924 2928 2943 2981 2983 
95	14	49	1	7 20 47 79 89 96 101 103 217 304 315 320 352 378 462 560 590 597 615 622 635 648 660 699 707 770 790 813 825 929 950 963 969 1000 1006 1012 1024 1058 1063 1088 1099 1124 1128 1154 1160 1191 1220 1279 1307 1334 1371 1401 1404 1412 1420 1461 1489 1491 1495 1580 1639 1755 1817 1823 1898 1906 1945 1992 1995 2034 2100 2101 2143 2154 2165 2175 2219 2244 2266 2289 2315 2343 2368 2385 2386 2408 2410 2412 2414 2454 2462 2505 2509 2513 2542 2550 2582 2626 2633 2678 2698 2726 2749 2766 2790 2828 2839 2842 2844 2846 2870 2882 2999 
96	19	22	7	75 111 139 178 179 188 228 231 277 292 296 306 314 447 454 472 487 494 503 562 568 662 664 676 687 688 706 710 724 764 774 780 784 898 970 1018 1049 1084 1093 1125 1180 1197 1225 1252 1324 1327 1336 1471 1501 1517 1534 1536 1545 1578 1608 1610 1620 1736 1758 1775 1780 1801 1806 1812 1839 1928 1932 2036 2042 2095 2124 2127 2172 2202 2236 2288 2290 2345 2368 2420 2446 2475 2493 2546 2567 2667 2689 2722 2735 2781 2796 2809 2846 2933 2954 2963 2968 
97	12	37	1	14 16 28 35 53 59 72 112 141 148 154 183 203 229 246 278 288 300 306 330 370 402 446 456 463 488 520 529 536 600 619 653 676 677 694 701 727 738 746 749 760 802 811 896 928 939 946 975 1016 1030 1052 1064 1072 1077 1110 1146 1150 1186 1198 1232 1245 1332 1351 1373 1374 1378 1381 1452 1478 1482 1484 1539 1542 1564 1568 1575 1592 1625 1661 1721 1723 1777 1792 1812 1854 1870 1889 1998 2054 2059 2060 2070 2078 2098 2180 2195 2202 2210 2252 2324 2354 2394 2427 2484 2486 2498 2507 2516 2618 2632 2649 2784 2832 2836 2924 2972 2982 
98	1	23	5	28 47 113 126 132 173 176 231 243 247 253 256 331 414 452 476 505 583 589 659 671 693 702 723 734 749 771 790 836 838 884 900 991 1008 1042 1115 1124 1130 1184 1189 1192 1228 1243 1264 1269 1272 1273 1279 1280 1361 1431 1447 1468 1499 1510 1517 1556 1651 1665 1689 1691 1737 1760 1769 1790 1791 1828 1833 1864 1872 1889 1908 1916 1924 1955 1960 1994 2030 2116 2127 2151 2155 2170 2203 2231 2266 2272 2297 2307 2320 2349 2351 2379 2412 2448 2468 2494 2495 2528 2535 2563 2576 2602 2603 2617 2630 2693 2718 2741 2764 2799 2802 2817 2823 2872 2884 2925 2929 2937 2971 2984 2988 2999 
99	14	46	8	10 91 105 112 127 157 175 179 193 290 316 346 374 383 435 438 445 447 492 524 529 625 637 653 680 688 711 713 728 737 792 797 832 858 902 921 929 936 951 990 1006 1045 1071 1076 1096 1179 1215 1267 1273 1370 1371 1376 1408 1417 1425 1459 1473 1516 1523 1648 1720 1759 1784 1853 1863 1868 1873 1888 1921 1947 1977 2004 2063 2107 2193 2233 2332 2349 2363 2390 2449 2455 2497 2500 2508 2530 2545 2585 2620 2625 2641 2656 2670 2704 2713 2717 2732 2835 2858 2958 2962 
100	8	25	2	10 27 44 71 122 188 206 230 252 308 325 333 345 368 389 459 501 550 551 561 567 577 588 598 599 629 632 655 675 692 710 744 785 819 893 903 906 911 934 975 989 1006 1149 1210 1216 1248 1249 1257 1290 1303 1311 1315 1384 1400 1475 1494 1514 1532 1572 1577 1584 1612 1618 1634 1668 1694 1710 1713 1750 1755 1756 1771 1782 1840 1853 1970 1976 2011 2097 2119 2120 2156 2209 2223 2235 2260 2271 2281 2312 2509 2521 2565 2595 2624 2676 2735 2793 2849 2868 2880 2883 2970 2980 
