Course	Room	Teacher	Time	Students
1	10	27	1	35 43 86 96 119 127 175 187 189 215 221 270 280 290 324 333 350 416 428 480 486 517 520 657 676 690 761 783 797 806 811 866 890 895 936 975 981 1005 1045 1046 1048 1075 1078 1084 1126 1148 1156 1166 1175 1191 1214 1244 1260 1361 1380 1382 1482 1506 1547 1607 1634 1639 1644 1657 1705 1710 1714 1723 1746 1763 1776 1780 1873 1883 1890 1930 1936 1948 1999 2025 2040 2045 2073 2118 2129 2154 2205 2265 2347 2353 2369 2374 2396 2434 2442 2458 2516 2553 2554 2559 2593 2656 2671 2689 2693 2731 2766 2772 2783 2817 2913 2978 2998 
2	10	10	3	21 64 78 86 92 243 254 268 349 370 384 465 560 567 574 620 635 810 819 832 849 890 898 903 904 936 993 994 1025 1031 1039 1050 1054 1070 1131 1154 1158 1185 1188 1199 1212 1254 1268 1287 1309 1315 1331 1332 1363 1364 1410 1418 1438 1465 1491 1520 1575 1627 1635 1670 1739 1771 1811 1827 1829 1832 1836 1872 1880 1890 1903 1927 1935 1967 1975 2096 2117 2121 2152 2173 2200 2215 2224 2335 2349 2363 2369 2371 2374 2375 2380 2472 2496 2536 2557 2580 2590 2668 2680 2744 2760 2761 2769 2777 2788 2811 2818 2865 2872 2971 2984 2990 
3	3	32	5	42 76 87 126 168 195 208 255 306 307 322 351 398 408 410 493 498 523 591 593 597 662 720 742 747 764 803 820 823 829 837 852 899 900 910 925 946 971 983 991 1009 1021 1030 1050 1060 1082 1131 1133 1140 1152 1160 1187 1234 1243 1247 1267 1336 1347 1383 1414 1448 1469 1503 1518 1534 1582 1591 1596 1619 1641 1644 1665 1673 1684 1695 1711 1744 1759 1775 1787 1792 1800 1838 1883 1896 1951 1965 1993 2031 2039 2054 2080 2098 2114 2140 2202 2206 2207 2222 2238 2265 2286 2301 2308 2329 2336 2378 2465 2498 2539 2543 2558 2601 2639 2772 2808 2859 2899 2905 2965 
4	3	29	7	13 54 66 77 160 169 257 320 352 358 374 426 431 442 482 490 492 537 560 575 584 585 586 599 629 632 635 644 645 648 654 658 659 692 718 744 747 750 756 807 837 873 915 921 935 942 973 1006 1024 1041 1044 1077 1114 1133 1166 1207 1208 1212 1220 1231 1331 1389 1420 1427 1451 1456 1473 1481 1546 1556 1677 1740 1750 1756 1778 1791 1807 1858 1918 2008 2034 2046 2050 2067 2101 2109 2143 2160 2246 2284 2312 2340 2343 2351 2399 2470 2476 2486 2490 2541 2542 2549 2576 2631 2638 2682 2685 2688 2700 2758 2771 2772 2834 2841 2848 2874 2878 2884 2924 2934 2977 2997 
5	11	30	1	58 159 353 360 424 475 498 526 575 607 622 653 655 673 682 686 703 705 724 728 745 749 778 787 821 838 850 859 880 905 951 1037 1138 1222 1276 1298 1322 1345 1417 1442 1477 1483 1488 1522 1523 1631 1711 1743 1799 1805 1876 1880 1954 1985 2016 2041 2127 2133 2148 2167 2176 2187 2194 2226 2248 2297 2302 2437 2464 2557 2564 2620 2643 2686 2737 2739 2756 2778 2806 2887 2891 2902 2937 2938 
6	10	25	2	19 39 66 105 168 179 182 256 299 343 455 457 470 474 487 499 503 517 527 558 576 599 668 691 692 744 755 760 779 823 853 890 892 913 924 926 993 994 1013 1024 1068 1100 1119 1165 1169 1188 1198 1296 1329 1371 1418 1427 1485 1509 1516 1534 1567 1571 1633 1637 1645 1646 1649 1666 1704 1730 1770 1834 1894 1962 1976 1992 2020 2032 2045 2065 2078 2081 2101 2141 2155 2165 2168 2194 2231 2232 2251 2259 2267 2271 2279 2311 2349 2369 2432 2469 2487 2504 2542 2568 2580 2642 2654 2664 2705 2723 2773 2776 2782 2827 2834 2865 2870 2890 2912 2946 2958 
7	11	40	8	19 29 45 61 71 101 121 138 278 290 327 341 346 364 369 407 410 445 463 492 505 627 654 721 766 790 842 891 939 944 1003 1011 1087 1108 1143 1163 1175 1248 1273 1309 1419 1447 1459 1493 1544 1554 1580 1592 1601 1639 1645 1684 1705 1710 1771 1776 1811 1834 1853 1900 1903 1908 1914 1975 1999 2002 2047 2050 2068 2082 2089 2113 2137 2142 2174 2244 2260 2283 2296 2306 2344 2354 2357 2383 2454 2478 2500 2588 2602 2615 2618 2647 2689 2707 2746 2801 2875 2915 2982 
8	3	5	6	27 28 37 57 81 97 145 146 232 247 285 347 351 357 381 392 439 461 474 494 508 530 532 565 577 607 653 677 718 740 848 919 954 998 1003 1010 1044 1045 1057 1074 1080 1094 1208 1229 1256 1271 1295 1296 1323 1340 1351 1367 1459 1483 1507 1533 1567 1574 1682 1701 1717 1757 1769 1771 1806 1813 1847 1897 1907 1913 1922 1939 1959 2000 2101 2106 2108 2122 2124 2134 2159 2177 2225 2282 2313 2334 2352 2438 2446 2461 2560 2588 2646 2747 2764 2798 2800 2819 2830 2850 2888 2915 2925 2983 
9	11	22	7	36 78 94 96 128 140 157 159 187 223 236 246 290 298 313 351 357 388 427 437 438 447 489 594 639 674 728 781 798 827 888 922 928 936 976 978 1007 1025 1079 1097 1110 1122 1201 1213 1218 1243 1257 1291 1296 1306 1361 1382 1391 1404 1407 1414 1529 1551 1606 1662 1669 1709 1754 1843 1869 1874 1914 1940 1962 1973 1991 2013 2015 2211 2221 2239 2295 2320 2331 2406 2409 2411 2450 2472 2503 2517 2525 2564 2617 2670 2702 2705 2716 2872 3000 
10	11	37	6	5 15 54 64 73 86 118 223 242 268 292 311 416 420 422 487 520 525 540 549 662 680 732 757 787 792 798 799 818 828 858 874 949 962 986 988 992 1014 1095 1120 1161 1168 1197 1226 1240 1294 1300 1316 1353 1364 1366 1370 1438 1484 1492 1530 1537 1560 1569 1609 1610 1655 1657 1679 1690 1696 1722 1748 1817 1904 1917 1924 1925 1943 1950 1992 1999 2001 2024 2076 2120 2127 2153 2183 2208 2234 2252 2259 2268 2277 2300 2367 2383 2398 2480 2503 2598 2600 2621 2777 2783 2792 2856 2878 2965 2972 
11	6	12	1	20 36 49 64 81 91 114 136 285 341 381 386 456 484 502 515 525 545 626 630 760 816 854 856 873 877 954 955 1015 1024 1054 1068 1128 1178 1206 1247 1262 1303 1309 1333 1368 1440 1461 1515 1541 1591 1611 1635 1662 1665 1674 1722 1777 1782 1784 1793 1861 1901 1906 1951 1972 1977 2070 2074 2115 2135 2149 2169 2195 2214 2240 2249 2257 2311 2364 2383 2392 2394 2433 2456 2489 2544 2552 2576 2625 2635 2648 2662 2750 2754 2771 2773 2786 2884 2893 2912 2916 2949 2953 2960 
12	8	19	2	6 7 22 46 65 102 107 115 141 193 203 213 216 227 241 296 310 332 385 388 413 418 431 515 536 540 545 548 556 649 688 706 722 775 821 832 844 872 877 908 933 942 958 973 980 983 1007 1018 1049 1051 1059 1080 1110 1155 1160 1167 1193 1195 1201 1246 1292 1293 1301 1312 1313 1325 1341 1351 1500 1513 1517 1541 1543 1558 1566 1578 1604 1622 1685 1748 1757 1763 1774 1777 1781 1798 1799 1806 1817 1836 1838 1857 1971 1975 2022 2052 2058 2073 2103 2110 2123 2125 2140 2170 2171 2176 2179 2182 2197 2242 2254 2287 2298 2310 2327 2332 2377 2386 2390 2407 2418 2515 2560 2647 2671 2714 2754 2755 2775 2778 2804 2805 2808 2860 2886 2906 2919 2943 2980 2995 
13	8	19	5	26 57 58 114 120 162 186 205 239 251 295 330 334 389 395 461 500 515 547 697 762 763 781 805 809 867 868 884 895 909 924 989 1003 1006 1010 1034 1041 1080 1144 1182 1194 1213 1258 1264 1386 1390 1424 1476 1478 1559 1611 1617 1630 1656 1664 1692 1720 1738 1824 1915 1944 1957 2012 2017 2062 2116 2130 2133 2147 2184 2250 2256 2310 2331 2364 2377 2385 2404 2409 2419 2439 2441 2488 2508 2593 2606 2610 2617 2627 2688 2738 2769 2779 2801 2817 2854 2870 2880 2896 2897 2900 2926 2944 2988 
14	3	3	1	12 60 102 118 130 184 202 255 335 403 408 458 478 536 556 585 592 595 614 633 714 725 746 781 790 845 869 878 915 947 1038 1049 1058 1091 1107 1118 1127 1171 1267 1299 1317 1399 1403 1412 1413 1430 1436 1450 1517 1521 1576 1605 1638 1650 1658 1671 1672 1682 1689 1693 1726 1803 1828 1849 1921 1935 2022 2023 2119 2164 2168 2172 2189 2307 2375 2404 2417 2465 2466 2468 2487 2501 2514 2565 2567 2588 2591 2639 2664 2670 2685 2697 2715 2723 2770 2787 2791 2800 2805 2826 2842 2856 2861 2878 2917 2918 2944 2948 2972 
15	8	15	6	13 60 62 78 91 101 103 108 112 116 141 149 176 241 248 277 295 320 336 382 434 451 462 488 501 529 561 617 692 749 751 762 804 850 891 894 915 958 973 993 1042 1072 1134 1158 1165 1174 1185 1190 1207 1220 1221 1303 1339 1404 1412 1522 1650 1694 1721 1747 1801 1824 1858 1949 2057 2091 2105 2137 2150 2161 2197 2219 2290 2326 2409 2474 2478 2486 2518 2561 2617 2633 2717 2740 2773 2788 2823 2892 2928 2992 
16	8	26	8	15 36 100 127 136 144 165 174 191 202 253 264 287 292 316 324 389 396 408 424 431 472 504 522 543 586 601 612 642 643 658 664 677 802 854 887 901 904 909 955 970 978 981 1031 1046 1058 1074 1105 1110 1141 1155 1181 1256 1259 1272 1274 1297 1344 1351 1358 1373 1396 1476 1532 1574 1608 1612 1646 1663 1664 1689 1731 1787 1807 1871 1922 1924 1936 1970 1971 2001 2024 2090 2122 2173 2188 2212 2235 2240 2246 2286 2328 2370 2376 2414 2479 2535 2544 2555 2585 2592 2620 2623 2629 2659 2661 2704 2805 2809 2812 2819 2854 2879 2886 2905 2925 2926 2932 2969 2983 2989 
17	11	2	2	40 44 62 71 88 106 130 144 150 189 199 243 277 335 366 367 378 389 420 427 434 489 602 681 700 759 783 810 837 866 884 934 981 1023 1077 1089 1106 1112 1157 1174 1233 1299 1346 1395 1421 1471 1521 1565 1577 1580 1660 1677 1681 1698 1747 1753 1772 1800 1855 1859 1919 1923 1933 1941 1942 1959 1963 1977 2028 2071 2109 2117 2202 2229 2280 2294 2296 2315 2341 2393 2438 2463 2484 2540 2578 2709 2727 2756 2840 2844 2875 2876 2949 3000 
18	11	48	3	34 55 106 150 210 222 244 304 321 341 373 390 406 432 467 502 503 512 548 579 582 633 647 673 722 816 850 866 1058 1108 1178 1189 1191 1207 1218 1237 1238 1240 1247 1253 1305 1386 1390 1400 1406 1424 1515 1605 1623 1657 1676 1726 1734 1738 1745 1790 1835 1870 1914 1934 1949 1952 1956 1995 1998 2002 2044 2080 2091 2119 2137 2149 2213 2245 2289 2343 2357 2394 2463 2535 2551 2579 2583 2618 2682 2704 2710 2717 2796 2799 2867 2885 2931 2992 2993 
19	13	50	4	21 69 88 111 146 175 191 208 238 269 285 292 304 312 318 324 403 406 423 443 533 542 580 635 640 684 888 924 971 1030 1031 1051 1073 1087 1089 1095 1096 1181 1219 1304 1329 1331 1334 1383 1441 1445 1460 1467 1481 1525 1531 1532 1543 1554 1590 1620 1669 1708 1730 1740 1793 1794 1797 1838 1844 1847 1854 1861 1874 1905 1919 1931 2008 2088 2100 2103 2104 2111 2131 2216 2244 2275 2319 2326 2353 2366 2373 2375 2388 2405 2412 2434 2440 2458 2466 2519 2587 2595 2597 2632 2637 2645 2687 2690 2733 2750 2799 2818 2830 2838 2863 2879 2901 2908 2921 
20	13	9	3	14 33 35 73 79 120 171 194 200 247 275 288 299 310 317 336 348 366 475 488 491 528 575 609 638 693 696 714 732 734 745 791 802 804 820 930 959 983 1010 1015 1033 1051 1099 1109 1193 1257 1317 1368 1422 1455 1467 1485 1558 1561 1563 1626 1669 1677 1691 1710 1765 1804 1871 1873 1874 1926 2011 2075 2084 2094 2112 2129 2150 2209 2241 2253 2291 2293 2303 2328 2342 2359 2372 2468 2539 2585 2619 2624 2636 2641 2650 2657 2666 2757 2759 2765 2785 2806 2841 2918 
21	8	3	3	11 83 143 177 218 296 305 345 362 417 421 442 497 504 513 517 526 527 539 549 577 619 695 731 766 790 801 860 901 911 925 997 1016 1053 1067 1076 1078 1086 1143 1196 1243 1285 1297 1339 1347 1375 1389 1419 1430 1460 1464 1489 1500 1503 1637 1647 1672 1704 1716 1787 1819 1841 1861 1918 1936 1958 2008 2024 2042 2081 2099 2100 2222 2236 2275 2280 2282 2344 2366 2422 2425 2456 2479 2483 2488 2524 2534 2543 2547 2549 2570 2591 2640 2677 2681 2731 2743 2786 2814 2838 2857 2874 2895 2929 2943 2948 2970 
22	18	18	3	25 27 65 72 94 95 125 165 204 205 250 276 283 309 343 355 376 428 441 492 521 530 601 679 715 720 770 796 828 842 869 882 932 946 950 963 1061 1082 1123 1133 1170 1198 1219 1226 1249 1265 1319 1384 1388 1392 1437 1447 1463 1492 1539 1552 1615 1616 1629 1632 1663 1681 1749 1754 1781 1821 1864 1912 1917 1955 1986 2016 2079 2088 2098 2133 2163 2179 2186 2199 2231 2232 2248 2257 2301 2325 2423 2447 2481 2502 2566 2569 2651 2721 2741 2844 2858 2870 2933 2969 2998 
23	13	31	5	4 17 102 124 163 167 249 265 267 277 289 321 382 454 456 478 510 522 552 568 622 630 650 656 660 666 689 713 719 730 801 807 822 866 872 876 879 902 905 926 934 954 966 1150 1153 1169 1177 1183 1184 1216 1224 1335 1376 1387 1394 1401 1438 1445 1470 1473 1481 1528 1542 1545 1603 1632 1650 1703 1710 1721 1754 1809 1940 1970 1987 2043 2112 2117 2145 2156 2157 2204 2217 2223 2272 2338 2392 2393 2399 2422 2442 2470 2476 2520 2528 2530 2536 2548 2569 2613 2618 2649 2655 2656 2730 2798 2824 2825 2852 2908 2962 2969 
24	7	34	7	2 23 141 152 166 231 245 248 268 356 393 468 486 507 511 546 619 626 682 732 764 800 810 1032 1047 1124 1144 1206 1232 1300 1311 1321 1326 1381 1405 1426 1442 1447 1452 1468 1536 1593 1597 1638 1640 1645 1680 1687 1695 1696 1698 1699 1776 1788 1827 1889 1907 1947 1965 1968 1976 1981 1996 2033 2139 2188 2223 2258 2365 2370 2382 2396 2427 2430 2440 2492 2531 2548 2575 2601 2606 2616 2634 2715 2764 2775 2802 2820 2839 2849 2865 2885 2897 2903 2918 2919 2921 2930 2954 2979 
25	13	42	6	38 156 158 162 168 169 180 194 213 243 294 349 387 457 471 480 503 550 567 615 616 628 785 791 815 824 830 885 887 889 893 923 957 987 991 1002 1009 1013 1015 1028 1052 1053 1086 1130 1172 1203 1215 1275 1314 1354 1401 1413 1416 1450 1451 1485 1495 1550 1553 1607 1632 1649 1714 1755 1820 1837 1866 1868 1898 1900 1931 1980 2007 2009 2029 2069 2128 2171 2180 2214 2220 2233 2241 2281 2314 2358 2387 2418 2426 2442 2448 2483 2484 2516 2522 2534 2537 2597 2603 2657 2714 2732 2751 2760 2761 2766 2778 2789 2897 2909 2954 2962 2986 2989 
26	18	13	4	6 24 120 138 173 174 226 243 300 311 348 367 407 446 467 482 484 521 577 634 777 827 838 843 868 879 931 966 970 989 1001 1029 1088 1101 1190 1211 1223 1262 1294 1295 1310 1320 1357 1361 1369 1474 1476 1486 1490 1529 1538 1567 1568 1571 1651 1675 1704 1717 1720 1733 1766 1772 1889 1918 1940 1962 1990 1991 2062 2085 2095 2109 2117 2132 2145 2181 2182 2191 2210 2259 2266 2269 2277 2302 2331 2403 2409 2410 2471 2498 2499 2537 2580 2592 2607 2658 2684 2709 2721 2731 2796 2803 2906 2930 2965 
27	7	6	2	4 35 80 93 111 137 155 167 170 201 246 264 268 273 293 392 444 477 514 583 603 609 671 676 679 684 718 773 774 781 789 791 799 827 857 864 897 923 975 985 1002 1026 1064 1074 1082 1090 1134 1141 1203 1215 1239 1255 1274 1283 1300 1321 1327 1337 1363 1439 1441 1457 1487 1524 1544 1621 1676 1709 1717 1735 1745 1746 1751 1809 1815 1825 1837 1853 1871 1934 1950 2027 2044 2051 2082 2087 2106 2156 2190 2201 2228 2278 2285 2286 2299 2337 2364 2406 2408 2416 2496 2533 2562 2584 2586 2609 2626 2640 2644 2668 2686 2692 2695 2698 2788 2838 2877 2914 2950 2961 2993 
28	3	30	3	13 22 40 47 115 117 156 162 185 196 233 234 241 291 311 314 322 372 420 429 485 596 597 599 625 626 657 663 707 709 808 814 830 864 881 998 1059 1106 1147 1176 1244 1248 1295 1328 1344 1348 1432 1449 1480 1499 1512 1516 1538 1564 1573 1727 1755 1758 1766 1788 1795 1822 1885 1886 1906 1983 1996 2028 2118 2168 2176 2203 2221 2256 2267 2276 2324 2330 2337 2347 2361 2433 2445 2459 2460 2461 2475 2544 2573 2594 2602 2605 2611 2615 2622 2692 2725 2727 2753 2891 2908 2928 2952 
29	7	41	3	4 18 103 145 146 152 175 190 235 255 273 319 331 389 411 415 463 464 524 543 547 583 587 590 592 705 712 717 724 762 764 800 803 835 838 859 957 988 999 1107 1149 1203 1205 1279 1289 1291 1310 1343 1349 1372 1453 1483 1511 1523 1529 1612 1675 1696 1709 1751 1756 1792 1801 1824 1825 1859 1942 1944 1946 1959 1966 1982 1999 2061 2083 2131 2132 2146 2147 2169 2181 2196 2198 2212 2217 2265 2288 2333 2348 2388 2395 2491 2553 2556 2581 2593 2595 2643 2649 2656 2661 2672 2774 2803 2812 2848 2854 2873 2949 2967 
30	14	33	5	70 116 142 184 227 247 337 362 432 443 445 474 586 595 604 681 684 746 753 761 779 849 865 883 919 1055 1093 1210 1261 1320 1378 1429 1515 1557 1579 1606 1610 1613 1642 1643 1666 1736 1767 1784 1812 1817 1830 1846 1850 1880 1913 1916 1952 2018 2148 2230 2233 2243 2252 2253 2284 2294 2303 2324 2334 2405 2427 2436 2444 2453 2463 2467 2620 2622 2632 2674 2689 2708 2770 2794 2864 2910 2920 
31	7	36	6	12 95 98 105 122 128 172 209 261 363 379 380 421 440 444 478 504 558 586 602 655 694 734 753 765 777 821 844 849 857 869 943 984 1017 1021 1027 1032 1033 1048 1084 1103 1112 1141 1157 1178 1180 1192 1224 1236 1261 1287 1289 1326 1352 1471 1472 1506 1512 1518 1608 1623 1648 1668 1676 1752 1762 1788 1802 1815 1877 1878 1954 1981 1988 2051 2060 2095 2102 2130 2135 2154 2157 2160 2163 2228 2232 2288 2299 2317 2332 2389 2403 2411 2497 2511 2585 2595 2635 2642 2643 2665 2688 2703 2706 2726 2746 2752 2790 2811 2988 
32	16	12	5	84 119 132 157 159 189 199 252 271 273 338 378 411 424 431 462 472 480 485 489 558 561 581 589 613 624 631 712 726 788 799 826 851 874 906 930 944 951 963 977 1005 1008 1046 1048 1049 1057 1083 1192 1288 1314 1377 1415 1421 1422 1423 1447 1539 1548 1560 1569 1580 1732 1778 1813 1815 1819 1931 1959 1975 1988 1997 2008 2064 2094 2113 2162 2173 2190 2198 2199 2219 2386 2391 2432 2435 2512 2513 2516 2694 2747 2790 2795 2803 2892 2914 2983 
33	10	29	8	40 79 130 132 171 195 225 251 258 274 301 354 368 381 541 561 622 637 657 659 695 751 774 815 817 875 897 943 988 1018 1030 1088 1217 1233 1247 1250 1266 1286 1324 1327 1395 1407 1452 1485 1530 1536 1542 1604 1662 1668 1670 1677 1680 1694 1700 1713 1722 1723 1785 1797 1798 1810 1862 1894 1898 2035 2043 2048 2059 2063 2102 2108 2115 2151 2180 2194 2204 2206 2237 2268 2304 2333 2348 2382 2441 2443 2446 2473 2481 2503 2506 2526 2564 2598 2600 2626 2657 2715 2722 2743 2747 2758 2810 2811 2822 2847 2909 2912 2924 2958 2990 2994 
34	4	1	7	10 20 39 56 81 85 137 198 208 215 219 220 224 227 240 327 390 411 430 465 478 504 538 569 576 580 609 613 616 621 630 662 666 689 726 736 739 751 782 836 955 977 1038 1060 1091 1104 1108 1117 1142 1211 1268 1279 1280 1285 1308 1345 1373 1394 1482 1484 1494 1509 1574 1583 1600 1624 1625 1661 1665 1692 1749 1767 1779 1835 1906 1945 1960 2000 2014 2029 2061 2110 2116 2156 2170 2180 2204 2249 2307 2309 2316 2322 2352 2376 2473 2514 2546 2569 2627 2641 2654 2676 2730 2778 2784 2785 2831 2864 2881 2900 2929 2959 
35	3	10	4	89 116 140 151 177 232 233 245 253 257 258 260 299 378 496 534 573 588 597 602 603 638 645 658 680 718 760 761 768 772 780 822 836 839 856 860 890 902 934 946 947 963 1061 1076 1094 1116 1135 1159 1220 1249 1287 1315 1347 1415 1444 1497 1528 1639 1643 1658 1703 1714 1743 1783 1801 1817 1824 1849 1876 1930 1938 1961 1981 1984 1987 2030 2047 2060 2093 2094 2115 2163 2177 2217 2221 2224 2245 2271 2292 2296 2325 2355 2393 2470 2474 2496 2528 2540 2586 2614 2692 2697 2698 2700 2734 2791 2826 2881 2893 2899 2902 2922 2977 
36	7	17	1	19 74 135 168 228 261 365 423 499 511 523 534 550 565 580 593 606 609 638 643 646 659 702 774 814 858 860 863 937 957 1034 1159 1216 1235 1246 1266 1277 1319 1323 1350 1465 1479 1486 1497 1502 1609 1627 1636 1646 1685 1727 1757 1770 1798 1836 1891 1896 1908 1910 1932 1987 1993 1996 2018 2021 2098 2114 2166 2237 2270 2275 2362 2382 2443 2477 2479 2521 2547 2574 2575 2589 2604 2628 2675 2680 2706 2712 2714 2718 2742 2752 2788 2831 2941 2964 2968 2971 2987 2997 
37	18	13	2	14 79 84 91 104 128 165 281 283 338 344 361 433 435 450 507 510 559 584 600 635 660 665 674 675 727 782 873 874 902 941 997 1045 1078 1085 1099 1103 1114 1144 1207 1222 1223 1232 1271 1311 1345 1360 1434 1453 1456 1462 1490 1542 1562 1572 1575 1584 1598 1600 1618 1631 1651 1668 1671 1765 1790 1794 1795 1816 1851 1858 1887 1888 1897 1930 1984 1993 2003 2014 2015 2136 2154 2162 2191 2199 2252 2266 2301 2304 2348 2350 2360 2375 2399 2426 2431 2446 2454 2507 2550 2561 2592 2662 2663 2673 2702 2710 2725 2785 2835 2864 2866 2952 
38	7	47	4	7 63 92 96 107 149 189 340 363 374 379 388 425 465 475 495 501 519 522 557 566 672 688 691 707 731 739 756 788 872 876 883 912 922 945 978 1066 1108 1162 1214 1239 1258 1284 1372 1385 1401 1423 1427 1462 1469 1470 1475 1499 1510 1513 1540 1557 1624 1653 1655 1676 1683 1705 1742 1786 1834 1839 1851 1864 1873 1882 1913 1925 1946 1970 1994 1997 2006 2022 2037 2048 2075 2165 2226 2227 2228 2234 2262 2264 2267 2309 2314 2346 2389 2454 2478 2497 2500 2554 2556 2582 2618 2744 2772 2798 2840 2850 2858 2920 2940 2985 2997 
39	3	27	2	25 122 135 145 224 288 297 309 342 380 383 395 438 446 463 467 476 537 544 564 604 607 711 712 725 737 771 867 882 898 903 916 962 965 1011 1019 1022 1055 1088 1111 1128 1147 1164 1166 1240 1251 1253 1259 1264 1318 1366 1380 1394 1497 1504 1554 1635 1679 1744 1758 1776 1803 1812 1826 1833 1842 1881 1884 1901 1905 1927 1978 2034 2038 2054 2150 2159 2161 2173 2174 2186 2247 2263 2340 2343 2358 2402 2421 2423 2428 2429 2444 2458 2490 2526 2558 2570 2571 2572 2595 2608 2622 2635 2665 2739 2741 2742 2758 2800 2855 2862 2888 2894 2955 2992 
40	7	8	5	27 38 88 110 139 228 229 244 270 298 323 340 387 415 421 437 438 447 481 490 544 546 599 673 678 683 691 700 702 710 741 756 768 952 956 959 961 962 982 1007 1064 1068 1084 1098 1146 1215 1254 1257 1269 1310 1324 1348 1366 1389 1391 1439 1466 1479 1488 1490 1498 1513 1574 1597 1634 1637 1648 1660 1675 1682 1697 1700 1701 1737 1793 1843 1901 1934 1938 1958 2020 2027 2041 2120 2122 2129 2138 2197 2201 2289 2318 2321 2346 2415 2521 2535 2544 2555 2557 2575 2647 2734 2811 2814 2846 2911 2930 2958 2960 2973 2974 
41	4	4	4	31 44 45 56 64 97 161 170 172 222 288 289 357 473 481 490 507 516 545 550 594 606 636 644 679 685 717 794 800 831 880 920 933 941 983 999 1035 1042 1071 1075 1077 1084 1090 1153 1154 1186 1218 1230 1256 1278 1286 1293 1330 1338 1358 1465 1487 1489 1502 1508 1548 1556 1584 1622 1626 1667 1706 1816 1829 1841 1865 1902 1933 1971 1982 1985 2023 2040 2066 2121 2194 2225 2243 2248 2294 2298 2301 2316 2357 2383 2451 2513 2521 2546 2558 2609 2612 2628 2644 2648 2650 2659 2702 2715 2728 2784 2793 2806 2846 2897 2936 
42	5	47	3	87 129 197 198 313 323 394 418 519 532 562 570 605 608 627 641 654 681 692 742 831 862 863 914 927 960 964 979 1034 1071 1074 1113 1136 1150 1151 1157 1164 1173 1210 1217 1232 1269 1298 1327 1381 1435 1458 1477 1495 1507 1533 1547 1559 1583 1584 1628 1666 1702 1760 1769 1772 1784 1789 1854 1855 1863 1928 1969 2003 2023 2027 2057 2068 2072 2076 2142 2156 2193 2233 2274 2367 2381 2462 2482 2509 2520 2554 2588 2658 2669 2720 2728 2729 2747 2781 2821 2847 2880 2903 2917 2960 
43	4	28	1	39 59 76 83 138 157 164 204 236 281 308 332 443 459 460 548 563 654 668 671 672 675 735 741 750 804 808 823 839 861 882 884 894 930 942 948 1020 1032 1106 1113 1120 1146 1160 1162 1181 1194 1204 1267 1390 1402 1408 1456 1491 1508 1538 1543 1581 1596 1683 1687 1762 1822 1831 1833 1893 1968 2006 2017 2033 2069 2078 2083 2185 2283 2328 2330 2359 2367 2387 2471 2475 2495 2523 2563 2619 2647 2709 2743 2760 2790 2807 2851 2855 2890 2908 2959 2970 2982 
44	4	1	8	3 41 46 63 116 118 162 181 238 267 275 339 356 385 395 402 458 468 479 509 523 524 529 534 538 574 624 667 674 749 752 878 940 968 987 1023 1047 1060 1162 1226 1232 1234 1302 1359 1374 1387 1415 1464 1475 1477 1496 1533 1585 1615 1629 1653 1702 1761 1805 1806 1855 1892 1896 1925 2012 2030 2036 2077 2100 2125 2141 2171 2184 2191 2285 2291 2371 2408 2448 2458 2477 2498 2532 2534 2540 2543 2669 2679 2681 2712 2720 2724 2782 2817 2849 2858 2922 2941 2952 2954 
45	5	43	4	61 67 70 122 135 148 167 181 188 201 230 251 265 303 335 352 433 440 450 456 461 514 518 528 626 652 663 666 695 716 722 733 753 775 786 804 809 814 841 848 894 913 918 962 992 1011 1012 1093 1231 1275 1279 1342 1346 1352 1418 1495 1527 1530 1534 1544 1559 1575 1579 1587 1605 1674 1760 1796 1870 1908 1949 2012 2019 2021 2072 2113 2114 2120 2149 2188 2238 2281 2313 2358 2406 2438 2449 2494 2571 2596 2610 2666 2670 2677 2693 2696 2707 2726 2739 2763 2786 2824 2872 2894 2931 2933 
46	5	39	2	30 61 70 108 119 132 148 160 187 240 252 315 323 375 384 397 405 417 447 465 498 500 532 570 572 623 663 669 704 719 741 818 852 858 915 960 1017 1101 1145 1217 1231 1262 1266 1278 1285 1352 1429 1432 1470 1477 1546 1597 1691 1692 1820 1849 1891 1914 1980 1989 2004 2031 2043 2090 2192 2205 2221 2245 2257 2264 2268 2276 2351 2372 2378 2387 2392 2395 2401 2437 2462 2508 2511 2531 2548 2589 2594 2612 2627 2650 2678 2697 2701 2749 2750 2751 2763 2833 2847 2848 2885 2900 
47	19	46	7	63 68 73 127 197 200 209 249 254 306 307 330 336 346 412 418 496 498 512 530 552 642 647 684 729 734 786 845 886 906 914 925 949 956 963 974 1022 1026 1040 1049 1053 1061 1064 1093 1125 1149 1159 1191 1194 1197 1233 1246 1255 1266 1270 1292 1305 1337 1338 1342 1353 1377 1399 1408 1434 1435 1512 1515 1525 1558 1559 1568 1571 1601 1605 1630 1654 1656 1786 1821 1867 1893 1908 1911 1929 1997 2001 2036 2039 2041 2056 2086 2088 2205 2208 2255 2297 2371 2405 2413 2447 2449 2484 2499 2501 2526 2534 2538 2551 2553 2746 2748 2812 2818 2875 2925 2957 2981 2984 2991 2995 
48	8	15	7	12 30 46 150 183 186 188 225 304 335 397 501 649 687 693 695 715 769 794 803 833 909 912 917 1015 1050 1085 1086 1113 1151 1168 1175 1179 1202 1209 1215 1276 1282 1312 1313 1364 1387 1424 1463 1499 1501 1510 1520 1544 1570 1603 1604 1621 1633 1642 1643 1659 1717 1847 1853 1951 2025 2079 2121 2124 2137 2155 2240 2253 2276 2374 2401 2466 2488 2502 2512 2532 2563 2623 2628 2678 2759 2779 2782 2817 2825 2852 2853 2861 2862 2904 2907 2913 2927 2967 2974 2975 2999 
49	19	7	4	22 47 74 133 165 194 228 234 237 277 278 282 329 339 350 396 401 430 575 619 625 641 660 754 757 792 818 882 895 907 979 984 985 1105 1147 1290 1306 1316 1326 1339 1393 1394 1514 1593 1596 1617 1670 1688 1693 1697 1723 1768 1818 1827 1833 1850 1858 1869 1887 1898 1929 1941 1953 1977 1980 1996 2000 2041 2058 2068 2127 2158 2178 2260 2272 2288 2320 2362 2492 2501 2509 2512 2514 2541 2599 2633 2639 2710 2752 2814 2837 2859 2891 2917 2938 2961 
50	18	17	5	6 72 93 149 154 181 193 209 246 248 263 288 324 361 391 397 470 535 577 579 596 632 642 644 765 772 777 778 815 846 860 948 973 1019 1089 1092 1119 1142 1148 1171 1195 1205 1209 1214 1228 1271 1282 1290 1292 1332 1388 1413 1436 1457 1459 1502 1547 1562 1578 1592 1693 1708 1724 1748 1762 1782 1783 1865 1945 1977 2026 2077 2105 2134 2151 2174 2203 2254 2291 2316 2323 2339 2351 2366 2537 2559 2563 2636 2682 2687 2709 2717 2733 2757 2895 2981 
51	5	35	6	36 115 125 164 219 276 287 304 353 354 397 423 435 464 569 584 713 720 733 761 797 839 921 938 964 968 978 989 1000 1031 1037 1071 1093 1193 1196 1227 1251 1286 1298 1302 1348 1365 1369 1391 1392 1425 1427 1498 1585 1640 1645 1654 1663 1692 1716 1759 1828 1879 1920 1956 1963 1978 2004 2034 2049 2063 2089 2187 2192 2196 2202 2209 2239 2242 2258 2292 2320 2322 2330 2335 2346 2363 2377 2391 2402 2437 2443 2469 2475 2543 2590 2683 2736 2762 2780 2810 2822 2844 2845 2847 2882 2890 2916 2935 2949 2959 
52	17	38	7	17 51 52 55 178 193 202 203 253 264 278 287 380 399 414 422 462 471 494 509 543 617 656 678 704 705 709 717 740 805 891 908 971 1002 1016 1065 1121 1205 1237 1249 1272 1315 1317 1333 1379 1384 1412 1417 1425 1428 1480 1492 1526 1553 1595 1612 1613 1652 1657 1718 1730 1745 1780 1783 1814 1831 1865 1884 1923 1953 2035 2053 2136 2138 2190 2210 2213 2236 2261 2262 2273 2333 2338 2518 2522 2523 2608 2635 2935 
53	4	28	2	9 41 75 77 99 113 129 159 171 174 185 255 262 289 291 308 321 326 347 374 376 415 429 479 491 497 563 608 610 622 632 638 646 708 713 745 765 816 830 863 870 899 990 1047 1083 1095 1109 1126 1242 1347 1357 1369 1374 1404 1535 1582 1586 1603 1628 1664 1711 1814 1860 1865 1867 1868 1875 1912 1946 1948 1998 2016 2046 2055 2056 2057 2092 2214 2220 2256 2284 2300 2313 2324 2342 2365 2433 2447 2576 2645 2658 2661 2681 2699 2721 2732 2745 2765 2768 2792 2806 2832 2863 2869 2901 2956 2962 2974 
54	17	16	8	35 84 210 214 231 361 377 411 416 432 476 482 493 496 514 532 572 588 651 690 732 757 783 792 809 831 864 893 911 929 956 979 993 1019 1073 1100 1159 1160 1165 1242 1288 1365 1372 1385 1418 1420 1442 1480 1501 1504 1524 1543 1599 1638 1732 1734 1736 1752 1791 1799 1825 1857 1870 1884 1917 1957 1978 2062 2065 2083 2126 2155 2166 2185 2230 2231 2270 2290 2329 2330 2334 2335 2397 2399 2412 2465 2476 2571 2572 2574 2583 2590 2619 2650 2653 2674 2677 2680 2684 2713 2728 2729 2785 2786 2787 2792 2872 2898 2911 2966 2971 
55	13	9	8	7 27 34 51 82 97 103 108 164 187 217 229 237 376 428 557 614 662 670 671 723 729 747 770 782 789 819 826 833 834 841 926 951 953 967 972 975 990 1007 1010 1033 1037 1076 1083 1086 1144 1193 1211 1231 1263 1265 1285 1306 1330 1345 1355 1368 1395 1449 1455 1456 1460 1466 1472 1474 1488 1494 1556 1563 1579 1581 1606 1631 1637 1644 1652 1678 1738 1741 1773 1851 1854 1885 1923 1955 1958 1967 1983 2010 2119 2136 2145 2162 2178 2181 2187 2199 2239 2251 2258 2259 2273 2295 2321 2336 2338 2459 2485 2497 2527 2552 2562 2579 2672 2683 2725 2744 2762 2840 2861 2883 2889 2934 2951 2961 2995 
56	19	44	3	16 17 52 54 85 104 114 119 178 212 220 307 308 391 422 439 477 508 518 536 561 572 637 721 727 897 900 921 928 972 995 1026 1118 1132 1137 1167 1195 1201 1204 1225 1236 1262 1288 1307 1314 1320 1336 1378 1423 1431 1518 1521 1527 1572 1586 1648 1656 1683 1713 1725 1729 1742 1750 1753 1768 1796 1799 1828 1878 1897 1963 1989 2009 2049 2051 2077 2078 2160 2182 2192 2262 2295 2305 2331 2354 2355 2364 2368 2386 2429 2529 2587 2646 2655 2665 2667 2676 2689 2736 2739 2751 2764 2845 2851 2859 2876 2889 2914 2941 2957 2961 2979 2980 
57	13	34	2	20 43 51 86 87 97 98 192 204 234 259 331 359 400 419 451 520 597 606 611 621 678 698 716 726 743 768 769 824 833 883 917 927 939 972 1021 1065 1121 1140 1179 1187 1200 1216 1225 1250 1256 1269 1277 1326 1350 1370 1376 1399 1409 1446 1550 1561 1569 1592 1595 1608 1726 1766 1767 1804 1850 1937 1953 1969 1979 2013 2036 2059 2069 2083 2088 2128 2131 2132 2146 2178 2195 2213 2219 2225 2239 2250 2260 2281 2290 2302 2400 2404 2424 2459 2474 2495 2510 2519 2539 2617 2636 2690 2728 2856 2896 2929 2933 2984 2996 
58	3	25	8	8 13 42 104 179 216 246 298 314 320 333 409 414 448 455 467 481 508 564 566 594 617 655 697 750 777 801 840 948 984 998 1004 1012 1096 1114 1186 1200 1220 1254 1284 1308 1340 1397 1412 1428 1498 1546 1568 1594 1610 1611 1649 1686 1712 1718 1746 1832 1842 1843 1864 1902 1946 1985 1994 2017 2018 2022 2038 2040 2084 2148 2149 2153 2165 2218 2245 2265 2284 2356 2362 2369 2406 2417 2429 2433 2469 2537 2578 2605 2606 2612 2638 2654 2660 2671 2696 2699 2730 2807 2829 2845 2853 2857 2877 2880 2939 
59	17	45	3	19 32 50 51 58 77 100 113 147 151 158 180 251 281 300 302 333 342 380 401 426 505 533 546 573 593 634 652 690 744 747 759 825 865 877 886 942 952 953 984 1103 1187 1197 1206 1241 1335 1341 1355 1366 1382 1436 1441 1450 1454 1466 1496 1505 1506 1546 1601 1609 1642 1655 1673 1719 1730 1764 1797 1803 1807 1812 1862 1868 1879 1889 1891 1941 1971 1990 2047 2066 2086 2097 2125 2130 2148 2151 2158 2223 2266 2315 2389 2390 2420 2542 2603 2693 2695 2738 2791 2797 2882 2893 2916 2947 2988 2999 
60	16	14	3	5 67 131 176 183 207 256 259 282 315 328 353 375 398 412 425 471 490 499 565 581 588 598 607 632 661 667 686 710 767 795 817 844 846 848 861 907 1003 1029 1041 1042 1112 1117 1127 1134 1140 1242 1277 1281 1293 1362 1377 1397 1405 1440 1443 1494 1528 1566 1587 1594 1596 1621 1640 1728 1851 1866 1893 1929 1937 1939 1954 1962 1973 2004 2060 2140 2161 2184 2220 2238 2240 2249 2252 2279 2358 2387 2393 2411 2413 2454 2494 2501 2504 2506 2507 2545 2565 2586 2625 2632 2696 2706 2712 2732 2794 2808 2819 2862 2886 2907 2955 2977 
61	18	41	6	11 18 34 53 77 93 100 153 160 197 212 265 269 271 282 327 344 348 368 386 402 403 447 448 458 495 547 560 598 636 639 640 656 681 685 715 725 752 769 775 794 819 841 846 888 899 904 906 910 916 920 1055 1062 1063 1078 1097 1104 1167 1210 1211 1219 1234 1318 1350 1383 1468 1561 1565 1591 1622 1665 1700 1708 1711 1731 1740 1744 1763 1774 1803 1846 1852 1874 1903 1905 1909 1911 1967 2013 2020 2058 2084 2121 2184 2195 2251 2264 2271 2304 2306 2309 2374 2410 2414 2420 2423 2436 2453 2523 2532 2535 2551 2565 2576 2612 2679 2699 2729 2742 2803 2818 2854 2879 2936 2937 2973 
62	5	43	8	53 92 105 120 143 152 192 305 325 336 351 355 374 404 446 469 489 494 533 558 585 600 631 703 705 734 863 888 907 922 928 950 957 959 994 1013 1098 1101 1135 1218 1268 1281 1304 1352 1446 1490 1528 1557 1576 1588 1600 1613 1627 1641 1654 1669 1688 1691 1709 1715 1733 1779 1780 1793 1808 1831 1840 1886 1943 2026 2073 2075 2087 2091 2236 2248 2312 2345 2377 2394 2420 2424 2455 2461 2483 2538 2596 2613 2656 2693 2708 2783 2869 2953 
63	8	26	1	68 99 129 131 140 180 210 220 258 274 305 310 313 320 339 340 358 363 364 405 429 436 455 544 571 591 617 623 656 683 687 707 720 785 820 826 849 922 927 945 1143 1145 1198 1229 1238 1248 1255 1274 1304 1388 1433 1457 1469 1478 1504 1518 1525 1529 1555 1585 1678 1695 1751 1765 1788 1801 1839 1848 1856 1950 1960 2007 2019 2029 2037 2055 2077 2085 2158 2182 2224 2263 2298 2303 2317 2356 2372 2380 2441 2446 2493 2517 2601 2607 2624 2637 2679 2711 2780 2784 2792 2801 2828 2834 2843 2849 2853 2867 2869 2870 2871 2906 2945 2954 2955 2996 
64	4	39	5	23 30 115 121 173 311 314 360 413 460 529 538 559 582 634 664 703 733 739 752 755 794 814 834 840 842 855 941 986 1014 1032 1043 1070 1094 1179 1189 1245 1274 1405 1433 1449 1453 1491 1508 1523 1532 1565 1601 1602 1607 1616 1691 1756 1796 1814 1829 1881 1888 1923 1947 2000 2015 2038 2118 2141 2152 2164 2176 2327 2360 2401 2413 2416 2424 2428 2451 2500 2518 2524 2568 2596 2625 2640 2676 2691 2698 2699 2740 2768 2782 2784 2796 2945 2976 2982 
65	8	22	4	16 25 110 114 155 280 284 325 382 393 435 487 508 512 527 531 535 549 555 564 592 601 646 671 677 689 715 730 735 751 778 845 886 896 909 974 980 1000 1107 1170 1222 1257 1273 1305 1322 1328 1333 1362 1370 1406 1417 1457 1472 1500 1516 1551 1576 1588 1594 1619 1632 1685 1715 1741 1784 1830 1911 1921 1964 1968 2011 2092 2126 2157 2160 2230 2242 2247 2323 2339 2354 2391 2394 2397 2431 2455 2504 2522 2542 2572 2589 2591 2615 2649 2672 2740 2741 2757 2794 2821 2883 2905 2910 2926 2932 2934 2964 2990 2992 
66	13	48	1	10 142 183 223 239 262 291 319 394 400 409 452 457 477 509 527 528 582 583 587 620 645 680 708 753 758 759 784 801 889 919 950 964 991 1014 1040 1065 1117 1153 1176 1195 1230 1245 1261 1275 1297 1332 1375 1431 1464 1468 1586 1624 1626 1652 1659 1660 1696 1742 1841 1867 1939 1961 1995 2090 2095 2096 2107 2142 2209 2218 2242 2260 2277 2280 2291 2324 2341 2345 2357 2385 2416 2457 2515 2560 2597 2603 2734 2749 2809 2839 2880 2899 2911 2963 2973 2976 2988 
67	19	46	8	10 48 50 55 88 90 111 117 123 186 224 276 302 326 345 353 415 427 434 454 499 503 576 682 686 691 694 708 709 738 740 741 743 795 835 855 857 879 938 1028 1040 1081 1095 1105 1113 1123 1139 1154 1177 1184 1214 1319 1322 1342 1444 1505 1566 1570 1587 1589 1618 1674 1681 1749 1755 1783 1839 1856 1861 1875 1882 1888 1899 1909 1916 2028 2076 2106 2172 2186 2234 2255 2277 2292 2385 2386 2402 2416 2480 2486 2490 2493 2514 2523 2599 2604 2627 2651 2686 2703 2711 2718 2836 2931 2935 2976 
68	19	45	6	1 3 9 121 143 173 193 200 210 316 346 376 413 414 430 493 505 512 589 612 621 629 641 701 704 723 784 786 808 864 871 884 948 985 1012 1022 1056 1115 1118 1128 1132 1140 1146 1173 1238 1263 1272 1280 1284 1299 1310 1311 1313 1344 1410 1463 1504 1505 1509 1523 1526 1534 1535 1538 1562 1581 1630 1635 1737 1764 1899 1926 1966 2018 2027 2030 2064 2116 2167 2181 2235 2243 2263 2274 2344 2381 2400 2445 2468 2520 2524 2526 2553 2572 2581 2583 2623 2700 2749 2754 2809 2851 2868 2869 2873 2904 2966 2967 2978 2985 
69	7	36	8	5 62 69 89 107 149 163 167 199 201 249 259 263 286 294 306 310 337 362 383 405 430 470 483 545 565 615 623 649 665 714 727 811 851 856 885 933 935 958 996 1001 1009 1020 1027 1035 1038 1043 1064 1067 1072 1117 1137 1148 1183 1260 1300 1362 1409 1520 1564 1593 1617 1739 1760 1904 1938 1941 1954 1964 1979 1986 2006 2025 2144 2157 2159 2163 2179 2214 2216 2222 2249 2278 2288 2318 2339 2342 2384 2392 2410 2491 2495 2525 2719 2751 2796 2844 2851 2866 2881 2882 2884 2890 2917 2946 2972 2975 3000 
70	18	18	1	2 14 28 29 48 50 53 163 166 182 196 241 245 252 275 318 328 346 357 387 432 439 441 442 449 453 466 551 553 596 618 674 776 793 834 846 852 939 997 1006 1027 1072 1096 1102 1111 1192 1252 1263 1264 1316 1325 1331 1355 1356 1384 1385 1397 1443 1455 1467 1487 1489 1493 1495 1507 1539 1577 1629 1675 1684 1701 1706 1739 1785 1835 1904 1907 1917 1940 1945 1973 1990 1994 2050 2102 2140 2152 2153 2203 2294 2327 2329 2338 2349 2366 2391 2423 2449 2455 2460 2469 2502 2522 2524 2549 2555 2567 2573 2581 2616 2653 2666 2741 2764 2767 2802 2866 2868 2883 2907 2919 2950 2966 2993 2999 
71	16	49	7	3 90 155 156 158 180 192 211 218 222 293 325 338 450 491 578 651 670 694 699 725 738 742 785 824 851 924 959 965 968 969 1005 1008 1039 1054 1056 1098 1157 1171 1356 1359 1368 1400 1410 1438 1458 1549 1550 1591 1617 1671 1729 1741 1746 1765 1909 1913 1937 1979 2071 2132 2144 2250 2269 2313 2326 2368 2380 2419 2457 2459 2468 2480 2498 2591 2645 2659 2683 2684 2687 2698 2712 2762 2763 2800 2821 2860 2894 2923 2953 
72	5	8	7	26 38 62 84 125 131 181 237 262 266 281 315 318 349 361 435 502 516 531 611 631 667 706 723 743 760 790 811 822 838 859 868 880 931 990 995 1000 1004 1014 1059 1092 1112 1119 1147 1158 1162 1177 1189 1190 1198 1224 1225 1275 1298 1350 1402 1429 1496 1508 1521 1527 1554 1688 1708 1724 1728 1744 1757 1763 1802 1813 1834 1870 1881 1967 2049 2054 2104 2142 2152 2193 2227 2233 2251 2329 2332 2350 2353 2355 2483 2489 2579 2582 2598 2602 2613 2632 2649 2691 2692 2753 2777 2780 2789 2799 2886 2926 2928 2947 2963 2986 2990 
73	5	35	5	52 89 179 225 235 240 242 256 354 373 379 407 433 444 464 471 509 514 694 748 780 813 821 875 916 976 1023 1033 1035 1077 1106 1130 1139 1226 1236 1276 1306 1313 1349 1360 1396 1407 1417 1482 1484 1493 1505 1525 1535 1577 1626 1633 1661 1686 1707 1729 1735 1785 1821 1885 1905 1921 1926 1991 2063 2066 2079 2089 2110 2136 2185 2226 2280 2292 2389 2400 2407 2452 2481 2499 2540 2561 2562 2603 2653 2686 2700 2725 2763 2858 2866 2885 2898 2901 2922 2955 2978 
74	16	11	1	56 124 137 141 161 170 229 265 297 312 329 347 390 474 572 574 589 605 696 699 802 903 918 941 944 966 982 1036 1050 1131 1228 1237 1243 1328 1358 1392 1451 1462 1466 1473 1540 1552 1583 1595 1599 1622 1625 1647 1715 1759 1774 1842 1843 1919 1957 1964 1986 1988 2002 2044 2053 2072 2093 2104 2190 2211 2228 2276 2361 2378 2388 2402 2403 2425 2484 2499 2531 2584 2629 2630 2633 2634 2663 2673 2722 2733 2738 2745 2774 2812 2815 2832 2981 2986 
75	16	49	4	71 126 152 178 235 271 293 317 342 371 392 399 414 438 449 452 537 544 552 554 581 613 629 633 648 657 665 669 670 693 743 765 774 785 787 789 797 855 859 878 897 967 1020 1021 1131 1156 1169 1173 1199 1204 1209 1291 1332 1413 1419 1433 1471 1509 1547 1599 1608 1629 1649 1716 1721 1758 1762 1780 1820 1845 1846 1862 1899 1972 1976 1995 2033 2099 2153 2159 2200 2207 2258 2278 2307 2311 2379 2422 2533 2566 2604 2634 2673 2678 2680 2691 2703 2704 2719 2766 2771 2828 2831 2839 2853 2892 2957 2972 2974 
76	19	16	1	31 55 57 85 95 106 113 123 139 146 151 219 237 294 322 367 377 407 412 419 723 786 818 836 843 898 923 940 946 965 969 979 1053 1066 1069 1076 1115 1119 1134 1172 1202 1203 1250 1254 1270 1329 1343 1346 1349 1381 1519 1527 1531 1549 1558 1613 1614 1618 1628 1655 1694 1813 1853 1872 1892 1933 1974 1981 2013 2048 2075 2099 2180 2210 2235 2246 2363 2370 2379 2398 2480 2481 2701 2724 2730 2768 2781 2793 2798 2821 2836 2867 2895 2905 2914 2932 
77	10	40	5	31 74 82 117 127 137 143 178 217 218 223 233 279 286 318 356 392 396 406 429 477 483 488 516 548 605 618 627 651 711 754 771 784 798 817 824 827 929 945 988 1018 1029 1081 1100 1114 1166 1202 1227 1323 1355 1363 1434 1440 1443 1530 1552 1572 1627 1690 1698 1705 1725 1810 1835 1863 1867 1956 1983 2002 2019 2068 2115 2144 2168 2183 2193 2215 2302 2341 2408 2445 2456 2490 2515 2517 2578 2600 2607 2616 2630 2644 2651 2654 2754 2755 2759 2830 2839 2843 2868 2871 2963 2971 
78	4	4	6	17 21 58 59 92 134 177 195 198 266 272 296 312 340 345 375 513 551 601 611 664 672 716 767 779 780 813 913 934 945 966 1099 1125 1133 1149 1156 1184 1230 1244 1260 1291 1328 1402 1432 1469 1497 1511 1520 1532 1566 1568 1576 1584 1589 1614 1673 1689 1707 1750 1782 1790 1794 1814 1819 1838 1912 1961 1979 2005 2010 2082 2097 2143 2188 2229 2269 2283 2293 2353 2427 2431 2496 2529 2536 2558 2601 2610 2676 2695 2697 2787 2795 2804 2855 2898 2938 2957 2979 2991 2995 
79	5	7	1	9 15 23 32 37 40 105 112 117 125 145 156 176 194 195 203 209 238 248 260 296 388 425 539 610 693 731 736 773 825 870 933 996 1030 1039 1056 1063 1070 1092 1123 1161 1168 1212 1227 1253 1259 1282 1305 1374 1446 1533 1551 1572 1587 1588 1667 1681 1700 1735 1745 1747 1820 1826 1895 1912 1928 1952 1956 2011 2031 2036 2061 2082 2139 2145 2175 2225 2229 2236 2273 2274 2308 2321 2322 2381 2421 2432 2436 2444 2538 2539 2568 2587 2713 2726 2820 2833 2838 2860 2921 2980 2994 3000 
80	6	24	4	20 38 66 95 106 112 123 203 242 259 270 290 294 344 347 356 366 373 395 398 453 488 524 541 578 598 608 627 639 758 766 771 782 806 867 927 998 1018 1025 1068 1168 1182 1227 1228 1265 1360 1403 1429 1501 1526 1535 1618 1648 1679 1680 1687 1712 1719 1890 1892 1916 1920 1942 1983 1992 2010 2017 2038 2105 2237 2300 2327 2343 2384 2457 2482 2507 2525 2529 2550 2630 2631 2646 2652 2674 2755 2783 2797 2804 2827 2849 2975 2991 
81	10	5	4	1 32 109 113 121 142 190 196 215 219 227 239 244 369 372 420 436 497 538 616 647 710 728 779 853 861 916 961 982 1022 1060 1063 1097 1100 1102 1111 1122 1124 1143 1145 1155 1224 1241 1270 1281 1283 1340 1365 1381 1416 1425 1428 1496 1536 1602 1615 1628 1694 1736 1738 1761 1769 1778 1781 1792 1815 1878 1891 1915 1939 1948 1973 1998 2049 2059 2086 2187 2201 2208 2215 2317 2333 2421 2426 2448 2453 2467 2486 2505 2506 2510 2527 2536 2547 2552 2598 2621 2657 2694 2723 2779 2805 2815 2843 2860 2871 2878 2888 2919 2944 2987 
82	17	14	6	47 52 90 139 214 220 230 234 250 301 303 325 329 331 355 360 383 484 491 524 554 579 591 605 608 634 675 708 719 721 772 773 778 822 901 925 967 1079 1089 1164 1176 1189 1252 1288 1312 1379 1396 1420 1475 1517 1536 1540 1564 1580 1634 1652 1658 1688 1723 1749 1779 1810 1816 1818 1887 1916 1934 2014 2070 2151 2170 2201 2250 2286 2305 2328 2345 2359 2395 2397 2419 2425 2428 2435 2545 2596 2604 2614 2626 2684 2720 2756 2767 2864 
83	19	24	2	18 81 83 96 133 211 267 279 286 301 316 329 348 459 469 511 526 596 620 710 730 793 805 881 910 919 932 937 947 953 977 1067 1072 1120 1127 1142 1151 1180 1182 1183 1185 1194 1221 1294 1308 1317 1344 1408 1411 1419 1426 1431 1451 1514 1563 1686 1690 1693 1764 1789 1822 1839 1845 1889 1920 1960 2095 2112 2134 2138 2185 2211 2255 2261 2473 2530 2541 2545 2582 2625 2634 2643 2667 2703 2708 2718 2842 2857 2881 2884 2902 2907 2909 2911 2942 2960 2975 2985 
84	11	50	5	1 8 45 46 49 85 98 104 133 206 211 222 250 269 316 317 349 390 403 428 446 457 501 534 540 553 555 567 625 667 688 745 836 858 898 928 932 967 987 1103 1115 1116 1121 1174 1197 1199 1235 1265 1296 1356 1375 1458 1526 1680 1719 1769 1895 1922 1924 1943 2007 2056 2101 2107 2124 2139 2282 2305 2376 2412 2430 2571 2573 2577 2584 2587 2605 2638 2664 2665 2685 2732 2750 2762 2777 2780 2791 2797 2834 2874 2876 2923 2968 2993 2994 
85	16	11	6	7 24 33 66 75 76 154 161 188 233 236 280 334 359 409 436 445 454 466 473 476 485 500 542 618 637 651 714 843 854 876 892 908 990 1023 1025 1043 1205 1237 1264 1325 1334 1337 1341 1422 1436 1446 1510 1545 1606 1702 1726 1768 1823 1862 1873 1875 1888 1942 1960 2046 2073 2155 2193 2207 2211 2267 2308 2310 2315 2337 2340 2390 2407 2413 2477 2505 2509 2513 2547 2637 2711 2721 2735 2744 2820 2836 2894 2940 
86	17	44	1	16 65 71 78 82 201 224 235 287 300 302 306 345 354 372 434 451 472 535 554 555 677 722 813 847 848 896 900 907 920 970 1002 1073 1080 1083 1110 1116 1121 1186 1188 1234 1273 1283 1312 1335 1371 1425 1484 1537 1641 1712 1731 1752 1786 1795 1845 1894 1922 1927 2005 2039 2046 2056 2067 2125 2196 2197 2227 2241 2272 2318 2332 2334 2415 2431 2452 2478 2488 2642 2669 2691 2719 2761 2765 2776 2813 2814 2824 2863 2943 
87	13	2	7	14 16 100 184 213 238 272 289 332 350 355 368 370 401 470 500 506 525 551 554 556 592 598 615 633 660 664 668 675 701 763 787 795 796 823 844 875 876 878 913 938 952 985 994 1042 1075 1129 1148 1163 1204 1260 1278 1397 1411 1441 1445 1453 1455 1461 1464 1474 1475 1486 1491 1541 1548 1555 1560 1561 1653 1664 1666 1672 1715 1812 1826 1837 1844 1857 1878 1879 1895 1915 1972 1986 1994 2020 2026 2031 2070 2099 2111 2123 2134 2135 2146 2166 2209 2287 2325 2336 2408 2422 2424 2428 2435 2477 2491 2644 2662 2722 2731 2740 2781 2813 2823 2837 2840 2887 2937 2951 2962 
88	18	42	8	6 37 99 109 133 160 206 208 247 266 284 342 344 365 386 391 460 519 536 550 568 570 619 641 678 696 735 746 748 771 807 812 1036 1044 1059 1091 1104 1129 1132 1152 1170 1180 1196 1213 1276 1289 1301 1323 1325 1334 1354 1364 1411 1435 1437 1448 1463 1481 1482 1519 1583 1602 1616 1625 1651 1671 1714 1743 1764 1775 1786 1818 1844 1852 1935 1982 1984 2021 2052 2066 2067 2074 2096 2118 2183 2200 2215 2223 2263 2264 2317 2368 2380 2395 2396 2447 2520 2581 2633 2641 2662 2678 2706 2716 2737 2773 2793 2825 2859 2895 2918 2927 2940 2959 2963 2984 
89	18	31	7	11 18 33 34 48 89 91 102 126 154 182 258 274 309 322 333 365 384 385 410 440 448 452 456 526 528 533 562 563 604 614 669 673 711 766 788 806 829 839 872 937 964 986 1037 1057 1063 1173 1180 1216 1223 1235 1250 1334 1336 1351 1353 1357 1375 1386 1437 1522 1537 1620 1732 1753 1768 1781 1782 1850 1854 1876 1887 1920 1925 1933 1936 1966 2055 2057 2074 2091 2126 2129 2167 2175 2200 2244 2266 2289 2298 2335 2348 2410 2412 2415 2439 2460 2462 2474 2497 2600 2609 2611 2651 2675 2710 2718 2807 2809 2816 2822 2832 2902 2915 2944 2946 2956 2966 2987 
90	10	32	6	26 124 182 226 254 260 263 270 283 297 328 371 377 398 418 449 492 562 590 659 676 690 697 698 755 758 776 820 825 840 865 868 892 896 911 914 932 969 981 1011 1088 1090 1127 1151 1153 1155 1163 1187 1307 1321 1362 1388 1398 1414 1440 1443 1445 1452 1473 1514 1519 1555 1603 1642 1661 1687 1695 1725 1734 1832 1855 1860 1928 1955 1969 1970 2032 2080 2112 2123 2141 2147 2164 2216 2325 2373 2376 2384 2388 2405 2421 2439 2457 2485 2546 2556 2557 2607 2608 2648 2891 2893 2942 
91	19	23	5	28 67 101 144 198 221 257 280 309 359 367 384 401 422 455 459 469 496 505 513 566 569 590 629 687 728 731 769 791 793 802 816 862 877 880 885 943 1056 1073 1124 1125 1126 1136 1156 1200 1225 1229 1239 1354 1384 1406 1416 1483 1519 1598 1620 1704 1755 1791 1795 1805 1806 1827 1845 1847 1904 1995 2021 2024 2042 2058 2065 2111 2127 2128 2196 2210 2295 2296 2349 2417 2494 2527 2550 2566 2631 2672 2677 2719 2776 2816 2823 2833 2842 2848 2877 2883 2924 2936 2946 2979 
92	4	33	3	29 90 135 148 154 191 206 216 226 232 358 416 460 479 483 553 584 639 640 643 689 699 701 716 755 780 813 841 875 887 935 975 1052 1055 1066 1122 1129 1192 1208 1233 1235 1302 1338 1367 1416 1428 1434 1488 1537 1590 1593 1636 1679 1722 1737 1761 1840 1901 1902 1938 1984 2029 2037 2071 2090 2093 2113 2143 2162 2171 2177 2235 2299 2311 2312 2314 2321 2341 2396 2418 2430 2487 2532 2582 2663 2716 2737 2770 2815 2826 2846 2850 2921 2953 2996 
93	6	21	6	50 56 72 80 109 185 217 284 319 352 406 408 472 502 516 517 555 574 581 606 661 699 700 706 736 852 917 931 950 952 956 961 1081 1222 1324 1411 1439 1454 1500 1524 1551 1552 1647 1656 1684 1703 1712 1713 1728 1767 1773 1791 1804 1808 1822 1859 1883 1896 1932 1974 1997 2019 2033 2081 2114 2172 2189 2253 2261 2319 2368 2463 2464 2465 2482 2508 2528 2533 2568 2599 2631 2640 2660 2675 2727 2743 2755 2757 2765 2793 2802 2829 2889 2912 2920 2927 2948 2999 
94	10	37	7	4 8 9 42 164 177 190 206 256 279 383 391 458 459 479 541 653 727 770 789 792 832 847 900 905 929 1036 1087 1135 1138 1139 1169 1242 1281 1289 1320 1340 1378 1460 1472 1545 1573 1579 1590 1614 1689 1706 1773 1789 1790 1804 1805 1866 1877 1928 1948 1987 2016 2045 2092 2120 2128 2158 2198 2230 2231 2285 2347 2360 2361 2384 2437 2451 2493 2505 2509 2516 2552 2561 2566 2690 2696 2708 2717 2760 2766 2767 2824 2835 2863 
95	17	20	2	21 60 147 153 166 169 214 221 231 239 254 261 305 352 393 400 440 468 521 525 616 645 661 717 763 906 912 940 996 999 1057 1062 1136 1137 1146 1213 1280 1339 1349 1359 1371 1379 1454 1501 1549 1553 1573 1615 1638 1650 1672 1702 1736 1773 1775 1811 1907 1921 1929 1944 1964 2035 2039 2062 2144 2169 2177 2204 2212 2247 2282 2306 2307 2345 2352 2439 2440 2466 2467 2485 2489 2529 2554 2624 2637 2655 2660 2735 2748 2753 2795 2831 2861 2968 
96	17	38	4	29 30 72 75 80 93 94 103 128 134 139 200 205 212 213 267 326 330 341 370 375 402 468 539 559 571 615 650 676 682 703 721 724 742 767 798 808 889 1004 1016 1028 1034 1052 1069 1085 1120 1125 1158 1172 1202 1308 1311 1376 1400 1410 1448 1478 1479 1493 1503 1586 1631 1659 1686 1699 1701 1771 1777 1798 1856 1860 1885 1926 1932 2042 2050 2087 2097 2107 2133 2202 2206 2212 2257 2279 2429 2436 2442 2452 2475 2487 2503 2531 2559 2616 2642 2663 2705 2716 2735 2769 2868 2903 2913 2923 2950 2970 2989 
97	6	21	3	39 75 134 188 230 284 285 334 371 393 399 404 410 427 453 511 531 624 665 683 685 702 729 739 805 812 829 851 871 951 958 968 1008 1020 1035 1043 1079 1092 1124 1165 1171 1181 1221 1270 1290 1357 1361 1462 1486 1555 1589 1602 1630 1651 1660 1662 1718 1724 1741 1823 1826 1848 1869 1876 1877 1900 1950 1991 2103 2108 2109 2116 2123 2165 2189 2278 2323 2352 2378 2434 2450 2451 2464 2489 2493 2508 2525 2530 2560 2574 2621 2675 2713 2771 2789 2804 2820 2828 2833 2888 2910 2940 2945 2950 2951 
98	11	6	4	26 68 73 124 136 176 272 295 327 332 364 404 405 437 441 486 493 506 510 568 569 576 620 624 649 713 738 783 870 939 976 996 1024 1175 1248 1277 1303 1343 1354 1373 1389 1398 1402 1420 1424 1461 1492 1494 1565 1570 1582 1644 1647 1673 1690 1707 1732 1770 1775 1842 2015 2025 2064 2119 2122 2135 2290 2297 2365 2385 2398 2567 2577 2584 2606 2638 2667 2759 2790 2823 2829 2832 2857 2904 2924 2939 2945 2947 2968 2986 
99	6	23	7	49 57 59 67 70 129 147 175 185 207 232 261 303 331 466 485 518 520 521 570 588 618 628 637 650 679 680 812 825 830 899 992 1009 1017 1066 1115 1126 1145 1150 1152 1174 1178 1183 1210 1259 1301 1302 1319 1330 1380 1393 1401 1432 1448 1467 1517 1542 1563 1589 1667 1720 1727 1731 1733 1800 1848 1863 1886 1910 1974 1989 2005 2063 2065 2078 2131 2154 2169 2172 2178 2192 2254 2308 2318 2356 2363 2373 2414 2443 2504 2515 2570 2577 2630 2639 2652 2694 2720 2724 2733 2756 2768 2801 2830 2836 2845 2896 2901 2948 2998 
100	17	20	5	43 69 122 148 155 166 174 204 207 226 278 319 343 350 366 369 394 404 419 425 463 542 564 578 580 610 623 636 647 648 652 698 737 759 811 835 871 911 914 918 949 974 995 1001 1036 1038 1061 1102 1104 1128 1287 1303 1307 1318 1369 1382 1393 1426 1430 1499 1511 1575 1614 1623 1636 1678 1699 1706 1760 1772 1797 1802 1808 1823 1892 1935 2035 2053 2070 2085 2244 2270 2279 2344 2472 2495 2519 2564 2668 2669 2683 2704 2723 2745 2746 2748 2775 2827 2841 2875 2879 2942 2985 2991 
