Class Times	8
Rooms	20
1	600
2	580
3	519
4	207
5	522
6	411
7	49
8	51
9	827
10	55
11	637
12	805
13	765
14	820
15	113
16	58
17	699
18	943
19	92
20	941
Classes	80
Teachers	40
1	10
2	6
3	23
4	38
5	4
6	29
7	28
8	7
9	15
10	10
11	23
12	25
13	12
14	33
15	7
16	3
17	40
18	9
19	39
20	28
21	2
22	20
23	1
24	26
25	2
26	31
27	13
28	40
29	36
30	9
31	20
32	11
33	26
34	13
35	24
36	31
37	29
38	32
39	21
40	18
41	19
42	18
43	39
44	19
45	16
46	22
47	5
48	11
49	16
50	25
51	1
52	27
53	35
54	37
55	17
56	8
57	30
58	27
59	34
60	33
61	38
62	15
63	37
64	32
65	8
66	24
67	30
68	35
69	36
70	21
71	4
72	6
73	12
74	22
75	14
76	17
77	34
78	5
79	3
80	14
