Class Times	8
Rooms	20
1	105
2	860
3	684
4	728
5	710
6	965
7	331
8	332
9	297
10	969
11	834
12	803
13	50
14	232
15	501
16	424
17	374
18	102
19	664
20	628
Classes	80
Teachers	40
1	19
2	14
3	39
4	5
5	17
6	27
7	21
8	10
9	37
10	15
11	23
12	11
13	2
14	28
15	33
16	7
17	12
18	25
19	35
20	24
21	35
22	37
23	24
24	12
25	34
26	17
27	9
28	22
29	11
30	7
31	16
32	38
33	13
34	19
35	20
36	23
37	13
38	27
39	3
40	21
41	28
42	16
43	40
44	29
45	6
46	4
47	38
48	1
49	31
50	4
51	1
52	2
53	39
54	25
55	29
56	6
57	15
58	31
59	34
60	14
61	22
62	10
63	36
64	26
65	9
66	8
67	40
68	26
69	5
70	30
71	3
72	8
73	18
74	32
75	30
76	36
77	20
78	33
79	18
80	32
