Class Times	8
Rooms	20
1	901
2	895
3	573
4	380
5	96
6	970
7	71
8	672
9	181
10	574
11	950
12	911
13	282
14	776
15	916
16	215
17	33
18	312
19	608
20	603
Classes	80
Teachers	40
1	20
2	39
3	28
4	3
5	10
6	25
7	39
8	8
9	38
10	36
11	33
12	26
13	4
14	38
15	9
16	23
17	31
18	24
19	10
20	16
21	8
22	5
23	36
24	16
25	19
26	4
27	27
28	12
29	2
30	11
31	24
32	14
33	32
34	5
35	7
36	26
37	32
38	6
39	28
40	31
41	37
42	9
43	37
44	25
45	19
46	14
47	7
48	17
49	30
50	12
51	29
52	35
53	13
54	21
55	3
56	33
57	29
58	13
59	17
60	22
61	1
62	2
63	30
64	20
65	18
66	6
67	23
68	18
69	35
70	34
71	21
72	22
73	15
74	34
75	27
76	40
77	1
78	15
79	11
80	40
