Class Times	8
Rooms	20
1	872
2	952
3	912
4	50
5	722
6	100
7	663
8	254
9	118
10	97
11	405
12	197
13	605
14	687
15	734
16	805
17	434
18	153
19	826
20	917
Classes	80
Teachers	40
1	9
2	31
3	20
4	36
5	24
6	40
7	33
8	27
9	33
10	22
11	18
12	30
13	14
14	29
15	32
16	1
17	25
18	21
19	35
20	37
21	25
22	15
23	9
24	14
25	4
26	17
27	20
28	27
29	2
30	24
31	5
32	39
33	16
34	10
35	3
36	13
37	22
38	15
39	4
40	12
41	32
42	8
43	3
44	28
45	34
46	36
47	12
48	19
49	23
50	7
51	5
52	40
53	6
54	38
55	35
56	2
57	21
58	11
59	38
60	28
61	30
62	26
63	19
64	8
65	6
66	1
67	37
68	39
69	26
70	11
71	16
72	31
73	23
74	10
75	7
76	29
77	17
78	18
79	13
80	34
