Class Times	8
Rooms	20
1	612
2	199
3	946
4	302
5	375
6	494
7	987
8	771
9	982
10	304
11	124
12	188
13	67
14	250
15	807
16	841
17	998
18	374
19	286
20	31
Classes	80
Teachers	40
1	14
2	33
3	19
4	4
5	23
6	15
7	29
8	34
9	39
10	35
11	18
12	24
13	4
14	19
15	38
16	30
17	10
18	13
19	12
20	21
21	29
22	32
23	23
24	6
25	6
26	14
27	10
28	13
29	25
30	36
31	37
32	11
33	18
34	22
35	34
36	40
37	8
38	31
39	27
40	32
41	9
42	24
43	3
44	37
45	16
46	35
47	27
48	1
49	3
50	39
51	7
52	11
53	36
54	26
55	17
56	1
57	22
58	38
59	17
60	2
61	9
62	15
63	20
64	16
65	40
66	5
67	26
68	25
69	30
70	5
71	28
72	2
73	21
74	20
75	33
76	7
77	28
78	12
79	31
80	8
