Class Times	10
Rooms	150
1	756
2	385
3	474
4	681
5	171
6	116
7	590
8	963
9	82
10	866
11	972
12	769
13	457
14	621
15	525
16	501
17	72
18	256
19	924
20	152
21	655
22	66
23	784
24	86
25	545
26	228
27	914
28	244
29	835
30	940
31	42
32	561
33	565
34	681
35	507
36	716
37	351
38	291
39	131
40	966
41	170
42	122
43	376
44	833
45	493
46	481
47	328
48	89
49	698
50	619
51	668
52	465
53	879
54	423
55	179
56	215
57	857
58	442
59	361
60	718
61	677
62	711
63	406
64	264
65	506
66	842
67	986
68	864
69	55
70	833
71	256
72	990
73	797
74	943
75	618
76	387
77	210
78	384
79	502
80	229
81	63
82	562
83	615
84	877
85	227
86	146
87	742
88	692
89	887
90	658
91	672
92	813
93	757
94	486
95	694
96	226
97	882
98	878
99	618
100	875
101	415
102	843
103	856
104	816
105	161
106	714
107	590
108	174
109	187
110	265
111	494
112	312
113	504
114	357
115	694
116	306
117	937
118	875
119	613
120	221
121	793
122	945
123	542
124	910
125	355
126	27
127	720
128	594
129	512
130	976
131	917
132	82
133	965
134	979
135	56
136	666
137	965
138	722
139	491
140	587
141	492
142	894
143	394
144	276
145	915
146	324
147	515
148	101
149	385
150	190
Classes	100
Teachers	50
1	49
2	12
3	33
4	42
5	30
6	34
7	2
8	45
9	22
10	48
11	31
12	34
13	42
14	19
15	38
16	41
17	35
18	49
19	1
20	21
21	7
22	11
23	23
24	40
25	20
26	3
27	11
28	19
29	1
30	17
31	38
32	31
33	3
34	17
35	20
36	4
37	10
38	27
39	33
40	10
41	29
42	41
43	4
44	30
45	23
46	2
47	28
48	29
49	7
50	26
51	50
52	44
53	32
54	32
55	15
56	36
57	15
58	44
59	21
60	26
61	13
62	9
63	47
64	16
65	36
66	47
67	22
68	46
69	13
70	9
71	50
72	27
73	24
74	16
75	37
76	14
77	39
78	25
79	46
80	14
81	48
82	8
83	40
84	28
85	5
86	18
87	8
88	25
89	45
90	37
91	43
92	5
93	6
94	6
95	35
96	24
97	39
98	43
99	12
100	18
