Class Times	10
Rooms	150
1	991
2	804
3	733
4	185
5	448
6	401
7	905
8	931
9	535
10	678
11	330
12	652
13	455
14	422
15	185
16	340
17	400
18	376
19	112
20	999
21	642
22	463
23	191
24	258
25	180
26	862
27	485
28	32
29	258
30	111
31	997
32	229
33	417
34	35
35	442
36	323
37	714
38	853
39	410
40	588
41	936
42	903
43	203
44	686
45	285
46	730
47	34
48	975
49	524
50	311
51	851
52	959
53	109
54	916
55	814
56	792
57	996
58	761
59	731
60	213
61	917
62	192
63	384
64	692
65	918
66	477
67	934
68	912
69	731
70	79
71	453
72	30
73	293
74	40
75	800
76	125
77	798
78	839
79	810
80	960
81	735
82	874
83	958
84	136
85	179
86	76
87	220
88	59
89	744
90	118
91	389
92	806
93	873
94	282
95	99
96	805
97	188
98	166
99	970
100	237
101	469
102	397
103	377
104	968
105	429
106	786
107	242
108	955
109	466
110	50
111	346
112	114
113	853
114	579
115	255
116	901
117	534
118	544
119	300
120	146
121	332
122	568
123	198
124	433
125	859
126	221
127	666
128	617
129	562
130	720
131	807
132	61
133	464
134	175
135	419
136	540
137	926
138	275
139	614
140	785
141	409
142	910
143	768
144	724
145	412
146	405
147	906
148	75
149	144
150	301
Classes	100
Teachers	50
1	37
2	43
3	39
4	34
5	27
6	45
7	6
8	5
9	22
10	28
11	2
12	28
13	41
14	35
15	48
16	5
17	13
18	50
19	31
20	9
21	17
22	16
23	10
24	10
25	2
26	3
27	8
28	18
29	8
30	20
31	43
32	23
33	42
34	4
35	49
36	20
37	9
38	29
39	18
40	13
41	45
42	44
43	40
44	15
45	21
46	19
47	25
48	48
49	42
50	16
51	37
52	29
53	34
54	6
55	47
56	40
57	33
58	38
59	38
60	23
61	15
62	19
63	33
64	36
65	4
66	39
67	24
68	25
69	24
70	44
71	22
72	46
73	12
74	30
75	12
76	32
77	26
78	27
79	17
80	26
81	35
82	36
83	47
84	41
85	30
86	21
87	1
88	31
89	3
90	11
91	14
92	50
93	46
94	32
95	1
96	49
97	11
98	7
99	7
100	14
