Class Times	10
Rooms	150
1	831
2	980
3	288
4	651
5	51
6	151
7	992
8	70
9	920
10	164
11	656
12	991
13	81
14	136
15	225
16	127
17	178
18	434
19	471
20	148
21	905
22	908
23	751
24	265
25	805
26	785
27	845
28	269
29	90
30	888
31	149
32	35
33	876
34	704
35	819
36	526
37	448
38	959
39	17
40	109
41	885
42	932
43	351
44	814
45	695
46	740
47	140
48	233
49	986
50	860
51	542
52	162
53	623
54	94
55	193
56	384
57	894
58	456
59	882
60	698
61	218
62	668
63	530
64	222
65	572
66	486
67	878
68	998
69	992
70	510
71	395
72	687
73	256
74	741
75	846
76	479
77	931
78	603
79	807
80	626
81	172
82	265
83	606
84	678
85	146
86	374
87	733
88	981
89	553
90	154
91	350
92	400
93	461
94	423
95	252
96	382
97	215
98	479
99	343
100	419
101	705
102	404
103	92
104	558
105	938
106	832
107	966
108	72
109	990
110	924
111	488
112	410
113	560
114	551
115	276
116	699
117	96
118	443
119	70
120	222
121	181
122	339
123	349
124	583
125	213
126	682
127	421
128	873
129	595
130	31
131	903
132	679
133	969
134	828
135	254
136	893
137	424
138	415
139	838
140	315
141	561
142	760
143	70
144	229
145	542
146	702
147	825
148	670
149	193
150	874
Classes	100
Teachers	50
1	46
2	50
3	5
4	47
5	47
6	38
7	8
8	40
9	15
10	25
11	48
12	40
13	35
14	15
15	35
16	44
17	41
18	6
19	12
20	41
21	10
22	7
23	29
24	45
25	28
26	36
27	26
28	14
29	45
30	5
31	29
32	20
33	33
34	20
35	22
36	42
37	7
38	14
39	1
40	17
41	33
42	31
43	23
44	39
45	22
46	44
47	37
48	36
49	38
50	48
51	23
52	2
53	8
54	32
55	26
56	12
57	24
58	31
59	16
60	34
61	4
62	43
63	1
64	34
65	2
66	3
67	37
68	13
69	16
70	32
71	18
72	17
73	42
74	50
75	11
76	30
77	39
78	25
79	30
80	46
81	24
82	11
83	4
84	49
85	3
86	43
87	21
88	19
89	21
90	27
91	13
92	18
93	28
94	49
95	6
96	27
97	10
98	19
99	9
100	9
