Class Times	10
Rooms	150
1	645
2	774
3	684
4	467
5	802
6	627
7	962
8	830
9	204
10	670
11	90
12	755
13	413
14	387
15	665
16	636
17	977
18	895
19	145
20	151
21	789
22	687
23	839
24	668
25	887
26	226
27	32
28	34
29	869
30	601
31	888
32	731
33	978
34	24
35	158
36	184
37	447
38	188
39	37
40	982
41	434
42	210
43	923
44	545
45	835
46	646
47	890
48	677
49	614
50	304
51	208
52	174
53	734
54	309
55	231
56	605
57	356
58	525
59	257
60	270
61	422
62	55
63	189
64	359
65	487
66	700
67	628
68	36
69	708
70	333
71	495
72	237
73	240
74	647
75	698
76	136
77	964
78	681
79	856
80	620
81	796
82	66
83	578
84	548
85	429
86	606
87	84
88	535
89	705
90	529
91	723
92	715
93	874
94	259
95	727
96	949
97	263
98	92
99	871
100	822
101	517
102	710
103	671
104	582
105	309
106	944
107	822
108	423
109	389
110	815
111	402
112	672
113	129
114	395
115	204
116	434
117	347
118	485
119	882
120	562
121	64
122	588
123	595
124	105
125	946
126	67
127	669
128	677
129	779
130	990
131	365
132	322
133	58
134	911
135	970
136	859
137	757
138	381
139	910
140	337
141	45
142	599
143	879
144	968
145	585
146	933
147	557
148	805
149	927
150	112
Classes	100
Teachers	50
1	4
2	47
3	16
4	44
5	42
6	40
7	27
8	25
9	8
10	25
11	42
12	48
13	43
14	12
15	44
16	40
17	22
18	33
19	37
20	4
21	18
22	50
23	34
24	33
25	2
26	15
27	18
28	47
29	8
30	28
31	7
32	3
33	27
34	48
35	49
36	26
37	6
38	7
39	3
40	11
41	10
42	38
43	29
44	6
45	38
46	46
47	26
48	30
49	23
50	37
51	11
52	10
53	5
54	9
55	5
56	2
57	16
58	28
59	35
60	39
61	34
62	22
63	13
64	50
65	32
66	1
67	41
68	15
69	1
70	46
71	9
72	19
73	35
74	31
75	29
76	36
77	32
78	43
79	21
80	14
81	41
82	14
83	24
84	13
85	20
86	12
87	30
88	23
89	20
90	39
91	21
92	31
93	45
94	49
95	36
96	45
97	19
98	17
99	24
100	17
