Class Times	10
Rooms	150
1	840
2	345
3	988
4	866
5	411
6	379
7	403
8	337
9	372
10	745
11	534
12	919
13	185
14	849
15	537
16	208
17	367
18	605
19	635
20	428
21	403
22	364
23	387
24	156
25	163
26	317
27	50
28	350
29	196
30	647
31	406
32	371
33	365
34	537
35	878
36	550
37	496
38	368
39	957
40	800
41	749
42	919
43	553
44	597
45	156
46	531
47	581
48	419
49	235
50	927
51	374
52	733
53	141
54	744
55	318
56	194
57	23
58	734
59	667
60	964
61	196
62	950
63	676
64	880
65	89
66	888
67	812
68	921
69	187
70	708
71	468
72	494
73	462
74	507
75	924
76	374
77	508
78	974
79	835
80	166
81	708
82	916
83	929
84	84
85	827
86	306
87	70
88	246
89	211
90	482
91	341
92	11
93	174
94	770
95	878
96	175
97	479
98	899
99	322
100	615
101	173
102	570
103	654
104	761
105	874
106	750
107	650
108	527
109	919
110	107
111	375
112	555
113	387
114	149
115	637
116	556
117	362
118	575
119	164
120	882
121	152
122	330
123	412
124	686
125	546
126	650
127	25
128	426
129	640
130	872
131	872
132	444
133	664
134	306
135	599
136	39
137	53
138	481
139	161
140	608
141	676
142	282
143	36
144	889
145	496
146	858
147	609
148	336
149	818
150	619
Classes	100
Teachers	50
1	16
2	4
3	15
4	6
5	16
6	7
7	9
8	29
9	18
10	45
11	11
12	4
13	25
14	23
15	25
16	40
17	13
18	29
19	11
20	14
21	31
22	49
23	22
24	12
25	45
26	5
27	22
28	26
29	13
30	43
31	50
32	15
33	2
34	47
35	28
36	9
37	8
38	38
39	7
40	37
41	6
42	17
43	34
44	32
45	35
46	36
47	33
48	37
49	35
50	1
51	48
52	5
53	14
54	50
55	17
56	23
57	38
58	20
59	2
60	32
61	10
62	26
63	12
64	41
65	20
66	43
67	1
68	33
69	27
70	24
71	30
72	39
73	40
74	10
75	27
76	49
77	47
78	48
79	24
80	19
81	44
82	30
83	46
84	21
85	18
86	41
87	34
88	44
89	46
90	8
91	42
92	28
93	21
94	36
95	39
96	19
97	42
98	31
99	3
100	3
