Class Times	10
Rooms	150
1	432
2	272
3	718
4	467
5	749
6	801
7	935
8	139
9	167
10	455
11	306
12	265
13	949
14	53
15	202
16	189
17	194
18	775
19	823
20	694
21	119
22	964
23	575
24	696
25	343
26	395
27	479
28	939
29	779
30	743
31	99
32	81
33	297
34	648
35	747
36	534
37	357
38	921
39	244
40	496
41	958
42	160
43	651
44	83
45	805
46	832
47	651
48	693
49	225
50	222
51	910
52	402
53	795
54	45
55	180
56	763
57	96
58	584
59	901
60	45
61	439
62	570
63	753
64	959
65	452
66	219
67	738
68	770
69	34
70	918
71	452
72	446
73	833
74	812
75	303
76	52
77	114
78	827
79	944
80	716
81	673
82	102
83	859
84	13
85	73
86	664
87	30
88	498
89	583
90	435
91	696
92	99
93	367
94	868
95	826
96	615
97	947
98	291
99	226
100	37
101	185
102	255
103	257
104	607
105	134
106	84
107	262
108	380
109	883
110	71
111	370
112	593
113	992
114	464
115	528
116	742
117	301
118	832
119	627
120	147
121	487
122	767
123	763
124	178
125	122
126	475
127	561
128	851
129	35
130	304
131	744
132	178
133	301
134	876
135	733
136	489
137	427
138	484
139	53
140	366
141	334
142	356
143	38
144	650
145	842
146	358
147	629
148	729
149	635
150	375
Classes	1200
Teachers	600
1	447
2	87
3	40
4	481
5	84
6	27
7	147
8	569
9	311
10	219
11	24
12	574
13	269
14	54
15	28
16	358
17	555
18	146
19	31
20	380
21	587
22	550
23	347
24	101
25	214
26	388
27	357
28	197
29	248
30	344
31	205
32	100
33	560
34	171
35	58
36	166
37	416
38	225
39	69
40	585
41	215
42	350
43	100
44	157
45	275
46	7
47	288
48	183
49	576
50	193
51	1
52	256
53	537
54	316
55	113
56	368
57	454
58	118
59	521
60	66
61	230
62	303
63	282
64	362
65	560
66	540
67	231
68	503
69	286
70	333
71	400
72	4
73	43
74	452
75	224
76	548
77	327
78	345
79	477
80	422
81	204
82	246
83	434
84	440
85	476
86	68
87	489
88	554
89	46
90	379
91	339
92	527
93	325
94	326
95	214
96	399
97	259
98	436
99	282
100	116
101	174
102	430
103	387
104	459
105	142
106	455
107	93
108	359
109	371
110	130
111	118
112	568
113	487
114	159
115	197
116	71
117	548
118	180
119	367
120	39
121	163
122	526
123	557
124	405
125	439
126	114
127	274
128	153
129	420
130	497
131	575
132	299
133	537
134	236
135	471
136	33
137	449
138	84
139	332
140	393
141	303
142	190
143	202
144	438
145	223
146	529
147	410
148	30
149	435
150	361
151	497
152	533
153	492
154	466
155	80
156	268
157	300
158	110
159	12
160	108
161	341
162	73
163	596
164	307
165	248
166	205
167	269
168	228
169	325
170	516
171	554
172	368
173	320
174	389
175	498
176	200
177	519
178	297
179	534
180	67
181	6
182	68
183	206
184	225
185	238
186	529
187	130
188	4
189	453
190	47
191	213
192	174
193	599
194	229
195	3
196	242
197	19
198	133
199	533
200	477
201	165
202	596
203	70
204	247
205	359
206	216
207	46
208	427
209	570
210	405
211	436
212	565
213	298
214	17
215	162
216	90
217	480
218	316
219	309
220	568
221	170
222	403
223	450
224	330
225	518
226	550
227	61
228	172
229	584
230	78
231	79
232	501
233	547
234	414
235	516
236	449
237	145
238	545
239	528
240	235
241	557
242	162
243	149
244	334
245	478
246	128
247	83
248	536
249	268
250	39
251	49
252	532
253	10
254	456
255	215
256	352
257	514
258	76
259	181
260	5
261	94
262	57
263	522
264	168
265	273
266	241
267	333
268	206
269	61
270	57
271	12
272	340
273	99
274	321
275	26
276	423
277	287
278	378
279	209
280	249
281	35
282	189
283	482
284	437
285	324
286	474
287	157
288	514
289	553
290	455
291	19
292	58
293	261
294	250
295	304
296	145
297	102
298	546
299	42
300	543
301	274
302	583
303	189
304	505
305	416
306	190
307	119
308	170
309	9
310	350
311	37
312	288
313	153
314	600
315	523
316	296
317	188
318	140
319	34
320	399
321	428
322	262
323	127
324	23
325	456
326	260
327	75
328	574
329	358
330	112
331	267
332	186
333	326
334	349
335	94
336	354
337	26
338	228
339	278
340	41
341	338
342	250
343	216
344	158
345	222
346	181
347	433
348	472
349	62
350	297
351	54
352	119
353	570
354	486
355	253
356	138
357	341
358	397
359	253
360	511
361	339
362	166
363	520
364	391
365	482
366	60
367	286
368	360
369	457
370	292
371	22
372	222
373	120
374	59
375	1
376	478
377	44
378	539
379	105
380	53
381	243
382	120
383	103
384	196
385	311
386	122
387	512
388	262
389	447
390	485
391	524
392	301
393	511
394	244
395	238
396	36
397	56
398	422
399	501
400	278
401	38
402	463
403	7
404	564
405	420
406	217
407	169
408	109
409	575
410	6
411	356
412	463
413	332
414	415
415	388
416	173
417	254
418	403
419	123
420	367
421	96
422	33
423	459
424	398
425	558
426	128
427	345
428	277
429	353
430	63
431	343
432	429
433	234
434	56
435	424
436	370
437	204
438	337
439	85
440	417
441	440
442	444
443	139
444	595
445	315
446	10
447	29
448	365
449	239
450	349
451	265
452	207
453	581
454	566
455	479
456	20
457	255
458	410
459	551
460	396
461	142
462	209
463	172
464	342
465	187
466	82
467	251
468	30
469	543
470	364
471	233
472	65
473	254
474	427
475	147
476	249
477	245
478	376
479	353
480	576
481	279
482	60
483	571
484	283
485	280
486	239
487	199
488	518
489	96
490	177
491	323
492	47
493	187
494	71
495	588
496	542
497	36
498	435
499	301
500	354
501	582
502	95
503	275
504	199
505	413
506	135
507	424
508	284
509	451
510	474
511	29
512	177
513	484
514	437
515	319
516	490
517	211
518	546
519	136
520	521
521	404
522	220
523	78
524	75
525	220
526	434
527	251
528	556
529	591
530	566
531	178
532	175
533	585
534	485
535	284
536	555
537	324
538	88
539	426
540	108
541	175
542	287
543	98
544	569
545	594
546	9
547	233
548	73
549	565
550	346
551	451
552	184
553	291
554	545
555	302
556	323
557	41
558	92
559	292
560	103
561	374
562	307
563	580
564	319
565	35
566	429
567	404
568	465
569	366
570	492
571	308
572	83
573	207
574	201
575	3
576	338
577	347
578	143
579	425
580	467
581	519
582	512
583	417
584	598
585	432
586	563
587	173
588	270
589	487
590	276
591	193
592	322
593	144
594	523
595	433
596	483
597	17
598	53
599	536
600	125
601	70
602	352
603	59
604	79
605	179
606	526
607	472
608	510
609	151
610	76
611	11
612	271
613	452
614	401
615	113
616	272
617	394
618	272
619	247
620	77
621	158
622	406
623	558
624	176
625	527
626	163
627	371
628	402
629	101
630	232
631	572
632	480
633	506
634	583
635	593
636	317
637	393
638	283
639	256
640	515
641	236
642	99
643	370
644	549
645	365
646	112
647	552
648	421
649	159
650	92
651	313
652	475
653	109
654	234
655	310
656	294
657	430
658	567
659	549
660	425
661	490
662	34
663	351
664	421
665	308
666	317
667	300
668	160
669	551
670	426
671	81
672	377
673	376
674	212
675	291
676	88
677	524
678	577
679	375
680	386
681	306
682	400
683	194
684	336
685	81
686	208
687	444
688	361
689	373
690	167
691	466
692	577
693	31
694	242
695	24
696	503
697	106
698	464
699	450
700	183
701	517
702	356
703	217
704	581
705	495
706	540
707	385
708	186
709	357
710	168
711	127
712	419
713	89
714	143
715	330
716	179
717	97
718	360
719	298
720	591
721	343
722	201
723	538
724	156
725	453
726	121
727	419
728	32
729	82
730	229
731	510
732	597
733	134
734	484
735	85
736	211
737	64
738	384
739	362
740	121
741	572
742	87
743	488
744	28
745	397
746	310
747	156
748	230
749	431
750	380
751	66
752	260
753	504
754	25
755	415
756	232
757	263
758	507
759	149
760	563
761	176
762	573
763	594
764	396
765	578
766	355
767	504
768	401
769	169
770	188
771	67
772	241
773	372
774	387
775	304
776	273
777	475
778	5
779	597
780	496
781	165
782	126
783	237
784	489
785	408
786	265
787	507
788	491
789	210
790	567
791	266
792	442
793	276
794	340
795	14
796	384
797	202
798	294
799	180
800	528
801	500
802	377
803	200
804	152
805	479
806	483
807	37
808	312
809	245
810	468
811	587
812	441
813	65
814	375
815	279
816	418
817	213
818	461
819	390
820	43
821	139
822	586
823	289
824	408
825	2
826	389
827	98
828	237
829	535
830	299
831	441
832	45
833	513
834	185
835	454
836	328
837	135
838	252
839	547
840	55
841	42
842	27
843	462
844	51
845	302
846	534
847	15
848	508
849	62
850	398
851	134
852	443
853	102
854	351
855	493
856	290
857	495
858	20
859	97
860	522
861	580
862	226
863	530
864	515
865	336
866	600
867	494
868	458
869	392
870	210
871	16
872	306
873	598
874	502
875	379
876	122
877	386
878	460
879	240
880	16
881	402
882	321
883	48
884	335
885	231
886	126
887	589
888	74
889	392
890	290
891	553
892	191
893	131
894	137
895	293
896	586
897	305
898	431
899	552
900	418
901	457
902	506
903	432
904	561
905	74
906	488
907	146
908	390
909	412
910	69
911	15
912	154
913	91
914	331
915	382
916	86
917	25
918	21
919	335
920	498
921	564
922	218
923	535
924	52
925	148
926	406
927	235
928	348
929	208
930	40
931	344
932	182
933	337
934	366
935	258
936	14
937	155
938	595
939	227
940	22
941	8
942	582
943	385
944	372
945	95
946	599
947	21
948	104
949	219
950	446
951	45
952	541
953	394
954	508
955	224
956	64
957	104
958	185
959	589
960	8
961	588
962	63
963	509
964	383
965	373
966	445
967	407
968	407
969	327
970	481
971	322
972	281
973	465
974	562
975	494
976	223
977	439
978	160
979	227
980	116
981	178
982	105
983	468
984	48
985	471
986	261
987	593
988	584
989	167
990	184
991	391
992	309
993	155
994	138
995	257
996	525
997	532
998	573
999	369
1000	531
1001	314
1002	493
1003	38
1004	11
1005	530
1006	107
1007	460
1008	542
1009	334
1010	164
1011	328
1012	32
1013	77
1014	473
1015	255
1016	531
1017	191
1018	124
1019	462
1020	446
1021	281
1022	258
1023	289
1024	442
1025	151
1026	114
1027	509
1028	438
1029	369
1030	154
1031	264
1032	240
1033	395
1034	496
1035	18
1036	296
1037	469
1038	131
1039	383
1040	579
1041	13
1042	91
1043	592
1044	117
1045	364
1046	562
1047	90
1048	590
1049	423
1050	470
1051	295
1052	382
1053	148
1054	52
1055	107
1056	72
1057	267
1058	44
1059	196
1060	318
1061	263
1062	381
1063	192
1064	443
1065	539
1066	502
1067	486
1068	244
1069	541
1070	363
1071	280
1072	23
1073	346
1074	80
1075	313
1076	491
1077	124
1078	414
1079	141
1080	409
1081	110
1082	140
1083	115
1084	141
1085	55
1086	111
1087	428
1088	164
1089	106
1090	525
1091	395
1092	348
1093	51
1094	203
1095	133
1096	448
1097	318
1098	571
1099	305
1100	342
1101	295
1102	2
1103	476
1104	18
1105	579
1106	152
1107	285
1108	464
1109	129
1110	592
1111	144
1112	505
1113	409
1114	578
1115	374
1116	259
1117	86
1118	470
1119	270
1120	378
1121	500
1122	277
1123	13
1124	171
1125	226
1126	125
1127	517
1128	538
1129	198
1130	243
1131	221
1132	221
1133	115
1134	445
1135	285
1136	137
1137	111
1138	461
1139	49
1140	469
1141	458
1142	412
1143	150
1144	448
1145	520
1146	182
1147	192
1148	513
1149	136
1150	161
1151	499
1152	89
1153	93
1154	218
1155	315
1156	198
1157	561
1158	329
1159	556
1160	266
1161	195
1162	150
1163	203
1164	363
1165	544
1166	50
1167	312
1168	413
1169	252
1170	132
1171	411
1172	257
1173	123
1174	320
1175	72
1176	132
1177	50
1178	212
1179	331
1180	559
1181	264
1182	161
1183	129
1184	411
1185	559
1186	499
1187	271
1188	381
1189	467
1190	590
1191	544
1192	355
1193	473
1194	194
1195	314
1196	293
1197	117
1198	246
1199	329
1200	195
