Class Times	10
Rooms	150
1	284
2	321
3	275
4	593
5	774
6	737
7	777
8	496
9	752
10	278
11	276
12	996
13	679
14	944
15	386
16	584
17	373
18	97
19	23
20	986
21	834
22	320
23	605
24	505
25	71
26	497
27	381
28	331
29	799
30	995
31	164
32	929
33	410
34	222
35	678
36	549
37	287
38	669
39	698
40	635
41	136
42	396
43	680
44	127
45	256
46	529
47	515
48	970
49	506
50	816
51	55
52	551
53	936
54	828
55	118
56	886
57	651
58	27
59	47
60	324
61	998
62	693
63	121
64	417
65	904
66	876
67	870
68	379
69	147
70	182
71	799
72	627
73	753
74	452
75	505
76	12
77	556
78	633
79	616
80	785
81	705
82	100
83	543
84	822
85	425
86	182
87	178
88	409
89	731
90	431
91	600
92	818
93	534
94	712
95	538
96	857
97	494
98	605
99	712
100	303
101	814
102	290
103	119
104	172
105	666
106	489
107	366
108	890
109	207
110	766
111	104
112	593
113	154
114	773
115	247
116	720
117	775
118	730
119	207
120	696
121	735
122	755
123	141
124	233
125	601
126	174
127	362
128	629
129	196
130	450
131	207
132	181
133	967
134	157
135	199
136	463
137	272
138	65
139	514
140	726
141	105
142	839
143	335
144	576
145	349
146	326
147	886
148	671
149	394
150	322
Classes	1200
Teachers	600
1	595
2	128
3	489
4	28
5	589
6	171
7	316
8	326
9	576
10	349
11	164
12	210
13	37
14	312
15	347
16	233
17	401
18	596
19	501
20	251
21	76
22	420
23	130
24	32
25	65
26	586
27	389
28	207
29	520
30	129
31	539
32	275
33	154
34	226
35	449
36	300
37	256
38	147
39	347
40	31
41	562
42	565
43	576
44	107
45	71
46	484
47	75
48	201
49	234
50	95
51	260
52	440
53	20
54	122
55	46
56	513
57	206
58	308
59	468
60	149
61	567
62	89
63	506
64	474
65	9
66	472
67	286
68	509
69	45
70	429
71	432
72	184
73	205
74	227
75	227
76	73
77	585
78	330
79	217
80	454
81	422
82	132
83	423
84	461
85	203
86	411
87	253
88	272
89	306
90	151
91	520
92	306
93	313
94	400
95	106
96	108
97	219
98	40
99	481
100	302
101	238
102	400
103	508
104	492
105	566
106	489
107	191
108	589
109	296
110	408
111	105
112	303
113	197
114	82
115	51
116	366
117	310
118	554
119	370
120	251
121	188
122	284
123	305
124	59
125	573
126	53
127	62
128	18
129	65
130	476
131	426
132	573
133	570
134	61
135	580
136	483
137	571
138	277
139	140
140	502
141	349
142	419
143	13
144	355
145	212
146	435
147	530
148	521
149	240
150	127
151	147
152	491
153	64
154	2
155	213
156	307
157	258
158	350
159	442
160	170
161	442
162	12
163	513
164	553
165	471
166	519
167	505
168	481
169	443
170	12
171	346
172	461
173	76
174	268
175	141
176	506
177	404
178	465
179	542
180	361
181	565
182	252
183	273
184	325
185	308
186	426
187	572
188	528
189	264
190	61
191	364
192	168
193	541
194	408
195	454
196	300
197	86
198	373
199	27
200	261
201	42
202	504
203	55
204	435
205	114
206	197
207	338
208	541
209	111
210	318
211	519
212	71
213	174
214	385
215	578
216	179
217	395
218	271
219	233
220	583
221	163
222	319
223	551
224	407
225	363
226	307
227	423
228	58
229	110
230	18
231	52
232	478
233	468
234	6
235	220
236	509
237	188
238	462
239	35
240	453
241	502
242	156
243	158
244	34
245	14
246	115
247	79
248	23
249	256
250	10
251	141
252	72
253	116
254	189
255	579
256	111
257	85
258	97
259	430
260	598
261	104
262	206
263	143
264	331
265	137
266	432
267	224
268	383
269	320
270	597
271	464
272	135
273	261
274	98
275	55
276	570
277	531
278	60
279	203
280	425
281	487
282	534
283	571
284	246
285	44
286	68
287	503
288	356
289	443
290	81
291	155
292	414
293	91
294	498
295	336
296	15
297	364
298	338
299	158
300	8
301	187
302	394
303	269
304	431
305	420
306	470
307	73
308	339
309	480
310	593
311	93
312	20
313	311
314	500
315	93
316	8
317	237
318	311
319	535
320	63
321	580
322	253
323	92
324	254
325	334
326	68
327	91
328	156
329	47
330	113
331	433
332	224
333	22
334	592
335	139
336	540
337	140
338	339
339	549
340	199
341	599
342	460
343	494
344	539
345	66
346	114
347	157
348	375
349	597
350	286
351	9
352	97
353	599
354	109
355	17
356	43
357	366
358	317
359	80
360	439
361	211
362	173
363	409
364	390
365	164
366	25
367	372
368	3
369	257
370	192
371	128
372	112
373	79
374	202
375	74
376	486
377	212
378	229
379	132
380	257
381	130
382	298
383	464
384	240
385	180
386	213
387	401
388	264
389	29
390	258
391	496
392	11
393	460
394	537
395	195
396	431
397	66
398	32
399	396
400	345
401	524
402	421
403	294
404	148
405	5
406	215
407	496
408	278
409	493
410	57
411	522
412	57
413	386
414	159
415	193
416	590
417	416
418	527
419	56
420	577
421	22
422	42
423	243
424	359
425	463
426	451
427	202
428	586
429	239
430	533
431	584
432	558
433	433
434	592
435	317
436	439
437	152
438	406
439	214
440	185
441	60
442	368
443	391
444	2
445	185
446	331
447	543
448	266
449	151
450	7
451	383
452	267
453	246
454	491
455	342
456	495
457	153
458	508
459	321
460	500
461	303
462	378
463	368
464	177
465	445
466	410
467	437
468	413
469	469
470	183
471	583
472	74
473	88
474	110
475	177
476	590
477	117
478	51
479	89
480	453
481	389
482	34
483	501
484	345
485	561
486	515
487	324
488	515
489	299
490	335
491	126
492	493
493	290
494	159
495	105
496	516
497	271
498	305
499	143
500	563
501	223
502	112
503	359
504	488
505	577
506	69
507	236
508	84
509	250
510	181
511	403
512	189
513	208
514	350
515	182
516	209
517	160
518	150
519	472
520	27
521	566
522	405
523	465
524	50
525	325
526	335
527	24
528	316
529	238
530	26
531	559
532	430
533	557
534	365
535	552
536	533
537	587
538	19
539	102
540	187
541	191
542	81
543	595
544	248
545	247
546	351
547	588
548	293
549	48
550	529
551	327
552	574
553	180
554	538
555	451
556	559
557	40
558	266
559	23
560	161
561	247
562	184
563	324
564	255
565	407
566	448
567	14
568	596
569	534
570	384
571	479
572	26
573	262
574	457
575	178
576	343
577	386
578	406
579	152
580	167
581	209
582	563
583	422
584	319
585	103
586	46
587	104
588	59
589	549
590	250
591	448
592	369
593	380
594	390
595	6
596	296
597	322
598	516
599	425
600	387
601	388
602	444
603	554
604	182
605	544
606	67
607	415
608	254
609	129
610	353
611	165
612	275
613	13
614	265
615	507
616	249
617	315
618	47
619	527
620	382
621	67
622	584
623	255
624	178
625	291
626	98
627	548
628	288
629	49
630	196
631	298
632	7
633	487
634	450
635	572
636	30
637	124
638	268
639	215
640	28
641	176
642	434
643	179
644	49
645	108
646	210
647	48
648	546
649	374
650	326
651	310
652	235
653	38
654	183
655	380
656	162
657	304
658	410
659	208
660	348
661	393
662	353
663	117
664	165
665	176
666	357
667	544
668	144
669	64
670	245
671	190
672	444
673	384
674	96
675	123
676	351
677	413
678	17
679	486
680	235
681	228
682	346
683	144
684	139
685	517
686	292
687	449
688	498
689	82
690	248
691	379
692	510
693	591
694	388
695	88
696	37
697	376
698	412
699	510
700	4
701	43
702	259
703	278
704	142
705	280
706	575
707	341
708	328
709	377
710	427
711	456
712	92
713	216
714	284
715	329
716	373
717	142
718	399
719	220
720	181
721	377
722	153
723	259
724	175
725	272
726	277
727	440
728	352
729	446
730	198
731	312
732	236
733	50
734	281
735	463
736	148
737	30
738	41
739	531
740	494
741	529
742	561
743	103
744	94
745	466
746	376
747	341
748	546
749	94
750	172
751	283
752	458
753	3
754	218
755	36
756	260
757	166
758	53
759	328
760	547
761	237
762	84
763	205
764	591
765	542
766	360
767	232
768	485
769	56
770	470
771	525
772	45
773	199
774	588
775	173
776	475
777	75
778	499
779	294
780	357
781	302
782	149
783	547
784	525
785	562
786	230
787	575
788	337
789	83
790	160
791	557
792	462
793	314
794	167
795	38
796	446
797	392
798	267
799	428
800	279
801	154
802	474
803	249
804	211
805	230
806	378
807	348
808	343
809	414
810	434
811	123
812	478
813	77
814	479
815	265
816	252
817	263
818	204
819	361
820	120
821	538
822	555
823	106
824	175
825	511
826	585
827	521
828	475
829	285
830	90
831	155
832	555
833	579
834	344
835	405
836	292
837	404
838	598
839	467
840	536
841	568
842	216
843	309
844	485
845	370
846	484
847	411
848	551
849	29
850	412
851	21
852	1
853	124
854	121
855	163
856	456
857	107
858	318
859	225
860	436
861	537
862	514
863	457
864	200
865	172
866	393
867	552
868	402
869	219
870	334
871	125
872	269
873	162
874	492
875	530
876	85
877	382
878	234
879	374
880	582
881	243
882	127
883	309
884	290
885	285
886	323
887	417
888	31
889	497
890	170
891	532
892	594
893	452
894	133
895	118
896	133
897	518
898	594
899	58
900	101
901	354
902	532
903	356
904	556
905	291
906	569
907	39
908	101
909	467
910	281
911	459
912	517
913	441
914	135
915	499
916	70
917	80
918	321
919	381
920	514
921	587
922	174
923	473
924	138
925	35
926	171
927	578
928	192
929	120
930	560
931	333
932	556
933	273
934	545
935	126
936	550
937	196
938	340
939	136
940	69
941	242
942	354
943	330
944	304
945	194
946	550
947	471
948	138
949	195
950	313
951	419
952	77
953	239
954	113
955	458
956	322
957	567
958	545
959	19
960	505
961	229
962	512
963	16
964	16
965	358
966	428
967	455
968	447
969	488
970	436
971	99
972	365
973	473
974	301
975	44
976	340
977	524
978	450
979	263
980	119
981	399
982	225
983	207
984	62
985	116
986	4
987	131
988	344
989	528
990	362
991	109
992	333
993	482
994	119
995	299
996	543
997	115
998	371
999	201
1000	540
1001	78
1002	355
1003	5
1004	134
1005	503
1006	363
1007	228
1008	190
1009	320
1010	447
1011	336
1012	146
1013	241
1014	36
1015	371
1016	21
1017	418
1018	276
1019	262
1020	507
1021	125
1022	518
1023	282
1024	362
1025	100
1026	10
1027	39
1028	241
1029	497
1030	409
1031	402
1032	452
1033	523
1034	41
1035	200
1036	242
1037	421
1038	198
1039	535
1040	476
1041	282
1042	186
1043	11
1044	367
1045	54
1046	358
1047	157
1048	95
1049	417
1050	372
1051	553
1052	526
1053	204
1054	352
1055	437
1056	223
1057	398
1058	279
1059	96
1060	569
1061	480
1062	314
1063	33
1064	122
1065	381
1066	395
1067	63
1068	526
1069	387
1070	72
1071	25
1072	315
1073	360
1074	99
1075	297
1076	1
1077	24
1078	121
1079	283
1080	342
1081	367
1082	536
1083	466
1084	83
1085	523
1086	145
1087	221
1088	288
1089	131
1090	102
1091	469
1092	337
1093	392
1094	429
1095	90
1096	397
1097	323
1098	270
1099	136
1100	427
1101	438
1102	483
1103	385
1104	244
1105	226
1106	221
1107	293
1108	369
1109	270
1110	482
1111	100
1112	332
1113	504
1114	244
1115	391
1116	379
1117	186
1118	375
1119	455
1120	593
1121	327
1122	477
1123	600
1124	295
1125	295
1126	398
1127	477
1128	217
1129	403
1130	134
1131	329
1132	568
1133	558
1134	218
1135	511
1136	232
1137	86
1138	332
1139	301
1140	560
1141	150
1142	441
1143	600
1144	222
1145	397
1146	194
1147	168
1148	161
1149	396
1150	581
1151	416
1152	118
1153	78
1154	280
1155	137
1156	424
1157	231
1158	297
1159	522
1160	70
1161	214
1162	289
1163	582
1164	581
1165	274
1166	424
1167	166
1168	87
1169	574
1170	287
1171	276
1172	289
1173	54
1174	490
1175	193
1176	169
1177	274
1178	245
1179	33
1180	564
1181	287
1182	418
1183	495
1184	169
1185	52
1186	87
1187	490
1188	445
1189	548
1190	394
1191	438
1192	145
1193	15
1194	146
1195	564
1196	459
1197	512
1198	231
1199	415
1200	222
