Class Times	10
Rooms	150
1	138
2	354
3	79
4	894
5	940
6	382
7	246
8	61
9	261
10	586
11	408
12	376
13	108
14	40
15	867
16	839
17	588
18	723
19	513
20	252
21	717
22	975
23	67
24	280
25	373
26	851
27	552
28	859
29	829
30	663
31	815
32	604
33	409
34	535
35	420
36	240
37	888
38	158
39	635
40	875
41	627
42	313
43	663
44	736
45	658
46	973
47	887
48	701
49	19
50	569
51	375
52	149
53	508
54	30
55	578
56	950
57	956
58	731
59	778
60	99
61	383
62	217
63	887
64	529
65	184
66	472
67	61
68	537
69	714
70	919
71	922
72	25
73	687
74	657
75	23
76	106
77	673
78	212
79	873
80	108
81	233
82	91
83	449
84	77
85	941
86	632
87	200
88	336
89	754
90	543
91	382
92	912
93	162
94	148
95	553
96	987
97	205
98	691
99	931
100	207
101	710
102	794
103	898
104	599
105	857
106	369
107	273
108	117
109	439
110	289
111	593
112	751
113	136
114	293
115	758
116	569
117	46
118	199
119	282
120	911
121	256
122	949
123	799
124	572
125	724
126	560
127	287
128	930
129	903
130	353
131	522
132	165
133	749
134	888
135	261
136	123
137	300
138	561
139	237
140	993
141	902
142	57
143	145
144	848
145	332
146	686
147	696
148	564
149	84
150	441
Classes	1200
Teachers	600
1	565
2	530
3	25
4	309
5	73
6	311
7	88
8	484
9	227
10	400
11	210
12	217
13	224
14	513
15	233
16	392
17	77
18	139
19	242
20	562
21	8
22	59
23	283
24	303
25	247
26	317
27	387
28	475
29	405
30	582
31	575
32	393
33	358
34	162
35	431
36	486
37	451
38	363
39	481
40	506
41	435
42	445
43	547
44	267
45	322
46	347
47	38
48	82
49	153
50	228
51	448
52	588
53	448
54	505
55	276
56	466
57	485
58	161
59	390
60	482
61	517
62	500
63	521
64	78
65	203
66	93
67	249
68	495
69	474
70	543
71	84
72	540
73	26
74	17
75	154
76	309
77	118
78	316
79	515
80	414
81	146
82	450
83	509
84	392
85	134
86	348
87	471
88	378
89	391
90	465
91	415
92	516
93	258
94	284
95	469
96	151
97	428
98	314
99	298
100	64
101	346
102	440
103	552
104	586
105	86
106	317
107	48
108	584
109	111
110	115
111	221
112	372
113	267
114	56
115	238
116	66
117	584
118	522
119	218
120	35
121	527
122	506
123	579
124	281
125	536
126	123
127	175
128	493
129	206
130	110
131	534
132	90
133	550
134	185
135	232
136	393
137	243
138	71
139	223
140	446
141	77
142	168
143	578
144	539
145	197
146	544
147	157
148	396
149	424
150	264
151	269
152	415
153	56
154	325
155	576
156	45
157	170
158	32
159	551
160	179
161	340
162	333
163	286
164	342
165	549
166	429
167	441
168	445
169	559
170	574
171	71
172	196
173	85
174	57
175	149
176	240
177	193
178	132
179	306
180	526
181	133
182	451
183	594
184	152
185	437
186	340
187	280
188	73
189	555
190	456
191	26
192	3
193	395
194	259
195	513
196	403
197	362
198	51
199	179
200	310
201	566
202	351
203	262
204	345
205	587
206	25
207	495
208	563
209	108
210	336
211	385
212	554
213	441
214	216
215	122
216	578
217	403
218	243
219	501
220	417
221	304
222	144
223	275
224	384
225	435
226	334
227	500
228	371
229	197
230	352
231	117
232	161
233	321
234	233
235	502
236	575
237	36
238	377
239	103
240	360
241	302
242	519
243	362
244	423
245	525
246	287
247	302
248	11
249	133
250	366
251	177
252	356
253	206
254	70
255	38
256	402
257	473
258	183
259	347
260	456
261	14
262	545
263	107
264	474
265	130
266	372
267	551
268	545
269	269
270	375
271	510
272	546
273	220
274	557
275	389
276	337
277	159
278	13
279	486
280	19
281	310
282	270
283	17
284	143
285	374
286	341
287	475
288	138
289	220
290	203
291	34
292	242
293	312
294	301
295	567
296	36
297	577
298	596
299	65
300	99
301	263
302	219
303	169
304	501
305	409
306	432
307	356
308	153
309	222
310	325
311	540
312	292
313	63
314	264
315	79
316	252
317	227
318	157
319	146
320	425
321	228
322	39
323	28
324	542
325	319
326	579
327	185
328	511
329	337
330	152
331	516
332	113
333	285
334	61
335	39
336	520
337	53
338	408
339	326
340	274
341	562
342	144
343	379
344	253
345	123
346	450
347	205
348	110
349	376
350	204
351	64
352	561
353	453
354	556
355	122
356	546
357	295
358	497
359	576
360	481
361	29
362	216
363	84
364	333
365	329
366	34
367	218
368	115
369	564
370	353
371	521
372	519
373	108
374	497
375	149
376	104
377	253
378	168
379	69
380	353
381	104
382	30
383	1
384	343
385	135
386	187
387	386
388	522
389	166
390	85
391	237
392	82
393	316
394	318
395	361
396	35
397	174
398	247
399	461
400	315
401	380
402	582
403	385
404	89
405	454
406	436
407	89
408	567
409	212
410	587
411	170
412	498
413	160
414	160
415	429
416	81
417	246
418	408
419	499
420	589
421	194
422	381
423	285
424	109
425	380
426	60
427	171
428	493
429	505
430	219
431	109
432	498
433	72
434	300
435	465
436	425
437	357
438	412
439	5
440	405
441	395
442	457
443	57
444	106
445	496
446	213
447	239
448	367
449	564
450	300
451	459
452	200
453	97
454	363
455	279
456	181
457	409
458	76
459	338
460	159
461	225
462	257
463	375
464	4
465	58
466	379
467	339
468	178
469	428
470	367
471	235
472	95
473	241
474	68
475	103
476	190
477	586
478	120
479	335
480	599
481	190
482	341
483	504
484	226
485	255
486	508
487	256
488	416
489	566
490	27
491	529
492	102
493	69
494	436
495	286
496	411
497	87
498	45
499	5
500	6
501	262
502	324
503	68
504	559
505	293
506	517
507	488
508	184
509	555
510	127
511	453
512	231
513	352
514	193
515	281
516	156
517	182
518	370
519	350
520	335
521	271
522	381
523	430
524	265
525	426
526	573
527	398
528	138
529	166
530	60
531	382
532	164
533	105
534	164
535	169
536	434
537	21
538	201
539	163
540	411
541	198
542	543
543	384
544	343
545	541
546	101
547	81
548	72
549	389
550	320
551	70
552	319
553	600
554	466
555	188
556	374
557	79
558	198
559	418
560	376
561	365
562	538
563	20
564	525
565	524
566	541
567	106
568	443
569	442
570	130
571	538
572	116
573	175
574	388
575	102
576	452
577	591
578	487
579	217
580	558
581	313
582	129
583	124
584	570
585	417
586	29
587	470
588	120
589	558
590	338
591	176
592	51
593	434
594	449
595	589
596	234
597	251
598	200
599	76
600	225
601	55
602	232
603	494
604	229
605	24
606	320
607	458
608	245
609	297
610	212
611	420
612	571
613	187
614	167
615	116
616	565
617	373
618	461
619	530
620	334
621	597
622	301
623	58
624	539
625	63
626	514
627	162
628	129
629	201
630	568
631	442
632	215
633	454
634	394
635	462
636	256
637	457
638	290
639	479
640	226
641	580
642	520
643	192
644	30
645	255
646	590
647	422
648	230
649	528
650	554
651	536
652	136
653	288
654	339
655	199
656	487
657	478
658	176
659	574
660	148
661	459
662	476
663	397
664	413
665	284
666	556
667	252
668	469
669	485
670	418
671	351
672	503
673	204
674	590
675	125
676	186
677	504
678	174
679	293
680	94
681	263
682	297
683	433
684	289
685	350
686	86
687	3
688	277
689	137
690	492
691	288
692	230
693	117
694	432
695	205
696	482
697	549
698	552
699	46
700	261
701	503
702	139
703	561
704	241
705	272
706	65
707	597
708	202
709	24
710	136
711	458
712	402
713	141
714	125
715	294
716	595
717	307
718	171
719	299
720	257
721	32
722	280
723	573
724	142
725	326
726	28
727	181
728	156
729	167
730	165
731	208
732	583
733	511
734	583
735	507
736	222
737	348
738	173
739	422
740	87
741	342
742	22
743	224
744	580
745	22
746	433
747	344
748	214
749	163
750	178
751	55
752	151
753	364
754	307
755	594
756	154
757	399
758	182
759	431
760	331
761	172
762	147
763	127
764	515
765	468
766	537
767	600
768	421
769	15
770	196
771	258
772	97
773	98
774	571
775	496
776	440
777	59
778	142
779	324
780	295
781	577
782	460
783	147
784	321
785	588
786	244
787	553
788	439
789	239
790	92
791	128
792	444
793	572
794	62
795	80
796	535
797	449
798	508
799	378
800	527
801	399
802	114
803	568
804	15
805	318
806	184
807	509
808	359
809	98
810	315
811	180
812	18
813	480
814	240
815	155
816	273
817	21
818	99
819	426
820	66
821	10
822	183
823	78
824	444
825	484
826	150
827	370
828	414
829	244
830	585
831	9
832	19
833	373
834	100
835	4
836	312
837	359
838	188
839	268
840	107
841	369
842	581
843	67
844	404
845	105
846	471
847	143
848	165
849	463
850	271
851	366
852	250
853	177
854	581
855	499
856	416
857	93
858	101
859	292
860	470
861	259
862	27
863	386
864	400
865	534
866	42
867	289
868	472
869	531
870	189
871	547
872	2
873	382
874	246
875	9
876	480
877	158
878	592
879	20
880	18
881	421
882	305
883	572
884	390
885	235
886	250
887	387
888	533
889	191
890	209
891	331
892	67
893	550
894	91
895	404
896	137
897	260
898	401
899	40
900	430
901	462
902	591
903	92
904	11
905	275
906	61
907	553
908	266
909	533
910	95
911	192
912	360
913	75
914	322
915	260
916	96
917	585
918	16
919	397
920	141
921	419
922	199
923	41
924	560
925	463
926	478
927	16
928	83
929	112
930	274
931	443
932	328
933	118
934	364
935	44
936	44
937	304
938	510
939	563
940	254
941	476
942	410
943	112
944	189
945	323
946	114
947	158
948	94
949	592
950	145
951	296
952	131
953	410
954	412
955	53
956	358
957	464
958	296
959	209
960	492
961	111
962	75
963	535
964	328
965	346
966	261
967	249
968	121
969	90
970	238
971	502
972	215
973	96
974	490
975	113
976	526
977	357
978	135
979	491
980	49
981	119
982	221
983	599
984	311
985	472
986	323
987	489
988	279
989	208
990	569
991	327
992	1
993	467
994	548
995	8
996	548
997	83
998	329
999	33
1000	598
1001	464
1002	52
1003	229
1004	542
1005	531
1006	557
1007	100
1008	377
1009	407
1010	287
1011	365
1012	50
1013	523
1014	452
1015	303
1016	213
1017	336
1018	62
1019	455
1020	532
1021	383
1022	74
1023	276
1024	483
1025	234
1026	438
1027	7
1028	396
1029	595
1030	41
1031	245
1032	277
1033	54
1034	420
1035	47
1036	194
1037	126
1038	121
1039	491
1040	524
1041	54
1042	306
1043	569
1044	265
1045	180
1046	383
1047	479
1048	214
1049	544
1050	419
1051	172
1052	207
1053	593
1054	46
1055	518
1056	251
1057	467
1058	332
1059	119
1060	173
1061	91
1062	439
1063	80
1064	49
1065	124
1066	570
1067	507
1068	207
1069	268
1070	74
1071	148
1072	211
1073	473
1074	10
1075	14
1076	489
1077	369
1078	290
1079	52
1080	345
1081	368
1082	596
1083	191
1084	447
1085	140
1086	266
1087	593
1088	2
1089	23
1090	560
1091	438
1092	477
1093	211
1094	294
1095	488
1096	236
1097	308
1098	494
1099	427
1100	344
1101	314
1102	398
1103	424
1104	128
1105	47
1106	523
1107	291
1108	12
1109	23
1110	468
1111	327
1112	237
1113	236
1114	132
1115	7
1116	447
1117	6
1118	528
1119	460
1120	446
1121	406
1122	354
1123	371
1124	437
1125	355
1126	282
1127	391
1128	291
1129	512
1130	140
1131	283
1132	273
1133	537
1134	361
1135	477
1136	455
1137	388
1138	88
1139	278
1140	48
1141	394
1142	512
1143	272
1144	13
1145	131
1146	308
1147	305
1148	401
1149	298
1150	42
1151	490
1152	270
1153	427
1154	40
1155	248
1156	231
1157	33
1158	299
1159	12
1160	330
1161	254
1162	50
1163	31
1164	186
1165	43
1166	483
1167	126
1168	355
1169	598
1170	349
1171	210
1172	43
1173	31
1174	532
1175	413
1176	248
1177	330
1178	223
1179	514
1180	406
1181	145
1182	368
1183	195
1184	202
1185	354
1186	407
1187	529
1188	518
1189	195
1190	150
1191	282
1192	332
1193	134
1194	155
1195	37
1196	313
1197	349
1198	278
1199	423
1200	37
