Class Times	10
Rooms	150
1	422
2	132
3	838
4	600
5	909
6	480
7	718
8	462
9	591
10	267
11	982
12	769
13	773
14	266
15	35
16	672
17	210
18	526
19	117
20	848
21	477
22	826
23	513
24	440
25	669
26	687
27	164
28	414
29	438
30	588
31	957
32	272
33	801
34	889
35	505
36	89
37	340
38	185
39	128
40	735
41	211
42	164
43	716
44	29
45	437
46	462
47	567
48	164
49	230
50	521
51	552
52	73
53	532
54	770
55	149
56	521
57	596
58	698
59	903
60	495
61	832
62	257
63	547
64	653
65	888
66	102
67	221
68	47
69	61
70	154
71	242
72	627
73	297
74	746
75	20
76	112
77	61
78	166
79	129
80	72
81	70
82	299
83	350
84	778
85	308
86	661
87	443
88	151
89	310
90	577
91	421
92	698
93	216
94	204
95	689
96	883
97	283
98	262
99	33
100	542
101	126
102	117
103	927
104	362
105	570
106	144
107	361
108	346
109	388
110	190
111	374
112	474
113	868
114	138
115	282
116	714
117	473
118	293
119	995
120	949
121	998
122	645
123	485
124	484
125	506
126	571
127	927
128	310
129	71
130	80
131	811
132	233
133	976
134	366
135	285
136	601
137	306
138	399
139	554
140	696
141	657
142	197
143	624
144	19
145	319
146	368
147	801
148	60
149	796
150	347
Classes	1200
Teachers	600
1	287
2	195
3	473
4	406
5	495
6	340
7	575
8	190
9	561
10	416
11	462
12	344
13	516
14	203
15	342
16	57
17	77
18	143
19	491
20	431
21	5
22	188
23	213
24	340
25	185
26	188
27	61
28	542
29	429
30	18
31	283
32	383
33	90
34	332
35	357
36	20
37	487
38	82
39	566
40	335
41	167
42	76
43	36
44	87
45	148
46	3
47	319
48	399
49	137
50	4
51	254
52	391
53	284
54	290
55	420
56	230
57	398
58	250
59	294
60	536
61	527
62	39
63	472
64	329
65	166
66	28
67	418
68	29
69	488
70	395
71	432
72	151
73	409
74	38
75	417
76	563
77	308
78	204
79	573
80	173
81	306
82	267
83	112
84	471
85	401
86	288
87	195
88	548
89	101
90	390
91	199
92	595
93	284
94	555
95	379
96	65
97	534
98	106
99	248
100	103
101	455
102	545
103	399
104	414
105	158
106	96
107	167
108	92
109	91
110	485
111	154
112	422
113	581
114	437
115	96
116	276
117	218
118	514
119	402
120	135
121	136
122	295
123	80
124	472
125	198
126	256
127	198
128	199
129	243
130	120
131	264
132	222
133	208
134	372
135	274
136	182
137	165
138	177
139	163
140	422
141	228
142	231
143	366
144	152
145	393
146	494
147	271
148	590
149	227
150	364
151	349
152	346
153	542
154	388
155	498
156	473
157	109
158	184
159	125
160	373
161	474
162	197
163	165
164	272
165	191
166	428
167	173
168	489
169	458
170	452
171	438
172	599
173	280
174	554
175	171
176	305
177	439
178	505
179	599
180	464
181	374
182	233
183	565
184	379
185	280
186	487
187	377
188	517
189	52
190	531
191	339
192	398
193	361
194	354
195	119
196	482
197	354
198	330
199	25
200	50
201	315
202	389
203	558
204	455
205	392
206	483
207	576
208	437
209	358
210	256
211	196
212	562
213	349
214	324
215	255
216	589
217	86
218	217
219	319
220	304
221	73
222	335
223	425
224	474
225	18
226	150
227	120
228	471
229	501
230	271
231	222
232	16
233	499
234	426
235	350
236	278
237	338
238	311
239	304
240	216
241	450
242	38
243	82
244	414
245	425
246	80
247	342
248	202
249	583
250	365
251	223
252	577
253	326
254	29
255	439
256	318
257	498
258	298
259	479
260	537
261	92
262	129
263	322
264	251
265	95
266	547
267	552
268	39
269	548
270	10
271	427
272	403
273	116
274	413
275	35
276	27
277	330
278	324
279	281
280	329
281	279
282	480
283	144
284	325
285	141
286	431
287	389
288	404
289	541
290	125
291	217
292	555
293	566
294	281
295	463
296	279
297	374
298	243
299	565
300	476
301	83
302	78
303	252
304	479
305	246
306	78
307	457
308	240
309	68
310	201
311	384
312	600
313	268
314	475
315	109
316	318
317	305
318	382
319	210
320	443
321	316
322	557
323	123
324	261
325	108
326	364
327	164
328	90
329	450
330	226
331	255
332	392
333	297
334	384
335	60
336	447
337	416
338	517
339	67
340	106
341	95
342	112
343	373
344	348
345	562
346	574
347	44
348	497
349	567
350	435
351	129
352	202
353	234
354	53
355	529
356	352
357	484
358	332
359	484
360	147
361	417
362	34
363	361
364	141
365	121
366	510
367	401
368	121
369	577
370	347
371	150
372	67
373	164
374	564
375	182
376	275
377	423
378	591
379	85
380	294
381	63
382	282
383	407
384	200
385	4
386	339
387	314
388	387
389	133
390	51
391	59
392	143
393	21
394	27
395	131
396	510
397	357
398	466
399	285
400	317
401	385
402	274
403	380
404	307
405	350
406	11
407	582
408	556
409	237
410	273
411	371
412	276
413	309
414	277
415	537
416	493
417	169
418	191
419	525
420	567
421	124
422	412
423	44
424	458
425	581
426	119
427	186
428	302
429	519
430	224
431	260
432	520
433	31
434	296
435	170
436	266
437	28
438	65
439	435
440	245
441	532
442	5
443	14
444	310
445	46
446	81
447	495
448	287
449	230
450	378
451	180
452	337
453	263
454	344
455	171
456	64
457	260
458	443
459	163
460	576
461	413
462	320
463	309
464	166
465	407
466	73
467	345
468	203
469	116
470	440
471	440
472	12
473	267
474	155
475	241
476	415
477	185
478	596
479	316
480	385
481	52
482	394
483	124
484	6
485	306
486	244
487	445
488	453
489	262
490	170
491	229
492	596
493	333
494	183
495	475
496	492
497	338
498	421
499	556
500	584
501	17
502	159
503	365
504	454
505	453
506	47
507	378
508	516
509	200
510	32
511	289
512	154
513	540
514	371
515	26
516	6
517	214
518	205
519	468
520	490
521	180
522	391
523	201
524	506
525	7
526	55
527	20
528	380
529	16
530	526
531	184
532	7
533	326
534	283
535	186
536	501
537	225
538	75
539	331
540	176
541	511
542	563
543	353
544	469
545	221
546	403
547	404
548	476
549	107
550	251
551	469
552	369
553	127
554	148
555	172
556	560
557	532
558	53
559	35
560	459
561	147
562	588
563	418
564	420
565	478
566	269
567	45
568	386
569	313
570	400
571	322
572	157
573	181
574	77
575	598
576	111
577	189
578	369
579	419
580	60
581	19
582	343
583	597
584	511
585	522
586	464
587	176
588	457
589	310
590	460
591	507
592	456
593	597
594	146
595	76
596	33
597	523
598	139
599	250
600	478
601	75
602	207
603	321
604	149
605	462
606	162
607	105
608	388
609	452
610	518
611	239
612	333
613	178
614	320
615	408
616	153
617	409
618	113
619	84
620	242
621	578
622	396
623	600
624	231
625	574
626	205
627	297
628	442
629	315
630	128
631	204
632	506
633	515
634	269
635	237
636	122
637	489
638	79
639	179
640	157
641	543
642	209
643	593
644	590
645	366
646	131
647	94
648	130
649	512
650	282
651	327
652	426
653	229
654	573
655	110
656	396
657	86
658	370
659	524
660	57
661	241
662	497
663	291
664	356
665	216
666	430
667	99
668	113
669	358
670	356
671	441
672	483
673	275
674	259
675	423
676	504
677	128
678	31
679	48
680	252
681	552
682	161
683	533
684	71
685	257
686	518
687	3
688	162
689	118
690	61
691	292
692	295
693	486
694	11
695	400
696	488
697	277
698	145
699	587
700	444
701	311
702	493
703	587
704	412
705	502
706	87
707	25
708	242
709	197
710	158
711	233
712	579
713	575
714	226
715	102
716	127
717	451
718	321
719	313
720	14
721	334
722	466
723	345
724	221
725	459
726	139
727	273
728	314
729	56
730	47
731	441
732	421
733	41
734	550
735	211
736	578
737	536
738	570
739	519
740	372
741	382
742	235
743	307
744	415
745	37
746	50
747	300
748	64
749	45
750	219
751	23
752	63
753	586
754	172
755	207
756	259
757	156
758	515
759	235
760	336
761	557
762	582
763	33
764	93
765	99
766	503
767	122
768	117
769	505
770	261
771	343
772	40
773	208
774	286
775	561
776	159
777	227
778	429
779	179
780	152
781	485
782	448
783	118
784	465
785	290
786	438
787	169
788	93
789	289
790	48
791	376
792	360
793	134
794	240
795	502
796	145
797	558
798	74
799	370
800	531
801	328
802	583
803	133
804	114
805	468
806	196
807	381
808	236
809	430
810	168
811	348
812	9
813	224
814	206
815	298
816	432
817	299
818	405
819	593
820	2
821	424
822	444
823	499
824	541
825	386
826	91
827	85
828	105
829	524
830	132
831	547
832	448
833	286
834	375
835	160
836	81
837	9
838	351
839	549
840	504
841	291
842	59
843	393
844	594
845	134
846	74
847	410
848	193
849	433
850	210
851	507
852	334
853	303
854	36
855	482
856	533
857	535
858	13
859	245
860	317
861	19
862	123
863	247
864	568
865	110
866	312
867	571
868	387
869	564
870	209
871	101
872	456
873	258
874	24
875	434
876	377
877	551
878	347
879	268
880	214
881	591
882	513
883	272
884	34
885	514
886	526
887	103
888	337
889	442
890	49
891	594
892	142
893	98
894	592
895	520
896	308
897	486
898	246
899	508
900	341
901	522
902	54
903	41
904	114
905	559
906	88
907	102
908	107
909	449
910	579
911	296
912	427
913	10
914	351
915	375
916	161
917	494
918	248
919	353
920	55
921	500
922	244
923	138
924	496
925	249
926	263
927	534
928	144
929	568
930	445
931	539
932	554
933	550
934	264
935	434
936	572
937	153
938	253
939	104
940	126
941	383
942	312
943	54
944	183
945	480
946	588
947	397
948	100
949	352
950	254
951	215
952	331
953	465
954	303
955	560
956	62
957	477
958	481
959	132
960	460
961	549
962	69
963	325
964	79
965	22
966	115
967	206
968	527
969	72
970	523
971	228
972	525
973	447
974	589
975	346
976	598
977	56
978	285
979	463
980	177
981	436
982	293
983	104
984	454
985	381
986	8
987	2
988	585
989	58
990	8
991	100
992	544
993	570
994	22
995	585
996	390
997	149
998	257
999	30
1000	58
1001	553
1002	496
1003	62
1004	72
1005	32
1006	300
1007	115
1008	402
1009	42
1010	538
1011	323
1012	428
1013	491
1014	569
1015	97
1016	98
1017	181
1018	477
1019	327
1020	540
1021	71
1022	212
1023	249
1024	213
1025	508
1026	481
1027	293
1028	553
1029	130
1030	461
1031	49
1032	146
1033	225
1034	42
1035	168
1036	545
1037	247
1038	551
1039	142
1040	302
1041	470
1042	397
1043	292
1044	212
1045	234
1046	174
1047	223
1048	328
1049	595
1050	436
1051	530
1052	362
1053	461
1054	492
1055	509
1056	513
1057	592
1058	23
1059	278
1060	1
1061	46
1062	411
1063	175
1064	355
1065	572
1066	500
1067	138
1068	362
1069	394
1070	193
1071	546
1072	451
1073	160
1074	187
1075	239
1076	270
1077	215
1078	13
1079	187
1080	266
1081	299
1082	24
1083	68
1084	544
1085	301
1086	238
1087	503
1088	194
1089	336
1090	1
1091	51
1092	12
1093	529
1094	26
1095	410
1096	21
1097	490
1098	360
1099	419
1100	156
1101	89
1102	265
1103	232
1104	569
1105	433
1106	521
1107	262
1108	265
1109	539
1110	359
1111	117
1112	126
1113	367
1114	140
1115	30
1116	512
1117	406
1118	530
1119	192
1120	43
1121	535
1122	211
1123	135
1124	108
1125	220
1126	521
1127	218
1128	83
1129	17
1130	470
1131	236
1132	449
1133	253
1134	88
1135	192
1136	323
1137	424
1138	97
1139	89
1140	543
1141	189
1142	301
1143	546
1144	15
1145	509
1146	194
1147	363
1148	355
1149	111
1150	559
1151	137
1152	270
1153	69
1154	140
1155	395
1156	40
1157	258
1158	15
1159	70
1160	43
1161	151
1162	175
1163	220
1164	405
1165	136
1166	586
1167	538
1168	341
1169	37
1170	584
1171	155
1172	368
1173	174
1174	363
1175	84
1176	467
1177	368
1178	94
1179	446
1180	178
1181	367
1182	288
1183	528
1184	238
1185	359
1186	446
1187	408
1188	411
1189	467
1190	580
1191	66
1192	580
1193	571
1194	190
1195	66
1196	376
1197	70
1198	232
1199	528
1200	219
