Class Times	10
Rooms	150
1	223
2	709
3	534
4	844
5	530
6	729
7	864
8	973
9	915
10	174
11	704
12	796
13	636
14	24
15	671
16	928
17	92
18	878
19	255
20	160
21	890
22	633
23	834
24	680
25	545
26	234
27	409
28	655
29	637
30	887
31	367
32	779
33	850
34	680
35	516
36	184
37	92
38	824
39	481
40	382
41	89
42	421
43	280
44	186
45	695
46	446
47	587
48	980
49	452
50	857
51	457
52	34
53	412
54	502
55	98
56	683
57	869
58	972
59	821
60	210
61	77
62	560
63	561
64	922
65	576
66	158
67	775
68	44
69	306
70	323
71	498
72	694
73	298
74	291
75	371
76	826
77	192
78	224
79	125
80	928
81	392
82	142
83	465
84	91
85	32
86	162
87	600
88	825
89	533
90	544
91	347
92	830
93	207
94	761
95	595
96	696
97	187
98	946
99	384
100	783
101	964
102	998
103	402
104	16
105	178
106	834
107	311
108	618
109	552
110	121
111	635
112	235
113	161
114	89
115	232
116	383
117	562
118	739
119	230
120	144
121	535
122	983
123	751
124	581
125	67
126	872
127	360
128	354
129	776
130	635
131	535
132	420
133	81
134	793
135	203
136	917
137	698
138	633
139	54
140	142
141	523
142	311
143	457
144	958
145	344
146	678
147	686
148	484
149	733
150	840
Classes	1200
Teachers	600
1	130
2	279
3	363
4	219
5	51
6	496
7	480
8	387
9	107
10	381
11	424
12	400
13	95
14	356
15	557
16	44
17	582
18	180
19	435
20	568
21	282
22	129
23	539
24	156
25	194
26	151
27	223
28	26
29	260
30	44
31	302
32	448
33	443
34	369
35	64
36	536
37	200
38	282
39	309
40	333
41	364
42	400
43	163
44	258
45	172
46	556
47	203
48	569
49	15
50	562
51	536
52	577
53	60
54	533
55	18
56	413
57	66
58	427
59	32
60	60
61	261
62	53
63	446
64	517
65	159
66	347
67	333
68	192
69	482
70	453
71	597
72	289
73	391
74	1
75	407
76	376
77	433
78	43
79	231
80	570
81	94
82	291
83	256
84	274
85	452
86	145
87	293
88	42
89	145
90	179
91	352
92	506
93	178
94	519
95	441
96	489
97	209
98	224
99	197
100	403
101	178
102	580
103	121
104	19
105	273
106	477
107	345
108	318
109	170
110	413
111	324
112	175
113	203
114	321
115	363
116	418
117	280
118	141
119	225
120	109
121	391
122	454
123	346
124	516
125	4
126	467
127	578
128	597
129	393
130	120
131	440
132	159
133	118
134	547
135	79
136	90
137	521
138	494
139	393
140	491
141	570
142	430
143	339
144	309
145	495
146	113
147	111
148	226
149	312
150	490
151	47
152	585
153	512
154	231
155	1
156	275
157	532
158	477
159	470
160	482
161	82
162	334
163	288
164	163
165	368
166	105
167	432
168	549
169	200
170	237
171	518
172	428
173	123
174	230
175	126
176	417
177	492
178	445
179	95
180	596
181	104
182	330
183	565
184	511
185	419
186	524
187	46
188	172
189	463
190	247
191	430
192	531
193	472
194	353
195	331
196	301
197	501
198	451
199	586
200	519
201	180
202	134
203	291
204	383
205	134
206	35
207	257
208	590
209	569
210	6
211	473
212	139
213	445
214	471
215	425
216	578
217	16
218	113
219	196
220	181
221	85
222	411
223	520
224	36
225	162
226	381
227	493
228	591
229	503
230	449
231	419
232	244
233	94
234	479
235	76
236	281
237	15
238	205
239	414
240	424
241	553
242	90
243	303
244	107
245	81
246	202
247	211
248	497
249	446
250	284
251	453
252	135
253	46
254	77
255	165
256	418
257	259
258	471
259	32
260	554
261	86
262	41
263	571
264	306
265	498
266	223
267	204
268	589
269	429
270	421
271	396
272	137
273	340
274	214
275	313
276	43
277	452
278	13
279	158
280	130
281	562
282	491
283	2
284	318
285	574
286	526
287	531
288	302
289	116
290	232
291	314
292	412
293	556
294	205
295	267
296	76
297	288
298	506
299	584
300	369
301	422
302	237
303	468
304	73
305	588
306	537
307	416
308	587
309	504
310	401
311	244
312	499
313	58
314	82
315	373
316	162
317	64
318	311
319	487
320	530
321	8
322	14
323	396
324	233
325	135
326	199
327	47
328	111
329	475
330	125
331	483
332	499
333	594
334	33
335	598
336	308
337	497
338	219
339	247
340	420
341	280
342	442
343	67
344	534
345	534
346	210
347	201
348	405
349	151
350	518
351	208
352	493
353	66
354	299
355	358
356	435
357	85
358	437
359	69
360	361
361	293
362	437
363	189
364	545
365	571
366	175
367	190
368	331
369	147
370	486
371	395
372	179
373	206
374	577
375	148
376	105
377	240
378	341
379	155
380	208
381	508
382	189
383	186
384	348
385	101
386	508
387	582
388	398
389	300
390	564
391	126
392	320
393	128
394	109
395	529
396	481
397	194
398	198
399	68
400	368
401	2
402	527
403	349
404	349
405	279
406	538
407	458
408	379
409	121
410	357
411	230
412	544
413	528
414	339
415	243
416	197
417	345
418	409
419	269
420	443
421	324
422	246
423	156
424	31
425	561
426	535
427	251
428	220
429	593
430	74
431	131
432	596
433	558
434	366
435	528
436	365
437	192
438	100
439	68
440	182
441	8
442	527
443	348
444	61
445	481
446	338
447	565
448	567
449	33
450	361
451	195
452	297
453	314
454	479
455	116
456	426
457	92
458	40
459	416
460	542
461	283
462	337
463	79
464	487
465	123
466	542
467	427
468	389
469	503
470	500
471	124
472	394
473	235
474	366
475	545
476	168
477	467
478	238
479	19
480	176
481	472
482	375
483	560
484	168
485	463
486	256
487	352
488	21
489	580
490	553
491	401
492	395
493	147
494	550
495	456
496	465
497	281
498	583
499	529
500	118
501	306
502	385
503	58
504	238
505	52
506	488
507	31
508	148
509	56
510	322
511	429
512	233
513	388
514	465
515	319
516	262
517	510
518	177
519	243
520	461
521	439
522	475
523	26
524	327
525	415
526	504
527	588
528	468
529	410
530	191
531	583
532	14
533	297
534	286
535	226
536	547
537	269
538	464
539	268
540	423
541	21
542	457
543	41
544	273
545	206
546	313
547	360
548	201
549	98
550	128
551	227
552	496
553	513
554	59
555	455
556	384
557	341
558	554
559	522
560	526
561	397
562	72
563	298
564	22
565	535
566	486
567	422
568	421
569	88
570	548
571	23
572	505
573	573
574	456
575	138
576	260
577	466
578	394
579	573
580	344
581	405
582	221
583	165
584	263
585	544
586	25
587	397
588	142
589	557
590	207
591	140
592	478
593	494
594	170
595	358
596	327
597	484
598	248
599	202
600	127
601	36
602	56
603	106
604	353
605	174
606	86
607	42
608	143
609	298
610	284
611	399
612	65
613	411
614	149
615	264
616	335
617	287
618	242
619	390
620	407
621	137
622	510
623	523
624	303
625	399
626	340
627	414
628	383
629	296
630	252
631	5
632	307
633	11
634	258
635	228
636	515
637	388
638	81
639	338
640	129
641	566
642	255
643	198
644	461
645	112
646	289
647	209
648	61
649	38
650	160
651	71
652	236
653	38
654	224
655	4
656	80
657	586
658	251
659	600
660	389
661	524
662	385
663	350
664	402
665	187
666	439
667	235
668	328
669	255
670	6
671	473
672	53
673	432
674	248
675	188
676	254
677	149
678	286
679	13
680	379
681	359
682	274
683	25
684	127
685	152
686	177
687	100
688	579
689	402
690	317
691	512
692	195
693	592
694	45
695	532
696	489
697	384
698	199
699	372
700	559
701	398
702	277
703	572
704	264
705	12
706	287
707	292
708	568
709	507
710	311
711	511
712	236
713	210
714	104
715	259
716	552
717	80
718	387
719	346
720	304
721	579
722	374
723	63
724	551
725	464
726	5
727	141
728	502
729	125
730	88
731	300
732	143
733	3
734	142
735	252
736	543
737	263
738	589
739	173
740	84
741	478
742	278
743	555
744	382
745	295
746	39
747	490
748	488
749	563
750	574
751	131
752	319
753	67
754	370
755	48
756	37
757	188
758	458
759	155
760	343
761	546
762	39
763	555
764	133
765	334
766	305
767	480
768	367
769	367
770	101
771	533
772	408
773	45
774	220
775	307
776	98
777	425
778	323
779	77
780	447
781	232
782	326
783	28
784	150
785	513
786	598
787	575
788	11
789	110
790	450
791	204
792	600
793	91
794	415
795	593
796	426
797	325
798	139
799	173
800	563
801	103
802	119
803	20
804	337
805	166
806	211
807	91
808	549
809	267
810	305
811	373
812	153
813	228
814	20
815	120
816	253
817	63
818	455
819	406
820	447
821	351
822	12
823	469
824	520
825	335
826	342
827	466
828	376
829	484
830	587
831	186
832	474
833	84
834	29
835	93
836	585
837	16
838	375
839	355
840	442
841	268
842	285
843	83
844	316
845	357
846	304
847	584
848	483
849	50
850	592
851	308
852	292
853	460
854	73
855	261
856	299
857	390
858	509
859	133
860	23
861	124
862	272
863	507
864	317
865	265
866	495
867	136
868	108
869	65
870	187
871	157
872	294
873	514
874	420
875	169
876	190
877	433
878	110
879	182
880	37
881	500
882	404
883	285
884	154
885	386
886	103
887	246
888	290
889	108
890	326
891	470
892	7
893	191
894	449
895	69
896	505
897	93
898	462
899	417
900	71
901	354
902	460
903	49
904	296
905	372
906	29
907	140
908	225
909	485
910	595
911	450
912	550
913	153
914	207
915	310
916	59
917	265
918	34
919	540
920	18
921	360
922	330
923	51
924	590
925	538
926	277
927	576
928	440
929	17
930	239
931	30
932	250
933	160
934	516
935	514
936	454
937	102
938	404
939	34
940	502
941	290
942	343
943	386
944	328
945	423
946	355
947	213
948	567
949	254
950	599
951	227
952	74
953	560
954	469
955	215
956	377
957	270
958	266
959	321
960	270
961	171
962	501
963	62
964	301
965	119
966	403
967	365
968	257
969	193
970	154
971	262
972	431
973	22
974	457
975	185
976	96
977	310
978	370
979	558
980	78
981	24
982	55
983	78
984	594
985	48
986	50
987	158
988	294
989	551
990	62
991	75
992	485
993	117
994	378
995	146
996	117
997	213
998	17
999	476
1000	322
1001	92
1002	530
1003	342
1004	138
1005	193
1006	176
1007	410
1008	169
1009	183
1010	96
1011	498
1012	83
1013	412
1014	451
1015	448
1016	546
1017	591
1018	196
1019	146
1020	462
1021	218
1022	523
1023	249
1024	525
1025	102
1026	392
1027	316
1028	272
1029	515
1030	525
1031	185
1032	595
1033	354
1034	344
1035	323
1036	371
1037	492
1038	183
1039	242
1040	150
1041	522
1042	241
1043	106
1044	161
1045	161
1046	28
1047	249
1048	362
1049	10
1050	144
1051	559
1052	509
1053	371
1054	52
1055	351
1056	350
1057	218
1058	332
1059	329
1060	72
1061	10
1062	320
1063	9
1064	441
1065	157
1066	3
1067	7
1068	543
1069	428
1070	27
1071	431
1072	217
1073	40
1074	75
1075	382
1076	164
1077	444
1078	164
1079	245
1080	70
1081	89
1082	144
1083	241
1084	136
1085	548
1086	517
1087	99
1088	239
1089	364
1090	329
1091	444
1092	576
1093	221
1094	57
1095	561
1096	332
1097	115
1098	171
1099	378
1100	581
1101	356
1102	566
1103	240
1104	406
1105	70
1106	24
1107	315
1108	115
1109	89
1110	132
1111	181
1112	167
1113	9
1114	539
1115	27
1116	214
1117	359
1118	167
1119	166
1120	599
1121	409
1122	392
1123	184
1124	275
1125	112
1126	97
1127	362
1128	30
1129	540
1130	49
1131	216
1132	408
1133	122
1134	325
1135	283
1136	581
1137	87
1138	295
1139	234
1140	184
1141	215
1142	114
1143	564
1144	55
1145	114
1146	552
1147	174
1148	434
1149	459
1150	541
1151	278
1152	99
1153	122
1154	521
1155	266
1156	438
1157	476
1158	438
1159	474
1160	250
1161	276
1162	575
1163	54
1164	434
1165	380
1166	217
1167	57
1168	374
1169	216
1170	54
1171	541
1172	152
1173	347
1174	35
1175	212
1176	377
1177	537
1178	253
1179	271
1180	212
1181	271
1182	380
1183	229
1184	234
1185	87
1186	132
1187	245
1188	572
1189	459
1190	276
1191	312
1192	222
1193	336
1194	229
1195	436
1196	315
1197	436
1198	222
1199	336
1200	97
