Class Times	8
Rooms	100
1	864
2	411
3	36
4	440
5	546
6	791
7	240
8	360
9	973
10	300
11	653
12	406
13	705
14	936
15	226
16	807
17	930
18	538
19	456
20	144
21	564
22	275
23	693
24	394
25	64
26	680
27	393
28	619
29	674
30	600
31	966
32	781
33	785
34	417
35	354
36	776
37	266
38	229
39	475
40	316
41	822
42	942
43	601
44	231
45	78
46	541
47	26
48	633
49	406
50	470
51	921
52	143
53	395
54	413
55	208
56	119
57	733
58	737
59	278
60	232
61	469
62	95
63	372
64	31
65	742
66	387
67	330
68	532
69	630
70	638
71	478
72	394
73	644
74	746
75	715
76	813
77	504
78	885
79	189
80	313
81	703
82	206
83	625
84	362
85	505
86	758
87	663
88	422
89	797
90	605
91	101
92	47
93	720
94	389
95	947
96	192
97	41
98	298
99	641
100	564
Classes	50
Teachers	25
1	24
2	21
3	5
4	15
5	18
6	7
7	18
8	25
9	9
10	9
11	14
12	23
13	10
14	11
15	4
16	20
17	13
18	3
19	23
20	4
21	25
22	2
23	12
24	17
25	3
26	15
27	2
28	21
29	5
30	8
31	1
32	7
33	20
34	24
35	22
36	17
37	13
38	6
39	22
40	16
41	19
42	11
43	6
44	1
45	19
46	16
47	10
48	14
49	8
50	12
