Class Times	8
Rooms	100
1	465
2	790
3	380
4	405
5	989
6	329
7	828
8	858
9	426
10	866
11	864
12	63
13	276
14	378
15	654
16	340
17	941
18	884
19	525
20	771
21	479
22	229
23	858
24	643
25	491
26	807
27	86
28	681
29	487
30	461
31	329
32	584
33	777
34	826
35	10
36	572
37	575
38	394
39	586
40	477
41	688
42	346
43	504
44	750
45	163
46	880
47	813
48	611
49	528
50	298
51	503
52	361
53	942
54	215
55	173
56	691
57	735
58	818
59	358
60	11
61	726
62	702
63	935
64	300
65	147
66	933
67	720
68	461
69	156
70	144
71	867
72	284
73	286
74	958
75	370
76	239
77	799
78	932
79	933
80	874
81	183
82	707
83	588
84	775
85	830
86	941
87	107
88	214
89	157
90	23
91	576
92	214
93	239
94	304
95	868
96	864
97	946
98	118
99	360
100	491
Classes	50
Teachers	25
1	13
2	3
3	24
4	4
5	12
6	10
7	21
8	3
9	5
10	25
11	24
12	13
13	21
14	12
15	2
16	1
17	4
18	22
19	8
20	11
21	22
22	10
23	16
24	20
25	1
26	19
27	9
28	19
29	16
30	25
31	9
32	8
33	11
34	6
35	14
36	6
37	14
38	20
39	15
40	17
41	15
42	18
43	2
44	7
45	23
46	23
47	17
48	7
49	18
50	5
