Class Times	8
Rooms	100
1	253
2	336
3	753
4	781
5	901
6	335
7	455
8	854
9	356
10	130
11	954
12	218
13	734
14	916
15	370
16	252
17	225
18	249
19	603
20	100
21	372
22	307
23	238
24	171
25	98
26	309
27	662
28	289
29	819
30	332
31	193
32	105
33	561
34	39
35	64
36	738
37	821
38	864
39	807
40	385
41	352
42	760
43	730
44	340
45	310
46	536
47	24
48	982
49	204
50	52
51	418
52	896
53	55
54	220
55	106
56	46
57	942
58	345
59	901
60	302
61	704
62	91
63	305
64	147
65	868
66	458
67	237
68	352
69	572
70	169
71	312
72	339
73	912
74	503
75	543
76	359
77	415
78	405
79	967
80	553
81	60
82	353
83	294
84	20
85	584
86	132
87	722
88	215
89	493
90	208
91	194
92	619
93	540
94	287
95	583
96	616
97	892
98	713
99	443
100	424
Classes	50
Teachers	25
1	13
2	7
3	25
4	20
5	25
6	7
7	21
8	8
9	18
10	10
11	10
12	9
13	6
14	12
15	21
16	22
17	4
18	15
19	14
20	3
21	9
22	12
23	24
24	14
25	19
26	3
27	6
28	2
29	18
30	11
31	4
32	11
33	19
34	16
35	2
36	13
37	5
38	16
39	15
40	8
41	24
42	1
43	20
44	5
45	22
46	23
47	1
48	23
49	17
50	17
