Class Times	8
Rooms	100
1	999
2	560
3	19
4	832
5	791
6	552
7	129
8	685
9	806
10	69
11	62
12	180
13	263
14	902
15	569
16	131
17	857
18	471
19	394
20	943
21	668
22	170
23	165
24	953
25	496
26	18
27	116
28	11
29	429
30	943
31	128
32	52
33	212
34	182
35	165
36	658
37	405
38	218
39	465
40	156
41	314
42	575
43	285
44	871
45	287
46	386
47	744
48	88
49	690
50	915
51	661
52	658
53	104
54	207
55	982
56	604
57	757
58	89
59	77
60	558
61	133
62	170
63	132
64	118
65	686
66	933
67	930
68	906
69	539
70	438
71	397
72	995
73	487
74	658
75	51
76	775
77	89
78	308
79	885
80	455
81	266
82	580
83	679
84	219
85	113
86	20
87	883
88	453
89	285
90	123
91	388
92	860
93	920
94	376
95	709
96	522
97	90
98	285
99	114
100	668
Classes	50
Teachers	25
1	9
2	25
3	11
4	24
5	24
6	9
7	4
8	22
9	25
10	11
11	1
12	12
13	15
14	4
15	20
16	10
17	8
18	2
19	22
20	7
21	14
22	20
23	23
24	18
25	17
26	12
27	19
28	2
29	18
30	6
31	3
32	16
33	13
34	19
35	21
36	23
37	5
38	3
39	17
40	13
41	1
42	15
43	10
44	14
45	8
46	21
47	16
48	7
49	5
50	6
