Class Times	8
Rooms	100
1	89
2	660
3	175
4	568
5	186
6	587
7	740
8	503
9	494
10	598
11	361
12	326
13	836
14	353
15	358
16	459
17	32
18	36
19	753
20	907
21	475
22	48
23	137
24	233
25	214
26	418
27	459
28	770
29	302
30	150
31	374
32	133
33	801
34	510
35	942
36	875
37	709
38	648
39	179
40	505
41	189
42	142
43	945
44	276
45	261
46	416
47	38
48	624
49	618
50	828
51	778
52	544
53	539
54	102
55	273
56	43
57	432
58	274
59	899
60	154
61	228
62	319
63	823
64	463
65	254
66	283
67	180
68	271
69	563
70	119
71	659
72	103
73	820
74	37
75	511
76	63
77	691
78	679
79	162
80	170
81	756
82	542
83	647
84	21
85	22
86	205
87	978
88	331
89	838
90	996
91	392
92	401
93	698
94	255
95	251
96	687
97	140
98	428
99	898
100	547
Classes	50
Teachers	25
1	2
2	14
3	7
4	24
5	5
6	6
7	15
8	7
9	10
10	24
11	9
12	3
13	17
14	20
15	8
16	19
17	19
18	6
19	5
20	3
21	1
22	11
23	1
24	21
25	22
26	10
27	12
28	4
29	8
30	4
31	20
32	15
33	17
34	11
35	21
36	9
37	16
38	25
39	14
40	16
41	18
42	13
43	12
44	25
45	18
46	2
47	13
48	22
49	23
50	23
