Course	Room	Teacher	Time	Students
001473	TAYSEM	3098022	238	0145931 0901262 1017840 1025845 1044157 1056281 1057779 1077815 1082919 1083627 
004725	GOCOM	0493856	238	0369592 0905682 0991213 1001894 1036442 1094520 1100338 
001836	PK25	0898918	7	0393089 0753686 0787159 0802127 0865750 1067377 1080303 1080808 1088120 1104216 1133174 1143290 1150965 1162688 1163278 1167996 3070881 3085083 3085649 3087449 3087465 3088124 3088521 3089636 3090430 3091573 3092072 3092599 3093818 3094809 3094908 3095105 3095111 3097133 3098330 3099669 3099911 3100786 3100835 3102380 3102915 3103177 3103445 3103486 3104541 3104653 3105958 3106561 3106835 3107966 3126626 3129759 3132705 3142819 3153098 3161291 3166052 3168511 3180674 3180861 3185451 3188399 3193198 3198263 3198863 3202006 3212408 3216292 3216810 3217421 3218454 3218659 3219051 3219056 3225302 3226257 
002160	PK180	0004950	11	0393089 0802127 1040045 1064752 1068549 1080808 1129814 1159063 1162008 1163326 1163860 1167996 1170071 3073357 3076456 3082682 3083787 3086400 3092072 3093221 3094809 3094908 3095105 3095111 3096592 3097133 3097158 3098799 3099448 3099911 3099986 3102380 3102599 3102915 3104541 3106561 3112067 3114802 3191520 3201354 
006846	GOB	0824244	10	0393089 0753686 0787159 0802127 0865750 1029737 1066309 1082907 1133174 1143639 1161482 1163860 3070344 3070438 3082682 3083787 3086400 3090430 3092999 3093221 3096547 3097120 3099822 3100110 3106835 3107980 3112067 3189516 3212471 3212915 
003026	EHI	0222805	238	0480377 1008967 1056963 1067724 1077294 1078819 1079363 1081249 1094929 1104669 1160658 1170703 3072477 3073004 3073169 3074570 3077064 3077336 3079376 3104731 3107980 
006029	PK349	0409737	241	0480377 1008967 1017832 1065796 1078680 1082842 1088214 1090564 1094134 1101406 1116854 1160158 1163391 1167714 1170303 1171905 3070344 3070438 3071136 3074792 3079862 3081669 3087352 3087444 3087449 3089081 3092431 3092999 3093221 3094719 3094992 3095105 3095335 3095719 3095842 3096011 3096547 3096962 3097133 3097636 3098330 3098799 3098883 3099165 3099911 3099986 3100110 3100408 3102316 3102380 3102599 3104541 3105170 3105854 3106561 3153272 3153273 3211369 3211884 3212471 3212915 
008803	TAYSEM	0576472	239	0480377 1076274 1078508 1131602 1146215 1160158 3071734 3085504 3089636 3198776 
011331	CARP15	3325447	240	0480377 1000355 1021751 1064780 1065654 1081917 
007010	GOA	0162976	238	0501319 1000750 1026650 1056600 1066431 1077161 1078390 1112377 1169257 1170709 3073568 3074965 3075371 3075745 3076896 3085504 3086180 3088652 3093190 3094722 3099420 3107658 
009262	DAL318	3196642	240	0501319 1167438 3094695 3102969 
003277	TH251	0675005	238	0668952 1039831 1042335 1065238 
010724	ROSTUD	1168490	238	0700408 1002036 1025460 1038420 1094134 
002151	PK349	3319913	6	0753686 0787159 0865750 1077874 1080789 1082842 1160614 1171905 3070697 3073507 3085083 3086583 3088352 3088812 3091695 3098354 3098948 3100835 3107254 3107966 3110744 3113981 3127487 3127715 3129160 3134622 3157738 3160245 3185597 3186604 3188275 3192700 3192954 3196371 3196629 3198788 3200235 3202261 3211826 3212073 3217578 3218938 3220990 3221305 3221716 
007099	PK264	0028980	126	0827963 0911775 0920400 1013071 1020695 1024315 1056738 1064148 1080757 1084185 1158208 3070440 3091695 3105612 
008479	TH3F	0031619	238	0827963 1053105 1079614 1098099 1144234 1150758 3076576 
008500	PK227	0031619	241	0827963 0906618 0909942 0987937 0991120 1000750 1032929 1050781 1053105 1064270 1073544 1077003 1079614 1082799 1084017 
003572	CARP25	3092941	239	0832653 0991213 1003389 1018174 1019212 1020478 1025379 1030693 1035148 1037541 1038303 1039868 1039943 1040868 1053370 1056012 1056320 1058180 1065196 1066335 1066778 1066924 1076437 1079444 1084334 1170860 3080937 
002472	PK278	0493725	5	0897931 0950942 0998351 1001806 1005315 1019025 1019827 1023494 1034578 1055640 1058058 1058242 1065945 1066007 1082905 1083430 
002876	PK264	1084458	240	0897931 0948568 1094520 1099662 1101350 1103391 3074551 3094719 3100678 3104660 3130894 3184862 3201250 3218962 
002878	DAL318	0004955	239	0897931 1028249 1037338 1049050 
004735	PK328	0004955	241	0897931 1017840 1037338 1089147 1099662 1111549 1166163 3090519 3099822 3104489 3106131 3196465 3198769 
009233	DAL318	0029475	238	0897931 1066007 1080792 3074001 
005141	CARP21	0493856	239	0900525 1008967 1143265 1146782 1165573 3075371 3077033 3086583 3089892 3095009 3096693 3173458 3179084 3198211 3202006 3217362 
008420	TH104	0031553	238	0900525 1039679 1064035 1086489 3070017 3073357 3095105 3098799 3099704 3100927 3127715 3196629 3202466 3212408 3224248 3225012 
001430	DAL112	0020093	240	0901262 1017412 1017840 1037338 1044157 1057779 1059572 1082919 1162008 1166163 3092580 
005247	PK300	0493855	126	0901262 0906618 1021017 1039679 1041140 1056320 1142309 
009304	DAL112	1020104	241	0901262 0992186 1003389 1005412 1010750 1039679 1054176 1057592 1066308 1076274 1076783 
001165	PK229	0309967	242	0904680 1000750 1004225 1009559 1011104 1013197 1020478 1030693 1037745 1056281 1067933 1068526 1077065 1077815 1079771 1095157 1095596 1115477 1126492 1129814 1140609 1150699 1160614 1163326 1163860 1169109 3064940 3064977 3068712 3070406 3082682 3090266 3091295 3092599 3092972 3094033 3094908 3095968 3097158 3097462 3098330 3102000 3104489 3174234 
011044	ROSTUD	3213249	239	0904680 1020083 3186604 3224248 
001213	EHLEC	0031471	239	0905682 0987937 0988263 1011104 1018817 1025569 1055078 1057261 1077417 1077874 1078198 1080303 1081101 1087782 1088882 1092999 1101350 1103391 1115477 1129814 1134015 1170071 3072293 3082398 3082830 3085521 
001838	PK349	0168763	10	0905682 1020083 1056203 1056815 1065646 1067297 1080653 1082799 1087116 1088384 1100383 1105086 1116377 1149565 1161960 1164190 1169109 1169386 1170860 3074711 3074936 3075745 3075829 3079272 3080198 3086180 3086565 3087493 3092969 3095588 3099467 3099704 3099729 3103807 3105820 3106953 3107323 3107993 3160149 3160321 3199401 3199454 3201900 3224949 
008447	EHII	0132890	242	0905682 0920400 0988620 0992796 1019674 1042335 1049299 1050781 1053105 1056024 1056722 1065654 1067724 1067726 1077003 1092999 1133174 1144234 1150758 1160658 3070536 3074711 3075163 3075829 3089081 3095630 3097120 3102974 3199454 
003515	PK227	0031477	240	0906447 1019212 1021017 1029566 1030693 1037291 1038303 1044561 1058180 1059654 1065238 1066924 1084363 1169331 3074936 
007127	TAYD	0162976	239	0906447 0911775 0917040 0920400 0993790 1001394 1013071 1018301 1019674 1020695 1024315 1025623 1027597 1030369 1040818 1044561 1056203 1056738 1056815 1064148 1066679 1067748 1067862 1068109 1076246 1077257 1077294 1077416 1078648 1080149 1083626 1084185 3073143 3105612 
001862	PK354	0031557	240	0906963 0988263 0992796 1009559 1017492 1064605 1066309 1077413 1082907 1088558 1088785 1099059 1143639 1150699 1158007 1169962 1170303 3080595 
002992	PK336	3195619	9	0906963 0909942 1005082 1068549 1084187 1089147 1099178 1169382 3080592 3081669 3091695 3093221 3097890 3098883 3100786 3104658 3114024 3125605 3125668 3158316 3158773 3160149 3162076 3162611 3184641 3184743 3195980 3200015 3200739 3200866 3211369 3211821 3212471 3219051 3219056 3221546 3221716 3224484 
004290	CARP15	1168243	239	0906963 1009559 1025460 1038671 
006042	EHSEM	0409737	238	0909942 0958492 1025644 1036027 1036225 1055348 1058223 1065796 1068526 1077482 1080653 1088384 1096470 1104216 1143290 1146370 1150965 1159063 3070406 3072594 3073666 3086400 3097341 
006044	PK336	0207327	240	0909942 0948095 0987600 1005082 1006438 1006444 1009729 1020520 1025629 1025644 1035148 1036225 1037541 1049929 1055348 1058223 1059469 1065183 1065796 1067334 1068526 1076989 1077161 1080653 1082842 1089147 1096470 1104216 1146370 1157047 3072477 3072594 3073169 3073666 3075188 3076211 3079376 3093174 3097607 
003031	GOCOM	0375562	241	0911775 0987600 1056963 1058048 1077294 1078819 1078836 
008801	PK328	3194197	240	0916427 1005427 1065732 1076274 1076854 1088690 1112377 1169341 1170567 3073568 3074792 3075745 3133028 
010962	PK264	0915760	238	0916427 1018174 1020370 1040868 1056320 1065654 1066335 1080757 1129708 1149270 
011195	PK337	3212821	241	0916427 1049050 1066982 1169341 3092985 3107963 3133434 3160321 3162926 
004355	CARP13	0847593	241	0917040 0988990 1020727 1057779 3088352 3127715 3132900 3134350 3162076 3163273 3201354 3225118 
005730	PK200	0031392	238	0917040 1076854 
007125	EHSEM	0162976	240	0917040 0993790 1000750 1001394 1001905 1020695 1023923 1024315 1027597 1030369 1056963 1066679 1067748 1067862 1068109 1077257 1077294 1078819 1079614 1080149 1083626 3073143 3085644 
001151	DAL204	0309967	5	0918549 1068549 1080808 1088120 1090933 1100129 1102354 1116854 1131189 1170757 3064940 3071094 3072063 3073138 3073146 3074289 3082398 3086015 3087394 3087465 3087983 3088421 3089341 3090066 3090785 3092236 3092580 3093369 3095050 3095588 3096592 3097953 3098747 3099165 3099989 3100155 3102105 3102278 3102316 3104653 3105818 3107589 3116805 3118334 3126626 3129544 3130894 3132705 3134180 3153098 3158421 3160321 3161051 3167586 3172803 3196371 3201250 3202261 3211569 3212786 3212902 3216872 3218938 3219871 3220365 3223998 
001841	TH104	0814748	8	0918549 1003644 1025533 1029566 1049299 1055290 1064752 1065142 1077874 1083594 1085106 1088558 1088785 1099178 1150699 1170303 1171905 3071094 3072484 3080595 
006508	GOCOM	0031478	239	0918549 0958492 1136830 3079272 3085836 3100897 3106953 
004082	PK264	0854975	241	0919772 1019006 1023923 1039831 1040818 1065183 1065271 1067726 1076923 1081939 1081952 1143639 1170479 
010953	DAL100A	0058557	8	0919772 0920400 0991213 1006105 1020695 1039868 1079444 1150758 3073143 3074711 3087407 3102316 
002564	CAN311	1168490	239	0948095 3070476 3094287 
011035	PK354	3213250	242	0948095 1018817 1020520 1034405 1078198 1080789 1102030 1170567 3080595 3088812 3089636 3092236 3094992 3100824 3144208 3153273 3157738 3218962 
011325	TAYC	0554585	241	0948095 1024283 1049929 1059469 1076989 1079771 
003416	GOA	0031477	242	0948568 1005451 1019025 1019212 1067241 1076234 1080654 1081250 1085061 1101350 1104151 1122905 1149344 1162688 1163391 1165961 3074734 3079369 3088421 3092999 3094809 3097894 3100155 3103177 3116065 
008763	PK349	0899465	126	0948568 1029787 1041981 1056815 1064035 1067726 1076923 1081939 1081952 1101350 3068712 3075759 3079675 3087347 3087450 3089298 3090266 3095725 3097133 3098330 3099669 3099989 3100786 3102000 3102105 3103486 3105287 3106762 3108046 3113444 3116269 3118205 3125668 3129759 3133451 3134309 3134508 3160245 3161051 3162611 3170761 3185597 3189516 3196457 3198788 3201574 3205483 3211826 3212716 3212902 3217578 3218454 3218659 3219056 3223362 3223822 3224418 3224991 3225012 3225017 3234753 
002464	DAL100A	3208421	239	0950942 1019827 1034578 1055640 1056910 1059469 1065654 1149270 3070090 3073692 3074001 3080592 
011045	CAN311	3213249	238	0952443 3105802 3105818 
002856	PK338	0127086	74	0958492 1066982 1077683 1079756 1087490 1157688 1161960 1163417 1164190 1170709 3070881 3072890 3073525 3074314 3074634 3074891 3074965 3076489 3077762 3081368 3082682 3086015 3086536 3087347 3087394 3087433 3087696 3088117 3088521 3088652 3088812 3088988 3089566 3090266 3090362 3090519 3090537 3091295 3091573 3091695 3092294 3093697 3094287 3095009 3095111 3095335 3095630 3095649 3095719 3095968 3096011 3096547 3097158 3097462 3097636 3097903 3097953 3098292 3098354 3099468 3099757 3099774 3099986 3100824 3100876 3102057 3102868 3102884 3102915 3104653 3104770 3105511 3105818 3105820 3106068 3106131 3106835 3224248 
006036	DAL112	0031526	5	0958492 1006444 1020520 1024283 1025644 1049929 1081917 1090564 1094134 1104216 1157047 
007370	TAYF	0826964	13	0987347 1021867 1041140 1065732 1067502 1082907 1084187 1102354 1122784 1129708 1143723 1150720 1163278 3064977 3073066 3073138 3076930 3077809 3086698 3088651 3090362 3091295 3102832 3104386 3106131 3160012 3162611 3162924 
006059	PK264	0031384	8	0987600 1000355 1005059 1005082 1006438 1009729 1018936 1036027 1036225 1056722 1068526 1077482 1081917 
001551	PK300	0031756	6	0987937 0988620 1065654 1087782 1099178 1143723 1160885 3070344 3077064 
011294	DAL100A	0135660	240	0987937 1025569 1055078 1058421 1067726 1079993 1092999 1102030 1137955 1170071 1170479 
001248	DAL100A	0135660	126	0988263 0999733 1011104 1018817 1025508 1025569 1055078 1057261 1077417 1079993 1170479 3082398 
004011	GOB	0215359	11	0988263 0992801 1067862 1157688 1163897 1170001 3073525 3076211 3077471 3079369 3085909 3089892 3092580 3093818 3105958 3110744 3112294 3128777 3129360 3130435 3160150 3160366 3162924 3179084 3185451 3193198 3200015 3218962 3220980 3224891 
004666	TH104	0775640	6	0988603 1001613 1055441 1056600 1058421 1077003 1078655 1086867 1101406 1111549 1117320 1141220 1150965 3071094 3072910 3077336 3093770 3106561 3112960 3199412 
006865	PK128	0031335	238	0988603 1057535 1100129 1160885 
006867	PK337	0750235	239	0988603 1013197 1024283 1057535 1078655 1100129 1160885 3071151 3074023 
003516	DAL100A	0031477	241	0988826 1029566 1035148 1039943 1056857 1058180 1090933 1096113 1143228 3069337 3069991 
004804	EHIII	0348369	242	0988826 1065781 1169382 3076489 3085909 3089298 3178456 3218974 
006518	EHSEM	0777265	5	0988990 1021017 1049299 1055590 1059677 1067251 1067297 1067460 1087116 1093044 1095596 1104669 1136830 1150758 1169360 3073384 3087449 3091573 3092294 3099448 3099729 3100897 3222819 
006530	PK278	0031399	240	0988990 0992801 1169109 3092880 3102322 3162926 3199632 3218971 3220365 3222819 
009303	PK328	0029475	242	0988990 1001806 1004324 1020727 1056320 1064270 1076274 1076923 1079384 1142309 1169257 3076618 3198211 
003554	PK128	0599596	240	0991213 
007107	PK278	0031568	126	0992186 1005427 1018252 1018301 1019674 1059677 1067748 1077416 1078390 1078648 1080149 1081006 1088690 1143717 1170848 3085644 
011063	CARP13	3195964	242	0992186 1018857 1056970 1064148 1068383 1081006 1084321 1143717 1146782 3073384 3088651 3106525 3107993 
007026	PK354	3198619	8	0993790 1018183 1018857 1020370 1025569 1032929 1068383 1131189 1149344 3076489 3085644 3087352 3088651 3094695 3096693 3098354 3105511 3196629 
008820	PK264	0031572	5	0993790 1018252 1018857 1047318 1078508 1080149 1080398 1080653 1146215 1160158 3074891 3075745 3085521 3188275 
002412	PK328	1051497	8	0998351 1023494 1039943 1055640 1083430 1086710 1086927 3073300 3073692 3074001 3097347 3100628 3195980 
011326	RCSEM	1051497	240	0998351 1019827 1039943 1046086 1056270 1056910 1065945 1086710 1097648 1141167 3070090 3195980 
003007	EHSEM	0222805	239	1000355 1026650 1032929 1056722 1067334 1078836 1158208 1163417 1167714 1170703 3073004 3073146 3073169 3073666 3074930 3079376 3085509 3085986 3087352 3092972 3095842 3096962 3104386 
004888	PK337	0053518	8	1001351 1018271 1020727 1029210 1041981 1056217 1056270 1064385 1084017 
001845	PK227	0123161	8	1001613 1036442 1057261 1058180 1076783 1081006 1095157 1143290 1163860 3068712 3073507 3074792 3096592 3099359 3106835 
001852	TH104	0409956	240	1001613 1021867 1038420 1055290 1159063 
008774	PK278	0899465	238	1001613 1025623 1037541 1056024 1087490 1102354 1105086 1141167 1170567 3073692 3092972 3094908 3095630 3103445 3105820 3224993 
002469	PK232	0697660	239	1001806 1023494 1058242 1066007 1083430 1084017 
004807	CARP13	3092667	8	1001894 1066982 1084321 1169369 1171002 3070090 3100762 3106769 3129360 3160149 3198776 3219743 3314231 
004072	TH3F	0031578	239	1001905 1039831 1065646 1076923 1099059 3104731 
009359	ROSTUD	0031386	241	1001905 1047318 1146370 
011296	TH111	0468281	238	1001905 1004225 1040045 1057004 
005243	PK337	3310303	242	1002036 1025533 1034578 1170370 3073357 3085083 3085986 3212073 3224227 
007375	TAYF	3310805	10	1002036 1025508 1060299 1064790 1065732 1076246 1084363 1102030 1122784 1124785 1143723 1146782 1149344 1163278 1167714 1169360 1169369 1169382 3064977 3074734 3074930 3076930 3086015 3088812 3092360 3097903 3104770 3133028 
003451	TH111	0599596	241	1002241 1018271 1078390 1093044 1124785 1142212 1158026 1162293 3070017 3074965 3075163 3088117 3089566 3089824 3099359 3103826 3107254 
011305	PK264	0751777	6	1002241 1003389 1018174 1040868 1056012 1065196 1076437 1077683 1100338 3081669 3085728 3088090 3103807 3198356 
006026	PK349	0207327	242	1003389 1006744 1029787 1040045 1046439 1066431 1067251 1067297 1067460 1076009 1077161 1078646 1078896 1078921 1083430 1086867 1100383 1117264 1134015 1149270 1164190 1171002 3073143 3073568 3074936 3077033 3078073 3085504 3085521 3085810 3086747 3092880 3094722 3099468 3102832 3103826 3112294 3127208 3217527 3219871 3224993 3225012 3225022 
001892	PK200	0814748	239	1003644 1038420 1067933 
005741	GOCOM	0855349	242	1003644 1056203 1064385 1064605 1076854 1096113 3088978 
011295	CARP13	3208554	5	1003644 1006744 1045379 1056688 1066309 1082842 1088636 1095157 1143290 1160614 3073507 3099957 
001864	PK300	0031557	241	1004225 1020150 1029737 1041559 1082315 1085106 1143723 1150965 3072484 
007372	TAYF	0162977	7	1004324 1006438 1053105 1056970 1079363 1084187 1088558 1090564 1096470 1102030 1142309 1169331 3074711 3074792 3075163 3077623 3079862 3085728 3086583 3087720 3089009 3089566 3092360 3097953 3099590 3100989 3102868 3106953 
003006	TH111	0492580	5	1005059 1008967 1036027 1064780 1065781 1067334 1068383 1081249 1131602 1150720 3073568 3077064 3077336 3080612 3100989 3107966 3107993 
009263	PK337	3196642	238	1005199 1056096 1088636 1142212 3086698 3088352 3102057 
011392	PK227	3310794	16	1005412 1026650 1066431 1081006 1112377 1149565 1170703 1170848 3076190 3081368 3085504 3087720 3088652 3099359 3099468 
006500	PK229	0777265	8	1005451 1056024 1076238 1076299 1088214 1163897 3072910 3076618 3078465 3080794 3088090 3089276 3090785 3091931 3095526 3097462 3100359 3104386 3104587 3110771 3112797 3114802 3125605 3128777 3129544 3132900 3159218 3166052 3172803 3183035 3199401 3212786 3221418 3221487 3222477 3222819 3223362 3224773 3224950 3224991 3225371 
004359	PK227	0847593	126	1009729 1025845 1063875 1171002 3072397 3088090 3089081 3092999 3094287 3098796 3100927 3153098 3196371 3212222 3219051 
011194	ROSTUD	3212821	5	1010175 1010750 1059654 1084363 3198211 
001894	RCCON	0123161	238	1010643 1029737 1078921 1079771 
003500	DAL112	3194193	126	1010643 1057004 1077065 1077683 1078646 1088972 1170757 3069991 3072447 3076930 3096011 
001196	PK259	1051497	241	1010741 1055078 3219221 
001460	DAL112	3098022	239	1010741 1025845 1057779 1082919 1083627 1140609 1166163 1172355 3090519 3100678 3103933 
006023	PK338	0301909	238	1010741 1021867 1044561 1095349 1095814 1101031 1136830 1149565 1161482 1163326 1163417 1169386 1170001 1170021 1170848 3065039 3070536 3072890 3074930 3075759 3075829 3076022 3076489 3077623 3085513 3087347 3087433 3088124 3088988 3092969 3094033 3095387 3095725 3098796 3100678 3100824 3101841 3104067 3104899 3105895 3106525 3106762 3107001 3107323 3107589 3107993 3108046 3111592 3112067 3112448 3113444 3113981 3118205 3125668 3129160 3130435 3133451 3134217 3134309 3149956 3156597 3158316 3158421 3159218 3160150 3160245 3162638 3163273 3166052 3180674 3180861 3182934 3184743 3184966 3186688 3188399 3192700 3192954 3193198 3197293 3197712 3198788 3198863 3199006 3199401 3199412 3200235 3200739 3200866 3201354 3201574 3201900 3202451 3205483 3211821 
011328	PEMSTD	1051497	242	1010741 1142212 
001185	EHIII	0123161	240	1011104 1059677 1088882 1115477 1129814 1140609 1160614 1170757 3071094 3072293 3086747 3098796 3105612 
007070	EHIII	3195964	238	1013071 1056203 1056738 1056815 1056970 1059677 1064148 1067382 1077257 1158208 
002569	PK354	0564741	238	1017339 1142227 1171297 3076211 3077471 3105046 
002162	PK354	0168378	239	1017444 1059572 1068371 1076009 1079366 1101406 1116854 1119989 1134358 1158007 3064940 3068712 3070406 3070438 3078073 3093770 3099165 3107980 
002182	CARP15	0428815	238	1017444 1038671 1065142 1068371 1076009 1079366 
001843	GIL210	3092564	13	1017492 1017832 1025533 1064752 1067460 1067933 1068549 1076238 1080303 1082315 1150699 1162008 3073357 3073525 3076576 3080595 3091695 3092072 3092431 3095625 3098796 3099448 3100835 3104489 
005180	GOA	0056990	10	1017492 1027597 1041140 1076274 1078921 1098099 1141220 1163855 1165573 1170370 3072397 3075371 3076618 3093818 3095009 3103445 3106074 3110771 3128777 3160366 3197293 3198211 3198263 3205483 3217421 
006848	PK264	0750235	242	1017492 1017832 1076877 1088120 3098799 3102599 3107001 3133451 3153272 3163273 3176913 3183035 3201574 3225121 
011303	TAYSEM	3194193	241	1018174 1042335 1056012 1058421 1080398 1084462 1095349 1126639 1157688 
007365	TH110	0031522	16	1018183 1021867 1037291 1056857 1083594 1100625 1163326 1163391 1163897 1169382 1170479 3080612 3085644 3088090 3090066 3090266 3092880 3095050 3095335 3095625 3095630 3097347 3099448 3100182 3100989 3101841 3104653 3104660 3104770 3107254 3109485 3112448 3112870 3128188 3129360 3133386 3134309 3144208 3149956 3156597 3173458 3198356 3198769 3202451 3202466 3203637 3211731 3213069 3218455 3218584 3219743 3220362 3220795 3222659 3223591 3224418 3224484 3224986 3224993 3225182 3225612 3227006 
011323	PK232	3198619	238	1018183 1078896 
004885	TH111	0672202	240	1018271 1047339 1056217 1064385 1084462 3069337 3092969 
011302	CARP17	3194193	238	1018271 1056217 3090362 
005161	PK128	0031582	241	1018301 1025379 1044157 3076022 
001181	CARP13	0031471	238	1018817 1018857 1055078 1058058 1065781 1077003 1101350 1137955 3073146 3200015 
001757	RCSEM	0254474	239	1019006 3074936 3097903 3102974 
004065	PK300	3244352	16	1019006 1041981 1078896 1078921 1081952 1085106 1143639 3076896 3107658 
005722	CARP25	0984701	126	1019025 1058223 1078198 1088636 3087493 3098747 3105170 3106068 3126626 3127208 3128188 3134461 3153272 3153273 3160884 3168968 3202052 3211857 3212786 3213069 3217527 3218584 3218974 3220980 3224773 3224949 3225713 
011304	TAYG	3092941	238	1019212 1053370 1067241 1079444 1084363 1085061 1088972 1096113 1122905 1146215 1165961 1169331 3069991 3074289 3077033 3089298 3089824 3091931 3103826 3107963 
008485	CAN314	0031553	239	1020150 1050781 1064270 1082799 1098099 1144234 
008488	CAN314	0031553	240	1020150 1050781 1064270 1082799 1098099 1144234 
011343	PK259	3213249	240	1020478 3071136 3073300 
004882	TAYB	0697660	238	1020727 
011207	RCSEM	0031478	238	1021017 1030683 1067251 1067297 1073544 1095596 1133174 
006519	DAL318	0031478	241	1021751 1030683 1079384 1169962 
005724	TH104	0031392	126	1023494 1086927 1095349 1124785 1163278 1164190 1164206 3074289 3079272 3085810 3085836 3095335 3095387 3099467 3099468 3102884 3104770 3105862 3211821 3218938 
002674	PK300	0468281	240	1025379 1060299 1078646 1081939 1087490 3089611 3092294 3107963 3182934 
002164	CARP13	0180723	126	1025460 1040874 1059572 1101406 1116854 1119989 1134358 3070344 3070438 3078073 3095719 3096547 
007008	TAYF	3195964	5	1026650 1065271 1088690 1097648 1170848 3070648 3074634 3081368 3087352 3087720 3097894 3099822 3100927 3102153 3102868 3104658 3105862 3108728 3111488 3112870 3116464 3160884 3170761 3198776 3223347 3223591 3224476 3225118 
004733	DAL112	1084458	238	1028249 1162688 3128366 3161291 3167586 3222819 3225371 3227006 
005854	TAYSEM	3212821	242	1028249 1089147 1099662 1111901 3086015 3106131 3114024 3196465 3198769 3201250 
005862	GOCOM	0031416	240	1028249 1039831 
004838	PK264	1051497	10	1029210 1032769 1038420 1077482 1081101 1082150 1100625 3072063 3072447 3080937 3087696 3089892 3213069 3217514 
009299	DAL100A	3092667	5	1029210 1041981 1056270 1063875 1104151 1122905 1171002 3078500 3092985 3106769 3218455 3314231 
004288	PK128	0123161	239	1032769 1064385 3087983 
008765	PK229	3194197	126	1037291 1081101 1083594 1084017 1086710 1087116 1088785 1162008 1167714 1169331 3071136 3074711 3079862 3080198 3085728 3088124 3099165 3099704 3100155 3100408 3100678 3100835 3102322 3102915 3104541 3105046 3105821 3105895 3106953 3107589 3108306 3113981 3127487 3149956 3176913 3180861 3182934 3184743 3195980 3198863 3200866 3201900 3221418 
001455	DAL100A	0020093	238	1037338 1063875 1140609 1164206 1166163 3072063 3099822 3103177 
004023	CAN314	0031332	5	1037413 1077417 1078646 3079675 3089276 3104731 
001183	GOA	0406445	7	1037745 1041140 1056281 1065781 1081101 1087782 1088882 1095157 1096113 1103391 1143717 1146215 1161960 3072293 3077064 3082830 3086747 3088352 3095050 3099957 3100110 3100824 3103933 3107323 3107589 
011528	RCSEM	3310251	10	1039868 1057592 1076234 1081249 1101031 1143228 3069337 3070648 3074570 3080794 3092236 3217527 3220980 3225713 
007909	EHIII	0742958	239	1040045 1046439 1047318 
007900	RCSEM	0031539	242	1040874 1055441 1057261 1058048 1080272 1081249 1158007 1163664 1169386 3087433 3095649 3102316 3107658 3118334 
011532	PK300	0301909	8	1046086 1067862 1142212 3105046 3105099 3105821 3224986 
004009	PK229	0030564	10	1046439 1047318 1047339 1076854 1112377 1166163 3089948 3091653 3092072 3097890 3099757 3100762 3102969 3102995 3112797 3116065 3116805 3129544 3130894 3134011 3134217 3156597 3157738 3159218 3161154 3162638 3172803 3174234 3184641 3184966 3186688 3198356 3216292 3217652 3218455 3219221 3222282 3222477 3223347 3223998 3224492 3225356 
004394	PK227	0989327	239	1047339 1054176 1063875 1100899 3072397 
001763	PK278	0027799	241	1053370 1066778 1067251 1080654 1087490 1103391 3072397 3085649 
001765	DAL100A	0271874	242	1053370 1056857 1099059 1126639 3080794 3090537 3160149 
007387	CARP21	0031522	238	1055441 1067377 3086238 3098918 
004852	PK300	3194193	242	1056012 1056270 1100338 3080198 3080592 3095625 3218455 
004292	PK337	3092832	240	1056096 1078508 1117320 
004293	PEMSTD	0017611	239	1056096 1117320 
004280	CARP17	0031577	240	1056281 1076299 1077815 1086867 1088120 1117264 3096149 3097341 3102974 
011300	PK259	0020093	239	1056600 1116377 
002367	CARP25	3208421	5	1056738 1119989 1134358 1141167 1143228 1159063 3074314 3075829 3079370 3085986 3097636 3100628 3103038 3104386 3112448 3113444 3133386 3158773 3173458 3192700 3196457 3197712 3217605 3218706 3223822 3224986 
008423	PK259	0132890	238	1056910 1081952 3102974 3221487 
005258	CARP13	0056990	239	1057004 1057592 1067182 1083431 
005734	PK232	0855349	240	1057261 3074289 3102599 
003009	PK278	0375562	242	1058223 1078648 1131189 1161482 3072477 3072594 3074570 3074891 3074930 3080473 3085513 3087449 3096962 3099774 3104731 3105854 
002403	GOCOM	1137952	6	1058242 1097648 3070090 3071136 3085810 3098754 3099590 3217652 
004872	GIL101	0989327	238	1058421 1084462 
002562	RCCON	0564741	8	1058893 1065945 1077065 1162293 3072293 3079675 3105166 3116392 3133028 3184862 3212716 3218584 3218706 3221305 3225356 
002637	TAYSEM	0827051	240	1058893 1142227 1143265 3065039 3077809 3105818 
001766	TAYSEM	1165592	126	1059654 1065646 1077815 1082799 1092187 3071094 3073507 3092985 3095924 3220362 
003454	GOA	0915760	239	1059654 1067241 1076234 1079756 1080757 1081250 1088972 1090933 1092187 1093044 1093549 1095349 1105086 1122905 1126639 1129708 1142212 1157688 1158026 1161960 1169360 3072447 3078465 3090537 3092985 
002643	RCSEM	0765372	241	1062675 1066679 3226257 
004274	EHSEM	3092832	16	1064035 1160885 1172355 3070440 3072890 3082830 3089948 3093190 3095649 3096149 3096592 3099590 3100408 3100876 3103933 3106769 3107774 3110781 3112355 3161154 3170761 3224492 3224773 
005189	TH3F	1137952	241	1064752 1080303 1092999 1122784 1141220 1142309 1143265 1170370 3076190 
004014	EHI	0854975	240	1064790 1080789 3070536 3070881 3079370 3080592 3081368 3093190 3095050 3095719 3095842 3098747 3099420 3104899 3111488 3144208 3158773 3173458 3217421 3224476 3225118 
001764	PK328	1165592	5	1067241 1077380 1088972 1170860 3071151 3072447 3075163 3078465 3089298 3098918 3099590 3112294 3202052 
007398	TH104	0851717	239	1067377 1077413 1122784 3072910 3076930 
003463	GOCOM	0599596	8	1067724 1078508 3074734 3082398 3088988 3099467 3108728 3160884 
004282	PK200	3318666	5	1076299 1086867 1117264 1117320 1169962 
008767	TAYG	0031572	240	1076437 1104151 1165961 1170709 3087444 3088521 3090066 3090785 3092704 3095625 3097120 3100897 3101841 3102153 3106074 3142819 3178456 3197293 3202006 3223244 3225612 
001749	GOCOM	3198088	126	1076531 1131189 3072477 3087407 3112870 3115170 3219221 3223998 
005191	DAL112	1137952	242	1076783 1094929 1142418 3073692 3074634 3076576 3079370 3085509 3102153 3105802 3105821 
004700	EHIII	0031621	241	1076877 3093174 
004739	PEMSTD	0004955	238	1076877 
005863	PK264	0031582	239	1076877 1099662 1164206 
010975	ROSTUD	0915760	240	1077065 3095924 
005847	TAYSEM	0031416	5	1077683 1077874 3087407 3097158 3100359 3104489 3220362 3220990 3224227 3227006 
005123	RCCON	0031560	240	1078198 1088384 3084099 3103826 
007034	TAYB	3320374	241	1078648 1078896 3102153 3102884 3111592 3125605 
005727	DAL105	0984701	238	1078680 3086512 3224950 
010936	RCCON	0827051	239	1078896 
001547	EHI	1054236	239	1079268 3095387 
005286	PEMSTD	0493856	240	1079384 
001156	PK200	3208421	240	1079756 3073146 3095588 3188399 
002653	PK300	0576472	238	1079756 1167996 1170303 3091653 3095588 3102000 3111488 
007887	PK10	0431946	238	1080272 3085909 
001753	TAYC	0416447	240	1080654 3076576 3087465 3092599 3211884 
002855	PK338	3318435	239	1080789 1163897 3070536 3070697 3076022 3086565 3086698 3087450 3087465 3088757 3089529 3089948 3090066 3090430 3092704 3093818 3095526 3097120 3097890 3098747 3099989 3100155 3100182 3100762 3100786 3101841 3102000 3102105 3102278 3102322 3102969 3103486 3104587 3104660 3105099 3105170 3105287 3105958 3106762 3107001 3108046 3108728 3109485 3110744 3110781 3111488 3111592 3112294 3112355 3112448 3112870 3112960 3113444 3113981 3114024 3114802 3115170 3116065 3116269 3116392 3116464 3116805 3118205 3118334 3125605 3125668 3126626 3127208 3127487 3127715 3128188 3128366 3128777 3129160 3129360 3129544 3129759 3130435 3130894 3132900 3133028 3133386 3133434 3133451 3134011 3134180 3134217 3134309 3134350 3134461 3134622 3142819 3144208 3149956 3153098 
004036	PK232	0030564	241	1081250 3079675 3087983 3092880 3097341 3112355 
002394	CARP25	0020988	238	1082150 3097347 3103038 
011301	TAYB	0431946	240	1083431 1100383 
001423	CARP21	3098022	240	1086927 1088214 3082830 3086015 3086180 3088757 3089948 3100876 3102278 3107774 3112355 3112960 3128366 3132900 3161051 3161291 3162638 3174234 3202052 3223591 3225182 3227006 
011538	ROSTUD	3315568	242	1086927 3087983 3089341 3092580 3097341 
008773	TAYSEM	0431786	10	1087960 3088652 3094719 3095928 3097953 3168968 3200235 3219743 3219871 3222659 
004013	TAYE	0163316	13	1088214 1094929 1137955 1158208 1163664 1170021 3069337 3070017 3074314 3077762 3086565 3087347 3087394 3087696 3092236 3092599 3094809 3099911 3103807 3103933 3105511 3106769 3107774 3116464 3129160 3133386 3158316 3168511 3183035 3184862 3199632 3200739 3217514 
006502	TAYB	0031621	239	1088785 3080473 3105046 
005154	PK328	1020104	238	1088882 1141220 1170370 3108036 3115170 3134350 3222659 
006038	DAL318	0031621	242	1090564 3076211 3085649 3094287 
007006	CARP13	0031568	240	1092187 3073384 3105820 3108046 3110744 3118205 3202451 3218913 3224991 3225022 3225363 
003001	TH111	0492580	126	1094929 1095814 1104669 1131602 3072594 3073666 3076190 3080612 3085509 3085513 3092972 3093190 3095649 3095842 3099757 3100989 3105854 
002149	PK278	0428815	239	1099178 1170001 1170021 3075759 3100359 3105895 3112797 3134508 3184966 3211569 3211857 3218974 3222282 3224891 3225017 3314231 
004856	CAN311	0020093	241	1100625 1104151 3090362 
002874	TH3F	0031582	242	1111549 1172355 3074551 3088757 3090519 3100876 3103933 3128366 3162076 3224950 
011327	PK227	1051497	238	1116377 
004278	GIL210	0017611	238	1117264 1163855 
002567	PEMSTD	0031621	5	1142227 
001747	CARP17	0416447	239	1165961 3095725 3099669 3102995 3132705 3162779 3212716 3225371 
007881	CAN314	0742958	241	1169386 3080794 3097607 3103038 3199454 
002383	CAN311	0222805	240	3074001 
011198	TH102	0254474	238	3074936 3105854 
005845	PK328	0031582	126	3076022 3102278 3103177 3104660 3109485 3111592 3125605 3133434 3202261 3212095 3220365 3225182 
006024	PK229	0031454	6	3077809 3080473 3083787 3086698 3087450 3088421 3089529 3090519 3092704 3095526 3099989 3102322 3103486 3105287 3105958 3114024 3114802 3116065 3116269 3116464 3116805 3129759 3133434 3134011 3134180 3160366 3162924 3167586 3168968 3176913 3185451 3191520 3198263 3202466 3212222 3212408 3218454 3223362 3224476 3224949 3225121 3234753 
006860	PK300	0031335	239	3079862 3081669 3089081 3094719 3094992 3097607 3097636 
011315	PEMSTD	3213249	241	3085521 
006525	TH111	3320374	239	3085810 3106068 3107658 
005121	TAYC	0031560	239	3088651 3099986 3100628 3108036 
007877	PK328	0031386	239	3094722 3211884 3217247 3225022 3225363 
002152	PK264	0162987	16	3095526 3099989 3105170 3134011 3134180 3196465 3199412 3211884 3212095 3212222 3212915 3223244 3223362 3234753 
002702	TAYC	0031578	238	3099467 
002460	CAN314	0031568	238	3100628 
002635	TH3F	0765372	240	3105802 3203637 3211569 3212073 3217605 3225121 
005119	RCCON	0031560	241	3108728 3116392 3160012 3199006 
007903	PK200	0468281	241	3110781 
004018	EHLEC	0359529	238	3211731 
