Course	Room	Teacher	Time	Students
006034	TAYF	0213446	217	0197361 3281059 3331071 3404534 3405422 3412644 3413923 3420437 3421753 3426649 3426719 3429761 3430401 3431629 3433849 3436311 3437365 3437379 3437511 3439670 3440175 3441004 3441900 3455046 3457195 3459897 
008469	GOB	3420576	263	0700408 3249725 3329409 3331179 3341634 3344218 3352040 3389674 3390102 3395942 3397334 3405144 3415407 3416750 3421604 3430953 3431260 3431448 3433929 3435628 3437781 3438441 3483155 
008770	PK100	0431786	213	0750570 3229500 3241275 3254633 3266668 3330300 3331071 3334029 3339315 3340797 3343615 3351809 3352269 3359026 3374569 3375544 3396377 3404976 3405451 3412725 3415144 3415849 3417002 3418145 3420434 3422289 3422964 3424318 3426213 3430131 3431155 3431257 3431448 3431740 3432040 3432238 3432344 3433760 3435161 3435384 3435771 3436588 3437591 3438441 3438443 3438472 3438473 3439283 3439328 3439820 3439912 3440024 3441016 3446670 3451551 3453352 3454497 3455049 3455915 3458122 3458339 3459584 3461882 3462297 3462356 3462516 3462882 3462936 3462956 3463589 3464379 
013274	CARP17	3443571	217	0825970 3295955 3314570 3340683 3353145 3358378 3412755 3414238 3414467 3428844 3435183 3435397 3438471 3441838 
008784	BYC100	0031572	263	1005451 3229135 3258482 3340558 3374470 3396312 3435187 3444491 3458121 
009225	CARP25	1061058	264	1086489 3254239 3354609 3429732 3431257 3432798 3436311 3444537 3455519 3455808 3457979 3462647 
004356	PK127	0847593	263	1089147 3118476 3358339 3374194 3412866 3435922 3439387 3441306 3452964 3461936 
002569	CARP13	1168490	263	1170820 3223213 3324397 3329719 3364991 3396313 3411108 3412864 3416398 3417055 3420434 3432301 3436260 3440075 3440409 
006504	DAL25	0031399	213	1170820 3119160 3275705 3322549 3339160 3415125 3416750 3417370 3425239 3425755 3428608 3429733 3431651 3432759 3439147 3439409 3441004 3447681 3456313 3458049 3459888 3460701 3462235 3462851 3462990 3463524 
013170	TAYC	3092941	262	1170820 3112960 3250514 3339156 3340558 3340716 3413598 3418117 3418441 3425356 3425679 3429733 3430131 3434130 3437701 3443092 3444537 3453218 3458121 
003424	TH224	3393009	1	3069495 3099325 3212089 3227669 3311775 3313406 3314570 3365419 3372100 3374569 3381424 3396036 3397012 3412755 3416073 3422289 3429524 3434210 3436514 3439147 3439283 3462414 3463879 3474216 
008484	CARP13	3420576	262	3069495 3329409 3331179 3347767 3352040 3352660 3362442 3378849 3390220 3395937 3396837 3414298 3416750 3417002 3435922 
011834	TAYF	0470839	263	3069495 3119618 3249454 3255904 3278685 3337335 3337414 3339216 3340158 3365824 3402583 3404279 3404693 3416374 3417314 3425219 3426169 3427674 3432782 3436158 3438206 3438232 3438842 3439158 3439364 3458641 3463353 
001837	PK100	3452118	184	3073525 3250227 3322886 3331180 3334029 3337334 3359188 3375120 3378849 3395299 3396461 3404693 3405451 3405604 3405619 3411154 3413582 3415615 3415852 3417108 3418120 3419470 3421500 3421700 3428042 3428608 3430152 3430298 3430383 3431294 3431672 3432223 3432238 3435039 3435248 3435384 3435692 3436311 3436588 3437240 3437574 3438113 3438374 3438455 3439899 3445081 3446670 3448679 3451663 3452561 3453445 3455625 3455631 3455915 3456103 3456677 3457231 3458451 3458469 3458972 3459522 3460235 3460369 3460488 3460737 3460867 3461826 3461933 3462293 3462297 3462356 3462514 3462647 3462896 3462964 3463226 3463602 3463675 3463745 3463883 
002161	PK180	1083806	1	3073525 3224924 3250131 3319602 3331180 3341079 3365824 3375120 3379786 3397565 3404693 3405422 3405744 3412670 3412825 3413521 3415849 3416536 3417172 3419470 3420437 3421700 3430383 3430401 3431294 3431672 3432384 3433760 3435039 3435313 3436119 3436930 3438669 3439437 3439670 3451553 3453352 3459505 
006847	PK243	3427120	2	3073525 3227217 3230522 3291024 3311583 3322523 3323191 3329727 3331270 3331686 3337334 3337781 3337851 3338208 3339156 3339567 3340879 3360165 3363924 3378849 3395581 3396312 3396460 3397709 3404148 3405153 3405422 3405604 3411159 3411531 3413014 3413728 3414273 3414843 3416203 3417172 3425437 3431449 3433663 3436119 3439328 3439558 3440036 
007087	TAYSEM	0031573	263	3090066 3330355 3340585 3363977 3418479 
007128	TAYF	3198619	262	3090066 3116269 3201565 3224179 3239404 3260429 3263732 3264284 3267886 3269263 3269750 3278685 3283549 3310035 3312301 3329885 3331032 3336750 3337915 3337955 3338668 3339987 3339999 3340585 3340959 3418479 
010968	DAL212E	3473827	213	3090066 3226607 3250244 3380697 3389674 3417001 3459730 
011534	RCSEM	3213249	215	3090066 3390102 3432595 3433929 
004012	PK338	0770587	213	3091653 3249123 3251757 3329365 3338668 3363735 3404196 3411186 3422414 3428820 3429761 3435692 3436710 3437329 3437781 3438878 3439437 3442335 3443516 3444537 3448679 3449400 3451664 3454100 3454494 3455046 3455120 3455294 3455519 3455808 3455981 3456677 3458136 3459111 3459508 3459522 3459647 3459897 3460770 3461469 3463071 3463126 3463143 3463188 3463525 3463776 3463882 3474216 
003270	CARP13	3411208	214	3093424 3340672 3357367 3417908 3418120 3437141 3437511 3450068 3451551 3455043 3455341 3457808 3459032 3463453 3464379 
007396	EHII	0162977	263	3093424 3221877 3254239 3271598 3311902 3314270 3322523 3337673 3339814 3389022 3395299 3398117 3411018 3411258 3418907 3426213 3426638 3439283 3483560 
008490	CAN314	0132890	216	3093424 3249725 3283549 3389674 3390102 3390220 3434130 
004394	TH121	0847593	262	3094516 3125756 3224132 3224449 3241428 3324812 3337249 3367107 
003017	PK278	3332662	262	3099420 3227882 3314580 3316768 3318988 3339029 3342833 3397242 3404828 3406196 3411136 3413774 3414016 3415125 3418079 3423723 3432798 3439475 3439701 3454226 3462720 
004276	PK180	1165566	216	3099420 3219927 3227669 3228510 3252368 3331179 3375323 3405145 3405695 3412835 3416232 3416354 3417284 3420940 3421044 3421753 3424363 3425095 3434468 3438020 3438842 3439356 3439588 3441406 3443092 3454433 3454494 3455148 3458136 3459508 3459972 3461498 3462242 3462882 3463126 3463879 3463993 3464379 
006026	PK180	3470402	215	3099420 3226486 3228510 3245992 3323191 3323512 3340716 3341874 3359596 3375120 3396422 3397265 3397992 3402583 3416896 3418441 3418499 3428042 3432398 3434428 3435161 3435380 3437252 3439912 3449400 3451551 3454226 3456820 3457393 3458122 3458949 3459584 3459823 3461933 3462647 3475445 3482396 
006060	PK278	0031526	213	3102134 3122279 3124142 3195977 3199633 3223457 3225245 3227882 3246608 3256294 3269425 3300040 3311527 3314060 3314978 3324271 3324397 3329719 3337912 3339989 3340232 
005180	PK229	3461286	216	3103190 3119907 3303344 3312519 3316953 3338504 3342762 3363735 3402266 3405427 3406406 3415217 3417819 3421153 3424318 3426638 3428042 3429810 3431449 3433760 3436119 3436206 3437011 3439511 3440036 3452561 3453218 3453467 3455046 3455625 3455981 3462554 3462851 3463526 3463939 
005258	CARP17	3461286	213	3103190 3252499 3329782 3344218 3350812 3354609 3355412 3358378 3367107 3374479 3402266 3402556 3417314 3460766 
013174	BYC106	0897706	263	3103190 3228659 3312777 3319128 3319692 3322549 3342814 3354609 3358378 3397856 3404364 3412261 3413146 3417042 3417284 3417338 3435397 
013291	RCCON	3475527	215	3103190 3212089 3331179 3397012 3397856 3415766 3422289 3422414 3438232 3439364 
006874	TH224	0750235	263	3103343 3338009 3339354 3340449 3359596 3425755 3430978 3432259 3432344 
005310	TH3F	0493856	263	3112960 3125756 3218733 3227361 3235332 3240926 3252499 3259952 3261773 3336991 3338504 3339827 3340672 
013344	DAL315	1167884	217	3112960 3228721 3240926 3244115 3314339 3316863 3338564 3352904 3396837 3404386 3413574 3413771 3417000 3419570 3423829 3431828 3432243 3439511 3455120 3459647 3461498 3463859 
001562	TAYC	3436970	184	3113981 3218585 3219586 3314364 3314546 3336750 3352054 3369591 3404976 3405151 3431080 3431445 3432259 3438068 3438878 3440175 3440454 3451496 
001894	EHIII	3422398	215	3113981 3224924 3227217 3230522 3240400 3254633 3258485 3311583 3316768 
013193	RCCON	0898918	213	3113981 3230522 3289325 3311583 3323539 3388921 3404828 3412670 3435248 3439558 
007017	TH121	0031568	263	3116269 3213028 3250803 3339061 3351895 3396208 3405695 3417003 
012766	PK10	3472829	262	3118476 3418216 3434428 3435183 3436683 3456290 
001249	DAL315	0031388	216	3119160 3121331 3217410 3217451 3223179 3223347 3224187 3228721 3239492 3247072 3266121 3275705 3311586 3314281 3319023 3323354 3323859 3324844 3329727 3330767 3331270 3337414 
007007	TAYF	0028980	3	3119160 3227014 3273028 3339216 3404642 3413598 3417284 3418907 3427633 3428820 3431828 3433881 3433945 3435628 3438342 3443283 3446653 3453472 3454115 3459584 3459645 3459647 3462414 3462872 3462955 3463126 3463525 
011066	PK336	3195964	217	3119160 3198918 3219927 3239415 3241428 3260429 3263732 3264284 3326954 3329782 3330517 3339987 3352660 3397012 3422964 3435627 
011312	PK127	0125630	265	3119618 3121331 3310035 3341634 3352660 3378849 3395942 3396036 3397334 3404732 3429733 
013292	CARP17	3475527	262	3119618 3218706 3267997 3304568 3329814 3397042 3402556 3404534 3421153 3422964 3424594 3436514 3439283 3459508 
005209	PK278	3475676	215	3119907 3227361 3252368 3273028 3278685 3339216 3339814 3366307 3375410 3413574 3417314 3425679 3430131 3437756 3437978 3438471 3441177 3442237 3448679 3454625 
012487	TH223	3474862	262	3121331 3244115 3250803 3416896 3434079 3439624 
013523	TAYC	3482092	217	3121331 3217451 3223179 3223347 3247072 3250084 3257543 3266121 3323354 3331180 3331270 3341874 3354445 3393147 3413255 3415217 3422289 3431158 3440606 
005741	TH111	3392421	215	3121717 3225913 3235332 3236006 3239404 3259952 3319030 3330293 3339074 
011828	TH121	1165592	216	3121717 3234723 3342984 3412670 3416374 3417273 3426718 3435380 
013172	TH102	0024092	214	3121717 3230522 3264954 3275705 3281059 3314364 3322523 3329729 3353145 3374040 3395299 3396422 3416073 3418908 3420884 3423839 3425114 3425437 3426858 3432238 3433275 3436212 3443421 3446645 3455294 3456016 3457327 3457935 3463593 3483155 
001878	DAL212E	0637692	263	3121829 3319023 3324844 3341079 3388921 
007403	CARP13	0031611	1	3121829 3121847 3122431 3249123 3255755 3257543 3291024 3301223 3314413 3318430 3337249 3337781 3418106 3418120 3483560 
007404	DAL6	0168763	262	3121829 3121847 3122431 3303699 
003275	PK127	0695890	264	3121847 3382410 3402266 3416424 3416997 3424363 3431226 3437141 3437252 3456290 
006045	PK232	0031526	263	3122279 3334029 3414467 3423676 3459888 
004010	TAYE	3460456	262	3122354 3227014 3412881 3416891 3417314 3418606 3425347 3429832 3432223 3437240 3438232 3440419 3450068 3453472 3456016 3456103 3456313 3457327 3457393 3458295 3458934 3459635 3460134 3460359 3461057 3462290 3462293 3462298 3462964 3462990 3463675 3464100 3464263 
004889	CARP13	0348369	216	3122354 3225913 3229363 3256056 3260429 3267997 3276264 3287584 3304568 3304629 3314339 3316863 3319030 3319386 3323367 
012737	TAYC	3092667	263	3122354 3227364 3287584 3315095 3329686 3404642 3404828 3412881 3413022 3415627 3425364 3429566 3431651 3433251 3439475 3439701 3440508 3446670 3457327 
005738	RCCON	0031543	216	3122450 3236006 3250803 3330293 3339074 3384120 3413774 3430786 3432595 3435722 3441413 
001896	CAN314	0168763	263	3123570 3291024 3301223 3318430 3339156 
002564	PK336	1168490	262	3124142 3227361 3316953 3339160 3364991 3396313 3411108 3412864 3417055 3420434 3432301 3443453 3455562 3457195 3459888 3463851 
005247	PK127	0493855	217	3125756 3217598 3252368 3316247 3342814 3362442 3378849 3397992 3416286 3416424 
003548	TH3F	0024092	262	3161154 3250498 3270555 3358345 3396036 3402583 3404204 3411018 3414657 3416073 3417273 3417338 3449263 
011295	TH223	3312777	217	3161154 3223467 3323191 3323512 3405145 3435692 
011829	DAL10	1157682	263	3161154 3223467 3226486 3330300 3406196 
012107	TAYC	0031619	264	3161154 3255760 3329409 3339061 3339814 3344151 3347767 3352660 3354445 3372100 3381424 3411629 3412549 3415407 3431155 3431158 3432782 3463993 3483155 
011311	TH129	3198619	263	3198918 3217450 3359026 3438550 
006036	CARP13	3452833	264	3199633 3223457 3227217 3234786 3250131 3269425 3281059 3300040 3314978 3338017 3338564 3359188 3369591 3418079 3460488 
006043	GOMR	0409737	215	3199633 3223457 3225245 3300040 3311527 3314978 3337912 3359188 3411646 3413598 3423676 
005298	TH3F	3452160	215	3201565 3336991 3412520 3416658 3424520 3430953 3437295 3437365 3463524 
004282	GOCOM	1165566	262	3212266 3223467 3226486 3260251 3331222 3338009 3340158 3369591 3416232 3416354 3416598 3438033 
005228	RCCON	3483426	264	3212266 3252499 3367107 3416286 3416374 3416891 3421044 3429524 3429602 3453352 3460770 
001182	EHIII	0493725	263	3217410 3375629 
007397	CARP13	3474098	215	3217450 3221877 3233965 3255755 3271598 3311499 3328955 3337851 3341358 3343615 3357367 3389574 3418907 3438669 3462235 
011841	GOMR	0135660	264	3217451 3247072 3249454 3319023 3324844 3329727 3339999 3341874 3405144 3417001 
007040	TH121	3195964	264	3217598 3263732 3310035 3406073 3415489 3417717 3425239 3454433 
004066	CAN314	3472829	213	3256056 3259890 3276264 3314580 3319128 3337915 3397242 
004844	PK229	0672202	187	3218706 3225913 3304568 3311935 3340316 3344264 3369702 3395624 3397771 3415627 3415766 3417166 3423723 3423970 3424594 3426649 3426666 3432759 3433539 3435366 3435771 3437379 3438113 3439364 3439402 3439475 3440508 3450069 3459522 3460073 3460134 3461063 3461556 3463729 3482588 
003278	DAL2	0675005	262	3218733 3259890 3314546 
001770	BYC100	3474420	262	3219586 3315530 3330527 3397856 3413771 3414467 3417284 3426717 3436212 
005190	BYC239	1137952	262	3219927 3246608 3330767 3350298 3395581 3429810 3437089 3438589 3439480 
012108	CARP25	3481298	215	3220739 3256354 3315095 3342969 3381480 3413980 3429894 3459505 3463226 
001460	TH3F	3098022	217	3221499 3251757 3259535 3314899 3344941 3358339 3366745 3374194 3397586 3417073 3425095 3429532 3436216 
001474	DAL212E	0031632	215	3221499 3226607 3259535 3287584 3304946 3329686 3340339 
002175	PK264	3415849	262	3221725 3234786 3257419 3258482 3267842 3295955 3337950 3338017 
006862	TH223	0031347	216	3221725 3329365 3411108 3425364 3425755 
004865	DAL212A	0031373	215	3221756 3304568 3304629 3316863 3319863 3339827 3340316 3352904 3402556 3404642 3439701 
004882	EHIII	3452082	262	3221756 3256056 3319030 3323254 
013293	DAL6	3475527	263	3221756 3272732 
013295	PK10	3474664	213	3221756 3404243 3413022 
001163	CAN314	0031568	262	3221877 3275705 3329685 3406406 3413255 3463126 3463993 
002456	ROSTUD	0493725	262	3222677 3396492 3414811 3458122 
006554	TAYSEM	3451414	215	3222827 3330906 3340585 3406295 
011304	PK127	3092941	213	3222827 3236006 3261773 3303344 3319691 3340558 3341213 3374470 3402583 3416286 3416424 
001763	GOCOM	3474420	215	3223179 3250395 3339567 3358768 3404364 3420037 3438443 3453856 3457808 3457935 3464193 3464263 
010966	PK229	0775640	263	3223179 3417819 
011187	TH121	3194193	213	3223213 3329814 3395624 3404386 
012303	TH3F	0576472	216	3223337 3223457 3258482 3331186 3339989 3364991 3417003 3418120 3426666 3433251 3435183 3440116 3455220 
013146	PK200	3332662	263	3223337 3341253 3382662 3411629 3415489 3417000 
006539	BYC106	3474862	265	3224132 3224211 3264954 3301223 3312519 3326954 3340533 3352904 3363735 3377851 3382410 3414657 3418117 3423839 3430944 3437591 3438068 
006546	DAL212A	0031478	263	3224158 3231046 3418094 3460701 3463745 
013497	PK227	3477944	215	3224179 3250514 3251757 3352054 3381424 3396313 3417055 3438068 3438472 
001839	TH102	0898918	262	3224187 3250131 3269425 3283602 3319602 3323191 3324231 3337851 3339196 3340879 3360165 3365824 3381480 3389676 3396460 3397265 3397565 3397709 3404148 3405145 3405604 3405744 3412670 3413521 3432595 3433760 3435248 3436119 3439558 3439820 3455631 
012034	TAYC	0408816	3	3224187 3311586 3331180 3340324 3375389 3380465 3405451 3412725 3415849 3417073 3429532 3430142 3430944 3434428 3435248 3439820 3440606 3459523 3462417 
009270	TH251	3475527	213	3224211 3314339 3339988 3412881 3427633 3429199 3431303 3437756 3442991 3446645 3458533 3460235 3463729 3463936 
004802	TH3F	0031473	213	3224924 3430978 3441177 3453472 3457935 3459823 3463587 
011836	PK154	0431946	215	3225193 3404279 3431078 3437574 3456016 3460766 3462246 3462298 3463882 
013180	DAL2	3469882	266	3225193 3250498 3314570 3337673 3375685 3396492 3405451 3421153 3426020 3430142 3431828 3432622 3435397 3451551 3454115 3459647 
002562	TAYC	0564741	266	3225245 3314413 3375323 3416997 3417717 3425755 3426666 3431158 3431629 3435628 3436683 3436930 3437365 3453218 3453445 3454059 3460371 3462512 3462517 
013166	PK10	0492580	216	3225245 3269332 3312301 3324397 3329662 3342833 
002636	CARP17	0827051	263	3226607 3250683 3459980 3461063 3462242 3463936 3482591 
001750	EHI	0416447	262	3226945 3450546 
008812	BYC239	0576472	217	3226945 3323367 3331186 3337234 3404204 3415407 3433251 3435070 3438550 
010949	ROSTUD	0897399	216	3226945 3250227 3250514 3316620 3414238 3436588 3438443 3449263 
002875	TH121	0031582	215	3227014 3244115 3254408 3416375 3432384 3436710 3438254 3460757 
007106	PK10	3447549	217	3227014 3283549 3319386 3336750 3341213 3396226 
010842	GOMR	0564741	213	3227211 3319602 3329765 3364991 3379786 3397334 3411646 3416398 3435931 3436260 3440075 
002396	PK264	0020988	217	3227263 3411546 3413356 3415144 3417075 3418094 3432796 3433501 
013221	PK337	0030512	263	3227263 3455227 
004803	DAL212A	0031373	264	3227361 3245992 3338175 3435380 3436227 3439402 3442237 3454494 3454497 3455419 3463593 
013167	PK127	0058557	266	3227669 3315530 3338208 3374470 3375120 3412261 3418264 3426654 3431257 3439558 3456313 
013202	TAYB	0020093	263	3227669 
009266	PK10	1083868	215	3227882 3323254 3329719 3339780 
001176	GOMR	0031388	263	3228510 3259535 3396892 3416375 3417073 3418606 3425095 3425356 3436216 3463524 
001749	RCCON	3460008	266	3228510 3351809 3375629 3419570 3423676 3437240 3440454 3447681 3450546 3457184 3458934 
012841	CAN314	3447549	215	3228659 3330767 3339987 3339989 3340287 3380465 3483155 
013189	BYC239	1168489	264	3229135 3318988 3323367 3337234 3339029 3339989 3397066 3404204 3417003 
009303	GOCOM	0029475	264	3229363 3259952 3261773 3323254 3330241 3340959 3342762 3342814 3355412 3375323 3404386 3437701 
001861	GOMR	0056992	217	3229500 3240400 3254633 3289325 3316768 3319602 3340879 3341079 3397565 3404148 3405744 
001891	TAYD	3459335	263	3229500 3267842 3289325 3331277 
006508	PK200	3474861	214	3231046 3330767 3437329 3438287 3438455 3462116 
006553	BYC100	0031478	266	3231046 3330767 3340533 3352904 3396226 3418094 3437329 3439818 3458122 
006555	TH121	3451414	217	3231046 3264954 3312519 3340533 3404243 3413521 3437574 3457692 
001754	EHLEC	3481573	263	3231171 3231817 3269275 3379786 3417299 3420380 3420837 3434210 3437778 3450546 3451664 3453445 
012843	CARP15	3447549	263	3233965 
001771	EHIII	3473841	264	3234723 3336765 3353145 3372272 3424318 3433275 3439364 3441177 3444491 
002178	DAL2	0180723	263	3234786 3314060 3314413 3323539 3324231 3338017 3340556 
002678	EHI	3470325	263	3236356 3429732 3462270 
004738	CARP25	3473288	262	3236356 3344941 3374194 3453663 
001840	PK229	0168763	266	3236439 3258485 3303699 3307130 3319692 3324360 3328955 3336750 3339827 3343615 3375389 3375544 3380697 3382662 3395581 3396461 3397709 3405604 3411059 3413728 3415619 3416203 3418499 3419470 3426735 3429810 3430383 3431672 3432027 3435039 3435070 3438374 3438472 3445081 3458469 
007910	TH104	0031539	263	3236439 
007108	PK200	3474862	213	3239404 3239415 3283549 3363977 3423839 3423970 
013183	PK127	3198619	215	3239415 3344264 3347767 3377851 3411136 3428820 3431133 3437591 3438102 3455220 
013199	CARP13	3426095	265	3239415 3340683 3414201 3417338 3418479 3421753 3425239 3426654 3435366 3435722 3439624 3454433 3455294 3462116 3463353 
007370	BYC106	0826964	217	3239900 3240203 3240228 3246608 3254239 3324812 3339074 3365419 3388921 3389022 3395942 3409210 3411018 3411159 3411258 3429894 3438669 
002469	DAL10	3452082	213	3241428 3261815 3330298 3340110 3411546 3417075 3429834 
007043	GOB	3481299	2	3244115 3249123 3258485 3340324 3340683 3344151 3352040 3352054 3397242 3399606 3405695 3414124 3416598 3418216 3422964 3431226 3431828 3434210 3454433 3454439 3457231 3462235 3462290 
012306	BYC100	0637692	264	3244115 3406196 3412644 3422289 3429566 3432796 3436206 3439475 3456313 
011535	PK200	3213249	262	3249454 3405619 3431535 3455058 3459980 3463226 
013175	CARP25	3473277	214	3249725 3375685 3395581 3404364 3404473 3413146 3415144 3415217 3417338 3419002 3424318 3454210 3462720 
013185	PK336	0031619	266	3249725 3340797 3341634 3350812 3352040 3389674 3390102 3395942 3396837 3404732 3405144 3414298 3416750 3417791 3435922 3437781 
012051	TH3F	0030512	1	3250084 3329686 3340339 3358339 3366745 3397586 3442188 3443421 3455625 3459523 3461498 3462417 3462882 
012104	PK243	1167884	264	3250084 3258485 3337335 3339987 3339988 3340797 3344264 3352054 3380465 3404196 3417359 3418117 3418264 3421770 3423970 3425219 3431133 3432040 3432447 3435922 3436212 3437329 3437778 3438119 3438287 3438465 3438550 3439818 3440023 3443207 3450546 3452183 3453856 3454100 3458250 3458452 3458533 3458934 3460399 3460766 3462512 3462554 3462936 3462955 
002362	GOCOM	1165566	263	3250131 3330298 3374569 3416891 3417172 3425114 3436227 3438254 3438878 3441413 3456645 3458176 
002164	PK278	0180723	264	3250227 3250683 3253100 3331686 3363924 3382205 3396292 3405153 3411154 3411531 3413582 3414273 3414843 3415044 3415615 3415852 3417370 3431449 3433663 3439328 3440036 
009513	PK232	0031478	215	3250227 3404828 3429810 3458451 
001427	TH223	0031632	213	3250395 3374194 3413283 3429532 3442188 3454625 3455631 
002873	TAYG	3473288	263	3250395 3442991 3454625 3458972 
013201	TAYSEM	0020093	216	3250395 3437978 3454226 
005162	TH251	0031582	263	3250498 3413574 3417108 3420884 3434781 3442335 3443421 3455519 3460766 3462554 3462606 
013176	DAL315	0995587	2	3250498 3330293 3340316 3358378 3404196 3404364 3411186 3412755 3412825 3428844 3433275 3436930 3437962 3454494 3454497 3455220 3455519 3457932 3459508 3463587 3464193 3475445 
002163	TH104	3415849	217	3250683 3253100 3331686 3363924 3382205 3396292 3405153 3411154 3411531 3413582 3414273 3414843 3415044 3415615 3415852 3416398 3417370 3433663 3440036 
011827	TAYG	0428815	265	3250683 3253100 3331686 3363924 3382205 3396292 3405153 3411154 3411531 3413582 3414843 3415044 3415615 3415852 3417370 3433663 3440036 
002992	PK243	1083868	184	3251781 3338762 3339567 3360165 3381480 3393147 3395624 3413356 3417166 3420380 3426858 3429834 3430953 3432384 3434079 3434124 3436206 3436260 3441306 3441413 3444811 3445343 3446653 3451553 3453262 3455148 3455220 3455297 3456645 3457039 3458049 3458932 3459505 3459613 3459645 3460134 3461962 3462246 3462516 3463851 3464379 
005155	GOB	0493855	265	3251781 3261773 3264284 3329814 3338504 3342762 3350812 3355412 3366307 3372272 3415801 3416375 3421770 3429524 3432344 3435380 3437011 3437701 3442237 3455093 3456053 3457932 3463859 
011862	PK25	3473827	263	3251781 
005160	EHIII	3473288	213	3252368 3358768 3429732 3430401 3458934 
002659	PK200	0031543	217	3252499 3437962 3438232 3438342 3452561 3463768 
009259	BYC239	3470325	213	3254408 3413574 3416375 3420884 3438287 
013210	TH251	0031582	262	3254408 3254734 3413574 3420884 3426858 3430152 3432384 3436206 3438287 3455148 3456053 3458533 3460073 3463453 
007878	PK227	0031386	213	3255904 3318988 3435627 3437574 3438206 3457184 3457692 3462246 
011835	RCCON	0031539	265	3257109 3404279 3404693 3415766 3421700 3426169 3432782 3439158 3439511 3450069 3455625 
002174	PK259	0004950	213	3257419 3340556 
012851	PK232	3475676	262	3259535 3304946 3429532 3432398 3437978 
004293	PK328	3447501	263	3260251 3438033 
005191	RCCON	1137952	217	3260251 3381480 3405427 3431448 3433929 3441166 3454439 3458339 3459645 3460134 3463993 
007923	TH111	0031539	213	3260429 3439158 
002414	CARP17	3452082	265	3261815 3271598 3330298 3396492 3415870 3417299 3432027 3438020 3438084 3439356 3443207 3452529 3463525 3463879 
009232	CAN314	3208421	217	3261815 3339354 3414811 3415870 3417299 3438084 
013296	TH129	3474664	216	3261815 3330241 3330330 3458122 
004809	TH3F	3194193	264	3263080 3272732 3311586 3314570 3319691 3319692 3329814 3350298 3375685 3442432 3456103 3462293 3464263 
004840	PK154	3452082	263	3263080 3303344 3397771 3417166 3432759 3437379 
006588	RCSEM	0031399	263	3264954 3311583 3312519 3396226 
009321	CARP15	0138190	262	3264954 3450069 
011831	DAL10	1157682	262	3266121 3358339 3436216 
010860	DAL10	3461209	215	3266668 3339354 3411108 
009299	CARP13	3092667	213	3267886 3267997 3319863 3323367 3340316 3344264 3369702 3405744 3425219 3426666 3426735 3429566 3433539 3440508 3441838 
001152	DAL300	3482092	265	3267997 3319386 3339315 3340287 3340324 3369702 3404473 3405427 3413283 3414395 3416203 3417908 3420037 3424520 3425347 3425437 3426638 3426717 3427633 3427674 3431294 3431740 3432223 3433788 3433881 3435187 3438206 3438342 3438472 3438473 3439280 3439588 3439912 3443283 3443453 3444811 3446832 3448687 3452964 3453218 3454210 3455058 3455151 3455291 3456645 3457184 3458121 3459980 3461498 3461933 3462115 3462242 3462416 3462417 3462512 3462849 3462990 3463143 3463526 3463936 3463939 
013181	PK227	3469882	263	3270555 3339567 3404976 3414657 3417273 3418145 3449263 
002153	PK243	0168378	214	3274299 3330300 3337781 3375389 3375544 3396461 3411059 3421044 3426735 3429199 3430152 3435070 3435771 3437534 3438206 3439820 3441900 3445081 3446832 3448687 3455719 3456228 3456677 3458295 3458451 3459522 3460867 3461063 3462270 3462292 3462639 3463011 3463022 3463188 3463526 3463589 3463675 3463745 3463768 3464027 3464193 
005846	PK227	3470325	262	3276264 3428844 3429706 3431449 3433275 3437534 3440454 3443421 3457808 3462417 3462606 
006031	PK349	0554585	3	3281059 3318430 3341634 3359026 3404534 3414201 3418908 3420437 3421753 3423829 3425437 3426719 3429199 3429761 3430401 3430706 3432798 3433961 3436260 3436311 3437141 3437240 3437379 3438102 3439147 3439328 3439670 3439818 3440175 3440419 3440958 3441004 3441166 3441900 3448687 3450490 3451553 3454059 3455043 3455046 3455148 3457195 3459505 3459897 3459972 3460488 3460701 3461469 3461826 3462356 3462639 3462896 3463593 3463768 3464027 3464100 
005126	TH223	0031543	263	3283602 3412825 3425401 3429524 3439409 3441406 3462990 
008421	TAYF	0132890	215	3283602 3311586 3331071 3382205 3396377 3396837 3404732 3416073 3419002 3425356 3426638 3431226 3431939 3435187 3435922 3437511 3438441 3438652 3439564 3440419 3455915 3456290 3460770 3462639 3462955 3463768 3463776 
012735	PK127	1168592	214	3283602 3329765 3395937 3417002 3417791 3418479 3431155 3439387 3439564 3456994 
011987	BYC239	0004955	266	3287584 3374040 3413283 3441838 3442188 3455631 3458533 3460757 3463524 
002696	PK25	0847593	213	3292387 
004290	TH223	3447501	215	3295955 3330300 3331222 3340158 3369591 3416598 
006019	DAL1	0856198	215	3303699 3418216 3418606 3451663 3455291 3460737 3462516 3463602 
013495	BYC100	0020093	213	3304946 
007378	PK229	0851717	4	3307130 3338208 3352269 3406073 3411158 3412725 3417819 3418264 3425347 3426020 3430142 3431060 3432027 3432077 3433788 3433881 3433929 3434539 3437146 3439147 3439280 3440116 3440419 3441406 3446670 3449400 3454115 3458295 3459032 3459111 3462896 3474216 
011533	DAL212E	3213249	216	3311499 3329782 3414124 3421604 3431448 3439280 3456994 
004023	BYC239	0770587	215	3311775 3331186 3338205 3339999 3406073 3417359 3417908 3454439 3463353 
009273	DAL1	3194193	263	3311937 3404204 
007365	PK349	3474098	1	3312777 3334029 3351895 3354445 3356374 3363735 3366307 3397771 3411258 3423839 3426717 3428820 3429706 3430131 3431257 3431303 3434130 3434428 3434539 3435070 3439912 3440454 3441306 3442335 3442991 3443283 3444491 3444537 3446645 3447681 3450068 3451664 3453262 3453467 3453663 3455151 3455297 3455341 3455981 3456053 3457393 3457935 3458121 3458451 3458932 3459730 3459980 3460073 3461882 3461962 3462293 3462606 3462849 3463453 3463587 3463589 
013286	ROSTUD	3318436	215	3312777 3329409 3404976 3459109 
002386	PK259	3208421	262	3314270 3316247 3412835 3415827 3431651 3438442 
005862	TAYSEM	3470325	265	3314899 3343577 3429602 3441838 3454226 
013440	GOMR	0030512	262	3314899 3442188 
003027	GOB	3473854	1	3316456 3382662 3406196 3411108 3411629 3412520 3413774 3415489 3417000 3418908 3423723 3426649 3426719 3430706 3431078 3431629 3433961 3437295 3437341 3437778 3438473 3440075 3463389 
009231	PK264	0697660	216	3316456 3341358 3354609 3355412 3413356 3424594 3438100 3462956 
011319	DAL1	0827051	262	3316456 3380697 3413022 3417001 
003454	DAL25	0897706	217	3316620 3340287 3340558 3340716 3363977 3375685 3397856 3406406 3412261 3413146 3417042 3418145 3418441 3420037 3421153 3422414 3424363 3425114 3425401 3426654 3426717 3426718 3432238 3434210 3439402 3475445 
001871	DAL212E	3422398	262	3319023 3322523 3324271 3329727 3411159 3415849 3435313 
013294	PK25	3475527	216	3319691 
013207	TAYSEM	0493856	262	3319863 3344218 3426649 3435384 3440024 
002368	TH224	0697660	214	3322585 3323512 3375629 3420940 3425401 3429602 3429834 3433539 3433849 3433961 3435366 3438842 3442432 3444811 3445343 3448868 3455227 3456645 3456820 3458049 3458339 3458452 3459972 3462262 
002397	BYC106	0493725	215	3322585 3374569 3414124 3415125 3418094 3420380 3420940 3424594 3429834 3431535 3431651 3432796 3435366 3436683 3438020 3438100 3439356 
004016	BYC100	3442425	1	3322585 3405427 3441406 3442237 3448687 3458469 3458949 3460399 3462851 
012818	PK264	3483426	263	3322585 3338762 3405145 3415125 3415870 3436683 3463879 
011818	RCCON	3213249	263	3322886 3330241 3339315 3339987 3340324 3350298 3362442 3397066 3431158 3434468 
006058	PK232	0431634	216	3324271 3366745 3413598 3414467 
006851	CARP25	1167884	263	3324271 3433501 3435313 3439899 3441016 3454059 3458136 3460359 3460867 3462896 3463011 3463188 3463389 
002452	GOAUD	0132890	263	3324289 3414016 
011203	DAL212A	0129398	213	3324289 3413771 
006578	TAYSEM	3474862	266	3326954 3337414 3377851 3417359 3450069 
002403	BYC100	1137952	216	3329685 3396492 3402556 3437827 3451496 3456820 3458452 3460359 3464100 
006523	TH129	0031573	262	3330293 3431078 3462851 
011206	PK264	0129398	215	3330318 3330330 3362442 3413146 3464272 
002638	TH102	3393853	263	3330906 3457039 3459730 
010844	ROSTUD	0409737	263	3331071 3396292 3437511 3462115 
004036	GOCOM	3460456	213	3331186 3340879 3353145 3366307 3414395 3417042 3420025 3426556 3431672 3432447 3436216 3460488 
001851	GOMR	0409956	216	3331277 3365824 3375544 3380697 3389676 3396312 3396460 3397265 3397709 3435771 
007032	BYC100	0031573	215	3331277 3417355 3426169 3434079 3436588 3439387 3443092 3458049 3459613 
009320	TH111	0031478	262	3331277 3425239 3462116 3463939 
002660	PK25	0031572	262	3336765 
004372	PK154	0138190	213	3337249 3414238 
005725	TAYC	0164326	185	3338205 3397565 3411059 3412549 3416232 3417166 3417172 3420837 3420940 3421770 3423970 3425401 3429732 3432027 3432259 3433849 3455120 3457195 
008774	PK259	0576472	263	3338208 3406406 3414201 3416598 3418106 3430298 3431133 3440958 3441900 3442641 3455291 3458452 3461826 3462872 3463327 
013209	DAL6	0493856	213	3338762 
006024	PK349	3470402	217	3339029 3411059 3413774 3421500 3423723 3428608 3432223 3432798 3437141 3437341 3437534 3438033 3438113 3440024 3441016 3441306 3441894 3445081 3446832 3452529 3452964 3453352 3455049 3455341 3456228 3456677 3457231 3458136 3458176 3458250 3458295 3458972 3459111 3459635 3460359 3460399 3461936 3462242 3462246 3462292 3462297 3462514 3462882 3463011 3463022 3463071 3463188 3463389 3463526 3463851 3463883 3464272 
008773	BYC106	1168489	2	3339029 3350812 3416891 3417273 3424363 3427633 3427674 3429733 3430944 3438100 3438455 3455043 3458037 3458932 3462414 3463729 3463919 
011219	DAL6	0637692	215	3339160 3379786 
003029	DAL1	3473854	213	3339780 3413923 3417055 3417717 3430706 3439528 
008764	DAL25	0431786	262	3339780 3375389 3413356 3417108 3417791 3429199 3431260 3433881 3438084 3440606 3447681 3451663 3454115 3455093 3455341 3456820 3458176 3458949 3459613 3460369 3460737 3462270 3462554 3463602 3463745 
012437	TH3F	0825571	214	3339814 3344151 3365419 3381424 3388485 3409210 3411018 3416997 3417003 3420025 3429894 3436514 3439280 
004360	PK200	0138190	264	3340287 3415801 3439409 3441166 3443092 3455562 
011536	TH129	3213249	213	3340339 3342969 3439899 
008470	DAL212E	0695890	217	3340672 3429602 3431260 3431939 3437701 3438441 3456994 
003474	PK200	3318436	216	3341079 3397586 3412755 3431155 3442335 3463602 
013200	PK278	3426095	263	3343577 3377851 3414273 3453856 
004362	CARP17	0989327	215	3344218 3396892 3453663 
005723	TH224	3392421	266	3347973 3397265 3417908 3421500 3428042 3428608 3429566 3438068 3438102 3438119 3439206 3439409 3441413 3442991 3443283 3446645 3446832 3448868 3456210 3459523 3459823 3460235 3461962 3463883 
005274	CARP25	1020104	213	3350298 3398070 3414811 3432243 
001199	RCCON	3447549	262	3351809 3412997 3426244 3434468 
008467	PK127	0125630	216	3351895 3382410 3411186 3416286 3420837 3431260 3432077 3439387 3439564 3455093 3462235 
012352	PEMSTD	0129398	263	3352054 3451496 
013158	BYC239	1165592	263	3353145 3414238 3426717 3426718 3429832 3436212 3441894 3450069 3460073 
004275	TAYB	0031577	262	3358768 3435692 3435722 3436158 3437962 3450490 3454439 3455419 3455690 3457231 3457932 3459523 3460757 3462517 
006860	PK337	3461209	262	3359596 3430978 3432259 3432344 3460701 
007888	PK154	0431946	262	3363924 3404279 3426169 3432782 3439158 
012354	CARP21	0492321	263	3369591 
006562	RCSEM	0031573	213	3372100 3384120 3406295 3414657 
013184	RCSEM	3198619	216	3372100 3435931 3439818 
005291	PK10	3475676	263	3395624 3397598 3402266 3415801 3426658 3429706 
013147	GOAUD	3332662	213	3396208 
011058	PK264	0431946	213	3396461 3432782 
001232	PK232	0493725	213	3397066 
008437	PK336	0031619	214	3405144 3416896 3420837 3430944 3431294 3431939 3432040 3432243 3435628 3438652 3439588 3453467 3457979 3458949 3462956 3464100 
013195	ROSTUD	0020093	217	3411158 3415827 3417355 3438254 3456016 3460757 3462290 3463776 
003406	TAYE	1167851	4	3412549 3413923 3429761 3439475 3441004 3441016 3441273 3442641 3450068 3451663 3455291 3455297 3455808 3455915 3457393 3458250 3460235 3460369 3460737 3460770 3461057 3461882 3461936 3462297 3462414 3462514 3462516 3462639 3462872 3462955 3463011 3463589 3463879 3463919 
002444	PK25	0847593	215	3412557 
013208	TH129	0493856	215	3412835 3437089 
009296	BYC100	3475527	217	3413022 3415627 3438119 3454100 3455151 3456053 3458469 3462298 3464263 
011851	GOAUD	0135660	262	3413146 
013206	DAL119	3426520	263	3413728 3415217 
012832	TAYSEM	1157682	213	3414016 
004015	TH3F	0031578	187	3414238 3417073 3436227 3437962 3438068 3442432 3453445 3453467 3457932 3458972 3461936 3463593 3483560 
005727	PK10	0984701	264	3415627 3418441 3418907 3420037 3432595 3433539 
007882	RCSEM	0470839	262	3416374 3421700 3445081 3458641 
002448	TH111	0031373	263	3417075 
011050	PK127	0897399	262	3418145 3437252 3441894 
009238	ROSTUD	0031478	213	3418216 
013213	DAL25	3455481	263	3418264 3425679 3432398 
004810	DAL315	0697660	263	3421044 3454497 
005214	DAL6	3447549	216	3430527 3432759 3463353 
012353	TAYE	1168366	263	3443516 3464272 
012355	BYC127	0683480	263	3434539 3461882 
013196	DAL212A	0020093	262	3436227 3461556 3462262 
013197	GOAUD	0020093	264	3437591 3453472 
002401	GOAUD	3332662	215	3438084 3452529 
005120	PK180	3400071	263	3438342 3455690 
001157	RCSEM	0697660	217	3438878 3455220 3455719 3461556 
009233	PK336	0029475	263	3439356 
013198	PK200	0020093	215	3456103 
