Class Times	8
Rooms	20
1	106
2	804
3	799
4	630
5	877
6	299
7	270
8	401
9	49
10	202
11	387
12	496
13	618
14	55
15	284
16	125
17	561
18	595
19	342
20	742
Classes	100
Teachers	50
1	5
2	33
3	31
4	9
5	46
6	30
7	4
8	4
9	25
10	27
11	42
12	17
13	16
14	5
15	42
16	16
17	30
18	45
19	33
20	37
21	35
22	19
23	22
24	41
25	32
26	31
27	27
28	44
29	3
30	15
31	44
32	38
33	10
34	26
35	14
36	20
37	40
38	39
39	47
40	6
41	25
42	50
43	38
44	37
45	15
46	45
47	22
48	48
49	23
50	48
51	39
52	46
53	10
54	47
55	6
56	14
57	40
58	32
59	17
60	3
61	9
62	1
63	21
64	2
65	11
66	43
67	23
68	43
69	41
70	13
71	49
72	1
73	11
74	12
75	50
76	2
77	24
78	24
79	21
80	29
81	19
82	29
83	7
84	36
85	13
86	35
87	49
88	28
89	18
90	8
91	12
92	18
93	8
94	20
95	7
96	28
97	36
98	34
99	26
100	34
