Class Times	8
Rooms	20
1	195
2	401
3	995
4	907
5	803
6	221
7	520
8	716
9	19
10	330
11	598
12	962
13	500
14	899
15	228
16	359
17	73
18	617
19	188
20	627
Classes	100
Teachers	50
1	34
2	34
3	19
4	18
5	16
6	26
7	10
8	17
9	45
10	43
11	18
12	22
13	30
14	29
15	27
16	43
17	4
18	4
19	10
20	39
21	15
22	21
23	31
24	48
25	23
26	33
27	46
28	24
29	7
30	27
31	45
32	44
33	13
34	47
35	48
36	42
37	11
38	17
39	37
40	14
41	24
42	50
43	19
44	38
45	33
46	25
47	28
48	36
49	32
50	23
51	42
52	1
53	26
54	50
55	37
56	21
57	8
58	32
59	49
60	25
61	28
62	30
63	47
64	36
65	20
66	16
67	9
68	46
69	11
70	9
71	22
72	40
73	3
74	35
75	13
76	14
77	3
78	35
79	49
80	7
81	8
82	41
83	12
84	5
85	29
86	20
87	44
88	1
89	41
90	40
91	38
92	5
93	2
94	6
95	12
96	15
97	31
98	39
99	6
100	2
