Class Times	8
Rooms	20
1	36
2	450
3	229
4	425
5	83
6	329
7	609
8	115
9	298
10	288
11	388
12	771
13	232
14	584
15	199
16	396
17	231
18	262
19	477
20	591
Classes	100
Teachers	50
1	17
2	11
3	20
4	40
5	49
6	14
7	15
8	7
9	26
10	35
11	24
12	41
13	27
14	7
15	48
16	24
17	22
18	46
19	38
20	21
21	26
22	44
23	43
24	29
25	42
26	8
27	44
28	35
29	15
30	46
31	31
32	8
33	10
34	9
35	50
36	33
37	43
38	1
39	30
40	36
41	27
42	25
43	38
44	48
45	14
46	31
47	13
48	20
49	2
50	32
51	45
52	37
53	11
54	3
55	18
56	19
57	50
58	30
59	28
60	33
61	10
62	17
63	41
64	39
65	36
66	39
67	29
68	5
69	22
70	6
71	3
72	42
73	45
74	1
75	40
76	21
77	5
78	25
79	18
80	23
81	19
82	9
83	28
84	34
85	6
86	23
87	4
88	34
89	12
90	2
91	49
92	37
93	16
94	32
95	16
96	13
97	12
98	47
99	47
100	4
