Class Times	8
Rooms	20
1	194
2	625
3	236
4	515
5	211
6	546
7	983
8	214
9	136
10	416
11	866
12	757
13	172
14	141
15	632
16	116
17	227
18	751
19	611
20	598
Classes	100
Teachers	50
1	41
2	38
3	19
4	20
5	34
6	22
7	3
8	42
9	19
10	14
11	34
12	44
13	41
14	10
15	27
16	45
17	15
18	46
19	9
20	25
21	32
22	37
23	25
24	36
25	18
26	30
27	40
28	11
29	30
30	47
31	27
32	38
33	14
34	47
35	10
36	29
37	20
38	4
39	3
40	17
41	45
42	12
43	37
44	39
45	43
46	9
47	36
48	12
49	40
50	17
51	39
52	43
53	11
54	32
55	48
56	22
57	7
58	44
59	16
60	35
61	46
62	7
63	28
64	50
65	49
66	13
67	5
68	24
69	21
70	28
71	23
72	50
73	1
74	16
75	18
76	26
77	13
78	21
79	33
80	48
81	1
82	6
83	4
84	31
85	6
86	15
87	33
88	2
89	2
90	31
91	8
92	42
93	23
94	49
95	24
96	26
97	8
98	29
99	5
100	35
