Class Times	8
Rooms	20
1	478
2	48
3	993
4	863
5	909
6	618
7	643
8	176
9	87
10	775
11	194
12	725
13	903
14	733
15	295
16	310
17	891
18	485
19	997
20	679
Classes	100
Teachers	50
1	48
2	47
3	5
4	46
5	35
6	1
7	2
8	45
9	12
10	50
11	33
12	35
13	28
14	24
15	34
16	18
17	34
18	18
19	14
20	6
21	6
22	36
23	19
24	50
25	27
26	47
27	19
28	14
29	22
30	17
31	31
32	36
33	33
34	42
35	22
36	40
37	42
38	16
39	3
40	27
41	25
42	26
43	29
44	44
45	17
46	31
47	2
48	9
49	41
50	26
51	30
52	10
53	48
54	21
55	30
56	43
57	43
58	10
59	5
60	12
61	40
62	9
63	4
64	37
65	38
66	46
67	7
68	3
69	11
70	20
71	29
72	1
73	38
74	21
75	15
76	13
77	15
78	45
79	39
80	8
81	25
82	13
83	20
84	4
85	37
86	24
87	49
88	11
89	39
90	49
91	16
92	7
93	41
94	23
95	23
96	28
97	44
98	8
99	32
100	32
