Course	Room	Teacher	Time	Students
1	TAYD	239	41	570 63 723 
3	HLS105	99	23	407 416 385 
4	MARSHAUD	151	41	643 21 704 658 166 
5	SHA213	251	41	61 
7	SHA412	178	2	715 1015 338 1098 131 135 378 371 706 791 185 660 694 548 868 999 313 1181 783 163 1155 898 354 214 1097 674 57 52 429 304 853 562 563 1022 482 
9	MAGILLHVID	281	41	446 1053 1082 451 996 150 
12	IRADEAREID	68	41	681 732 1180 
15	CHS101	22	24	716 278 1017 1025 6 96 26 88 81 85 584 454 457 175 977 1080 182 653 16 19 598 990 765 574 730 891 766 767 1092 111 823 1165 568 1023 1037 1161 44 638 479 
17	IRADEAREID	108	44	681 1096 
19	GIACSWAN	160	41	1013 235 130 828 245 511 966 954 1046 487 
20	ESTW115	272	41	1078 720 
21	LOCK105	72	37	813 270 492 493 696 416 411 496 896 288 260 426 1127 728 
22	UN114	122	41	714 433 859 92 1131 1136 13 881 928 731 301 847 
24	HLS204	23	37	344 917 903 556 83 624 545 1181 497 784 632 761 674 266 156 476 
26	ART15	113	11	197 273 495 517 885 414 1104 876 229 723 
27	MAGILLHVID	151	44	201 677 772 1029 1163 
28	UN111	145	41	595 903 657 865 935 358 117 1115 
29	STO301	215	41	736 198 272 1015 238 946 944 683 629 84 322 778 1048 1181 574 254 961 1094 537 116 113 727 49 1113 
31	SHA213	151	23	705 
33	UN111	212	23	449 447 627 8 991 312 787 503 282 989 116 737 224 
36	LNKL309	17	41	890 
39	LNKL205	317	41	1139 659 549 838 359 568 
42	GST103	185	41	124 
45	ROB7	179	23	718 619 556 614 143 768 696 923 496 570 968 1071 63 983 1164 399 958 472 
47	LOCK105	107	41	125 837 
50	GST102	261	44	816 900 558 81 585 450 1110 995 416 579 574 1079 1036 609 
51	HLL106	52	41	1144 
52	ROB7	304	41	915 1061 553 552 703 175 577 256 464 
53	HLS204	36	41	154 
58	STO301	157	31	342 595 1062 430 1053 140 680 88 886 1179 203 665 786 967 287 670 53 843 1024 41 479 
59	ART15	196	41	75 780 802 
60	ARTS8A	127	41	336 144 403 468 894 215 
62	STO301	87	28	810 712 710 198 522 108 91 137 379 395 241 929 1011 418 832 833 1102 532 983 113 1164 1068 565 157 749 
63	STO301	31	2	1144 1063 1135 103 1005 768 406 1176 586 519 459 1089 1043 1143 1016 418 218 422 1068 472 478 
64	LNKL205	107	44	810 551 1054 949 601 1140 664 697 998 410 988 841 159 
65	STO301	285	15	294 275 852 900 815 742 1056 145 681 89 86 246 615 320 655 661 695 540 123 788 1034 1159 1180 1112 
68	STO14	180	41	796 607 
69	STO14	62	44	712 1063 372 185 950 321 77 8 990 383 258 1107 357 422 958 
72	LNKL309	21	23	744 396 451 14 996 498 786 898 150 49 955 
74	STO207	159	41	1083 46 
77	STO119	69	41	
79	OBS	14	41	900 952 461 463 
80	HLL112	292	41	426 
81	HLL6	174	41	557 926 1177 874 
84	LOCK105	143	40	1062 442 100 323 311 730 119 560 
86	OBS	225	44	245 543 539 
87	HLS11	133	41	271 528 104 37 1004 406 922 
89	STO207	159	44	645 1000 1059 183 71 
90	WDS	230	41	396 1133 560 
91	ROB7	43	28	816 917 190 432 942 490 20 28 1008 887 383 570 1091 55 535 119 825 1035 
92	STOAUD	null	44	166 
93	MAGILLHVID	248	11	666 997 418 909 800 533 773 422 1068 
96	LOCK105	134	23	296 100 243 1080 1042 166 670 843 155 638 1163 
98	STO207	4	28	817 910 1013 133 22 403 409 626 179 19 209 122 124 254 603 469 935 4 1093 987 855 49 485 
99	STO102	57	41	1005 1091 
100	SHA217	137	41	491 671 305 
102	STO102	90	44	794 568 
103	CHS104	126	41	913 
106	LNKL205	188	28	109 96 586 587 511 1047 697 908 63 773 569 
107	GIACSWAN	296	15	444 431 235 406 1032 1045 410 834 934 953 757 1117 
108	STO14	105	21	525 599 337 333 951 510 176 975 181 659 127 1128 416 312 468 961 679 1022 1185 474 
109	STO16	104	41	
110	HLL201	62	41	64 
111	HLL107	153	44	595 273 1 213 1075 
115	STO14	97	11	190 818 1057 149 131 829 702 84 1041 579 255 354 212 989 223 726 155 399 638 
116	LOCK105	52	44	1144 757 567 477 
118	HLS105	110	41	994 132 136 654 540 1096 878 
121	CHS101	41	23	1064 20 129 251 633 874 647 724 47 
123	STO10	170	41	907 334 129 835 1073 534 225 
124	IRADEAREID	297	40	433 13 579 569 737 
125	STOAUD	null	41	
127	ARTS8A	127	44	272 436 133 702 188 209 165 282 823 
128	GIACSWAN	87	23	1144 347 102 435 93 1176 666 
129	GST102	118	28	1150 616 27 375 780 1003 
131	ESTW307	329	41	186 
132	HLS204	320	23	197 337 1147 732 465 755 
133	HLL106	27	28	347 1063 142 218 
134	MAGILLMR	160	44	718 906 1018 1008 207 
136	SHA410	132	41	790 167 984 
138	CHSAUD	20	41	
140	SHAAUD	311	41	751 563 
142	STOAUD	141	41	949 
144	HLL107	165	28	83 805 548 998 465 648 266 302 562 564 482 
145	STOAUD	233	41	90 
147	STOAUD	73	41	525 435 178 663 462 646 1068 634 
149	ESTW115	292	28	869 313 967 770 422 
150	ARTS8A	276	28	346 557 620 168 807 429 849 722 1161 1111 
155	CHS104	195	15	345 1062 274 526 449 105 331 550 140 1082 943 941 400 1133 1009 886 867 128 733 936 935 875 352 803 358 217 986 117 846 1036 150 955 
158	HLS105	71	44	880 570 265 843 
160	GST102	2	14	976 997 123 211 954 48 487 
161	STOAUD	226	41	798 
163	HLL106	82	60	349 1098 140 708 88 976 654 120 125 367 506 873 350 219 676 958 
165	HLL7	105	41	135 
168	STOAUD	242	41	340 332 1059 248 998 
169	TAYD	160	23	889 598 
170	STOAUD	null	41	
172	HLS11	257	33	1162 290 190 35 1053 614 495 584 924 170 656 253 662 542 127 255 467 9 891 647 210 1092 1022 609 1161 47 44 43 638 
175	STOAUD	166	41	682 315 1169 
177	UN111	17	44	743 940 793 217 
180	ESTW307	48	44	592 704 722 
181	MAGILLMR	18	11	555 394 203 311 730 282 269 53 
184	HLL201	76	23	1150 453 181 185 659 363 966 872 54 
188	HLS109	39	44	292 528 1085 707 189 889 319 505 281 474 
192	HLS11	26	2	290 273 1014 330 1137 173 1122 320 121 129 416 417 782 789 65 466 1108 872 265 268 54 53 1171 827 1024 1167 44 486 
194	STO119	292	44	
197	STOAUD	11	41	812 1019 289 
199	MARSHAUD	239	44	910 745 1139 688 135 122 151 479 
202	ESTW309	167	31	1061 199 524 523 39 335 236 26 403 87 587 626 624 174 973 654 188 12 867 885 326 779 70 662 543 540 381 258 602 631 633 901 1129 1076 678 1092 1121 1171 534 421 423 609 470 
204	STO14	54	40	712 102 33 858 137 401 379 241 864 321 997 126 383 384 1107 909 701 303 565 41 
205	CHSAUD	199	44	1005 1016 
209	HLL6	230	11	915 594 290 591 192 438 1002 139 792 1136 1088 10 209 2 1049 542 602 165 213 767 1076 1164 954 1026 635 398 1113 
211	ESTW115	75	40	292 848 1098 933 869 1155 855 563 567 390 483 
213	STOAUD	282	41	341 279 521 640 237 809 990 382 1090 803 42 480 475 
214	OBS	241	28	711 452 1169 982 
216	MAGILLMR	159	28	1000 148 
217	HLL106	146	14	1063 851 740 829 650 880 999 894 215 762 536 425 1037 723 635 483 
222	STOAUD	195	41	29 1179 
223	GST103	170	28	141 1071 
224	UN114	18	21	430 98 235 232 372 182 1088 663 598 366 504 165 213 
228	UN114	237	40	349 392 627 253 983 639 
235	MARSHAUD	195	21	348 435 744 494 79 1047 69 1036 
236	MAGILLMR	74	60	109 951 130 492 658 833 783 468 268 774 
237	UN111	57	28	410 356 1117 
238	STO119	232	23	275 107 791 517 79 1049 665 549 964 878 350 217 
239	STO207	133	40	812 911 295 274 108 104 1081 234 374 589 615 510 516 753 779 666 410 922 497 781 391 
240	GST101	329	44	446 790 
241	STOAUD	255	41	
243	STO207	75	23	1004 937 970 922 962 855 1027 483 
244	CHS101	320	44	715 643 
249	HLL112	133	44	855 
251	HLL6	230	44	342 526 333 941 547 936 560 
253	STOAUD	146	44	349 778 1151 1167 
256	HLL112	266	28	614 950 726 
259	STOAUD	111	41	522 
260	ESTW309	153	41	665 352 
263	HLS204	20	28	159 
267	STOAUD	116	41	348 716 951 249 326 76 1042 121 782 1037 724 
268	GST103	54	21	712 102 858 768 379 376 1089 321 666 923 383 909 113 478 
269	SHA213	255	11	949 159 
275	GST102	133	23	295 446 557 1052 1139 
276	STOAUD	186	41	947 
277	ESTW115	272	44	1051 1071 426 303 
281	CHS104	110	44	1162 
282	HLL106	122	44	714 433 92 490 703 1131 1136 973 13 881 928 1031 111 301 847 737 
283	ART15	71	23	242 835 603 
286	OBS	56	23	847 
290	HLL106	153	23	711 294 1146 545 788 1097 
292	HLL106	316	40	242 74 603 646 720 
294	STOAUD	null	41	164 
295	STO301	145	44	911 197 104 25 629 249 455 181 650 864 699 542 546 996 498 787 254 966 874 806 428 420 302 1161 1114 
297	GST103	172	15	191 436 854 758 456 76 669 121 573 576 501 1079 675 754 153 
298	ROB7	226	37	196 439 1000 742 1005 491 589 208 668 664 692 836 968 671 261 533 115 
302	STOAUD	192	41	
305	STO14	67	60	644 337 142 143 610 371 89 925 513 201 78 310 604 508 870 807 218 755 486 
308	HLL6	304	28	528 95 558 232 138 707 797 795 924 180 863 756 328 991 67 256 1129 1108 353 51 774 980 307 561 158 470 
309	MAGILLMR	300	14	346 591 443 143 139 21 456 677 391 
310	STOAUD	199	41	159 
311	GST103	241	37	348 1002 553 768 130 253 929 328 546 258 898 1078 1076 221 
312	IRADEAREID	237	14	553 881 328 318 1154 898 474 
313	STO10	188	15	813 591 527 443 35 642 554 1028 829 377 7 584 588 1008 626 624 451 181 13 16 753 204 1042 776 313 3 255 732 468 467 463 9 214 288 4 285 536 531 981 304 1001 1026 1022 158 398 47 43 1173 481 
315	ESTW115	232	11	105 33 1009 546 993 574 733 210 825 
318	CHS104	269	28	292 906 433 414 934 874 1155 1099 
319	MAGILLMR	238	37	1149 558 1139 518 922 1155 9 806 1031 483 
321	STO301	276	33	346 813 1182 528 104 39 559 703 798 970 189 1032 1174 1099 807 806 673 114 770 739 722 1111 1173 486 477 
322	STOAUD	null	28	340 332 742 551 146 687 491 248 977 652 764 883 779 693 923 837 362 573 734 500 460 164 968 1090 600 893 355 673 531 988 918 305 1166 757 1160 45 
323	GIACSWAN	44	8	438 91 1058 144 85 15 2 414 776 602 898 823 
324	HLL112	189	23	135 976 221 
325	MAGILLMR	48	40	591 836 380 166 807 486 
327	LNKL205	98	15	291 641 799 888 769 860 967 1102 539 982 751 
328	CHS101	212	41	916 911 910 526 105 33 142 149 373 83 85 171 971 756 1041 120 366 365 384 789 730 733 630 870 1158 897 1087 350 674 267 264 58 57 303 1029 477 
332	HLL106	112	15	911 277 818 796 247 178 172 862 329 1141 838 959 1096 873 729 155 
333	STOAUD	null	44	293 196 444 439 235 1007 491 589 519 620 1032 1143 692 698 834 1174 575 1172 636 1109 600 1033 283 671 673 261 50 985 115 45 
335	SHA213	281	44	1019 161 
336	STOAUD	28	41	912 776 385 679 1093 
338	STO119	199	28	1005 1176 1016 
341	UN114	257	14	743 25 1170 1080 503 466 288 1094 775 1021 158 1118 481 
342	STOAUD	null	41	1112 
344	HLL6	248	15	915 196 108 107 91 490 393 971 864 887 1047 666 997 418 499 572 908 909 877 800 763 1093 533 530 987 773 1127 
345	STOAUD	171	41	
347	UN111	19	11	902 907 439 857 375 658 1044 882 789 964 984 420 
349	GIACSWAN	251	44	552 234 607 513 314 577 61 1108 1090 532 774 564 
350	STO18	88	28	348 330 21 249 451 176 996 993 128 498 670 
351	STOAUD	325	44	406 518 1045 934 
352	STOAUD	182	41	290 333 856 743 1071 266 986 112 485 955 
355	IRADEAREID	83	21	492 453 124 1177 966 425 1039 224 
358	STOAUD	268	44	136 839 
359	SHAAUD	190	37	1145 713 594 296 590 199 738 527 520 1025 443 441 35 34 1156 336 745 851 1081 6 1066 740 747 554 233 1058 1 614 912 942 684 622 495 20 405 933 1028 829 700 618 702 792 1132 588 625 453 454 656 975 978 188 11 17 888 759 204 206 68 1010 413 499 1177 861 363 380 386 387 573 252 251 939 731 734 502 500 467 461 960 1157 647 1116 649 1153 357 801 215 212 766 4 280 285 678 1093 987 989 981 771 302 1165 229 226 225 1020 1184 608 1114 481 
360	ROB7	124	21	276 742 143 132 401 89 86 540 310 839 214 676 827 1034 228 485 
362	IRADEAREID	122	23	183 
363	GST103	189	33	945 768 138 588 626 864 928 548 725 466 908 54 895 1151 726 
365	OBS	192	40	431 235 147 709 395 798 245 519 518 977 883 1045 1143 698 543 1016 575 460 934 1033 539 985 918 
370	GST102	318	37	718 717 39 401 86 246 510 174 10 868 412 1109 984 227 1115 
372	STOAUD	39	41	1103 1120 22 766 728 
374	STO301	168	60	715 606 297 24 455 974 973 321 364 381 735 960 1091 877 800 51 302 853 1039 608 399 5 
375	GST103	185	44	817 274 525 408 828 459 627 653 663 316 360 781 676 672 853 
377	STOAUD	323	44	291 1014 134 799 959 168 890 1072 112 751 
378	LNKL205	207	40	187 833 577 256 426 
383	TAYD	255	15	664 697 1160 
385	ROB7	245	2	606 104 902 39 28 933 708 970 938 699 839 385 461 162 807 56 820 
386	HLS204	201	40	191 190 432 377 376 650 1088 205 769 694 921 832 259 670 55 429 1113 1163 
388	UN114	15	60	917 1081 1051 1178 245 1124 665 691 123 1095 567 1036 477 
394	STOAUD	77	41	711 
395	STOAUD	241	44	194 902 452 1148 320 417 1154 59 
396	WDS	330	23	15 896 
399	HLL106	293	21	1183 297 1150 22 1136 881 1043 66 67 735 633 1104 896 737 728 483 
401	LNKL205	14	23	1122 326 415 
406	LNKL309	317	44	346 94 785 57 
407	MARSHAUD	239	23	278 869 952 287 1151 1167 
408	HLL201	21	44	494 517 74 79 163 150 
409	STOAUD	56	41	231 87 307 
410	IRADEAREID	21	28	150 
411	GIACSWAN	56	14	292 1085 231 82 797 183 995 319 505 307 1038 
412	STO119	27	40	347 710 445 109 555 24 511 517 971 1047 496 388 604 500 908 537 824 225 152 608 1111 
414	ESTW309	141	44	
416	ESTW309	169	23	709 88 799 310 388 168 1158 218 956 57 824 
419	STOAUD	53	41	292 319 
422	ARTS8A	226	23	816 431 798 
423	GST103	225	23	245 543 539 918 
427	LOCK105	320	28	643 612 1146 870 897 843 
429	GST101	296	41	1012 1074 
431	STO301	317	40	448 94 97 239 616 680 375 794 1137 244 924 171 1126 366 785 860 897 219 1003 59 634 488 
432	SHA410	54	44	619 946 160 962 
433	GIACSWAN	61	21	514 862 361 788 1154 281 264 849 569 390 608 634 
435	STO18	228	23	568 
436	HLL201	297	11	292 528 859 1085 231 707 87 797 183 187 189 889 995 319 577 281 1083 307 1038 474 
437	MAGILLHVID	132	14	30 641 437 550 791 832 368 1068 1163 
438	STOAUD	323	41	101 95 1050 
439	STOAUD	61	44	594 297 1025 656 929 313 537 755 
440	WDS	171	28	349 900 815 1056 976 173 1126 389 390 
442	UN114	300	11	346 910 688 582 924 384 221 
443	HLL107	90	41	680 896 
444	GIACSWAN	75	11	933 937 962 1155 855 563 1027 483 
445	ROB7	88	60	446 101 238 947 22 1131 14 928 203 1040 598 999 129 574 602 872 1155 1023 
448	GST101	163	23	812 736 523 1015 434 819 748 1055 944 131 930 378 373 706 184 938 950 73 805 314 360 969 761 286 774 475 
452	STOAUD	330	44	186 
454	STO301	290	24	294 275 852 900 815 1056 145 681 89 86 246 615 62 320 655 661 695 540 123 389 788 1034 1159 1180 1112 
457	STOAUD	46	44	199 192 441 510 625 725 65 162 678 987 225 399 749 
458	STO14	276	14	276 93 557 1052 1139 406 709 620 207 367 168 9 771 841 821 849 1164 223 1161 1111 
459	MARSHAUD	7	15	192 272 1051 623 1049 544 920 216 41 
460	HLS204	71	14	342 233 684 686 657 1128 310 725 939 965 1153 1070 676 263 534 823 221 49 
462	UN111	238	15	1149 295 271 446 557 1052 922 367 855 849 390 
463	SHA412	188	41	919 726 
466	GIACSWAN	266	37	340 341 448 94 1016 254 503 630 934 919 486 
467	HLS108	97	41	133 650 1105 530 
474	STOAUD	189	44	705 545 1078 
476	LNKL205	254	11	191 1150 312 3 387 782 872 801 762 116 
477	HLS108	233	44	624 315 289 267 51 421 
478	CHS101	33	2	813 592 275 447 37 90 141 912 1069 975 184 13 17 885 756 125 127 508 507 631 637 9 891 894 359 215 4 111 423 425 895 847 1165 1046 1184 1113 479 
479	ESTW115	329	15	717 240 328 1044 124 415 386 387 989 423 1165 1046 
481	HLL201	259	21	101 36 559 1057 617 516 1040 991 126 419 1138 632 1086 1171 421 300 304 306 820 
482	SHA412	294	28	186 
483	STOAUD	218	41	2 695 956 
484	STO102	30	28	1175 336 885 70 416 920 419 965 1034 
487	HLL106	78	37	1135 1053 406 708 791 513 209 832 838 506 466 355 772 953 1159 1117 
488	HLL112	267	11	294 194 276 852 814 1056 145 610 132 708 242 615 173 320 120 317 351 956 264 849 1034 565 390 1112 
489	MARSHAUD	43	40	811 31 437 886 697 838 1091 1117 
492	STOAUD	101	41	275 641 788 967 
494	STOAUD	139	44	373 
495	HLL7	29	23	866 207 311 356 119 
496	MARSHAUD	122	28	1038 
498	TAYD	68	44	415 
500	STO119	137	11	340 645 332 1000 1054 1059 148 709 248 71 1140 664 697 998 410 367 506 893 355 672 1160 
501	STO18	137	44	355 
502	STOAUD	259	44	1040 419 803 425 
503	STOAUD	273	44	809 508 
514	STO207	292	11	1061 1065 270 92 237 17 326 1042 1040 1043 805 381 385 162 1107 1105 54 532 154 158 749 
516	LNKL309	194	15	559 558 685 703 187 189 928 833 61 256 1129 353 980 
519	ART15	141	28	1054 463 
522	SHA213	199	40	949 
528	GST102	282	40	346 341 1182 271 279 1067 521 640 970 514 803 151 42 480 475 
532	UN111	245	40	37 1099 772 849 
533	HLS109	320	41	1130 244 417 
535	UN114	174	28	1065 844 684 81 790 207 415 350 269 227 1021 639 
536	SHA412	118	44	1150 616 375 317 780 802 1003 118 739 
543	SHA213	239	28	
545	STOAUD	228	44	717 916 857 684 628 264 701 
546	HLL6	227	37	714 1103 1064 529 744 992 617 688 686 25 84 979 179 831 322 70 662 312 368 605 60 469 876 52 535 112 
547	GST103	8	31	343 810 106 742 1059 491 709 798 601 977 71 671 953 841 
548	HLL6	107	23	343 810 645 332 1000 741 230 1054 949 601 1110 883 1140 664 697 998 410 250 164 893 355 672 988 841 821 1160 159 
549	STO14	77	33	714 232 912 684 372 7 1080 184 12 70 694 414 3 783 1073 288 428 824 1166 
553	LNKL309	85	14	448 103 867 200 780 732 802 1003 281 269 118 739 
554	HLS11	19	23	616 384 1172 
555	UN114	215	44	655 727 
557	STO16	187	23	437 132 936 986 822 
558	STOAUD	106	41	1085 995 505 
560	HLL201	54	28	994 1135 93 459 327 
563	HLS11	261	28	716 35 436 335 26 933 170 656 978 12 662 1128 1010 318 1177 380 385 258 647 767 1079 282 537 981 823 1127 1037 154 
565	HLL107	273	23	279 1067 91 148 175 660 1128 508 464 169 894 648 1001 720 153 42 
566	STO10	226	44	208 
572	SHA217	267	23	1098 145 681 246 62 661 412 361 1021 
573	STO301	296	21	1144 816 913 522 431 147 1005 406 1176 798 245 247 518 779 1045 543 1016 410 934 356 539 953 567 1117 477 
574	UN111	85	21	643 438 237 1055 792 450 16 1140 664 315 860 1094 982 
576	UN114	68	23	528 859 622 455 182 77 1041 769 868 860 762 56 853 
577	ART15	196	44	1135 903 848 27 925 211 1169 
579	STOAUD	284	41	709 672 
580	HLS108	1	23	743 890 485 
581	STOAUD	254	41	454 255 767 536 722 
583	ROB7	304	40	101 236 148 493 189 660 411 1138 381 505 464 1086 1072 1083 1121 532 153 
585	WDS	97	14	343 911 910 291 191 1013 430 334 819 131 83 799 243 459 179 62 1141 667 498 365 360 959 1072 58 52 539 113 424 40 1185 
587	ROB7	304	44	633 1171 1039 
590	STO301	39	23	1175 592 170 414 895 728 
593	HLL7	20	44	367 
596	TAYD	30	11	748 922 1075 
603	GIACSWAN	85	33	438 859 237 941 16 655 544 315 367 860 1094 982 
605	MAGILLMR	196	23	780 984 
606	ESTW115	180	23	345 817 1014 852 667 160 963 873 763 1038 
610	GST102	179	41	620 77 763 533 983 
611	MAGILLHVID	251	23	90 559 685 586 863 756 1138 577 
612	MAGILLHVID	205	21	1061 234 703 515 175 464 470 
613	SHA412	202	23	643 943 792 
614	UN111	33	14	552 234 607 513 314 577 61 1108 532 774 564 
615	GST103	134	14	192 277 239 623 704 705 89 659 203 415 161 961 807 846 
616	STO14	226	28	
618	HLL6	4	14	1064 199 270 527 36 337 992 377 793 580 1136 11 10 18 79 413 169 1129 801 1031 306 824 750 224 1024 724 
620	STOAUD	71	41	74 631 
621	STOAUD	257	41	
624	STOAUD	284	44	637 
627	STOAUD	112	41	438 735 223 220 
628	STOAUD	18	41	1062 98 450 323 667 161 356 770 488 
629	SHA217	104	44	334 822 
630	GIACSWAN	69	28	645 71 506 
631	ROB7	225	14	742 147 1005 395 519 518 883 208 1045 668 664 697 836 1174 1033 159 477 
632	CHS104	134	40	342 1064 39 1057 992 1139 139 403 1028 453 455 174 19 669 776 318 368 386 467 461 165 162 210 679 1092 1031 116 820 1039 1026 481 
640	MARSHAUD	27	33	431 1005 929 72 664 
641	MAGILLHVID	196	28	118 
651	SHAAUD	246	21	343 710 298 299 597 195 193 445 642 339 99 96 746 555 230 613 689 137 490 24 23 404 402 932 937 628 370 374 393 392 80 583 580 177 974 1123 651 884 887 205 72 804 125 1011 921 1134 388 259 509 507 637 1091 877 871 284 677 263 262 260 55 530 538 114 110 119 424 309 825 826 1166 222 1027 721 152 1111 489 484 471 
655	LNKL205	50	14	1144 913 522 247 1140 567 
656	STOAUD	null	41	
659	STO301	180	11	644 558 147 686 133 130 7 625 182 8 127 839 389 65 69 503 936 536 827 224 722 
660	LNKL309	126	28	913 147 247 1140 953 
662	STO18	248	41	1149 102 556 548 781 572 
664	TAYD	196	40	32 1002 828 739 
665	LNKL309	323	11	1182 856 238 374 240 654 835 785 1102 561 958 
666	WDS	57	44	1117 
669	HLS11	224	11	521 1025 95 552 514 660 126 411 508 169 894 648 1086 306 1001 151 153 1118 480 475 
673	MAGILLMR	108	41	407 
675	UN114	76	15	197 273 28 795 188 202 546 868 961 1073 537 827 560 
679	SHAAUD	282	44	915 237 
684	GST103	261	40	606 793 10 202 1044 8 549 787 1094 775 724 722 723 635 43 
686	LNKL309	77	40	902 16 659 1146 1154 1078 300 
687	HLS11	43	44	744 683 23 1084 1011 361 69 
689	HLS204	36	44	15 572 
692	GST102	330	33	331 1030 1059 1028 371 625 450 787 939 1102 679 674 53 303 
704	HLS11	318	21	606 443 623 405 408 758 371 377 240 658 653 880 204 1044 1049 699 542 544 365 783 163 891 429 1127 1046 1023 44 43 
707	MARSHAUD	196	11	903 943 925 952 1169 118 739 
709	HLL7	56	15	1175 1183 1162 1103 592 1017 447 106 38 905 336 1120 236 495 139 22 408 1069 1060 1170 170 180 1125 752 324 78 411 364 66 250 960 1104 766 957 777 895 750 728 5 483 
711	IRADEAREID	320	11	715 592 844 1051 808 897 
713	STOAUD	56	44	82 
714	OBS	67	11	813 736 599 940 704 81 926 456 185 1122 202 695 806 1073 268 701 423 755 227 47 
717	ESTW115	182	37	275 330 550 144 249 511 176 76 216 1024 1026 1161 
718	SHA217	202	28	204 889 75 544 676 
720	STO14	95	37	748 1050 951 940 623 29 379 627 171 1148 202 549 417 311 789 64 1099 775 822 223 
721	MAGILLHVID	153	40	335 758 999 871 648 
724	STOAUD	318	41	294 
729	STOAUD	null	11	810 741 395 601 1110 1123 883 836 837 250 531 305 841 821 46 
731	ESTW115	228	14	194 99 1098 128 835 892 
732	TAYD	68	28	97 171 1179 319 
733	CHS104	106	23	474 
734	STOAUD	112	44	172 329 
736	STO16	311	44	
737	WDS	119	33	593 100 339 99 96 236 137 23 927 585 926 974 18 125 1011 830 362 637 167 1091 879 1152 1070 284 1083 263 424 825 826 1027 
740	GIACSWAN	159	40	1110 1123 837 250 1172 636 463 164 531 305 159 
741	MARSHAUD	196	14	719 1018 241 964 800 749 
746	STO102	218	23	857 186 655 1159 565 1180 
747	STO14	166	23	272 37 436 330 688 993 369 781 576 112 
